20
t3         0.0000000 1.2588231 1.6785349 2.1983953 9.0000000 1.2070784 1.7786835 9.0000000 1.6785349 1.4396946 1.3744361 2.0310377 1.1132061 1.7786835 3.2381161 1.7786835 1.7786835 1.4396946 1.1586745 1.4396946 
t2         1.2588231 0.0000000 0.9913169 1.4396946 9.0000000 1.1132061 2.0310377 9.0000000 2.1983953 0.8545757 1.5111773 1.0297869 0.5933457 0.8864954 9.0000000 1.7786835 1.0703373 0.8864954 0.7389627 0.7945437 
t13        1.6785349 0.9913169 0.0000000 1.8942965 9.0000000 1.7786835 2.1983953 9.0000000 1.5111773 0.7945437 2.1983953 1.5901977 0.7389627 1.1586745 2.0310377 2.0310377 1.2588231 1.1132061 0.8864954 1.0297869 
t17        2.1983953 1.4396946 1.8942965 0.0000000 9.0000000 1.2588231 9.0000000 9.0000000 9.0000000 1.8942965 9.0000000 2.1983953 1.7786835 3.2381161 2.1983953 9.0000000 9.0000000 9.0000000 1.3144041 1.4396946 
t11        9.0000000 9.0000000 9.0000000 9.0000000 0.0000000 9.0000000 1.4396946 9.0000000 3.2381161 9.0000000 9.0000000 9.0000000 2.7182557 9.0000000 3.2381161 9.0000000 2.4141569 9.0000000 2.0310377 1.8942965 
t1         1.2070784 1.1132061 1.7786835 1.2588231 9.0000000 0.0000000 9.0000000 1.8942965 2.1983953 1.4396946 3.2381161 1.1586745 1.0297869 1.3744361 2.7182557 3.2381161 1.2588231 1.3144041 0.9547243 0.9913169 
t20        1.7786835 2.0310377 2.1983953 9.0000000 1.4396946 9.0000000 0.0000000 9.0000000 2.7182557 2.0310377 2.1983953 9.0000000 1.7786835 1.5901977 2.1983953 3.2381161 2.0310377 3.2381161 2.7182557 2.7182557 
t19        9.0000000 9.0000000 9.0000000 9.0000000 9.0000000 1.8942965 9.0000000 0.0000000 9.0000000 9.0000000 9.0000000 9.0000000 9.0000000 9.0000000 9.0000000 2.1983953 9.0000000 9.0000000 9.0000000 9.0000000 
t16        1.6785349 2.1983953 1.5111773 9.0000000 3.2381161 2.1983953 2.7182557 9.0000000 0.0000000 1.2588231 9.0000000 2.4141569 1.3744361 9.0000000 9.0000000 9.0000000 1.7786835 1.7786835 2.0310377 1.7786835 
t4         1.4396946 0.8545757 0.7945437 1.8942965 9.0000000 1.4396946 2.0310377 9.0000000 1.2588231 0.0000000 1.4396946 0.7945437 0.6157354 0.9198342 9.0000000 3.2381161 1.2588231 0.9913169 0.7389627 0.7945437 
t15        1.3744361 1.5111773 2.1983953 9.0000000 9.0000000 3.2381161 2.1983953 9.0000000 9.0000000 1.4396946 0.0000000 1.6785349 1.4396946 1.5111773 2.4141569 9.0000000 1.2588231 1.3744361 1.6785349 2.4141569 
t7         2.0310377 1.0297869 1.5901977 2.1983953 9.0000000 1.1586745 9.0000000 9.0000000 2.4141569 0.7945437 1.6785349 0.0000000 0.7126442 1.0297869 2.7182557 9.0000000 0.9198342 0.9913169 0.7662384 0.9547243 
t8         1.1132061 0.5933457 0.7389627 1.7786835 2.7182557 1.0297869 1.7786835 9.0000000 1.3744361 0.6157354 1.4396946 0.7126442 0.0000000 0.5504769 9.0000000 1.6785349 0.9547243 0.7126442 0.5504769 0.6388142 
t9         1.7786835 0.8864954 1.1586745 3.2381161 9.0000000 1.3744361 1.5901977 9.0000000 9.0000000 0.9198342 1.5111773 1.0297869 0.5504769 0.0000000 9.0000000 1.8942965 1.5111773 1.0703373 0.9913169 0.9547243 
t18        3.2381161 9.0000000 2.0310377 2.1983953 3.2381161 2.7182557 2.1983953 9.0000000 9.0000000 9.0000000 2.4141569 2.7182557 9.0000000 9.0000000 0.0000000 0.4714565 3.2381161 3.2381161 2.7182557 9.0000000 
t14        1.7786835 1.7786835 2.0310377 9.0000000 9.0000000 3.2381161 3.2381161 2.1983953 9.0000000 3.2381161 9.0000000 9.0000000 1.6785349 1.8942965 0.4714565 0.0000000 9.0000000 3.2381161 1.6785349 1.7786835 
t5         1.7786835 1.0703373 1.2588231 9.0000000 2.4141569 1.2588231 2.0310377 9.0000000 1.7786835 1.2588231 1.2588231 0.9198342 0.9547243 1.5111773 3.2381161 9.0000000 0.0000000 0.2058276 0.9913169 1.1132061 
t10        1.4396946 0.8864954 1.1132061 9.0000000 9.0000000 1.3144041 3.2381161 9.0000000 1.7786835 0.9913169 1.3744361 0.9913169 0.7126442 1.0703373 3.2381161 3.2381161 0.2058276 0.0000000 1.0297869 1.2070784 
t12        1.1586745 0.7389627 0.8864954 1.3144041 2.0310377 0.9547243 2.7182557 9.0000000 2.0310377 0.7389627 1.6785349 0.7662384 0.5504769 0.9913169 2.7182557 1.6785349 0.9913169 1.0297869 0.0000000 0.0958750 
t6         1.4396946 0.7945437 1.0297869 1.4396946 1.8942965 0.9913169 2.7182557 9.0000000 1.7786835 0.7945437 2.4141569 0.9547243 0.6388142 0.9547243 9.0000000 1.7786835 1.1132061 1.2070784 0.0958750 0.0000000 
