20
t10        0.0000000 2.0310377 9.0000000 1.8942965 2.4141569 3.2381161 2.4141569 9.0000000 2.4141569 9.0000000 9.0000000 9.0000000 2.7182557 2.1983953 2.7182557 2.7182557 2.4141569 9.0000000 9.0000000 9.0000000 
t5         2.0310377 0.0000000 1.3144041 0.9198342 0.6626257 2.1983953 0.8545757 0.6872180 0.4714565 1.4396946 1.1586745 1.3744361 1.0297869 1.0297869 1.1132061 1.2588231 1.6785349 1.5901977 1.1586745 1.1132061 
t8         9.0000000 1.3144041 0.0000000 9.0000000 1.3744361 2.4141569 2.4141569 1.5901977 1.5111773 1.4396946 1.2588231 1.2588231 1.5111773 1.3144041 1.2070784 1.2070784 2.1983953 1.7786835 1.5901977 1.4396946 
t11        1.8942965 0.9198342 9.0000000 0.0000000 1.2588231 2.7182557 1.2070784 0.9198342 1.0297869 3.2381161 1.6785349 1.7786835 1.8942965 1.7786835 1.6785349 1.7786835 1.8942965 1.6785349 1.7786835 1.8942965 
t2         2.4141569 0.6626257 1.3744361 1.2588231 0.0000000 3.2381161 1.0703373 0.5716050 0.6388142 1.5111773 1.2588231 1.5111773 1.2070784 1.3744361 1.3744361 1.8942965 1.3144041 1.1132061 1.2070784 1.1586745 
t14        3.2381161 2.1983953 2.4141569 2.7182557 3.2381161 0.0000000 1.4396946 2.4141569 1.5901977 1.0297869 1.0297869 2.4141569 2.1983953 1.8942965 2.1983953 9.0000000 9.0000000 9.0000000 2.7182557 2.7182557 
t4         2.4141569 0.8545757 2.4141569 1.2070784 1.0703373 1.4396946 0.0000000 1.1586745 1.0703373 1.5111773 1.1586745 1.8942965 1.4396946 1.1132061 1.3144041 1.5111773 1.6785349 1.4396946 0.8545757 0.8239592 
t3         9.0000000 0.6872180 1.5901977 0.9198342 0.5716050 2.4141569 1.1586745 0.0000000 0.2892469 1.6785349 1.3744361 2.1983953 1.7786835 1.3144041 1.3744361 1.5901977 1.1132061 1.1132061 1.1586745 1.2588231 
t17        2.4141569 0.4714565 1.5111773 1.0297869 0.6388142 1.5901977 1.0703373 0.2892469 0.0000000 1.3744361 1.2070784 1.6785349 1.4396946 1.1586745 1.3144041 1.4396946 1.2070784 1.2588231 1.1132061 1.1586745 
t19        9.0000000 1.4396946 1.4396946 3.2381161 1.5111773 1.0297869 1.5111773 1.6785349 1.3744361 0.0000000 0.1799630 1.0297869 1.6785349 1.4396946 1.1132061 1.3144041 3.2381161 2.7182557 1.4396946 1.5111773 
t20        9.0000000 1.1586745 1.2588231 1.6785349 1.2588231 1.0297869 1.1586745 1.3744361 1.2070784 0.1799630 0.0000000 1.2070784 1.3144041 1.1132061 1.1586745 1.2070784 1.3744361 1.4396946 1.4396946 1.4396946 
t6         9.0000000 1.3744361 1.2588231 1.7786835 1.5111773 2.4141569 1.8942965 2.1983953 1.6785349 1.0297869 1.2070784 0.0000000 1.2588231 1.1586745 0.5716050 0.6626257 9.0000000 2.1983953 1.5111773 1.3744361 
t12        2.7182557 1.0297869 1.5111773 1.8942965 1.2070784 2.1983953 1.4396946 1.7786835 1.4396946 1.6785349 1.3144041 1.2588231 0.0000000 0.6157354 1.1586745 1.3144041 1.3744361 1.5901977 1.0703373 0.9913169 
t1         2.1983953 1.0297869 1.3144041 1.7786835 1.3744361 1.8942965 1.1132061 1.3144041 1.1586745 1.4396946 1.1132061 1.1586745 0.6157354 0.0000000 0.7126442 0.7662384 1.3144041 1.2588231 1.2070784 1.1132061 
t18        2.7182557 1.1132061 1.2070784 1.6785349 1.3744361 2.1983953 1.3144041 1.3744361 1.3144041 1.1132061 1.1586745 0.5716050 1.1586745 0.7126442 0.0000000 0.2058276 1.3144041 1.3744361 1.3144041 1.3744361 
t13        2.7182557 1.2588231 1.2070784 1.7786835 1.8942965 9.0000000 1.5111773 1.5901977 1.4396946 1.3144041 1.2070784 0.6626257 1.3144041 0.7662384 0.2058276 0.0000000 1.5111773 1.4396946 1.3744361 1.4396946 
t9         2.4141569 1.6785349 2.1983953 1.8942965 1.3144041 9.0000000 1.6785349 1.1132061 1.2070784 3.2381161 1.3744361 9.0000000 1.3744361 1.3144041 1.3144041 1.5111773 0.0000000 0.1673577 1.3744361 1.3744361 
t16        9.0000000 1.5901977 1.7786835 1.6785349 1.1132061 9.0000000 1.4396946 1.1132061 1.2588231 2.7182557 1.4396946 2.1983953 1.5901977 1.2588231 1.3744361 1.4396946 0.1673577 0.0000000 1.1132061 1.0703373 
t7         9.0000000 1.1586745 1.5901977 1.7786835 1.2070784 2.7182557 0.8545757 1.1586745 1.1132061 1.4396946 1.4396946 1.5111773 1.0703373 1.2070784 1.3144041 1.3744361 1.3744361 1.1132061 0.0000000 0.0625362 
t15        9.0000000 1.1132061 1.4396946 1.8942965 1.1586745 2.7182557 0.8239592 1.2588231 1.1586745 1.5111773 1.4396946 1.3744361 0.9913169 1.1132061 1.3744361 1.4396946 1.3744361 1.0703373 0.0625362 0.0000000 
