20
t7         0.0000000 1.1132061 3.2381161 1.7786835 2.4141569 0.8864954 1.0297869 1.0297869 1.0703373 1.2070784 0.9198342 1.5901977 1.5901977 1.3744361 0.9913169 0.8239592 0.8545757 0.9198342 1.2588231 1.0297869 
t13        1.1132061 0.0000000 9.0000000 1.3744361 3.2381161 0.9913169 0.9198342 1.0297869 0.4529370 0.6388142 1.2070784 1.7786835 1.5111773 1.6785349 0.8864954 0.8864954 0.8545757 0.8864954 1.2070784 1.0703373 
t2         3.2381161 9.0000000 0.0000000 1.8942965 9.0000000 2.1983953 3.2381161 2.4141569 2.7182557 3.2381161 2.1983953 9.0000000 9.0000000 9.0000000 1.7786835 1.8942965 9.0000000 9.0000000 1.8942965 1.7786835 
t19        1.7786835 1.3744361 1.8942965 0.0000000 9.0000000 1.3144041 1.6785349 1.4396946 0.9913169 1.3744361 1.3744361 1.6785349 1.6785349 1.5111773 1.0297869 1.0703373 1.5111773 1.6785349 1.5901977 1.5111773 
t8         2.4141569 3.2381161 9.0000000 9.0000000 0.0000000 1.6785349 2.7182557 1.8942965 9.0000000 9.0000000 1.8942965 2.4141569 1.7786835 1.8942965 3.2381161 2.4141569 3.2381161 2.7182557 1.7786835 2.0310377 
t12        0.8864954 0.9913169 2.1983953 1.3144041 1.6785349 0.0000000 0.4529370 0.2326162 0.8239592 1.0703373 0.2058276 1.2588231 1.3144041 1.2070784 0.3192509 0.2746833 0.5716050 0.5099265 0.1799630 0.1427653 
t20        1.0297869 0.9198342 3.2381161 1.6785349 2.7182557 0.4529370 0.0000000 0.6626257 0.8864954 1.1586745 0.6872180 1.6785349 1.7786835 1.7786835 0.5933457 0.4904449 0.1307650 0.0958750 0.7126442 0.5504769 
t10        1.0297869 1.0297869 2.4141569 1.4396946 1.8942965 0.2326162 0.6626257 0.0000000 0.8864954 0.9913169 0.2326162 1.7786835 1.6785349 1.5111773 0.4714565 0.4172160 0.8545757 0.7662384 0.2058276 0.1927838 
t9         1.0703373 0.4529370 2.7182557 0.9913169 9.0000000 0.8239592 0.8864954 0.8864954 0.0000000 0.3666350 0.9913169 1.5901977 1.4396946 1.5111773 0.7945437 0.7662384 0.8864954 0.9198342 1.0703373 0.8864954 
t6         1.2070784 0.6388142 3.2381161 1.3744361 9.0000000 1.0703373 1.1586745 0.9913169 0.3666350 0.0000000 1.2070784 9.0000000 2.7182557 9.0000000 0.7662384 0.7945437 1.1586745 1.2070784 1.3144041 1.1132061 
t18        0.9198342 1.2070784 2.1983953 1.3744361 1.8942965 0.2058276 0.6872180 0.2326162 0.9913169 1.2070784 0.0000000 1.5111773 1.5901977 1.5111773 0.3999739 0.3505054 0.8545757 0.7945437 0.1799630 0.1549607 
t14        1.5901977 1.7786835 9.0000000 1.6785349 2.4141569 1.2588231 1.6785349 1.7786835 1.5901977 9.0000000 1.5111773 0.0000000 0.1307650 0.0625362 1.6785349 1.5901977 1.4396946 1.5111773 1.5901977 1.3144041 
t17        1.5901977 1.5111773 9.0000000 1.6785349 1.7786835 1.3144041 1.7786835 1.6785349 1.4396946 2.7182557 1.5901977 0.1307650 0.0000000 0.0845966 1.5111773 1.3144041 1.6785349 1.5901977 1.6785349 1.3744361 
t1         1.3744361 1.6785349 9.0000000 1.5111773 1.8942965 1.2070784 1.7786835 1.5111773 1.5111773 9.0000000 1.5111773 0.0625362 0.0845966 0.0000000 1.5111773 1.4396946 1.5901977 1.5901977 1.5111773 1.2588231 
t3         0.9913169 0.8864954 1.7786835 1.0297869 3.2381161 0.3192509 0.5933457 0.4714565 0.7945437 0.7662384 0.3999739 1.6785349 1.5111773 1.5111773 0.0000000 0.0734853 0.6872180 0.6388142 0.3999739 0.3831192 
t11        0.8239592 0.8864954 1.8942965 1.0703373 2.4141569 0.2746833 0.4904449 0.4172160 0.7662384 0.7945437 0.3505054 1.5901977 1.3144041 1.4396946 0.0734853 0.0000000 0.5716050 0.5299277 0.3505054 0.3347153 
t5         0.8545757 0.8545757 9.0000000 1.5111773 3.2381161 0.5716050 0.1307650 0.8545757 0.8864954 1.1586745 0.8545757 1.4396946 1.6785349 1.5901977 0.6872180 0.5716050 0.0000000 0.0306165 0.8545757 0.6626257 
t4         0.9198342 0.8864954 9.0000000 1.6785349 2.7182557 0.5099265 0.0958750 0.7662384 0.9198342 1.2070784 0.7945437 1.5111773 1.5901977 1.5901977 0.6388142 0.5299277 0.0306165 0.0000000 0.7662384 0.5933457 
t16        1.2588231 1.2070784 1.8942965 1.5901977 1.7786835 0.1799630 0.7126442 0.2058276 1.0703373 1.3144041 0.1799630 1.5901977 1.6785349 1.5111773 0.3999739 0.3505054 0.8545757 0.7662384 0.0000000 0.1189538 
t15        1.0297869 1.0703373 1.7786835 1.5111773 2.0310377 0.1427653 0.5504769 0.1927838 0.8864954 1.1132061 0.1549607 1.3144041 1.3744361 1.2588231 0.3831192 0.3347153 0.6626257 0.5933457 0.1189538 0.0000000 
