20
t20        0.0000000 0.5099265 0.5099265 0.6388142 0.4348639 0.5933457 0.7126442 0.6872180 0.7945437 0.5504769 0.5933457 0.5504769 0.5933457 0.5933457 0.8545757 0.8545757 0.5504769 0.5099265 0.7945437 0.8545757 
t4         0.5099265 0.0000000 0.6157354 0.7389627 0.5504769 0.8864954 0.9913169 0.7389627 0.9198342 0.6872180 0.7126442 0.7662384 0.8864954 0.7945437 0.8545757 0.7945437 0.7662384 0.7126442 1.0297869 1.0703373 
t13        0.5099265 0.6157354 0.0000000 0.5299277 0.4904449 0.6388142 0.7662384 0.5504769 0.5933457 0.5299277 0.6157354 0.5099265 0.7389627 0.7126442 0.5716050 0.6626257 0.6157354 0.5716050 0.8239592 0.8239592 
t14        0.6388142 0.7389627 0.5299277 0.0000000 0.4904449 0.6388142 0.9198342 0.8545757 0.8239592 0.6388142 0.7662384 0.6388142 0.7389627 0.7126442 0.8864954 0.8545757 0.4529370 0.4348639 0.9547243 0.9913169 
t17        0.4348639 0.5504769 0.4904449 0.4904449 0.0000000 0.3999739 0.7945437 0.7126442 0.8239592 0.3505054 0.4348639 0.4172160 0.6388142 0.6388142 0.6388142 0.6872180 0.3040988 0.2746833 0.8864954 0.9198342 
t8         0.5933457 0.8864954 0.6388142 0.6388142 0.3999739 0.0000000 1.5111773 0.7662384 0.9198342 0.4172160 0.5299277 0.5504769 0.6626257 0.7662384 0.6388142 0.7662384 0.3666350 0.3505054 0.9913169 0.9913169 
t18        0.7126442 0.9913169 0.7662384 0.9198342 0.7945437 1.5111773 0.0000000 0.7126442 0.6626257 0.9547243 0.8864954 0.9913169 0.9547243 1.1132061 0.6388142 0.5299277 1.0297869 1.1132061 0.9198342 0.9198342 
t11        0.6872180 0.7389627 0.5504769 0.8545757 0.7126442 0.7662384 0.7126442 0.0000000 0.2058276 0.7662384 0.7945437 0.7662384 1.1586745 1.1132061 0.3999739 0.4714565 0.8239592 0.8239592 0.9198342 0.9547243 
t19        0.7945437 0.9198342 0.5933457 0.8239592 0.8239592 0.9198342 0.6626257 0.2058276 0.0000000 0.9547243 1.0703373 0.8864954 1.1586745 1.3144041 0.3505054 0.4348639 0.9913169 1.0297869 0.9913169 0.9913169 
t12        0.5504769 0.6872180 0.5299277 0.6388142 0.3505054 0.4172160 0.9547243 0.7662384 0.9547243 0.0000000 0.2746833 0.2191023 0.7389627 0.7945437 0.6388142 0.7389627 0.4714565 0.3831192 0.8239592 0.8545757 
t3         0.5933457 0.7126442 0.6157354 0.7662384 0.4348639 0.5299277 0.8864954 0.7945437 1.0703373 0.2746833 0.0000000 0.2892469 0.7945437 0.8864954 0.6872180 0.7126442 0.5933457 0.5299277 0.9198342 0.9198342 
t2         0.5504769 0.7662384 0.5099265 0.6388142 0.4172160 0.5504769 0.9913169 0.7662384 0.8864954 0.2191023 0.2892469 0.0000000 0.8239592 0.8864954 0.7945437 0.8545757 0.4904449 0.4714565 0.8239592 0.8239592 
t7         0.5933457 0.8864954 0.7389627 0.7389627 0.6388142 0.6626257 0.9547243 1.1586745 1.1586745 0.7389627 0.7945437 0.8239592 0.0000000 0.1307650 0.8864954 0.9198342 0.6157354 0.5504769 0.9547243 0.9913169 
t1         0.5933457 0.7945437 0.7126442 0.7126442 0.6388142 0.7662384 1.1132061 1.1132061 1.3144041 0.7945437 0.8864954 0.8864954 0.1307650 0.0000000 0.9198342 0.9198342 0.6388142 0.5716050 0.9547243 0.9913169 
t9         0.8545757 0.8545757 0.5716050 0.8864954 0.6388142 0.6388142 0.6388142 0.3999739 0.3505054 0.6388142 0.6872180 0.7945437 0.8864954 0.9198342 0.0000000 0.1799630 0.7945437 0.7945437 0.9547243 0.9198342 
t5         0.8545757 0.7945437 0.6626257 0.8545757 0.6872180 0.7662384 0.5299277 0.4714565 0.4348639 0.7389627 0.7126442 0.8545757 0.9198342 0.9198342 0.1799630 0.0000000 0.7662384 0.7945437 0.9913169 0.9547243 
t6         0.5504769 0.7662384 0.6157354 0.4529370 0.3040988 0.3666350 1.0297869 0.8239592 0.9913169 0.4714565 0.5933457 0.4904449 0.6157354 0.6388142 0.7945437 0.7662384 0.0000000 0.1307650 1.2070784 1.2070784 
t16        0.5099265 0.7126442 0.5716050 0.4348639 0.2746833 0.3505054 1.1132061 0.8239592 1.0297869 0.3831192 0.5299277 0.4714565 0.5504769 0.5716050 0.7945437 0.7945437 0.1307650 0.0000000 1.0297869 1.0703373 
t15        0.7945437 1.0297869 0.8239592 0.9547243 0.8864954 0.9913169 0.9198342 0.9198342 0.9913169 0.8239592 0.9198342 0.8239592 0.9547243 0.9547243 0.9547243 0.9913169 1.2070784 1.0297869 0.0000000 0.0306165 
t10        0.8545757 1.0703373 0.8239592 0.9913169 0.9198342 0.9913169 0.9198342 0.9547243 0.9913169 0.8545757 0.9198342 0.8239592 0.9913169 0.9913169 0.9198342 0.9547243 1.2070784 1.0703373 0.0306165 0.0000000 
