20
t7         0.0000000 0.5716050 0.6388142 0.6388142 0.6388142 0.7389627 0.6157354 0.7389627 0.5504769 0.6157354 0.9198342 0.5933457 0.6157354 0.7126442 0.5716050 0.6626257 0.7945437 0.8545757 0.7389627 0.8545757 
t18        0.5716050 0.0000000 0.4529370 0.3999739 0.4172160 0.4172160 0.3666350 0.4714565 0.4172160 0.3999739 0.5099265 0.3666350 0.4172160 0.4714565 0.4172160 0.4348639 0.5099265 0.5933457 0.5299277 0.5933457 
t16        0.6388142 0.4529370 0.0000000 0.4904449 0.5504769 0.5299277 0.3999739 0.6388142 0.4348639 0.5504769 0.6626257 0.5299277 0.5299277 0.6626257 0.5299277 0.5716050 0.6626257 0.7389627 0.5933457 0.6157354 
t5         0.6388142 0.3999739 0.4904449 0.0000000 0.3666350 0.3999739 0.3347153 0.3999739 0.3347153 0.3192509 0.4529370 0.2058276 0.3040988 0.3192509 0.2326162 0.2463781 0.5299277 0.5099265 0.5299277 0.5716050 
t3         0.6388142 0.4172160 0.5504769 0.3666350 0.0000000 0.3666350 0.3666350 0.5299277 0.4172160 0.3831192 0.5933457 0.3347153 0.4172160 0.4529370 0.3666350 0.3999739 0.5504769 0.5716050 0.5299277 0.5933457 
t12        0.7389627 0.4172160 0.5299277 0.3999739 0.3666350 0.0000000 0.2892469 0.5504769 0.4348639 0.4348639 0.5716050 0.4172160 0.4529370 0.4904449 0.4348639 0.4348639 0.5933457 0.6157354 0.6388142 0.6626257 
t19        0.6157354 0.3666350 0.3999739 0.3347153 0.3666350 0.2892469 0.0000000 0.4904449 0.4172160 0.3666350 0.6157354 0.3666350 0.4529370 0.5099265 0.4172160 0.3831192 0.5933457 0.5933457 0.6388142 0.7126442 
t17        0.7389627 0.4714565 0.6388142 0.3999739 0.5299277 0.5504769 0.4904449 0.0000000 0.4714565 0.4529370 0.4904449 0.4529370 0.4904449 0.4529370 0.4348639 0.4172160 0.3831192 0.3505054 0.3505054 0.3831192 
t8         0.5504769 0.4172160 0.4348639 0.3347153 0.4172160 0.4348639 0.4172160 0.4714565 0.0000000 0.2326162 0.4714565 0.2603971 0.3192509 0.3666350 0.2892469 0.3192509 0.6157354 0.6388142 0.5716050 0.6626257 
t13        0.6157354 0.3999739 0.5504769 0.3192509 0.3831192 0.4348639 0.3666350 0.4529370 0.2326162 0.0000000 0.4172160 0.2603971 0.2892469 0.3040988 0.2892469 0.3040988 0.6388142 0.5933457 0.5504769 0.6388142 
t2         0.9198342 0.5099265 0.6626257 0.4529370 0.5933457 0.5716050 0.6157354 0.4904449 0.4714565 0.4172160 0.0000000 0.3192509 0.3666350 0.3666350 0.3666350 0.3831192 0.6626257 0.6388142 0.5716050 0.6157354 
t1         0.5933457 0.3666350 0.5299277 0.2058276 0.3347153 0.4172160 0.3666350 0.4529370 0.2603971 0.2603971 0.3192509 0.0000000 0.1307650 0.1427653 0.1927838 0.2191023 0.5299277 0.5504769 0.5099265 0.5933457 
t4         0.6157354 0.4172160 0.5299277 0.3040988 0.4172160 0.4529370 0.4529370 0.4904449 0.3192509 0.2892469 0.3666350 0.1307650 0.0000000 0.1189538 0.2058276 0.2892469 0.5299277 0.5716050 0.5099265 0.5933457 
t11        0.7126442 0.4714565 0.6626257 0.3192509 0.4529370 0.4904449 0.5099265 0.4529370 0.3666350 0.3040988 0.3666350 0.1427653 0.1189538 0.0000000 0.2463781 0.2892469 0.5504769 0.5716050 0.5504769 0.6872180 
t14        0.5716050 0.4172160 0.5299277 0.2326162 0.3666350 0.4348639 0.4172160 0.4348639 0.2892469 0.2892469 0.3666350 0.1927838 0.2058276 0.2463781 0.0000000 0.0845966 0.4714565 0.4904449 0.3999739 0.4714565 
t15        0.6626257 0.4348639 0.5716050 0.2463781 0.3999739 0.4348639 0.3831192 0.4172160 0.3192509 0.3040988 0.3831192 0.2191023 0.2892469 0.2892469 0.0845966 0.0000000 0.4714565 0.4904449 0.4172160 0.4904449 
t10        0.7945437 0.5099265 0.6626257 0.5299277 0.5504769 0.5933457 0.5933457 0.3831192 0.6157354 0.6388142 0.6626257 0.5299277 0.5299277 0.5504769 0.4714565 0.4714565 0.0000000 0.1189538 0.2746833 0.3347153 
t9         0.8545757 0.5933457 0.7389627 0.5099265 0.5716050 0.6157354 0.5933457 0.3505054 0.6388142 0.5933457 0.6388142 0.5504769 0.5716050 0.5716050 0.4904449 0.4904449 0.1189538 0.0000000 0.2746833 0.3192509 
t6         0.7389627 0.5299277 0.5933457 0.5299277 0.5299277 0.6388142 0.6388142 0.3505054 0.5716050 0.5504769 0.5716050 0.5099265 0.5099265 0.5504769 0.3999739 0.4172160 0.2746833 0.2746833 0.0000000 0.0625362 
t20        0.8545757 0.5933457 0.6157354 0.5716050 0.5933457 0.6626257 0.7126442 0.3831192 0.6626257 0.6388142 0.6157354 0.5933457 0.5933457 0.6872180 0.4714565 0.4904449 0.3347153 0.3192509 0.0625362 0.0000000 
