20
t16        0.0000000 0.7389627 0.7126442 0.7662384 0.7945437 0.8239592 0.7945437 0.8545757 0.7662384 0.8545757 0.8545757 0.8239592 0.7126442 0.7945437 0.7126442 0.6626257 0.7945437 0.8545757 0.7945437 0.7389627 
t6         0.7389627 0.0000000 0.8864954 0.9198342 0.9547243 0.8864954 0.8545757 0.9913169 0.9198342 1.1132061 0.9547243 1.1586745 0.8864954 0.8239592 0.9198342 0.8545757 0.8545757 0.8864954 0.7945437 0.7662384 
t1         0.7126442 0.8864954 0.0000000 0.5299277 0.6626257 0.5933457 0.5504769 0.4348639 0.3999739 0.5716050 0.4714565 0.4348639 0.6157354 0.6626257 0.2892469 0.2463781 0.5933457 0.5716050 0.6388142 0.5933457 
t4         0.7662384 0.9198342 0.5299277 0.0000000 0.2892469 0.2746833 0.1927838 0.6626257 0.5933457 0.6872180 0.6872180 0.7945437 0.1927838 0.2746833 0.6157354 0.5716050 0.2058276 0.2191023 0.2603971 0.2326162 
t18        0.7945437 0.9547243 0.6626257 0.2892469 0.0000000 0.3999739 0.3040988 0.7662384 0.7126442 0.7662384 0.7945437 0.8545757 0.2892469 0.3831192 0.7389627 0.7126442 0.3040988 0.3040988 0.3666350 0.3347153 
t19        0.8239592 0.8864954 0.5933457 0.2746833 0.3999739 0.0000000 0.1673577 0.7389627 0.6626257 0.6388142 0.6157354 0.7945437 0.2463781 0.2463781 0.6872180 0.6157354 0.2463781 0.2326162 0.2892469 0.2603971 
t11        0.7945437 0.8545757 0.5504769 0.1927838 0.3040988 0.1673577 0.0000000 0.7126442 0.6626257 0.6872180 0.6157354 0.7945437 0.2326162 0.2746833 0.6872180 0.6388142 0.2191023 0.2326162 0.2603971 0.2326162 
t13        0.8545757 0.9913169 0.4348639 0.6626257 0.7662384 0.7389627 0.7126442 0.0000000 0.1799630 0.4714565 0.3347153 0.5716050 0.7389627 0.7945437 0.4714565 0.4172160 0.7126442 0.7126442 0.6626257 0.6626257 
t9         0.7662384 0.9198342 0.3999739 0.5933457 0.7126442 0.6626257 0.6626257 0.1799630 0.0000000 0.4529370 0.3999739 0.4904449 0.6872180 0.7945437 0.3999739 0.3347153 0.6626257 0.6872180 0.5933457 0.5716050 
t2         0.8545757 1.1132061 0.5716050 0.6872180 0.7662384 0.6388142 0.6872180 0.4714565 0.4529370 0.0000000 0.2892469 0.5504769 0.7662384 0.7126442 0.4904449 0.4904449 0.6626257 0.6872180 0.6388142 0.6388142 
t20        0.8545757 0.9547243 0.4714565 0.6872180 0.7945437 0.6157354 0.6157354 0.3347153 0.3999739 0.2892469 0.0000000 0.6157354 0.6388142 0.6157354 0.5299277 0.4904449 0.6157354 0.6157354 0.5299277 0.5299277 
t8         0.8239592 1.1586745 0.4348639 0.7945437 0.8545757 0.7945437 0.7945437 0.5716050 0.4904449 0.5504769 0.6157354 0.0000000 0.7945437 0.7945437 0.2191023 0.1799630 0.7389627 0.7945437 0.8239592 0.7945437 
t3         0.7126442 0.8864954 0.6157354 0.1927838 0.2892469 0.2463781 0.2326162 0.7389627 0.6872180 0.7662384 0.6388142 0.7945437 0.0000000 0.1427653 0.6626257 0.6157354 0.1073256 0.1427653 0.2603971 0.2326162 
t12        0.7945437 0.8239592 0.6626257 0.2746833 0.3831192 0.2463781 0.2746833 0.7945437 0.7945437 0.7126442 0.6157354 0.7945437 0.1427653 0.0000000 0.6388142 0.6157354 0.1549607 0.1799630 0.2892469 0.2603971 
t14        0.7126442 0.9198342 0.2892469 0.6157354 0.7389627 0.6872180 0.6872180 0.4714565 0.3999739 0.4904449 0.5299277 0.2191023 0.6626257 0.6388142 0.0000000 0.0734853 0.6157354 0.6626257 0.7126442 0.6626257 
t5         0.6626257 0.8545757 0.2463781 0.5716050 0.7126442 0.6157354 0.6388142 0.4172160 0.3347153 0.4904449 0.4904449 0.1799630 0.6157354 0.6157354 0.0734853 0.0000000 0.5716050 0.6157354 0.6626257 0.6157354 
t7         0.7945437 0.8545757 0.5933457 0.2058276 0.3040988 0.2463781 0.2191023 0.7126442 0.6626257 0.6626257 0.6157354 0.7389627 0.1073256 0.1549607 0.6157354 0.5716050 0.0000000 0.1073256 0.2326162 0.2058276 
t15        0.8545757 0.8864954 0.5716050 0.2191023 0.3040988 0.2326162 0.2326162 0.7126442 0.6872180 0.6872180 0.6157354 0.7945437 0.1427653 0.1799630 0.6626257 0.6157354 0.1073256 0.0000000 0.2463781 0.2191023 
t10        0.7945437 0.7945437 0.6388142 0.2603971 0.3666350 0.2892469 0.2603971 0.6626257 0.5933457 0.6388142 0.5299277 0.8239592 0.2603971 0.2892469 0.7126442 0.6626257 0.2326162 0.2463781 0.0000000 0.0202715 
t17        0.7389627 0.7662384 0.5933457 0.2326162 0.3347153 0.2603971 0.2326162 0.6626257 0.5716050 0.6388142 0.5299277 0.7945437 0.2326162 0.2603971 0.6626257 0.6157354 0.2058276 0.2191023 0.0202715 0.0000000 
