20
t10        0.0000000 0.6872180 1.3744361 0.7662384 1.1132061 0.5933457 0.9913169 1.4396946 1.6785349 1.0703373 0.9547243 1.4396946 1.1586745 0.9913169 0.8864954 1.0297869 0.8239592 0.7945437 1.0297869 0.9913169 
t9         0.6872180 0.0000000 0.9547243 0.9913169 1.1132061 0.6388142 0.7389627 1.2070784 1.3744361 1.0703373 0.7945437 1.5111773 1.0297869 0.7389627 0.7126442 0.7662384 0.8864954 0.8239592 0.6872180 0.6872180 
t2         1.3744361 0.9547243 0.0000000 2.7182557 1.8942965 1.0703373 1.3144041 1.3144041 9.0000000 1.5111773 0.8864954 1.3744361 1.1132061 0.7389627 0.7662384 0.8864954 1.2070784 1.1586745 0.7662384 0.6872180 
t16        0.7662384 0.9913169 2.7182557 0.0000000 1.1586745 0.8239592 0.7662384 1.3144041 2.7182557 1.5111773 1.2588231 1.4396946 1.0703373 1.2588231 1.2070784 1.2070784 1.5901977 1.6785349 1.0297869 1.0297869 
t17        1.1132061 1.1132061 1.8942965 1.1586745 0.0000000 1.5111773 1.0703373 1.2588231 2.0310377 2.1983953 1.5901977 1.6785349 1.7786835 1.7786835 2.0310377 1.7786835 2.7182557 2.1983953 1.5901977 1.3744361 
t20        0.5933457 0.6388142 1.0703373 0.8239592 1.5111773 0.0000000 0.8864954 1.6785349 1.6785349 1.1132061 0.8864954 1.1132061 0.7945437 0.8864954 0.8239592 0.9913169 0.9913169 1.0297869 1.1132061 1.0297869 
t14        0.9913169 0.7389627 1.3144041 0.7662384 1.0703373 0.8864954 0.0000000 0.9547243 1.6785349 1.4396946 1.2070784 1.1132061 0.8545757 1.1132061 1.0297869 1.2070784 1.3144041 1.3144041 0.8864954 0.8545757 
t8         1.4396946 1.2070784 1.3144041 1.3144041 1.2588231 1.6785349 0.9547243 0.0000000 2.4141569 9.0000000 1.5111773 1.5111773 1.4396946 1.8942965 1.4396946 2.1983953 2.4141569 2.7182557 1.1586745 1.0703373 
t6         1.6785349 1.3744361 9.0000000 2.7182557 2.0310377 1.6785349 1.6785349 2.4141569 0.0000000 1.0297869 1.8942965 2.1983953 1.8942965 1.6785349 1.4396946 1.7786835 1.0703373 1.0703373 3.2381161 2.7182557 
t19        1.0703373 1.0703373 1.5111773 1.5111773 2.1983953 1.1132061 1.4396946 9.0000000 1.0297869 0.0000000 2.7182557 1.7786835 1.1586745 1.8942965 2.0310377 1.8942965 0.6872180 0.6388142 1.6785349 1.5111773 
t7         0.9547243 0.7945437 0.8864954 1.2588231 1.5901977 0.8864954 1.2070784 1.5111773 1.8942965 2.7182557 0.0000000 1.2588231 1.1132061 0.3040988 0.2463781 0.2892469 1.3744361 1.3144041 0.5933457 0.5716050 
t18        1.4396946 1.5111773 1.3744361 1.4396946 1.6785349 1.1132061 1.1132061 1.5111773 2.1983953 1.7786835 1.2588231 0.0000000 0.3040988 1.0297869 1.1586745 1.3744361 1.3144041 1.3144041 1.3144041 1.3144041 
t5         1.1586745 1.0297869 1.1132061 1.0703373 1.7786835 0.7945437 0.8545757 1.4396946 1.8942965 1.1586745 1.1132061 0.3040988 0.0000000 0.7945437 0.9547243 1.1586745 1.5111773 1.5111773 1.2070784 1.2070784 
t13        0.9913169 0.7389627 0.7389627 1.2588231 1.7786835 0.8864954 1.1132061 1.8942965 1.6785349 1.8942965 0.3040988 1.0297869 0.7945437 0.0000000 0.1549607 0.2058276 0.9913169 0.9547243 0.5933457 0.5299277 
t11        0.8864954 0.7126442 0.7662384 1.2070784 2.0310377 0.8239592 1.0297869 1.4396946 1.4396946 2.0310377 0.2463781 1.1586745 0.9547243 0.1549607 0.0000000 0.1307650 0.9547243 0.9198342 0.5504769 0.4904449 
t3         1.0297869 0.7662384 0.8864954 1.2070784 1.7786835 0.9913169 1.2070784 2.1983953 1.7786835 1.8942965 0.2892469 1.3744361 1.1586745 0.2058276 0.1307650 0.0000000 1.2070784 1.1132061 0.6388142 0.5716050 
t15        0.8239592 0.8864954 1.2070784 1.5901977 2.7182557 0.9913169 1.3144041 2.4141569 1.0703373 0.6872180 1.3744361 1.3144041 1.5111773 0.9913169 0.9547243 1.2070784 0.0000000 0.0306165 1.5111773 1.3744361 
t1         0.7945437 0.8239592 1.1586745 1.6785349 2.1983953 1.0297869 1.3144041 2.7182557 1.0703373 0.6388142 1.3144041 1.3144041 1.5111773 0.9547243 0.9198342 1.1132061 0.0306165 0.0000000 1.4396946 1.3144041 
t12        1.0297869 0.6872180 0.7662384 1.0297869 1.5901977 1.1132061 0.8864954 1.1586745 3.2381161 1.6785349 0.5933457 1.3144041 1.2070784 0.5933457 0.5504769 0.6388142 1.5111773 1.4396946 0.0000000 0.0411062 
t4         0.9913169 0.6872180 0.6872180 1.0297869 1.3744361 1.0297869 0.8545757 1.0703373 2.7182557 1.5111773 0.5716050 1.3144041 1.2070784 0.5299277 0.4904449 0.5716050 1.3744361 1.3144041 0.0411062 0.0000000 
