20
t2         0.0000000 0.2603971 0.2746833 0.3040988 0.5933457 0.5504769 0.5099265 0.2892469 0.5299277 0.5099265 0.2603971 0.2746833 0.5933457 0.5716050 0.2191023 0.2058276 0.2746833 0.2746833 0.1549607 0.1549607 
t5         0.2603971 0.0000000 0.2746833 0.2892469 0.6157354 0.5716050 0.5716050 0.3666350 0.5933457 0.5716050 0.3505054 0.3505054 0.6388142 0.6157354 0.2892469 0.2746833 0.2746833 0.2746833 0.2058276 0.2058276 
t20        0.2746833 0.2746833 0.0000000 0.1549607 0.4714565 0.4529370 0.3666350 0.1927838 0.3999739 0.3831192 0.1799630 0.1799630 0.3999739 0.3666350 0.2463781 0.2326162 0.1427653 0.1427653 0.1307650 0.1307650 
t9         0.3040988 0.2892469 0.1549607 0.0000000 0.5099265 0.5099265 0.4348639 0.2603971 0.4348639 0.4348639 0.2603971 0.2603971 0.4904449 0.4904449 0.3040988 0.2892469 0.1673577 0.1673577 0.1799630 0.1799630 
t18        0.5933457 0.6157354 0.4714565 0.5099265 0.0000000 0.0845966 0.2603971 0.4714565 0.2603971 0.2463781 0.4529370 0.3831192 0.2326162 0.2326162 0.5504769 0.5504769 0.4529370 0.4529370 0.4172160 0.4172160 
t4         0.5504769 0.5716050 0.4529370 0.5099265 0.0845966 0.0000000 0.2058276 0.4348639 0.2191023 0.2058276 0.4172160 0.3505054 0.1799630 0.1799630 0.5299277 0.5299277 0.4904449 0.4904449 0.3831192 0.3831192 
t6         0.5099265 0.5716050 0.3666350 0.4348639 0.2603971 0.2058276 0.0000000 0.3999739 0.1189538 0.1073256 0.3831192 0.3831192 0.1799630 0.1799630 0.4904449 0.4714565 0.4348639 0.4348639 0.3347153 0.3347153 
t1         0.2892469 0.3666350 0.1927838 0.2603971 0.4714565 0.4348639 0.3999739 0.0000000 0.3999739 0.3831192 0.0517447 0.0517447 0.4529370 0.4529370 0.2746833 0.2603971 0.2603971 0.2603971 0.1549607 0.1549607 
t16        0.5299277 0.5933457 0.3999739 0.4348639 0.2603971 0.2191023 0.1189538 0.3999739 0.0000000 0.0306165 0.3831192 0.3831192 0.1927838 0.1927838 0.4529370 0.4348639 0.4529370 0.4529370 0.3505054 0.3505054 
t14        0.5099265 0.5716050 0.3831192 0.4348639 0.2463781 0.2058276 0.1073256 0.3831192 0.0306165 0.0000000 0.3666350 0.3666350 0.1673577 0.1673577 0.4714565 0.4529370 0.4348639 0.4348639 0.3347153 0.3347153 
t10        0.2603971 0.3505054 0.1799630 0.2603971 0.4529370 0.4172160 0.3831192 0.0517447 0.3831192 0.3666350 0.0000000 0.0411062 0.4348639 0.4348639 0.2463781 0.2326162 0.2463781 0.2463781 0.1427653 0.1427653 
t11        0.2746833 0.3505054 0.1799630 0.2603971 0.3831192 0.3505054 0.3831192 0.0517447 0.3831192 0.3666350 0.0411062 0.0000000 0.3999739 0.3999739 0.2603971 0.2463781 0.2463781 0.2463781 0.1427653 0.1427653 
t13        0.5933457 0.6388142 0.3999739 0.4904449 0.2326162 0.1799630 0.1799630 0.4529370 0.1927838 0.1673577 0.4348639 0.3999739 0.0000000 0.0202715 0.5299277 0.5099265 0.4529370 0.4529370 0.3831192 0.3831192 
t12        0.5716050 0.6157354 0.3666350 0.4904449 0.2326162 0.1799630 0.1799630 0.4529370 0.1927838 0.1673577 0.4348639 0.3999739 0.0202715 0.0000000 0.5504769 0.5299277 0.4529370 0.4529370 0.3831192 0.3831192 
t7         0.2191023 0.2892469 0.2463781 0.3040988 0.5504769 0.5299277 0.4904449 0.2746833 0.4529370 0.4714565 0.2463781 0.2603971 0.5299277 0.5504769 0.0000000 0.0100673 0.2191023 0.2191023 0.1189538 0.1189538 
t15        0.2058276 0.2746833 0.2326162 0.2892469 0.5504769 0.5299277 0.4714565 0.2603971 0.4348639 0.4529370 0.2326162 0.2463781 0.5099265 0.5299277 0.0100673 0.0000000 0.2058276 0.2058276 0.1073256 0.1073256 
t3         0.2746833 0.2746833 0.1427653 0.1673577 0.4529370 0.4904449 0.4348639 0.2603971 0.4529370 0.4348639 0.2463781 0.2463781 0.4529370 0.4529370 0.2191023 0.2058276 0.0000000 0.0000010 0.1549607 0.1549607 
t17        0.2746833 0.2746833 0.1427653 0.1673577 0.4529370 0.4904449 0.4348639 0.2603971 0.4529370 0.4348639 0.2463781 0.2463781 0.4529370 0.4529370 0.2191023 0.2058276 0.0000010 0.0000000 0.1549607 0.1549607 
t8         0.1549607 0.2058276 0.1307650 0.1799630 0.4172160 0.3831192 0.3347153 0.1549607 0.3505054 0.3347153 0.1427653 0.1427653 0.3831192 0.3831192 0.1189538 0.1073256 0.1549607 0.1549607 0.0000000 0.0000010 
t19        0.1549607 0.2058276 0.1307650 0.1799630 0.4172160 0.3831192 0.3347153 0.1549607 0.3505054 0.3347153 0.1427653 0.1427653 0.3831192 0.3831192 0.1189538 0.1073256 0.1549607 0.1549607 0.0000010 0.0000000 
