20
t16        0.0000000 9.0000000 2.4141569 1.5901977 2.1983953 2.0310377 9.0000000 3.2381161 1.5111773 1.6785349 2.4141569 1.7786835 1.8942965 9.0000000 3.2381161 2.4141569 2.7182557 2.4141569 3.2381161 3.2381161 
t9         9.0000000 0.0000000 2.7182557 1.2070784 1.2588231 1.5901977 2.4141569 2.7182557 1.8942965 2.7182557 2.4141569 1.4396946 1.3144041 1.6785349 1.4396946 1.5111773 1.3144041 1.3144041 2.0310377 1.8942965 
t14        2.4141569 2.7182557 0.0000000 1.6785349 2.1983953 1.5901977 9.0000000 9.0000000 2.4141569 9.0000000 1.2588231 1.7786835 2.4141569 2.4141569 9.0000000 9.0000000 1.6785349 1.5901977 3.2381161 9.0000000 
t13        1.5901977 1.2070784 1.6785349 0.0000000 0.9913169 2.1983953 1.2588231 1.3144041 0.5504769 1.3144041 0.7389627 0.8864954 0.8545757 1.7786835 1.3744361 1.8942965 0.6157354 0.5099265 2.4141569 9.0000000 
t3         2.1983953 1.2588231 2.1983953 0.9913169 0.0000000 0.5504769 0.9547243 0.9198342 1.2070784 2.1983953 1.3144041 0.8239592 0.9913169 9.0000000 2.4141569 1.0703373 1.0703373 1.0297869 1.3744361 1.5111773 
t2         2.0310377 1.5901977 1.5901977 2.1983953 0.5504769 0.0000000 1.4396946 1.4396946 1.8942965 9.0000000 2.1983953 1.3144041 1.3744361 9.0000000 2.0310377 1.8942965 1.5111773 1.5111773 2.1983953 2.7182557 
t5         9.0000000 2.4141569 9.0000000 1.2588231 0.9547243 1.4396946 0.0000000 0.0411062 1.2070784 1.5901977 1.6785349 0.9547243 1.0703373 1.6785349 1.4396946 0.5933457 1.2588231 1.1132061 0.5716050 0.6388142 
t10        3.2381161 2.7182557 9.0000000 1.3144041 0.9198342 1.4396946 0.0411062 0.0000000 1.1586745 1.5111773 1.7786835 0.8864954 0.9913169 1.6785349 1.3744361 0.5504769 1.1132061 0.9913169 0.4904449 0.5504769 
t1         1.5111773 1.8942965 2.4141569 0.5504769 1.2070784 1.8942965 1.2070784 1.1586745 0.0000000 1.1132061 0.9198342 1.1132061 1.1132061 2.4141569 2.1983953 1.5901977 0.6157354 0.5099265 1.7786835 1.8942965 
t4         1.6785349 2.7182557 9.0000000 1.3144041 2.1983953 9.0000000 1.5901977 1.5111773 1.1132061 0.0000000 2.0310377 2.1983953 1.6785349 2.7182557 1.8942965 9.0000000 1.2588231 1.1132061 9.0000000 9.0000000 
t19        2.4141569 2.4141569 1.2588231 0.7389627 1.3144041 2.1983953 1.6785349 1.7786835 0.9198342 2.0310377 0.0000000 1.0297869 1.2588231 2.1983953 2.1983953 2.7182557 0.8545757 0.7662384 9.0000000 9.0000000 
t11        1.7786835 1.4396946 1.7786835 0.8864954 0.8239592 1.3144041 0.9547243 0.8864954 1.1132061 2.1983953 1.0297869 0.0000000 0.3505054 9.0000000 2.4141569 1.5111773 0.7945437 0.7126442 1.5111773 1.7786835 
t15        1.8942965 1.3144041 2.4141569 0.8545757 0.9913169 1.3744361 1.0703373 0.9913169 1.1132061 1.6785349 1.2588231 0.3505054 0.0000000 9.0000000 2.0310377 2.0310377 0.8864954 0.8239592 1.8942965 2.7182557 
t8         9.0000000 1.6785349 2.4141569 1.7786835 9.0000000 9.0000000 1.6785349 1.6785349 2.4141569 2.7182557 2.1983953 9.0000000 9.0000000 0.0000000 0.1307650 1.6785349 2.0310377 2.0310377 2.4141569 2.4141569 
t7         3.2381161 1.4396946 9.0000000 1.3744361 2.4141569 2.0310377 1.4396946 1.3744361 2.1983953 1.8942965 2.1983953 2.4141569 2.0310377 0.1307650 0.0000000 1.7786835 1.8942965 1.7786835 2.7182557 2.7182557 
t12        2.4141569 1.5111773 9.0000000 1.8942965 1.0703373 1.8942965 0.5933457 0.5504769 1.5901977 9.0000000 2.7182557 1.5111773 2.0310377 1.6785349 1.7786835 0.0000000 3.2381161 2.0310377 0.2058276 0.2892469 
t20        2.7182557 1.3144041 1.6785349 0.6157354 1.0703373 1.5111773 1.2588231 1.1132061 0.6157354 1.2588231 0.8545757 0.7945437 0.8864954 2.0310377 1.8942965 3.2381161 0.0000000 0.0845966 2.1983953 2.4141569 
t18        2.4141569 1.3144041 1.5901977 0.5099265 1.0297869 1.5111773 1.1132061 0.9913169 0.5099265 1.1132061 0.7662384 0.7126442 0.8239592 2.0310377 1.7786835 2.0310377 0.0845966 0.0000000 1.7786835 2.0310377 
t17        3.2381161 2.0310377 3.2381161 2.4141569 1.3744361 2.1983953 0.5716050 0.4904449 1.7786835 9.0000000 9.0000000 1.5111773 1.8942965 2.4141569 2.7182557 0.2058276 2.1983953 1.7786835 0.0000000 0.0958750 
t6         3.2381161 1.8942965 9.0000000 9.0000000 1.5111773 2.7182557 0.6388142 0.5504769 1.8942965 9.0000000 9.0000000 1.7786835 2.7182557 2.4141569 2.7182557 0.2892469 2.4141569 2.0310377 0.0958750 0.0000000 
