20
t20        0.0000000 0.4714565 1.2070784 1.2070784 0.8239592 0.9913169 0.9547243 0.9547243 0.8545757 1.6785349 1.5111773 1.3744361 0.7126442 0.7662384 0.9547243 1.3744361 0.6157354 0.5716050 1.4396946 1.5901977 
t7         0.4714565 0.0000000 1.6785349 1.1132061 1.0297869 1.0297869 1.4396946 1.0703373 1.1132061 1.5111773 1.2070784 1.1132061 0.9547243 1.1586745 0.9913169 1.3144041 0.5716050 0.5504769 1.2588231 1.4396946 
t16        1.2070784 1.6785349 0.0000000 1.6785349 1.3744361 1.4396946 1.8942965 1.5901977 1.6785349 2.0310377 2.0310377 2.7182557 1.4396946 1.3144041 1.5111773 1.8942965 0.9913169 1.0297869 2.1983953 2.1983953 
t2         1.2070784 1.1132061 1.6785349 0.0000000 0.5299277 1.4396946 1.2070784 1.5111773 1.3744361 2.7182557 2.7182557 1.8942965 0.6872180 0.7389627 0.8864954 0.8864954 1.2588231 1.3144041 9.0000000 9.0000000 
t17        0.8239592 1.0297869 1.3744361 0.5299277 0.0000000 0.9913169 1.1586745 1.0297869 1.1586745 1.8942965 1.8942965 1.5111773 0.4714565 0.4904449 0.8545757 0.9913169 1.1586745 1.0703373 1.7786835 2.1983953 
t18        0.9913169 1.0297869 1.4396946 1.4396946 0.9913169 0.0000000 0.5933457 0.9547243 1.1132061 1.0297869 0.7945437 0.8545757 1.1586745 1.1132061 1.4396946 2.1983953 1.3744361 1.2070784 0.9198342 1.0297869 
t1         0.9547243 1.4396946 1.8942965 1.2070784 1.1586745 0.5933457 0.0000000 0.7945437 0.7945437 1.3144041 0.9913169 0.9198342 1.1586745 1.0703373 1.0703373 1.3744361 1.2070784 1.2588231 1.1132061 1.2070784 
t19        0.9547243 1.0703373 1.5901977 1.5111773 1.0297869 0.9547243 0.7945437 0.0000000 0.2892469 1.6785349 0.8239592 0.8545757 1.0703373 1.1586745 0.9913169 1.1586745 0.9913169 0.8864954 1.7786835 1.7786835 
t4         0.8545757 1.1132061 1.6785349 1.3744361 1.1586745 1.1132061 0.7945437 0.2892469 0.0000000 1.6785349 0.8239592 0.9198342 1.0703373 1.0703373 0.9198342 1.0297869 1.1586745 1.0297869 1.4396946 1.5111773 
t15        1.6785349 1.5111773 2.0310377 2.7182557 1.8942965 1.0297869 1.3144041 1.6785349 1.6785349 0.0000000 1.1132061 0.9913169 1.5111773 2.0310377 1.2588231 1.5111773 1.5111773 1.7786835 0.3505054 0.3999739 
t14        1.5111773 1.2070784 2.0310377 2.7182557 1.8942965 0.7945437 0.9913169 0.8239592 0.8239592 1.1132061 0.0000000 0.2191023 1.2588231 1.2070784 1.2588231 1.4396946 1.7786835 1.7786835 1.2070784 1.3144041 
t12        1.3744361 1.1132061 2.7182557 1.8942965 1.5111773 0.8545757 0.9198342 0.8545757 0.9198342 0.9913169 0.2191023 0.0000000 1.2070784 1.2070784 1.3144041 1.5111773 1.6785349 1.5901977 0.9547243 1.0703373 
t5         0.7126442 0.9547243 1.4396946 0.6872180 0.4714565 1.1586745 1.1586745 1.0703373 1.0703373 1.5111773 1.2588231 1.2070784 0.0000000 0.1673577 0.9547243 0.8545757 0.9198342 0.9547243 1.3744361 1.5111773 
t8         0.7662384 1.1586745 1.3144041 0.7389627 0.4904449 1.1132061 1.0703373 1.1586745 1.0703373 2.0310377 1.2070784 1.2070784 0.1673577 0.0000000 0.9198342 0.8864954 1.0297869 1.0703373 1.5901977 1.6785349 
t11        0.9547243 0.9913169 1.5111773 0.8864954 0.8545757 1.4396946 1.0703373 0.9913169 0.9198342 1.2588231 1.2588231 1.3144041 0.9547243 0.9198342 0.0000000 0.1307650 0.8545757 1.0703373 1.1586745 1.2588231 
t13        1.3744361 1.3144041 1.8942965 0.8864954 0.9913169 2.1983953 1.3744361 1.1586745 1.0297869 1.5111773 1.4396946 1.5111773 0.8545757 0.8864954 0.1307650 0.0000000 1.0703373 1.3144041 1.4396946 1.5901977 
t9         0.6157354 0.5716050 0.9913169 1.2588231 1.1586745 1.3744361 1.2070784 0.9913169 1.1586745 1.5111773 1.7786835 1.6785349 0.9198342 1.0297869 0.8545757 1.0703373 0.0000000 0.1673577 1.7786835 2.0310377 
t10        0.5716050 0.5504769 1.0297869 1.3144041 1.0703373 1.2070784 1.2588231 0.8864954 1.0297869 1.7786835 1.7786835 1.5901977 0.9547243 1.0703373 1.0703373 1.3144041 0.1673577 0.0000000 2.1983953 2.4141569 
t6         1.4396946 1.2588231 2.1983953 9.0000000 1.7786835 0.9198342 1.1132061 1.7786835 1.4396946 0.3505054 1.2070784 0.9547243 1.3744361 1.5901977 1.1586745 1.4396946 1.7786835 2.1983953 0.0000000 0.0411062 
t3         1.5901977 1.4396946 2.1983953 9.0000000 2.1983953 1.0297869 1.2070784 1.7786835 1.5111773 0.3999739 1.3144041 1.0703373 1.5111773 1.6785349 1.2588231 1.5901977 2.0310377 2.4141569 0.0411062 0.0000000 
