20
t14        0.0000000 2.1983953 1.3144041 1.6785349 1.7786835 9.0000000 1.6785349 1.7786835 1.4396946 2.1983953 1.5901977 1.3744361 3.2381161 2.4141569 1.4396946 1.5901977 2.0310377 2.0310377 2.7182557 2.7182557 
t5         2.1983953 0.0000000 1.6785349 1.7786835 1.7786835 2.4141569 1.6785349 1.3744361 1.1132061 1.5901977 1.4396946 1.2070784 1.5901977 1.6785349 1.3744361 1.3744361 1.5111773 1.5901977 1.5901977 1.5901977 
t8         1.3144041 1.6785349 0.0000000 1.5111773 2.1983953 1.6785349 1.1132061 1.6785349 0.9547243 1.6785349 2.0310377 1.1586745 2.1983953 2.0310377 1.8942965 1.7786835 2.1983953 2.1983953 2.0310377 2.0310377 
t2         1.6785349 1.7786835 1.5111773 0.0000000 0.7389627 1.7786835 1.3144041 0.9547243 0.8239592 1.0703373 1.3744361 1.1586745 1.5901977 1.3744361 1.2588231 1.1586745 1.1132061 1.1132061 1.1586745 1.1586745 
t15        1.7786835 1.7786835 2.1983953 0.7389627 0.0000000 2.1983953 1.5901977 1.4396946 1.2588231 1.2070784 2.0310377 1.7786835 1.5111773 1.6785349 1.2588231 1.1586745 0.8864954 0.8864954 1.3144041 1.3144041 
t16        9.0000000 2.4141569 1.6785349 1.7786835 2.1983953 0.0000000 1.7786835 2.0310377 1.5111773 0.8864954 9.0000000 1.8942965 1.0297869 0.9198342 0.8545757 0.7389627 3.2381161 2.7182557 0.7945437 0.7945437 
t4         1.6785349 1.6785349 1.1132061 1.3144041 1.5901977 1.7786835 0.0000000 0.7945437 0.4172160 1.1586745 0.8864954 0.5933457 1.1132061 0.9547243 1.0297869 1.0703373 2.0310377 2.0310377 1.5111773 1.5111773 
t19        1.7786835 1.3744361 1.6785349 0.9547243 1.4396946 2.0310377 0.7945437 0.0000000 0.7389627 1.5901977 1.1586745 0.8239592 1.6785349 1.7786835 1.4396946 1.3144041 1.5111773 1.5111773 1.3144041 1.3144041 
t20        1.4396946 1.1132061 0.9547243 0.8239592 1.2588231 1.5111773 0.4172160 0.7389627 0.0000000 1.1132061 0.7945437 0.5099265 1.2588231 1.1586745 1.2588231 1.1586745 1.5111773 1.5111773 1.5111773 1.5111773 
t12        2.1983953 1.5901977 1.6785349 1.0703373 1.2070784 0.8864954 1.1586745 1.5901977 1.1132061 0.0000000 1.4396946 1.1586745 0.3666350 0.4172160 0.5933457 0.5716050 1.5901977 1.5111773 0.7389627 0.7389627 
t6         1.5901977 1.4396946 2.0310377 1.3744361 2.0310377 9.0000000 0.8864954 1.1586745 0.7945437 1.4396946 0.0000000 0.7126442 1.3744361 1.3144041 1.8942965 1.8942965 1.8942965 2.1983953 1.8942965 1.8942965 
t17        1.3744361 1.2070784 1.1586745 1.1586745 1.7786835 1.8942965 0.5933457 0.8239592 0.5099265 1.1586745 0.7126442 0.0000000 1.3744361 1.3744361 1.4396946 1.2588231 1.5111773 1.5901977 1.3144041 1.3144041 
t18        3.2381161 1.5901977 2.1983953 1.5901977 1.5111773 1.0297869 1.1132061 1.6785349 1.2588231 0.3666350 1.3744361 1.3744361 0.0000000 0.2603971 0.7945437 0.7662384 2.1983953 2.4141569 0.9198342 0.9198342 
t13        2.4141569 1.6785349 2.0310377 1.3744361 1.6785349 0.9198342 0.9547243 1.7786835 1.1586745 0.4172160 1.3144041 1.3744361 0.2603971 0.0000000 0.8239592 0.7945437 1.7786835 1.8942965 1.0297869 1.0297869 
t9         1.4396946 1.3744361 1.8942965 1.2588231 1.2588231 0.8545757 1.0297869 1.4396946 1.2588231 0.5933457 1.8942965 1.4396946 0.7945437 0.8239592 0.0000000 0.0411062 1.8942965 1.8942965 0.3831192 0.3831192 
t10        1.5901977 1.3744361 1.7786835 1.1586745 1.1586745 0.7389627 1.0703373 1.3144041 1.1586745 0.5716050 1.8942965 1.2588231 0.7662384 0.7945437 0.0411062 0.0000000 1.7786835 1.7786835 0.3192509 0.3192509 
t11        2.0310377 1.5111773 2.1983953 1.1132061 0.8864954 3.2381161 2.0310377 1.5111773 1.5111773 1.5901977 1.8942965 1.5111773 2.1983953 1.7786835 1.8942965 1.7786835 0.0000000 0.0306165 2.0310377 2.0310377 
t3         2.0310377 1.5901977 2.1983953 1.1132061 0.8864954 2.7182557 2.0310377 1.5111773 1.5111773 1.5111773 2.1983953 1.5901977 2.4141569 1.8942965 1.8942965 1.7786835 0.0306165 0.0000000 2.0310377 2.0310377 
t7         2.7182557 1.5901977 2.0310377 1.1586745 1.3144041 0.7945437 1.5111773 1.3144041 1.5111773 0.7389627 1.8942965 1.3144041 0.9198342 1.0297869 0.3831192 0.3192509 2.0310377 2.0310377 0.0000000 0.0000010 
t1         2.7182557 1.5901977 2.0310377 1.1586745 1.3144041 0.7945437 1.5111773 1.3144041 1.5111773 0.7389627 1.8942965 1.3144041 0.9198342 1.0297869 0.3831192 0.3192509 2.0310377 2.0310377 0.0000010 0.0000000 
