20
t11        0.0000000 1.6785349 1.8942965 1.3144041 1.1132061 1.3144041 1.3144041 1.2588231 9.0000000 2.7182557 2.4141569 9.0000000 2.1983953 1.8942965 1.8942965 1.0297869 1.0297869 0.9913169 2.7182557 2.7182557 
t18        1.6785349 0.0000000 2.1983953 1.8942965 1.3144041 1.3744361 1.5901977 1.6785349 1.3744361 2.1983953 2.0310377 2.7182557 1.8942965 1.5901977 1.5901977 1.7786835 2.0310377 2.1983953 2.4141569 2.4141569 
t5         1.8942965 2.1983953 0.0000000 0.9198342 2.4141569 1.1586745 1.4396946 0.7389627 1.6785349 9.0000000 1.0703373 1.2070784 0.7126442 0.7662384 0.8864954 1.4396946 1.6785349 1.6785349 1.2070784 1.2070784 
t8         1.3144041 1.8942965 0.9198342 0.0000000 1.5111773 0.9913169 1.3144041 0.8545757 2.1983953 1.6785349 0.7389627 0.7662384 1.1132061 1.0297869 1.1586745 1.2070784 1.2588231 1.2070784 0.7662384 0.7662384 
t16        1.1132061 1.3144041 2.4141569 1.5111773 0.0000000 1.2588231 1.1132061 1.5111773 2.0310377 1.2588231 2.4141569 2.7182557 1.5111773 1.5111773 1.3144041 0.8239592 0.8239592 0.8239592 1.7786835 1.7786835 
t17        1.3144041 1.3744361 1.1586745 0.9913169 1.2588231 0.0000000 1.5901977 0.7389627 1.3744361 1.7786835 2.1983953 1.6785349 0.9913169 0.8545757 0.8864954 1.2070784 1.2588231 1.1586745 1.7786835 1.7786835 
t6         1.3144041 1.5901977 1.4396946 1.3144041 1.1132061 1.5901977 0.0000000 1.4396946 1.3744361 1.5111773 1.8942965 1.7786835 1.3744361 1.2070784 1.5111773 0.6872180 0.6872180 0.6388142 1.4396946 1.4396946 
t2         1.2588231 1.6785349 0.7389627 0.8545757 1.5111773 0.7389627 1.4396946 0.0000000 1.5901977 1.5901977 1.3744361 1.5111773 0.3347153 0.2746833 0.3040988 1.1132061 1.1132061 1.1132061 1.5111773 1.5111773 
t12        9.0000000 1.3744361 1.6785349 2.1983953 2.0310377 1.3744361 1.3744361 1.5901977 0.0000000 0.7662384 2.1983953 2.4141569 1.4396946 1.3744361 1.5111773 1.5111773 1.5111773 1.5901977 2.1983953 2.1983953 
t4         2.7182557 2.1983953 9.0000000 1.6785349 1.2588231 1.7786835 1.5111773 1.5901977 0.7662384 0.0000000 2.0310377 2.1983953 2.0310377 1.7786835 1.6785349 1.5111773 1.3744361 1.4396946 2.4141569 2.4141569 
t19        2.4141569 2.0310377 1.0703373 0.7389627 2.4141569 2.1983953 1.8942965 1.3744361 2.1983953 2.0310377 0.0000000 0.2463781 1.5901977 1.3744361 1.5111773 1.4396946 1.7786835 1.7786835 0.2463781 0.2463781 
t9         9.0000000 2.7182557 1.2070784 0.7662384 2.7182557 1.6785349 1.7786835 1.5111773 2.4141569 2.1983953 0.2463781 0.0000000 1.5111773 1.2588231 1.5111773 1.5111773 1.5901977 1.5901977 0.1549607 0.1549607 
t1         2.1983953 1.8942965 0.7126442 1.1132061 1.5111773 0.9913169 1.3744361 0.3347153 1.4396946 2.0310377 1.5901977 1.5111773 0.0000000 0.0958750 0.1549607 1.2588231 1.3144041 1.3744361 1.5111773 1.5111773 
t13        1.8942965 1.5901977 0.7662384 1.0297869 1.5111773 0.8545757 1.2070784 0.2746833 1.3744361 1.7786835 1.3744361 1.2588231 0.0958750 0.0000000 0.1189538 1.3144041 1.2588231 1.3144041 1.3144041 1.3144041 
t7         1.8942965 1.5901977 0.8864954 1.1586745 1.3144041 0.8864954 1.5111773 0.3040988 1.5111773 1.6785349 1.5111773 1.5111773 0.1549607 0.1189538 0.0000000 1.2588231 1.2070784 1.2588231 1.3144041 1.3144041 
t10        1.0297869 1.7786835 1.4396946 1.2070784 0.8239592 1.2070784 0.6872180 1.1132061 1.5111773 1.5111773 1.4396946 1.5111773 1.2588231 1.3144041 1.2588231 0.0000000 0.0625362 0.0845966 1.3144041 1.3144041 
t20        1.0297869 2.0310377 1.6785349 1.2588231 0.8239592 1.2588231 0.6872180 1.1132061 1.5111773 1.3744361 1.7786835 1.5901977 1.3144041 1.2588231 1.2070784 0.0625362 0.0000000 0.0202715 1.3144041 1.3144041 
t3         0.9913169 2.1983953 1.6785349 1.2070784 0.8239592 1.1586745 0.6388142 1.1132061 1.5901977 1.4396946 1.7786835 1.5901977 1.3744361 1.3144041 1.2588231 0.0845966 0.0202715 0.0000000 1.3144041 1.3144041 
t15        2.7182557 2.4141569 1.2070784 0.7662384 1.7786835 1.7786835 1.4396946 1.5111773 2.1983953 2.4141569 0.2463781 0.1549607 1.5111773 1.3144041 1.3144041 1.3144041 1.3144041 1.3144041 0.0000000 0.0000010 
t14        2.7182557 2.4141569 1.2070784 0.7662384 1.7786835 1.7786835 1.4396946 1.5111773 2.1983953 2.4141569 0.2463781 0.1549607 1.5111773 1.3144041 1.3144041 1.3144041 1.3144041 1.3144041 0.0000010 0.0000000 
