20
t16        0.0000000 9.0000000 9.0000000 1.1132061 1.3144041 2.7182557 1.7786835 9.0000000 2.7182557 9.0000000 1.8942965 1.5901977 2.4141569 3.2381161 9.0000000 2.1983953 1.7786835 1.5901977 9.0000000 9.0000000 
t5         9.0000000 0.0000000 9.0000000 9.0000000 9.0000000 9.0000000 9.0000000 9.0000000 3.2381161 1.6785349 9.0000000 9.0000000 9.0000000 2.7182557 9.0000000 9.0000000 9.0000000 9.0000000 9.0000000 9.0000000 
t11        9.0000000 9.0000000 0.0000000 1.8942965 2.1983953 2.1983953 3.2381161 2.4141569 1.5111773 9.0000000 9.0000000 2.7182557 9.0000000 2.7182557 2.0310377 3.2381161 9.0000000 9.0000000 9.0000000 9.0000000 
t20        1.1132061 9.0000000 1.8942965 0.0000000 0.8545757 0.7389627 0.5933457 0.6626257 0.8864954 9.0000000 1.1586745 0.7945437 1.2588231 1.5111773 1.6785349 1.5901977 0.9198342 1.0703373 9.0000000 9.0000000 
t19        1.3144041 9.0000000 2.1983953 0.8545757 0.0000000 0.9198342 1.2070784 1.4396946 1.3744361 9.0000000 1.5111773 1.2588231 1.6785349 2.1983953 2.0310377 9.0000000 1.4396946 1.4396946 9.0000000 9.0000000 
t15        2.7182557 9.0000000 2.1983953 0.7389627 0.9198342 0.0000000 1.2588231 1.2070784 1.3144041 3.2381161 1.5901977 1.6785349 2.4141569 1.5901977 1.4396946 2.1983953 1.1586745 1.2070784 9.0000000 9.0000000 
t10        1.7786835 9.0000000 3.2381161 0.5933457 1.2070784 1.2588231 0.0000000 0.5933457 0.9547243 9.0000000 1.7786835 0.7389627 1.1132061 1.3144041 1.7786835 1.7786835 1.5111773 1.4396946 9.0000000 2.4141569 
t18        9.0000000 9.0000000 2.4141569 0.6626257 1.4396946 1.2070784 0.5933457 0.0000000 0.7662384 9.0000000 1.5111773 0.7662384 1.6785349 1.2588231 1.3744361 1.5111773 1.3144041 1.4396946 2.4141569 2.4141569 
t17        2.7182557 3.2381161 1.5111773 0.8864954 1.3744361 1.3144041 0.9547243 0.7662384 0.0000000 9.0000000 2.4141569 0.8545757 1.2588231 1.3144041 1.8942965 1.8942965 1.7786835 1.8942965 9.0000000 9.0000000 
t7         9.0000000 1.6785349 9.0000000 9.0000000 9.0000000 3.2381161 9.0000000 9.0000000 9.0000000 0.0000000 9.0000000 3.2381161 9.0000000 2.0310377 1.7786835 1.8942965 9.0000000 9.0000000 2.0310377 2.4141569 
t1         1.8942965 9.0000000 9.0000000 1.1586745 1.5111773 1.5901977 1.7786835 1.5111773 2.4141569 9.0000000 0.0000000 2.1983953 3.2381161 9.0000000 1.8942965 2.4141569 0.4348639 0.4529370 3.2381161 3.2381161 
t3         1.5901977 9.0000000 2.7182557 0.7945437 1.2588231 1.6785349 0.7389627 0.7662384 0.8545757 3.2381161 2.1983953 0.0000000 0.6626257 0.9198342 0.9547243 0.9547243 1.3744361 1.5111773 9.0000000 2.7182557 
t13        2.4141569 9.0000000 9.0000000 1.2588231 1.6785349 2.4141569 1.1132061 1.6785349 1.2588231 9.0000000 3.2381161 0.6626257 0.0000000 0.4904449 1.7786835 1.5901977 9.0000000 9.0000000 9.0000000 9.0000000 
t12        3.2381161 2.7182557 2.7182557 1.5111773 2.1983953 1.5901977 1.3144041 1.2588231 1.3144041 2.0310377 9.0000000 0.9198342 0.4904449 0.0000000 1.5901977 1.5901977 2.0310377 1.7786835 9.0000000 9.0000000 
t4         9.0000000 9.0000000 2.0310377 1.6785349 2.0310377 1.4396946 1.7786835 1.3744361 1.8942965 1.7786835 1.8942965 0.9547243 1.7786835 1.5901977 0.0000000 0.2746833 1.6785349 1.5901977 9.0000000 9.0000000 
t2         2.1983953 9.0000000 3.2381161 1.5901977 9.0000000 2.1983953 1.7786835 1.5111773 1.8942965 1.8942965 2.4141569 0.9547243 1.5901977 1.5901977 0.2746833 0.0000000 1.8942965 1.8942965 9.0000000 9.0000000 
t6         1.7786835 9.0000000 9.0000000 0.9198342 1.4396946 1.1586745 1.5111773 1.3144041 1.7786835 9.0000000 0.4348639 1.3744361 9.0000000 2.0310377 1.6785349 1.8942965 0.0000000 0.0625362 2.1983953 2.7182557 
t9         1.5901977 9.0000000 9.0000000 1.0703373 1.4396946 1.2070784 1.4396946 1.4396946 1.8942965 9.0000000 0.4529370 1.5111773 9.0000000 1.7786835 1.5901977 1.8942965 0.0625362 0.0000000 3.2381161 9.0000000 
t14        9.0000000 9.0000000 9.0000000 9.0000000 9.0000000 9.0000000 9.0000000 2.4141569 9.0000000 2.0310377 3.2381161 9.0000000 9.0000000 9.0000000 9.0000000 9.0000000 2.1983953 3.2381161 0.0000000 0.1073256 
t8         9.0000000 9.0000000 9.0000000 9.0000000 9.0000000 9.0000000 2.4141569 2.4141569 9.0000000 2.4141569 3.2381161 2.7182557 9.0000000 9.0000000 9.0000000 9.0000000 2.7182557 9.0000000 0.1073256 0.0000000 
