20
t18        0.0000000 0.9198342 0.9913169 1.5111773 0.9913169 0.7126442 0.7662384 1.0297869 0.6872180 0.8545757 0.9913169 0.8864954 0.9547243 0.7662384 0.7945437 0.9198342 0.9913169 0.9198342 0.7662384 0.7126442 
t10        0.9198342 0.0000000 1.5901977 2.4141569 1.2070784 1.1586745 1.3744361 1.4396946 1.3744361 2.0310377 1.1586745 1.2588231 1.2588231 1.2070784 1.0703373 1.2070784 1.3144041 1.2070784 0.9547243 0.9547243 
t15        0.9913169 1.5901977 0.0000000 0.9198342 1.6785349 0.7389627 0.5933457 1.3744361 1.0703373 1.0703373 1.0297869 0.7126442 1.1132061 0.9198342 0.9547243 1.0703373 1.5901977 1.4396946 1.2070784 1.2588231 
t8         1.5111773 2.4141569 0.9198342 0.0000000 1.8942965 0.7945437 0.8545757 1.3144041 1.2070784 0.9913169 1.0297869 0.6626257 1.2070784 0.9198342 1.0297869 1.1132061 1.7786835 1.6785349 1.2588231 1.3144041 
t14        0.9913169 1.2070784 1.6785349 1.8942965 0.0000000 1.1586745 1.7786835 1.5901977 1.1586745 1.6785349 1.3744361 1.4396946 2.1983953 1.7786835 0.8545757 0.9547243 1.3144041 1.1586745 1.1132061 1.0703373 
t20        0.7126442 1.1586745 0.7389627 0.7945437 1.1586745 0.0000000 0.3347153 1.1586745 0.7126442 0.7126442 0.5099265 0.3666350 0.7389627 0.6626257 0.7662384 0.8239592 1.0703373 0.9547243 0.9547243 0.9547243 
t3         0.7662384 1.3744361 0.5933457 0.8545757 1.7786835 0.3347153 0.0000000 1.0297869 0.8545757 0.9198342 0.5504769 0.3505054 0.9198342 0.7945437 0.8864954 0.9547243 1.5111773 1.1586745 0.9913169 0.9913169 
t2         1.0297869 1.4396946 1.3744361 1.3144041 1.5901977 1.1586745 1.0297869 0.0000000 0.5716050 1.2070784 1.1132061 0.9547243 1.4396946 1.2070784 1.3144041 1.3144041 1.3744361 1.1132061 1.2070784 1.2588231 
t5         0.6872180 1.3744361 1.0703373 1.2070784 1.1586745 0.7126442 0.8545757 0.5716050 0.0000000 0.9913169 1.0703373 0.8864954 1.0703373 0.9913169 0.9198342 0.9547243 1.2588231 1.2070784 1.2070784 1.2588231 
t16        0.8545757 2.0310377 1.0703373 0.9913169 1.6785349 0.7126442 0.9198342 1.2070784 0.9913169 0.0000000 0.8239592 0.6626257 0.4714565 0.3347153 1.1132061 1.1132061 1.7786835 1.3144041 1.0703373 1.1586745 
t7         0.9913169 1.1586745 1.0297869 1.0297869 1.3744361 0.5099265 0.5504769 1.1132061 1.0703373 0.8239592 0.0000000 0.3505054 0.8239592 0.7945437 0.9547243 1.0297869 1.7786835 1.5901977 1.1586745 1.1586745 
t19        0.8864954 1.2588231 0.7126442 0.6626257 1.4396946 0.3666350 0.3505054 0.9547243 0.8864954 0.6626257 0.3505054 0.0000000 0.8864954 0.7389627 0.9198342 0.9198342 1.5901977 1.4396946 0.9913169 0.9913169 
t11        0.9547243 1.2588231 1.1132061 1.2070784 2.1983953 0.7389627 0.9198342 1.4396946 1.0703373 0.4714565 0.8239592 0.8864954 0.0000000 0.3831192 1.1132061 1.2070784 1.3744361 1.2588231 1.2070784 1.2070784 
t9         0.7662384 1.2070784 0.9198342 0.9198342 1.7786835 0.6626257 0.7945437 1.2070784 0.9913169 0.3347153 0.7945437 0.7389627 0.3831192 0.0000000 0.9913169 0.9547243 1.2588231 1.2588231 0.9198342 0.9913169 
t17        0.7945437 1.0703373 0.9547243 1.0297869 0.8545757 0.7662384 0.8864954 1.3144041 0.9198342 1.1132061 0.9547243 0.9198342 1.1132061 0.9913169 0.0000000 0.2892469 1.0703373 0.9198342 0.8239592 0.7662384 
t12        0.9198342 1.2070784 1.0703373 1.1132061 0.9547243 0.8239592 0.9547243 1.3144041 0.9547243 1.1132061 1.0297869 0.9198342 1.2070784 0.9547243 0.2892469 0.0000000 1.1586745 1.0297869 0.8239592 0.8239592 
t13        0.9913169 1.3144041 1.5901977 1.7786835 1.3144041 1.0703373 1.5111773 1.3744361 1.2588231 1.7786835 1.7786835 1.5901977 1.3744361 1.2588231 1.0703373 1.1586745 0.0000000 0.1799630 0.9198342 0.8864954 
t1         0.9198342 1.2070784 1.4396946 1.6785349 1.1586745 0.9547243 1.1586745 1.1132061 1.2070784 1.3144041 1.5901977 1.4396946 1.2588231 1.2588231 0.9198342 1.0297869 0.1799630 0.0000000 0.7945437 0.7662384 
t4         0.7662384 0.9547243 1.2070784 1.2588231 1.1132061 0.9547243 0.9913169 1.2070784 1.2070784 1.0703373 1.1586745 0.9913169 1.2070784 0.9198342 0.8239592 0.8239592 0.9198342 0.7945437 0.0000000 0.0306165 
t6         0.7126442 0.9547243 1.2588231 1.3144041 1.0703373 0.9547243 0.9913169 1.2588231 1.2588231 1.1586745 1.1586745 0.9913169 1.2070784 0.9913169 0.7662384 0.8239592 0.8864954 0.7662384 0.0306165 0.0000000 
