20
t10        0.0000000 0.8239592 1.2588231 1.2588231 0.9913169 1.6785349 0.8239592 1.2070784 1.3144041 1.3144041 3.2381161 1.6785349 1.5111773 0.7126442 1.0297869 2.1983953 1.7786835 1.8942965 1.8942965 1.7786835 
t11        0.8239592 0.0000000 1.5111773 1.0703373 0.7662384 2.4141569 0.8864954 2.0310377 2.4141569 1.5901977 1.7786835 1.5111773 1.2588231 0.9198342 1.1132061 1.2588231 1.2588231 1.7786835 2.0310377 2.1983953 
t8         1.2588231 1.5111773 0.0000000 2.0310377 2.4141569 9.0000000 1.8942965 2.0310377 3.2381161 9.0000000 3.2381161 2.0310377 2.0310377 1.6785349 2.1983953 3.2381161 2.4141569 2.4141569 2.7182557 2.4141569 
t3         1.2588231 1.0703373 2.0310377 0.0000000 0.9198342 2.0310377 0.7945437 1.5901977 1.7786835 1.5111773 1.2588231 1.6785349 1.5111773 0.9198342 1.2070784 1.5901977 1.3744361 9.0000000 9.0000000 9.0000000 
t6         0.9913169 0.7662384 2.4141569 0.9198342 0.0000000 1.5901977 0.5299277 2.0310377 3.2381161 1.7786835 2.0310377 1.0703373 0.9547243 0.2603971 0.3999739 0.9913169 0.8545757 9.0000000 9.0000000 9.0000000 
t18        1.6785349 2.4141569 9.0000000 2.0310377 1.5901977 0.0000000 1.0703373 2.7182557 3.2381161 1.6785349 2.4141569 2.1983953 2.0310377 2.7182557 2.4141569 9.0000000 2.4141569 3.2381161 2.4141569 2.1983953 
t14        0.8239592 0.8864954 1.8942965 0.7945437 0.5299277 1.0703373 0.0000000 1.3144041 1.6785349 1.5901977 2.0310377 1.2070784 1.1132061 0.5933457 0.7945437 1.2588231 1.1132061 9.0000000 9.0000000 9.0000000 
t16        1.2070784 2.0310377 2.0310377 1.5901977 2.0310377 2.7182557 1.3144041 0.0000000 0.3666350 0.4904449 2.0310377 2.7182557 9.0000000 1.5901977 2.0310377 2.4141569 3.2381161 9.0000000 9.0000000 9.0000000 
t13        1.3144041 2.4141569 3.2381161 1.7786835 3.2381161 3.2381161 1.6785349 0.3666350 0.0000000 0.6157354 2.0310377 9.0000000 9.0000000 2.0310377 2.4141569 9.0000000 9.0000000 9.0000000 9.0000000 9.0000000 
t7         1.3144041 1.5901977 9.0000000 1.5111773 1.7786835 1.6785349 1.5901977 0.4904449 0.6157354 0.0000000 1.3744361 2.7182557 2.1983953 1.5901977 2.4141569 1.6785349 2.1983953 2.7182557 2.1983953 2.0310377 
t4         3.2381161 1.7786835 3.2381161 1.2588231 2.0310377 2.4141569 2.0310377 2.0310377 2.0310377 1.3744361 0.0000000 1.7786835 1.7786835 2.0310377 2.0310377 1.6785349 1.6785349 3.2381161 9.0000000 9.0000000 
t17        1.6785349 1.5111773 2.0310377 1.6785349 1.0703373 2.1983953 1.2070784 2.7182557 9.0000000 2.7182557 1.7786835 0.0000000 0.1673577 1.2070784 1.3144041 0.2191023 0.1307650 9.0000000 9.0000000 9.0000000 
t19        1.5111773 1.2588231 2.0310377 1.5111773 0.9547243 2.0310377 1.1132061 9.0000000 9.0000000 2.1983953 1.7786835 0.1673577 0.0000000 0.9913169 1.1586745 0.2058276 0.1073256 9.0000000 9.0000000 9.0000000 
t15        0.7126442 0.9198342 1.6785349 0.9198342 0.2603971 2.7182557 0.5933457 1.5901977 2.0310377 1.5901977 2.0310377 1.2070784 0.9913169 0.0000000 0.2603971 1.2070784 1.0297869 2.1983953 2.1983953 2.1983953 
t1         1.0297869 1.1132061 2.1983953 1.2070784 0.3999739 2.4141569 0.7945437 2.0310377 2.4141569 2.4141569 2.0310377 1.3144041 1.1586745 0.2603971 0.0000000 1.3744361 1.2070784 9.0000000 9.0000000 9.0000000 
t12        2.1983953 1.2588231 3.2381161 1.5901977 0.9913169 9.0000000 1.2588231 2.4141569 9.0000000 1.6785349 1.6785349 0.2191023 0.2058276 1.2070784 1.3744361 0.0000000 0.0958750 9.0000000 9.0000000 9.0000000 
t5         1.7786835 1.2588231 2.4141569 1.3744361 0.8545757 2.4141569 1.1132061 3.2381161 9.0000000 2.1983953 1.6785349 0.1307650 0.1073256 1.0297869 1.2070784 0.0958750 0.0000000 9.0000000 9.0000000 9.0000000 
t2         1.8942965 1.7786835 2.4141569 9.0000000 9.0000000 3.2381161 9.0000000 9.0000000 9.0000000 2.7182557 3.2381161 9.0000000 9.0000000 2.1983953 9.0000000 9.0000000 9.0000000 0.0000000 0.0202715 0.0306165 
t20        1.8942965 2.0310377 2.7182557 9.0000000 9.0000000 2.4141569 9.0000000 9.0000000 9.0000000 2.1983953 9.0000000 9.0000000 9.0000000 2.1983953 9.0000000 9.0000000 9.0000000 0.0202715 0.0000000 0.0100673 
t9         1.7786835 2.1983953 2.4141569 9.0000000 9.0000000 2.1983953 9.0000000 9.0000000 9.0000000 2.0310377 9.0000000 9.0000000 9.0000000 2.1983953 9.0000000 9.0000000 9.0000000 0.0306165 0.0100673 0.0000000 
