20
t10        0.0000000 1.8942965 3.2381161 9.0000000 1.5111773 2.4141569 1.5111773 9.0000000 9.0000000 1.7786835 9.0000000 9.0000000 9.0000000 9.0000000 2.0310377 2.0310377 1.5901977 1.5901977 1.8942965 2.1983953 
t9         1.8942965 0.0000000 1.6785349 3.2381161 1.4396946 1.5111773 1.7786835 1.1586745 1.5901977 1.7786835 1.3744361 1.2588231 1.2588231 1.2588231 1.3744361 1.1586745 1.1586745 1.3144041 1.8942965 2.1983953 
t6         3.2381161 1.6785349 0.0000000 1.7786835 1.2588231 2.1983953 1.7786835 1.3144041 9.0000000 3.2381161 1.3744361 1.3744361 1.1586745 1.2070784 1.4396946 1.0703373 1.3744361 1.3144041 9.0000000 9.0000000 
t8         9.0000000 3.2381161 1.7786835 0.0000000 1.8942965 1.7786835 1.4396946 1.3744361 2.4141569 2.1983953 3.2381161 2.4141569 1.8942965 1.6785349 1.5111773 1.6785349 2.4141569 9.0000000 2.1983953 1.8942965 
t4         1.5111773 1.4396946 1.2588231 1.8942965 0.0000000 0.7389627 0.9913169 9.0000000 2.7182557 2.7182557 2.4141569 2.1983953 1.7786835 2.4141569 1.5111773 1.6785349 0.6626257 0.6626257 1.8942965 2.1983953 
t7         2.4141569 1.5111773 2.1983953 1.7786835 0.7389627 0.0000000 1.0703373 3.2381161 2.4141569 9.0000000 2.4141569 2.4141569 2.0310377 1.6785349 1.7786835 1.7786835 1.0297869 1.1586745 9.0000000 9.0000000 
t13        1.5111773 1.7786835 1.7786835 1.4396946 0.9913169 1.0703373 0.0000000 2.1983953 1.8942965 2.0310377 1.3744361 2.4141569 1.7786835 1.8942965 2.1983953 2.4141569 0.8864954 1.0297869 1.8942965 1.7786835 
t15        9.0000000 1.1586745 1.3144041 1.3744361 9.0000000 3.2381161 2.1983953 0.0000000 9.0000000 9.0000000 0.8864954 0.7945437 0.8864954 0.7389627 1.3744361 1.3744361 2.1983953 2.4141569 9.0000000 9.0000000 
t2         9.0000000 1.5901977 9.0000000 2.4141569 2.7182557 2.4141569 1.8942965 9.0000000 0.0000000 0.3192509 9.0000000 9.0000000 3.2381161 2.7182557 9.0000000 2.4141569 1.3744361 1.5111773 0.6872180 0.7126442 
t11        1.7786835 1.7786835 3.2381161 2.1983953 2.7182557 9.0000000 2.0310377 9.0000000 0.3192509 0.0000000 9.0000000 9.0000000 9.0000000 9.0000000 2.4141569 9.0000000 1.4396946 1.5111773 0.7945437 0.8239592 
t17        9.0000000 1.3744361 1.3744361 3.2381161 2.4141569 2.4141569 1.3744361 0.8864954 9.0000000 9.0000000 0.0000000 0.2603971 0.3192509 0.4172160 9.0000000 9.0000000 1.8942965 1.7786835 2.1983953 2.0310377 
t20        9.0000000 1.2588231 1.3744361 2.4141569 2.1983953 2.4141569 2.4141569 0.7945437 9.0000000 9.0000000 0.2603971 0.0000000 0.1799630 0.3192509 1.5901977 1.6785349 1.6785349 1.6785349 9.0000000 3.2381161 
t14        9.0000000 1.2588231 1.1586745 1.8942965 1.7786835 2.0310377 1.7786835 0.8864954 3.2381161 9.0000000 0.3192509 0.1799630 0.0000000 0.2326162 1.4396946 1.2070784 1.3144041 1.4396946 2.1983953 2.0310377 
t12        9.0000000 1.2588231 1.2070784 1.6785349 2.4141569 1.6785349 1.8942965 0.7389627 2.7182557 9.0000000 0.4172160 0.3192509 0.2326162 0.0000000 1.7786835 1.2588231 1.7786835 1.8942965 2.4141569 2.1983953 
t3         2.0310377 1.3744361 1.4396946 1.5111773 1.5111773 1.7786835 2.1983953 1.3744361 9.0000000 2.4141569 9.0000000 1.5901977 1.4396946 1.7786835 0.0000000 0.2191023 1.2070784 1.2588231 1.4396946 1.6785349 
t16        2.0310377 1.1586745 1.0703373 1.6785349 1.6785349 1.7786835 2.4141569 1.3744361 2.4141569 9.0000000 9.0000000 1.6785349 1.2070784 1.2588231 0.2191023 0.0000000 1.2588231 1.3744361 1.6785349 2.0310377 
t5         1.5901977 1.1586745 1.3744361 2.4141569 0.6626257 1.0297869 0.8864954 2.1983953 1.3744361 1.4396946 1.8942965 1.6785349 1.3144041 1.7786835 1.2070784 1.2588231 0.0000000 0.1307650 1.5901977 1.6785349 
t18        1.5901977 1.3144041 1.3144041 9.0000000 0.6626257 1.1586745 1.0297869 2.4141569 1.5111773 1.5111773 1.7786835 1.6785349 1.4396946 1.8942965 1.2588231 1.3744361 0.1307650 0.0000000 2.7182557 3.2381161 
t19        1.8942965 1.8942965 9.0000000 2.1983953 1.8942965 9.0000000 1.8942965 9.0000000 0.6872180 0.7945437 2.1983953 9.0000000 2.1983953 2.4141569 1.4396946 1.6785349 1.5901977 2.7182557 0.0000000 0.0306165 
t1         2.1983953 2.1983953 9.0000000 1.8942965 2.1983953 9.0000000 1.7786835 9.0000000 0.7126442 0.8239592 2.0310377 3.2381161 2.0310377 2.1983953 1.6785349 2.0310377 1.6785349 3.2381161 0.0306165 0.0000000 
