20
t19        0.0000000 0.7126442 1.0297869 0.4904449 0.6157354 0.8545757 0.7126442 0.5933457 0.6626257 1.0703373 0.9913169 0.8864954 1.1132061 1.0297869 0.6157354 0.5716050 0.6626257 0.6626257 0.7126442 0.7389627 
t14        0.7126442 0.0000000 0.9913169 0.5299277 0.7389627 0.8239592 0.7389627 0.5299277 0.7945437 0.8545757 1.0297869 0.9913169 0.9913169 0.8864954 0.6626257 0.5933457 0.8545757 0.8545757 0.6872180 0.6626257 
t4         1.0297869 0.9913169 0.0000000 0.7389627 0.8864954 0.8864954 0.7662384 0.8239592 0.7662384 0.4904449 0.5504769 0.4529370 0.5716050 0.5716050 0.8239592 0.7389627 0.8239592 0.8864954 0.9198342 0.9198342 
t15        0.4904449 0.5299277 0.7389627 0.0000000 0.3505054 0.5716050 0.5933457 0.5716050 0.4172160 0.8864954 0.8239592 0.8545757 0.9547243 0.9198342 0.5504769 0.4529370 0.4172160 0.3831192 0.4348639 0.4172160 
t12        0.6157354 0.7389627 0.8864954 0.3505054 0.0000000 0.6626257 0.7945437 0.8239592 0.5099265 0.9547243 0.8864954 0.8545757 0.9913169 0.8545757 0.7945437 0.6626257 0.5504769 0.4714565 0.5504769 0.5504769 
t20        0.8545757 0.8239592 0.8864954 0.5716050 0.6626257 0.0000000 0.8545757 0.7126442 0.2746833 1.1586745 1.1132061 1.0297869 1.1586745 1.1586745 0.8545757 0.7389627 0.4172160 0.3666350 0.6626257 0.6157354 
t18        0.7126442 0.7389627 0.7662384 0.5933457 0.7945437 0.8545757 0.0000000 0.3999739 0.7126442 0.9547243 1.2588231 0.8864954 1.0297869 1.0297869 0.3999739 0.3831192 0.6872180 0.7126442 0.6626257 0.6626257 
t3         0.5933457 0.5299277 0.8239592 0.5716050 0.8239592 0.7126442 0.3999739 0.0000000 0.7126442 0.8545757 1.0703373 0.8545757 1.0297869 0.9913169 0.3999739 0.3831192 0.7126442 0.7662384 0.6388142 0.6626257 
t7         0.6626257 0.7945437 0.7662384 0.4172160 0.5099265 0.2746833 0.7126442 0.7126442 0.0000000 0.8545757 0.7945437 0.7126442 0.8864954 0.8239592 0.7389627 0.6626257 0.2326162 0.2058276 0.5099265 0.4714565 
t9         1.0703373 0.8545757 0.4904449 0.8864954 0.9547243 1.1586745 0.9547243 0.8545757 0.8545757 0.0000000 0.5933457 0.5716050 0.2746833 0.2463781 0.8545757 0.8545757 0.8864954 0.8545757 0.9198342 0.8864954 
t2         0.9913169 1.0297869 0.5504769 0.8239592 0.8864954 1.1132061 1.2588231 1.0703373 0.7945437 0.5933457 0.0000000 0.1549607 0.6388142 0.5933457 0.8864954 0.9198342 0.8864954 0.9198342 0.9913169 0.9547243 
t13        0.8864954 0.9913169 0.4529370 0.8545757 0.8545757 1.0297869 0.8864954 0.8545757 0.7126442 0.5716050 0.1549607 0.0000000 0.6626257 0.6626257 0.7126442 0.7945437 0.8864954 0.9198342 0.9198342 0.9198342 
t1         1.1132061 0.9913169 0.5716050 0.9547243 0.9913169 1.1586745 1.0297869 1.0297869 0.8864954 0.2746833 0.6388142 0.6626257 0.0000000 0.0734853 0.7945437 0.7662384 1.0703373 0.9547243 0.9913169 0.9547243 
t6         1.0297869 0.8864954 0.5716050 0.9198342 0.8545757 1.1586745 1.0297869 0.9913169 0.8239592 0.2463781 0.5933457 0.6626257 0.0734853 0.0000000 0.7945437 0.7945437 0.9547243 0.8545757 0.9913169 0.9547243 
t5         0.6157354 0.6626257 0.8239592 0.5504769 0.7945437 0.8545757 0.3999739 0.3999739 0.7389627 0.8545757 0.8864954 0.7126442 0.7945437 0.7945437 0.0000000 0.1189538 0.7126442 0.7126442 0.5716050 0.5716050 
t16        0.5716050 0.5933457 0.7389627 0.4529370 0.6626257 0.7389627 0.3831192 0.3831192 0.6626257 0.8545757 0.9198342 0.7945437 0.7662384 0.7945437 0.1189538 0.0000000 0.6388142 0.6388142 0.5716050 0.5716050 
t10        0.6626257 0.8545757 0.8239592 0.4172160 0.5504769 0.4172160 0.6872180 0.7126442 0.2326162 0.8864954 0.8864954 0.8864954 1.0703373 0.9547243 0.7126442 0.6388142 0.0000000 0.0411062 0.5099265 0.5099265 
t8         0.6626257 0.8545757 0.8864954 0.3831192 0.4714565 0.3666350 0.7126442 0.7662384 0.2058276 0.8545757 0.9198342 0.9198342 0.9547243 0.8545757 0.7126442 0.6388142 0.0411062 0.0000000 0.5504769 0.5099265 
t11        0.7126442 0.6872180 0.9198342 0.4348639 0.5504769 0.6626257 0.6626257 0.6388142 0.5099265 0.9198342 0.9913169 0.9198342 0.9913169 0.9913169 0.5716050 0.5716050 0.5099265 0.5504769 0.0000000 0.0202715 
t17        0.7389627 0.6626257 0.9198342 0.4172160 0.5504769 0.6157354 0.6626257 0.6626257 0.4714565 0.8864954 0.9547243 0.9198342 0.9547243 0.9547243 0.5716050 0.5716050 0.5099265 0.5099265 0.0202715 0.0000000 
