20
t16        0.0000000 1.2588231 1.0297869 0.7662384 1.1586745 1.0703373 0.9198342 1.1586745 1.0703373 0.8864954 0.9547243 0.8239592 1.3744361 1.0297869 1.3744361 1.2070784 1.3744361 1.2588231 1.2588231 1.2588231 
t10        1.2588231 0.0000000 0.5716050 1.0297869 0.6872180 0.5299277 0.8864954 0.7945437 0.7389627 0.8545757 1.1132061 1.2070784 0.7389627 0.5933457 0.8239592 0.8239592 0.7126442 0.6626257 0.7662384 0.7662384 
t9         1.0297869 0.5716050 0.0000000 0.8864954 0.6388142 0.5933457 0.9913169 0.8864954 0.9198342 0.8864954 0.7662384 0.9913169 0.9198342 0.7662384 0.8545757 0.7945437 0.6872180 0.6872180 0.8545757 0.8545757 
t12        0.7662384 1.0297869 0.8864954 0.0000000 0.9547243 0.7389627 0.7945437 0.6388142 1.0297869 1.2588231 0.7662384 0.7945437 0.7389627 0.7126442 1.2588231 0.7662384 1.0703373 1.0297869 0.7126442 0.6626257 
t8         1.1586745 0.6872180 0.6388142 0.9547243 0.0000000 0.3505054 0.7662384 0.8545757 0.6388142 0.7662384 0.8864954 0.9913169 0.6872180 0.7662384 0.7126442 0.9547243 0.4904449 0.5933457 0.8239592 0.8239592 
t20        1.0703373 0.5299277 0.5933457 0.7389627 0.3505054 0.0000000 0.7126442 0.8239592 0.7945437 0.7389627 0.7945437 0.7945437 0.7126442 0.6872180 0.8239592 0.8239592 0.6157354 0.6626257 0.7662384 0.7662384 
t11        0.9198342 0.8864954 0.9913169 0.7945437 0.7662384 0.7126442 0.0000000 0.9547243 0.7389627 0.7945437 0.5099265 0.5099265 0.8545757 0.7126442 1.1132061 0.9913169 0.9547243 1.0703373 0.7389627 0.7945437 
t19        1.1586745 0.7945437 0.8864954 0.6388142 0.8545757 0.8239592 0.9547243 0.0000000 0.9913169 1.2070784 0.9913169 1.0297869 0.5099265 0.6157354 1.0703373 0.7126442 0.8239592 0.8239592 0.6872180 0.7126442 
t14        1.0703373 0.7389627 0.9198342 1.0297869 0.6388142 0.7945437 0.7389627 0.9913169 0.0000000 0.3040988 0.8545757 0.7945437 0.7662384 0.8239592 1.0297869 1.0703373 0.7662384 0.7389627 0.7945437 0.8545757 
t4         0.8864954 0.8545757 0.8864954 1.2588231 0.7662384 0.7389627 0.7945437 1.2070784 0.3040988 0.0000000 0.9547243 1.1132061 1.0703373 1.0703373 1.1132061 1.1132061 0.7389627 0.7662384 0.9913169 0.9913169 
t18        0.9547243 1.1132061 0.7662384 0.7662384 0.8864954 0.7945437 0.5099265 0.9913169 0.8545757 0.9547243 0.0000000 0.4172160 0.7662384 0.8545757 1.1586745 0.9913169 0.9913169 0.9547243 0.7945437 0.8545757 
t5         0.8239592 1.2070784 0.9913169 0.7945437 0.9913169 0.7945437 0.5099265 1.0297869 0.7945437 1.1132061 0.4172160 0.0000000 0.8864954 0.8864954 1.1586745 0.9913169 1.1586745 1.1132061 0.8545757 0.9198342 
t1         1.3744361 0.7389627 0.9198342 0.7389627 0.6872180 0.7126442 0.8545757 0.5099265 0.7662384 1.0703373 0.7662384 0.8864954 0.0000000 0.3666350 1.0703373 0.4529370 0.8864954 0.7945437 0.3999739 0.4172160 
t6         1.0297869 0.5933457 0.7662384 0.7126442 0.7662384 0.6872180 0.7126442 0.6157354 0.8239592 1.0703373 0.8545757 0.8864954 0.3666350 0.0000000 0.9198342 0.3666350 0.7662384 0.7945437 0.2463781 0.2603971 
t2         1.3744361 0.8239592 0.8545757 1.2588231 0.7126442 0.8239592 1.1132061 1.0703373 1.0297869 1.1132061 1.1586745 1.1586745 1.0703373 0.9198342 0.0000000 1.2070784 0.2191023 0.2892469 0.9913169 0.9913169 
t7         1.2070784 0.8239592 0.7945437 0.7662384 0.9547243 0.8239592 0.9913169 0.7126442 1.0703373 1.1132061 0.9913169 0.9913169 0.4529370 0.3666350 1.2070784 0.0000000 1.0297869 0.9913169 0.2892469 0.3192509 
t13        1.3744361 0.7126442 0.6872180 1.0703373 0.4904449 0.6157354 0.9547243 0.8239592 0.7662384 0.7389627 0.9913169 1.1586745 0.8864954 0.7662384 0.2191023 1.0297869 0.0000000 0.1073256 0.9198342 0.9198342 
t3         1.2588231 0.6626257 0.6872180 1.0297869 0.5933457 0.6626257 1.0703373 0.8239592 0.7389627 0.7662384 0.9547243 1.1132061 0.7945437 0.7945437 0.2892469 0.9913169 0.1073256 0.0000000 0.9547243 0.9547243 
t17        1.2588231 0.7662384 0.8545757 0.7126442 0.8239592 0.7662384 0.7389627 0.6872180 0.7945437 0.9913169 0.7945437 0.8545757 0.3999739 0.2463781 0.9913169 0.2892469 0.9198342 0.9547243 0.0000000 0.0202715 
t15        1.2588231 0.7662384 0.8545757 0.6626257 0.8239592 0.7662384 0.7945437 0.7126442 0.8545757 0.9913169 0.8545757 0.9198342 0.4172160 0.2603971 0.9913169 0.3192509 0.9198342 0.9547243 0.0202715 0.0000000 
