20
t7         0.0000000 0.8864954 0.6388142 1.1132061 1.6785349 0.9198342 0.7945437 0.8864954 0.5933457 0.7126442 0.8239592 1.0297869 0.7945437 0.7945437 0.9913169 1.2070784 0.8239592 0.7945437 0.9198342 0.8864954 
t15        0.8864954 0.0000000 1.1132061 1.1132061 1.3744361 0.9547243 0.9913169 0.9913169 0.7389627 0.8239592 0.7945437 1.1132061 0.9547243 1.0297869 0.9198342 0.9547243 0.8864954 0.9547243 1.1132061 1.0297869 
t6         0.6388142 1.1132061 0.0000000 1.0297869 1.3744361 0.6626257 0.6388142 0.7389627 0.6626257 0.7126442 0.7126442 0.9198342 0.7389627 0.6872180 0.7662384 0.9198342 0.6626257 0.6388142 0.8545757 0.7945437 
t13        1.1132061 1.1132061 1.0297869 0.0000000 1.1132061 1.1132061 1.0703373 1.3144041 0.9547243 0.8545757 1.4396946 1.2588231 1.1132061 1.3744361 1.2588231 1.3744361 1.0297869 0.8545757 1.2070784 1.1586745 
t8         1.6785349 1.3744361 1.3744361 1.1132061 0.0000000 1.1132061 1.5111773 1.3744361 1.0297869 1.0297869 1.2588231 0.9913169 1.3144041 1.4396946 1.2070784 1.1586745 1.2588231 1.0703373 0.9547243 1.0297869 
t3         0.9198342 0.9547243 0.6626257 1.1132061 1.1132061 0.0000000 0.4714565 0.7662384 0.5299277 0.5504769 0.6388142 0.7945437 0.7662384 0.8545757 0.5933457 0.5933457 0.5716050 0.5933457 0.7389627 0.6872180 
t10        0.7945437 0.9913169 0.6388142 1.0703373 1.5111773 0.4714565 0.0000000 0.6626257 0.6157354 0.5933457 0.6872180 0.7126442 0.8239592 0.8545757 0.5716050 0.6388142 0.5716050 0.6388142 0.7126442 0.6626257 
t20        0.8864954 0.9913169 0.7389627 1.3144041 1.3744361 0.7662384 0.6626257 0.0000000 0.7389627 0.5299277 0.8545757 0.7126442 0.8545757 0.9198342 0.5504769 0.6626257 0.7126442 0.7662384 0.6872180 0.6388142 
t11        0.5933457 0.7389627 0.6626257 0.9547243 1.0297869 0.5299277 0.6157354 0.7389627 0.0000000 0.4714565 0.2892469 0.9198342 0.3347153 0.3999739 0.6388142 0.7945437 0.5933457 0.6388142 0.8239592 0.7662384 
t4         0.7126442 0.8239592 0.7126442 0.8545757 1.0297869 0.5504769 0.5933457 0.5299277 0.4714565 0.0000000 0.6157354 0.6157354 0.6157354 0.7389627 0.5299277 0.5933457 0.3040988 0.3192509 0.5933457 0.5504769 
t5         0.8239592 0.7945437 0.7126442 1.4396946 1.2588231 0.6388142 0.6872180 0.8545757 0.2892469 0.6157354 0.0000000 0.8545757 0.2892469 0.4172160 0.6157354 0.7945437 0.6388142 0.6626257 0.8239592 0.7662384 
t1         1.0297869 1.1132061 0.9198342 1.2588231 0.9913169 0.7945437 0.7126442 0.7126442 0.9198342 0.6157354 0.8545757 0.0000000 1.0297869 0.8545757 0.2892469 0.3040988 0.7945437 0.6872180 0.6157354 0.6157354 
t2         0.7945437 0.9547243 0.7389627 1.1132061 1.3144041 0.7662384 0.8239592 0.8545757 0.3347153 0.6157354 0.2892469 1.0297869 0.0000000 0.2463781 0.6872180 0.8864954 0.8239592 0.7945437 0.9913169 0.9198342 
t9         0.7945437 1.0297869 0.6872180 1.3744361 1.4396946 0.8545757 0.8545757 0.9198342 0.3999739 0.7389627 0.4172160 0.8545757 0.2463781 0.0000000 0.7389627 0.8864954 0.9198342 0.8545757 0.9913169 0.9198342 
t19        0.9913169 0.9198342 0.7662384 1.2588231 1.2070784 0.5933457 0.5716050 0.5504769 0.6388142 0.5299277 0.6157354 0.2892469 0.6872180 0.7389627 0.0000000 0.1427653 0.6157354 0.6626257 0.5099265 0.5099265 
t16        1.2070784 0.9547243 0.9198342 1.3744361 1.1586745 0.5933457 0.6388142 0.6626257 0.7945437 0.5933457 0.7945437 0.3040988 0.8864954 0.8864954 0.1427653 0.0000000 0.6872180 0.7126442 0.5299277 0.5504769 
t14        0.8239592 0.8864954 0.6626257 1.0297869 1.2588231 0.5716050 0.5716050 0.7126442 0.5933457 0.3040988 0.6388142 0.7945437 0.8239592 0.9198342 0.6157354 0.6872180 0.0000000 0.1307650 0.6388142 0.6157354 
t17        0.7945437 0.9547243 0.6388142 0.8545757 1.0703373 0.5933457 0.6388142 0.7662384 0.6388142 0.3192509 0.6626257 0.6872180 0.7945437 0.8545757 0.6626257 0.7126442 0.1307650 0.0000000 0.5716050 0.5504769 
t12        0.9198342 1.1132061 0.8545757 1.2070784 0.9547243 0.7389627 0.7126442 0.6872180 0.8239592 0.5933457 0.8239592 0.6157354 0.9913169 0.9913169 0.5099265 0.5299277 0.6388142 0.5716050 0.0000000 0.0202715 
t18        0.8864954 1.0297869 0.7945437 1.1586745 1.0297869 0.6872180 0.6626257 0.6388142 0.7662384 0.5504769 0.7662384 0.6157354 0.9198342 0.9198342 0.5099265 0.5504769 0.6157354 0.5504769 0.0202715 0.0000000 
