20
t16        0.0000000 0.5933457 1.0297869 1.0297869 1.0703373 0.9198342 0.6626257 0.8239592 0.8864954 1.1586745 0.8545757 0.8545757 0.8239592 0.9913169 1.0703373 0.8239592 0.8864954 0.7662384 0.8864954 0.7945437 
t11        0.5933457 0.0000000 0.9547243 0.7389627 0.7945437 0.8864954 0.5933457 0.5504769 0.6388142 0.7126442 0.7389627 0.7126442 0.5716050 0.7945437 0.7389627 0.6872180 0.5933457 0.5299277 0.7126442 0.6626257 
t19        1.0297869 0.9547243 0.0000000 1.5111773 1.2588231 1.6785349 0.9913169 0.8864954 1.0297869 1.3744361 1.2070784 1.2588231 0.9547243 1.0297869 1.1132061 1.2070784 0.7662384 0.7126442 1.1586745 1.1586745 
t8         1.0297869 0.7389627 1.5111773 0.0000000 1.2588231 1.5901977 0.8864954 0.8545757 1.0703373 1.2070784 1.0297869 0.9547243 0.9547243 1.0703373 1.0703373 0.9913169 0.7945437 0.7945437 1.0703373 0.9547243 
t14        1.0703373 0.7945437 1.2588231 1.2588231 0.0000000 0.6626257 0.4348639 0.7945437 0.5099265 0.8239592 1.1132061 1.0703373 0.7389627 1.1132061 1.2070784 0.5299277 0.8864954 0.7945437 0.5716050 0.5099265 
t7         0.9198342 0.8864954 1.6785349 1.5901977 0.6626257 0.0000000 0.5099265 0.9198342 0.4529370 0.5504769 1.2070784 1.1586745 0.9198342 1.0703373 1.0703373 0.5933457 0.9913169 0.8545757 0.6626257 0.5933457 
t13        0.6626257 0.5933457 0.9913169 0.8864954 0.4348639 0.5099265 0.0000000 0.5299277 0.3347153 0.4172160 0.6872180 0.6388142 0.5504769 0.8545757 0.8864954 0.1549607 0.5933457 0.5099265 0.1927838 0.1427653 
t10        0.8239592 0.5504769 0.8864954 0.8545757 0.7945437 0.9198342 0.5299277 0.0000000 0.5933457 0.7945437 0.7662384 0.7389627 0.1073256 0.4529370 0.4529370 0.7126442 0.1189538 0.1307650 0.7389627 0.6872180 
t17        0.8864954 0.6388142 1.0297869 1.0703373 0.5099265 0.4529370 0.3347153 0.5933457 0.0000000 0.2746833 1.1132061 1.0703373 0.6388142 0.7389627 0.7126442 0.4172160 0.6872180 0.5933457 0.4529370 0.3999739 
t12        1.1586745 0.7126442 1.3744361 1.2070784 0.8239592 0.5504769 0.4172160 0.7945437 0.2746833 0.0000000 1.1132061 1.0297869 0.8239592 1.1132061 1.1586745 0.5099265 0.9547243 0.8545757 0.5099265 0.4904449 
t3         0.8545757 0.7389627 1.2070784 1.0297869 1.1132061 1.2070784 0.6872180 0.7662384 1.1132061 1.1132061 0.0000000 0.0306165 0.7945437 0.9547243 0.9547243 0.9198342 0.7945437 0.6872180 0.9198342 0.9198342 
t18        0.8545757 0.7126442 1.2588231 0.9547243 1.0703373 1.1586745 0.6388142 0.7389627 1.0703373 1.0297869 0.0306165 0.0000000 0.7662384 0.9198342 0.9198342 0.8545757 0.7662384 0.6626257 0.8545757 0.8545757 
t6         0.8239592 0.5716050 0.9547243 0.9547243 0.7389627 0.9198342 0.5504769 0.1073256 0.6388142 0.8239592 0.7945437 0.7662384 0.0000000 0.5299277 0.5299277 0.7126442 0.1073256 0.1073256 0.7662384 0.6872180 
t1         0.9913169 0.7945437 1.0297869 1.0703373 1.1132061 1.0703373 0.8545757 0.4529370 0.7389627 1.1132061 0.9547243 0.9198342 0.5299277 0.0000000 0.0625362 0.9913169 0.4714565 0.4172160 0.9913169 0.9547243 
t9         1.0703373 0.7389627 1.1132061 1.0703373 1.2070784 1.0703373 0.8864954 0.4529370 0.7126442 1.1586745 0.9547243 0.9198342 0.5299277 0.0625362 0.0000000 1.0297869 0.4714565 0.4172160 1.0297869 0.9913169 
t4         0.8239592 0.6872180 1.2070784 0.9913169 0.5299277 0.5933457 0.1549607 0.7126442 0.4172160 0.5099265 0.9198342 0.8545757 0.7126442 0.9913169 1.0297869 0.0000000 0.7945437 0.6626257 0.0517447 0.0202715 
t2         0.8864954 0.5933457 0.7662384 0.7945437 0.8864954 0.9913169 0.5933457 0.1189538 0.6872180 0.9547243 0.7945437 0.7662384 0.1073256 0.4714565 0.4714565 0.7945437 0.0000000 0.0734853 0.8545757 0.7662384 
t5         0.7662384 0.5299277 0.7126442 0.7945437 0.7945437 0.8545757 0.5099265 0.1307650 0.5933457 0.8545757 0.6872180 0.6626257 0.1073256 0.4172160 0.4172160 0.6626257 0.0734853 0.0000000 0.7126442 0.6388142 
t15        0.8864954 0.7126442 1.1586745 1.0703373 0.5716050 0.6626257 0.1927838 0.7389627 0.4529370 0.5099265 0.9198342 0.8545757 0.7662384 0.9913169 1.0297869 0.0517447 0.8545757 0.7126442 0.0000000 0.0517447 
t20        0.7945437 0.6626257 1.1586745 0.9547243 0.5099265 0.5933457 0.1427653 0.6872180 0.3999739 0.4904449 0.9198342 0.8545757 0.6872180 0.9547243 0.9913169 0.0202715 0.7662384 0.6388142 0.0517447 0.0000000 
