20
t12        0.0000000 0.4904449 1.5111773 0.9547243 0.9913169 9.0000000 1.8942965 1.5111773 1.5111773 1.3744361 1.7786835 2.0310377 1.5111773 1.2588231 1.6785349 1.5111773 1.6785349 1.0703373 1.3744361 1.3744361 
t20        0.4904449 0.0000000 1.2588231 0.9198342 1.1586745 2.7182557 1.3744361 1.5901977 1.3144041 1.3744361 1.2070784 1.3144041 1.7786835 1.2070784 1.5111773 1.1132061 1.3744361 1.1132061 1.4396946 1.2070784 
t4         1.5111773 1.2588231 0.0000000 1.4396946 1.7786835 9.0000000 1.2070784 1.1586745 1.8942965 2.0310377 2.0310377 1.8942965 9.0000000 1.2588231 1.6785349 1.4396946 1.4396946 0.9913169 0.9913169 1.0703373 
t19        0.9547243 0.9198342 1.4396946 0.0000000 1.0297869 1.3744361 1.6785349 1.0703373 3.2381161 2.1983953 2.1983953 2.4141569 2.0310377 1.5111773 2.4141569 1.6785349 1.5111773 1.2588231 1.6785349 1.7786835 
t15        0.9913169 1.1586745 1.7786835 1.0297869 0.0000000 3.2381161 1.5111773 1.4396946 2.1983953 1.5901977 2.0310377 9.0000000 2.4141569 1.5111773 1.7786835 1.4396946 1.5111773 1.2070784 1.1586745 1.1132061 
t8         9.0000000 2.7182557 9.0000000 1.3744361 3.2381161 0.0000000 2.0310377 9.0000000 9.0000000 2.7182557 2.7182557 2.0310377 9.0000000 9.0000000 3.2381161 3.2381161 3.2381161 2.0310377 2.7182557 9.0000000 
t17        1.8942965 1.3744361 1.2070784 1.6785349 1.5111773 2.0310377 0.0000000 1.1586745 9.0000000 1.5901977 1.2070784 1.7786835 9.0000000 0.9913169 1.4396946 1.3744361 1.8942965 1.1586745 0.8239592 0.8545757 
t6         1.5111773 1.5901977 1.1586745 1.0703373 1.4396946 9.0000000 1.1586745 0.0000000 1.5901977 1.7786835 1.5111773 2.0310377 1.0703373 0.8239592 1.3744361 1.3144041 1.1586745 0.8864954 0.7126442 0.6626257 
t2         1.5111773 1.3144041 1.8942965 3.2381161 2.1983953 9.0000000 9.0000000 1.5901977 0.0000000 9.0000000 2.7182557 9.0000000 1.8942965 3.2381161 2.7182557 9.0000000 3.2381161 9.0000000 2.4141569 2.0310377 
t3         1.3744361 1.3744361 2.0310377 2.1983953 1.5901977 2.7182557 1.5901977 1.7786835 9.0000000 0.0000000 0.8864954 1.4396946 9.0000000 1.8942965 1.0703373 0.7389627 1.3744361 1.3144041 1.6785349 1.6785349 
t16        1.7786835 1.2070784 2.0310377 2.1983953 2.0310377 2.7182557 1.2070784 1.5111773 2.7182557 0.8864954 0.0000000 0.9913169 3.2381161 1.4396946 0.9547243 0.7126442 2.4141569 1.5901977 1.7786835 1.3744361 
t10        2.0310377 1.3144041 1.8942965 2.4141569 9.0000000 2.0310377 1.7786835 2.0310377 9.0000000 1.4396946 0.9913169 0.0000000 2.1983953 1.5111773 1.2588231 0.8239592 1.5111773 1.8942965 1.6785349 1.2070784 
t14        1.5111773 1.7786835 9.0000000 2.0310377 2.4141569 9.0000000 9.0000000 1.0703373 1.8942965 9.0000000 3.2381161 2.1983953 0.0000000 1.0703373 1.3744361 2.1983953 1.0703373 0.8864954 1.4396946 1.3744361 
t9         1.2588231 1.2070784 1.2588231 1.5111773 1.5111773 9.0000000 0.9913169 0.8239592 3.2381161 1.8942965 1.4396946 1.5111773 1.0703373 0.0000000 1.4396946 1.4396946 0.5716050 0.3505054 0.7662384 0.6872180 
t11        1.6785349 1.5111773 1.6785349 2.4141569 1.7786835 3.2381161 1.4396946 1.3744361 2.7182557 1.0703373 0.9547243 1.2588231 1.3744361 1.4396946 0.0000000 0.4714565 1.1586745 1.0703373 1.6785349 1.4396946 
t18        1.5111773 1.1132061 1.4396946 1.6785349 1.4396946 3.2381161 1.3744361 1.3144041 9.0000000 0.7389627 0.7126442 0.8239592 2.1983953 1.4396946 0.4714565 0.0000000 1.2588231 1.0297869 1.5901977 1.4396946 
t13        1.6785349 1.3744361 1.4396946 1.5111773 1.5111773 3.2381161 1.8942965 1.1586745 3.2381161 1.3744361 2.4141569 1.5111773 1.0703373 0.5716050 1.1586745 1.2588231 0.0000000 0.3040988 1.2588231 1.3144041 
t1         1.0703373 1.1132061 0.9913169 1.2588231 1.2070784 2.0310377 1.1586745 0.8864954 9.0000000 1.3144041 1.5901977 1.8942965 0.8864954 0.3505054 1.0703373 1.0297869 0.3040988 0.0000000 0.8239592 0.7945437 
t7         1.3744361 1.4396946 0.9913169 1.6785349 1.1586745 2.7182557 0.8239592 0.7126442 2.4141569 1.6785349 1.7786835 1.6785349 1.4396946 0.7662384 1.6785349 1.5901977 1.2588231 0.8239592 0.0000000 0.1073256 
t5         1.3744361 1.2070784 1.0703373 1.7786835 1.1132061 9.0000000 0.8545757 0.6626257 2.0310377 1.6785349 1.3744361 1.2070784 1.3744361 0.6872180 1.4396946 1.4396946 1.3144041 0.7945437 0.1073256 0.0000000 
