20
t13        0.0000000 0.3040988 1.7786835 0.7126442 0.4348639 0.5299277 0.4904449 0.9547243 1.0703373 0.4714565 0.1927838 0.3999739 0.6388142 0.7945437 0.5504769 0.4529370 0.3666350 0.3999739 0.1927838 0.2892469 
t15        0.3040988 0.0000000 1.4396946 0.7389627 0.6388142 0.5299277 0.4348639 1.0703373 1.3144041 0.6157354 0.3831192 0.4172160 0.5716050 0.8239592 0.5099265 0.4348639 0.3999739 0.4172160 0.3831192 0.3831192 
t14        1.7786835 1.4396946 0.0000000 1.3144041 1.3744361 1.4396946 1.4396946 1.5901977 2.4141569 1.6785349 1.4396946 1.1586745 1.6785349 1.5111773 1.3144041 1.5111773 1.2070784 1.1586745 1.3144041 1.5111773 
t7         0.7126442 0.7389627 1.3144041 0.0000000 0.9198342 0.7389627 1.1132061 1.3144041 1.6785349 1.2588231 0.6626257 0.7126442 1.2588231 1.1132061 0.8239592 0.8545757 0.7389627 0.7126442 0.7126442 0.7126442 
t11        0.4348639 0.6388142 1.3744361 0.9198342 0.0000000 0.8545757 0.6626257 1.0297869 1.4396946 0.7389627 0.3999739 0.6872180 0.9913169 1.1132061 0.7126442 0.7389627 0.6872180 0.7126442 0.4172160 0.5504769 
t8         0.5299277 0.5299277 1.4396946 0.7389627 0.8545757 0.0000000 0.8239592 1.1132061 1.6785349 0.7945437 0.5716050 0.4714565 0.7389627 0.9198342 0.6157354 0.5504769 0.4904449 0.5099265 0.6388142 0.6872180 
t19        0.4904449 0.4348639 1.4396946 1.1132061 0.6626257 0.8239592 0.0000000 1.3144041 0.9547243 0.4714565 0.5099265 0.6872180 0.8239592 0.9198342 0.7662384 0.6388142 0.6872180 0.6872180 0.4904449 0.7126442 
t3         0.9547243 1.0703373 1.5901977 1.3144041 1.0297869 1.1132061 1.3144041 0.0000000 2.0310377 1.2070784 0.9198342 1.0297869 0.7662384 0.8239592 1.3144041 1.3744361 1.0297869 0.9913169 0.8545757 0.8545757 
t2         1.0703373 1.3144041 2.4141569 1.6785349 1.4396946 1.6785349 0.9547243 2.0310377 0.0000000 1.0703373 1.0703373 1.1586745 2.0310377 1.5111773 1.3744361 1.3144041 1.3144041 1.2070784 1.0297869 1.3744361 
t18        0.4714565 0.6157354 1.6785349 1.2588231 0.7389627 0.7945437 0.4714565 1.2070784 1.0703373 0.0000000 0.4904449 0.5933457 0.7945437 0.9198342 0.7389627 0.6388142 0.5933457 0.5933457 0.5099265 0.6872180 
t17        0.1927838 0.3831192 1.4396946 0.6626257 0.3999739 0.5716050 0.5099265 0.9198342 1.0703373 0.4904449 0.0000000 0.4348639 0.7389627 0.9198342 0.5716050 0.5299277 0.4529370 0.4348639 0.0411062 0.1673577 
t1         0.3999739 0.4172160 1.1586745 0.7126442 0.6872180 0.4714565 0.6872180 1.0297869 1.1586745 0.5933457 0.4348639 0.0000000 0.6872180 0.9547243 0.5299277 0.4904449 0.0306165 0.0517447 0.4714565 0.5504769 
t12        0.6388142 0.5716050 1.6785349 1.2588231 0.9913169 0.7389627 0.8239592 0.7662384 2.0310377 0.7945437 0.7389627 0.6872180 0.0000000 0.3192509 0.9913169 0.8545757 0.6626257 0.6872180 0.7662384 0.8545757 
t20        0.7945437 0.8239592 1.5111773 1.1132061 1.1132061 0.9198342 0.9198342 0.8239592 1.5111773 0.9198342 0.9198342 0.9547243 0.3192509 0.0000000 0.9913169 1.0297869 0.9198342 0.9913169 0.8864954 1.0297869 
t6         0.5504769 0.5099265 1.3144041 0.8239592 0.7126442 0.6157354 0.7662384 1.3144041 1.3744361 0.7389627 0.5716050 0.5299277 0.9913169 0.9913169 0.0000000 0.1073256 0.5504769 0.5716050 0.5933457 0.6626257 
t9         0.4529370 0.4348639 1.5111773 0.8545757 0.7389627 0.5504769 0.6388142 1.3744361 1.3144041 0.6388142 0.5299277 0.4904449 0.8545757 1.0297869 0.1073256 0.0000000 0.5099265 0.5299277 0.5504769 0.5933457 
t16        0.3666350 0.3999739 1.2070784 0.7389627 0.6872180 0.4904449 0.6872180 1.0297869 1.3144041 0.5933457 0.4529370 0.0306165 0.6626257 0.9198342 0.5504769 0.5099265 0.0000000 0.0625362 0.4904449 0.5716050 
t5         0.3999739 0.4172160 1.1586745 0.7126442 0.7126442 0.5099265 0.6872180 0.9913169 1.2070784 0.5933457 0.4348639 0.0517447 0.6872180 0.9913169 0.5716050 0.5299277 0.0625362 0.0000000 0.4529370 0.5299277 
t10        0.1927838 0.3831192 1.3144041 0.7126442 0.4172160 0.6388142 0.4904449 0.8545757 1.0297869 0.5099265 0.0411062 0.4714565 0.7662384 0.8864954 0.5933457 0.5504769 0.4904449 0.4529370 0.0000000 0.1427653 
t4         0.2892469 0.3831192 1.5111773 0.7126442 0.5504769 0.6872180 0.7126442 0.8545757 1.3744361 0.6872180 0.1673577 0.5504769 0.8545757 1.0297869 0.6626257 0.5933457 0.5716050 0.5299277 0.1427653 0.0000000 
