20
t5         0.0000000 1.0297869 1.3144041 1.5111773 1.3744361 1.8942965 1.5901977 1.2070784 2.1983953 1.5901977 1.0297869 0.9547243 1.5901977 1.7786835 2.4141569 1.2070784 1.1132061 1.0703373 1.2070784 1.1586745 
t3         1.0297869 0.0000000 1.1586745 0.8545757 0.6157354 1.1586745 0.7126442 0.5099265 1.1132061 0.8864954 1.0703373 0.7945437 0.7945437 0.6872180 0.8864954 0.7945437 0.7662384 0.4714565 0.5099265 0.4529370 
t9         1.3144041 1.1586745 0.0000000 1.7786835 1.6785349 9.0000000 2.4141569 1.5111773 1.3144041 1.2070784 1.0703373 1.2588231 1.8942965 1.4396946 1.7786835 1.0703373 1.0703373 1.2588231 1.3144041 1.3144041 
t18        1.5111773 0.8545757 1.7786835 0.0000000 1.0703373 1.7786835 1.3144041 1.0703373 1.3744361 1.2070784 0.7126442 0.7662384 1.2070784 1.0297869 1.0703373 0.9547243 0.8545757 0.9198342 0.9547243 0.7945437 
t8         1.3744361 0.6157354 1.6785349 1.0703373 0.0000000 1.5111773 0.6157354 0.4348639 1.2070784 0.9198342 1.5901977 0.9913169 1.3144041 1.1586745 1.3744361 0.9913169 0.9913169 0.7126442 0.7126442 0.6872180 
t20        1.8942965 1.1586745 9.0000000 1.7786835 1.5111773 0.0000000 0.9913169 1.0703373 3.2381161 1.6785349 9.0000000 1.5901977 0.9198342 0.9547243 0.9913169 2.1983953 2.0310377 1.4396946 1.3144041 1.3744361 
t19        1.5901977 0.7126442 2.4141569 1.3144041 0.6157354 0.9913169 0.0000000 0.5099265 1.3144041 1.0703373 1.8942965 1.1132061 1.1586745 1.0703373 1.1132061 1.2588231 1.1586745 0.6626257 0.6157354 0.6626257 
t17        1.2070784 0.5099265 1.5111773 1.0703373 0.4348639 1.0703373 0.5099265 0.0000000 1.7786835 0.9547243 1.2070784 0.8545757 1.1132061 0.8545757 1.0703373 1.0703373 1.0703373 0.4904449 0.5099265 0.4904449 
t16        2.1983953 1.1132061 1.3144041 1.3744361 1.2070784 3.2381161 1.3144041 1.7786835 0.0000000 0.6388142 1.3144041 1.0703373 1.2588231 1.1586745 1.2588231 0.5299277 0.5299277 0.9913169 1.1132061 1.0297869 
t1         1.5901977 0.8864954 1.2070784 1.2070784 0.9198342 1.6785349 1.0703373 0.9547243 0.6388142 0.0000000 1.2588231 0.9547243 1.4396946 0.9547243 1.0703373 0.4529370 0.4529370 0.9198342 0.8864954 0.8239592 
t7         1.0297869 1.0703373 1.0703373 0.7126442 1.5901977 9.0000000 1.8942965 1.2070784 1.3144041 1.2588231 0.0000000 0.4172160 1.1132061 1.1132061 1.3744361 0.8545757 0.8545757 1.1132061 1.2588231 1.0703373 
t15        0.9547243 0.7945437 1.2588231 0.7662384 0.9913169 1.5901977 1.1132061 0.8545757 1.0703373 0.9547243 0.4172160 0.0000000 0.9547243 0.9913169 1.0703373 0.7389627 0.7662384 0.8239592 0.9547243 0.7945437 
t6         1.5901977 0.7945437 1.8942965 1.2070784 1.3144041 0.9198342 1.1586745 1.1132061 1.2588231 1.4396946 1.1132061 0.9547243 0.0000000 0.3192509 0.3192509 1.3144041 1.1586745 0.9198342 0.9547243 0.9547243 
t11        1.7786835 0.6872180 1.4396946 1.0297869 1.1586745 0.9547243 1.0703373 0.8545757 1.1586745 0.9547243 1.1132061 0.9913169 0.3192509 0.0000000 0.1927838 0.9913169 0.9547243 0.7389627 0.7945437 0.7662384 
t4         2.4141569 0.8864954 1.7786835 1.0703373 1.3744361 0.9913169 1.1132061 1.0703373 1.2588231 1.0703373 1.3744361 1.0703373 0.3192509 0.1927838 0.0000000 1.3744361 1.1132061 0.9547243 0.9913169 0.9547243 
t13        1.2070784 0.7945437 1.0703373 0.9547243 0.9913169 2.1983953 1.2588231 1.0703373 0.5299277 0.4529370 0.8545757 0.7389627 1.3144041 0.9913169 1.3744361 0.0000000 0.1307650 0.8545757 0.9913169 0.8239592 
t10        1.1132061 0.7662384 1.0703373 0.8545757 0.9913169 2.0310377 1.1586745 1.0703373 0.5299277 0.4529370 0.8545757 0.7662384 1.1586745 0.9547243 1.1132061 0.1307650 0.0000000 0.8864954 0.8864954 0.8239592 
t14        1.0703373 0.4714565 1.2588231 0.9198342 0.7126442 1.4396946 0.6626257 0.4904449 0.9913169 0.9198342 1.1132061 0.8239592 0.9198342 0.7389627 0.9547243 0.8545757 0.8864954 0.0000000 0.1307650 0.0734853 
t12        1.2070784 0.5099265 1.3144041 0.9547243 0.7126442 1.3144041 0.6157354 0.5099265 1.1132061 0.8864954 1.2588231 0.9547243 0.9547243 0.7945437 0.9913169 0.9913169 0.8864954 0.1307650 0.0000000 0.0517447 
t2         1.1586745 0.4529370 1.3144041 0.7945437 0.6872180 1.3744361 0.6626257 0.4904449 1.0297869 0.8239592 1.0703373 0.7945437 0.9547243 0.7662384 0.9547243 0.8239592 0.8239592 0.0734853 0.0517447 0.0000000 
