20
t9         0.0000000 9.0000000 9.0000000 9.0000000 9.0000000 9.0000000 9.0000000 2.7182557 9.0000000 9.0000000 9.0000000 9.0000000 9.0000000 3.2381161 9.0000000 9.0000000 9.0000000 9.0000000 9.0000000 9.0000000 
t12        9.0000000 0.0000000 0.9198342 0.6388142 0.7662384 0.6626257 0.4529370 0.4904449 0.5933457 0.4172160 0.7945437 0.7662384 0.9913169 1.6785349 0.9913169 0.7945437 0.8239592 2.1983953 1.5111773 1.5111773 
t8         9.0000000 0.9198342 0.0000000 0.4529370 0.9547243 0.9547243 0.7389627 0.6872180 0.8864954 0.6626257 1.0703373 0.9547243 1.2588231 1.7786835 1.5111773 1.0703373 1.0703373 1.7786835 1.3144041 1.3144041 
t20        9.0000000 0.6388142 0.4529370 0.0000000 0.6872180 0.6626257 0.4904449 0.4904449 0.5299277 0.3505054 0.8239592 0.8239592 0.7945437 1.6785349 1.2070784 0.7662384 0.7662384 1.2070784 0.9547243 0.9547243 
t7         9.0000000 0.7662384 0.9547243 0.6872180 0.0000000 0.5933457 0.5299277 0.6872180 0.5933457 0.4172160 0.9913169 0.8864954 0.4904449 1.4396946 0.8864954 0.8239592 0.8864954 1.2070784 0.9198342 0.8864954 
t3         9.0000000 0.6626257 0.9547243 0.6626257 0.5933457 0.0000000 0.5504769 0.6626257 0.5099265 0.3831192 0.8864954 0.7945437 0.9547243 1.2070784 1.0297869 0.7662384 0.8239592 1.7786835 1.5901977 1.5111773 
t18        9.0000000 0.4529370 0.7389627 0.4904449 0.5299277 0.5504769 0.0000000 0.3040988 0.4904449 0.3040988 0.6388142 0.6157354 0.7945437 1.5111773 1.1586745 0.5299277 0.5716050 1.3744361 0.9913169 0.9547243 
t1         2.7182557 0.4904449 0.6872180 0.4904449 0.6872180 0.6626257 0.3040988 0.0000000 0.5099265 0.3666350 0.6872180 0.6872180 0.9547243 1.8942965 1.3744361 0.7126442 0.7662384 1.3744361 1.0703373 1.0703373 
t6         9.0000000 0.5933457 0.8864954 0.5299277 0.5933457 0.5099265 0.4904449 0.5099265 0.0000000 0.3347153 0.7662384 0.7945437 0.8864954 1.4396946 0.9913169 0.7662384 0.7945437 1.3744361 1.2070784 1.2070784 
t16        9.0000000 0.4172160 0.6626257 0.3505054 0.4172160 0.3831192 0.3040988 0.3666350 0.3347153 0.0000000 0.6626257 0.5933457 0.5933457 1.2070784 0.8545757 0.5933457 0.6388142 1.2588231 1.0297869 0.9913169 
t17        9.0000000 0.7945437 1.0703373 0.8239592 0.9913169 0.8864954 0.6388142 0.6872180 0.7662384 0.6626257 0.0000000 0.1549607 1.1132061 2.4141569 1.8942965 0.2058276 0.2191023 1.5111773 1.2588231 1.2588231 
t13        9.0000000 0.7662384 0.9547243 0.8239592 0.8864954 0.7945437 0.6157354 0.6872180 0.7945437 0.5933457 0.1549607 0.0000000 1.0703373 1.6785349 1.6785349 0.1673577 0.1927838 1.4396946 1.2070784 1.2070784 
t10        9.0000000 0.9913169 1.2588231 0.7945437 0.4904449 0.9547243 0.7945437 0.9547243 0.8864954 0.5933457 1.1132061 1.0703373 0.0000000 1.2588231 0.9913169 1.1586745 1.2588231 0.7389627 0.6157354 0.5933457 
t15        3.2381161 1.6785349 1.7786835 1.6785349 1.4396946 1.2070784 1.5111773 1.8942965 1.4396946 1.2070784 2.4141569 1.6785349 1.2588231 0.0000000 0.6872180 2.1983953 2.7182557 3.2381161 2.4141569 2.1983953 
t4         9.0000000 0.9913169 1.5111773 1.2070784 0.8864954 1.0297869 1.1586745 1.3744361 0.9913169 0.8545757 1.8942965 1.6785349 0.9913169 0.6872180 0.0000000 1.5901977 1.5901977 1.3744361 1.5111773 1.5111773 
t5         9.0000000 0.7945437 1.0703373 0.7662384 0.8239592 0.7662384 0.5299277 0.7126442 0.7662384 0.5933457 0.2058276 0.1673577 1.1586745 2.1983953 1.5901977 0.0000000 0.0202715 2.0310377 1.5901977 1.5901977 
t14        9.0000000 0.8239592 1.0703373 0.7662384 0.8864954 0.8239592 0.5716050 0.7662384 0.7945437 0.6388142 0.2191023 0.1927838 1.2588231 2.7182557 1.5901977 0.0202715 0.0000000 2.1983953 1.6785349 1.6785349 
t2         9.0000000 2.1983953 1.7786835 1.2070784 1.2070784 1.7786835 1.3744361 1.3744361 1.3744361 1.2588231 1.5111773 1.4396946 0.7389627 3.2381161 1.3744361 2.0310377 2.1983953 0.0000000 0.1307650 0.1307650 
t19        9.0000000 1.5111773 1.3144041 0.9547243 0.9198342 1.5901977 0.9913169 1.0703373 1.2070784 1.0297869 1.2588231 1.2070784 0.6157354 2.4141569 1.5111773 1.5901977 1.6785349 0.1307650 0.0000000 0.0202715 
t11        9.0000000 1.5111773 1.3144041 0.9547243 0.8864954 1.5111773 0.9547243 1.0703373 1.2070784 0.9913169 1.2588231 1.2070784 0.5933457 2.1983953 1.5111773 1.5901977 1.6785349 0.1307650 0.0202715 0.0000000 
