20
t19        0.0000000 0.6872180 1.3144041 0.8864954 0.4529370 0.6872180 1.0703373 0.4172160 0.6388142 0.4529370 0.4172160 0.4172160 0.5504769 0.4172160 0.3999739 0.3999739 1.3144041 1.2070784 0.4714565 0.4714565 
t10        0.6872180 0.0000000 1.4396946 1.3144041 0.7662384 1.1132061 1.2588231 0.5099265 0.6872180 0.9547243 0.5716050 0.5716050 0.5933457 0.5099265 0.5504769 0.5504769 1.2070784 1.5111773 0.9913169 0.9547243 
t13        1.3144041 1.4396946 0.0000000 0.7126442 1.2588231 1.5111773 2.0310377 1.1132061 1.2588231 1.1586745 1.1586745 1.3144041 1.1586745 1.1132061 1.0703373 1.1586745 1.8942965 2.0310377 1.1586745 1.1586745 
t5         0.8864954 1.3144041 0.7126442 0.0000000 0.9913169 0.9913169 1.5901977 0.7945437 0.9198342 0.7126442 0.9547243 0.8864954 0.8864954 0.7945437 0.6872180 0.6872180 1.5111773 1.3744361 0.7945437 0.7945437 
t20        0.4529370 0.7662384 1.2588231 0.9913169 0.0000000 0.4714565 1.1586745 0.6157354 0.7662384 0.5504769 0.5099265 0.5299277 0.5933457 0.4714565 0.4904449 0.5099265 1.3744361 1.1586745 0.5716050 0.5716050 
t3         0.6872180 1.1132061 1.5111773 0.9913169 0.4714565 0.0000000 1.5901977 0.7662384 0.7945437 0.7389627 0.7945437 0.7662384 0.9547243 0.7945437 0.7389627 0.6626257 1.6785349 1.5111773 0.7945437 0.7945437 
t15        1.0703373 1.2588231 2.0310377 1.5901977 1.1586745 1.5901977 0.0000000 1.0297869 1.0703373 1.1132061 1.2588231 1.5111773 1.2588231 1.0703373 1.1132061 0.8545757 0.3040988 0.2746833 1.0297869 1.0297869 
t11        0.4172160 0.5099265 1.1132061 0.7945437 0.6157354 0.7662384 1.0297869 0.0000000 0.3347153 0.5504769 0.3999739 0.3999739 0.2746833 0.1799630 0.2603971 0.2746833 1.1586745 1.1586745 0.5716050 0.5504769 
t7         0.6388142 0.6872180 1.2588231 0.9198342 0.7662384 0.7945437 1.0703373 0.3347153 0.0000000 0.6872180 0.5299277 0.5716050 0.3831192 0.3040988 0.3999739 0.4348639 1.1586745 1.1132061 0.6626257 0.6626257 
t18        0.4529370 0.9547243 1.1586745 0.7126442 0.5504769 0.7389627 1.1132061 0.5504769 0.6872180 0.0000000 0.5716050 0.5099265 0.6626257 0.4904449 0.4172160 0.4348639 1.3144041 1.2588231 0.1073256 0.0845966 
t6         0.4172160 0.5716050 1.1586745 0.9547243 0.5099265 0.7945437 1.2588231 0.3999739 0.5299277 0.5716050 0.0000000 0.1307650 0.4714565 0.3505054 0.3347153 0.3347153 1.2070784 1.2588231 0.5299277 0.5299277 
t16        0.4172160 0.5716050 1.3144041 0.8864954 0.5299277 0.7662384 1.5111773 0.3999739 0.5716050 0.5099265 0.1307650 0.0000000 0.4529370 0.3666350 0.3347153 0.3192509 1.3744361 1.5111773 0.5299277 0.5299277 
t9         0.5504769 0.5933457 1.1586745 0.8864954 0.5933457 0.9547243 1.2588231 0.2746833 0.3831192 0.6626257 0.4714565 0.4529370 0.0000000 0.1073256 0.2603971 0.2746833 1.1586745 1.0703373 0.6388142 0.6388142 
t1         0.4172160 0.5099265 1.1132061 0.7945437 0.4714565 0.7945437 1.0703373 0.1799630 0.3040988 0.4904449 0.3505054 0.3666350 0.1073256 0.0000000 0.2191023 0.2326162 1.1132061 1.0297869 0.4904449 0.4714565 
t12        0.3999739 0.5504769 1.0703373 0.6872180 0.4904449 0.7389627 1.1132061 0.2603971 0.3999739 0.4172160 0.3347153 0.3347153 0.2603971 0.2191023 0.0000000 0.0845966 1.0703373 1.1132061 0.4348639 0.4348639 
t4         0.3999739 0.5504769 1.1586745 0.6872180 0.5099265 0.6626257 0.8545757 0.2746833 0.4348639 0.4348639 0.3347153 0.3192509 0.2746833 0.2326162 0.0845966 0.0000000 0.8864954 0.8864954 0.4529370 0.4529370 
t17        1.3144041 1.2070784 1.8942965 1.5111773 1.3744361 1.6785349 0.3040988 1.1586745 1.1586745 1.3144041 1.2070784 1.3744361 1.1586745 1.1132061 1.0703373 0.8864954 0.0000000 0.2191023 1.2588231 1.2588231 
t14        1.2070784 1.5111773 2.0310377 1.3744361 1.1586745 1.5111773 0.2746833 1.1586745 1.1132061 1.2588231 1.2588231 1.5111773 1.0703373 1.0297869 1.1132061 0.8864954 0.2191023 0.0000000 1.2070784 1.2070784 
t2         0.4714565 0.9913169 1.1586745 0.7945437 0.5716050 0.7945437 1.0297869 0.5716050 0.6626257 0.1073256 0.5299277 0.5299277 0.6388142 0.4904449 0.4348639 0.4529370 1.2588231 1.2070784 0.0000000 0.0202715 
t8         0.4714565 0.9547243 1.1586745 0.7945437 0.5716050 0.7945437 1.0297869 0.5504769 0.6626257 0.0845966 0.5299277 0.5299277 0.6388142 0.4714565 0.4348639 0.4529370 1.2588231 1.2070784 0.0202715 0.0000000 
