20
t5         0.0000000 0.9913169 0.5504769 0.8239592 1.0703373 0.8864954 1.0297869 0.6388142 0.7126442 0.7389627 0.6626257 0.7126442 0.7389627 0.6626257 0.6157354 0.5299277 0.7945437 0.6388142 0.6872180 0.6388142 
t4         0.9913169 0.0000000 0.3505054 0.4714565 0.8545757 0.6626257 0.8864954 0.5504769 0.5099265 0.5299277 0.4714565 0.5299277 0.4904449 0.4172160 0.3999739 0.3831192 0.4714565 0.4904449 0.6157354 0.5299277 
t14        0.5504769 0.3505054 0.0000000 0.2463781 0.5299277 0.3666350 0.4714565 0.2603971 0.2463781 0.2892469 0.0958750 0.1549607 0.2463781 0.1073256 0.1307650 0.0958750 0.2326162 0.2058276 0.2603971 0.2058276 
t9         0.8239592 0.4714565 0.2463781 0.0000000 0.7126442 0.5299277 0.6626257 0.4172160 0.4529370 0.4714565 0.3666350 0.3999739 0.3999739 0.2892469 0.3347153 0.3040988 0.4714565 0.4172160 0.4529370 0.3831192 
t18        1.0703373 0.8545757 0.5299277 0.7126442 0.0000000 0.2892469 0.9198342 0.7126442 0.6626257 0.6872180 0.6388142 0.7126442 0.7662384 0.6157354 0.4348639 0.4714565 0.8239592 0.7389627 0.3505054 0.3192509 
t19        0.8864954 0.6626257 0.3666350 0.5299277 0.2892469 0.0000000 0.7945437 0.5099265 0.5099265 0.5504769 0.5299277 0.5504769 0.5099265 0.4348639 0.3666350 0.3666350 0.6388142 0.5933457 0.2603971 0.2058276 
t13        1.0297869 0.8864954 0.4714565 0.6626257 0.9198342 0.7945437 0.0000000 0.5933457 0.6388142 0.7389627 0.5933457 0.6626257 0.6157354 0.4904449 0.5504769 0.5099265 0.8545757 0.7389627 0.5504769 0.5299277 
t16        0.6388142 0.5504769 0.2603971 0.4172160 0.7126442 0.5099265 0.5933457 0.0000000 0.4714565 0.4714565 0.3831192 0.4529370 0.3999739 0.3040988 0.3192509 0.2326162 0.4172160 0.3505054 0.3666350 0.3505054 
t6         0.7126442 0.5099265 0.2463781 0.4529370 0.6626257 0.5099265 0.6388142 0.4714565 0.0000000 0.0958750 0.3192509 0.4172160 0.4172160 0.3040988 0.2463781 0.2326162 0.4714565 0.4529370 0.3831192 0.3347153 
t8         0.7389627 0.5299277 0.2892469 0.4714565 0.6872180 0.5504769 0.7389627 0.4714565 0.0958750 0.0000000 0.3505054 0.4529370 0.4904449 0.3831192 0.2746833 0.2463781 0.4529370 0.4714565 0.4529370 0.3831192 
t20        0.6626257 0.4714565 0.0958750 0.3666350 0.6388142 0.5299277 0.5933457 0.3831192 0.3192509 0.3505054 0.0000000 0.1189538 0.3831192 0.2191023 0.2191023 0.1927838 0.3192509 0.2892469 0.3831192 0.3192509 
t2         0.7126442 0.5299277 0.1549607 0.3999739 0.7126442 0.5504769 0.6626257 0.4529370 0.4172160 0.4529370 0.1189538 0.0000000 0.4529370 0.2892469 0.2746833 0.2603971 0.3831192 0.3505054 0.4348639 0.3666350 
t12        0.7389627 0.4904449 0.2463781 0.3999739 0.7662384 0.5099265 0.6157354 0.3999739 0.4172160 0.4904449 0.3831192 0.4529370 0.0000000 0.1799630 0.3347153 0.3040988 0.3999739 0.3347153 0.4529370 0.3999739 
t17        0.6626257 0.4172160 0.1073256 0.2892469 0.6157354 0.4348639 0.4904449 0.3040988 0.3040988 0.3831192 0.2191023 0.2892469 0.1799630 0.0000000 0.2058276 0.1673577 0.2463781 0.1799630 0.2892469 0.2463781 
t3         0.6157354 0.3999739 0.1307650 0.3347153 0.4348639 0.3666350 0.5504769 0.3192509 0.2463781 0.2746833 0.2191023 0.2746833 0.3347153 0.2058276 0.0000000 0.0958750 0.3505054 0.3192509 0.2326162 0.1799630 
t15        0.5299277 0.3831192 0.0958750 0.3040988 0.4714565 0.3666350 0.5099265 0.2326162 0.2326162 0.2463781 0.1927838 0.2603971 0.3040988 0.1673577 0.0958750 0.0000000 0.3040988 0.2603971 0.2326162 0.1799630 
t11        0.7945437 0.4714565 0.2326162 0.4714565 0.8239592 0.6388142 0.8545757 0.4172160 0.4714565 0.4529370 0.3192509 0.3831192 0.3999739 0.2463781 0.3505054 0.3040988 0.0000000 0.1189538 0.5504769 0.4714565 
t7         0.6388142 0.4904449 0.2058276 0.4172160 0.7389627 0.5933457 0.7389627 0.3505054 0.4529370 0.4714565 0.2892469 0.3505054 0.3347153 0.1799630 0.3192509 0.2603971 0.1189538 0.0000000 0.4904449 0.4172160 
t10        0.6872180 0.6157354 0.2603971 0.4529370 0.3505054 0.2603971 0.5504769 0.3666350 0.3831192 0.4529370 0.3831192 0.4348639 0.4529370 0.2892469 0.2326162 0.2326162 0.5504769 0.4904449 0.0000000 0.0411062 
t1         0.6388142 0.5299277 0.2058276 0.3831192 0.3192509 0.2058276 0.5299277 0.3505054 0.3347153 0.3831192 0.3192509 0.3666350 0.3999739 0.2463781 0.1799630 0.1799630 0.4714565 0.4172160 0.0411062 0.0000000 
