20
t10        0.0000000 0.7389627 0.7389627 0.7389627 1.1132061 1.2070784 1.3144041 1.8942965 1.6785349 1.3744361 1.2588231 1.1586745 1.2588231 1.1586745 1.0703373 1.0703373 0.9547243 1.0297869 1.5111773 1.5901977 
t4         0.7389627 0.0000000 0.6872180 0.7662384 0.9198342 1.0297869 1.0703373 1.6785349 1.1132061 1.0703373 1.5901977 1.3744361 1.1586745 1.2070784 1.1132061 0.9913169 1.0297869 1.1132061 1.1132061 1.1586745 
t7         0.7389627 0.6872180 0.0000000 0.4529370 1.4396946 1.1586745 0.8864954 1.2070784 1.1132061 0.9198342 1.0297869 0.7945437 1.0297869 0.9547243 0.9913169 0.9198342 0.9913169 1.0297869 0.8864954 0.9198342 
t5         0.7389627 0.7662384 0.4529370 0.0000000 1.5111773 1.2588231 1.0297869 1.3144041 1.1132061 0.9547243 1.1132061 0.8545757 0.8864954 0.8864954 0.8239592 0.8239592 0.9547243 1.0297869 0.9547243 0.9547243 
t6         1.1132061 0.9198342 1.4396946 1.5111773 0.0000000 1.1132061 1.2070784 1.7786835 1.2588231 1.3144041 1.5901977 1.8942965 2.7182557 2.1983953 1.2588231 1.3144041 1.1132061 1.2070784 1.3144041 1.3144041 
t20        1.2070784 1.0297869 1.1586745 1.2588231 1.1132061 0.0000000 2.7182557 9.0000000 1.3144041 1.0297869 2.1983953 1.5901977 1.6785349 1.5901977 2.1983953 1.7786835 1.5111773 1.5111773 1.0703373 1.1586745 
t16        1.3144041 1.0703373 0.8864954 1.0297869 1.2070784 2.7182557 0.0000000 0.6872180 1.6785349 1.5111773 1.4396946 1.4396946 1.6785349 1.5901977 1.3144041 1.3144041 1.1586745 1.2588231 1.5111773 1.5901977 
t9         1.8942965 1.6785349 1.2070784 1.3144041 1.7786835 9.0000000 0.6872180 0.0000000 1.7786835 1.6785349 2.4141569 2.0310377 2.0310377 2.0310377 2.7182557 2.1983953 1.7786835 2.0310377 1.7786835 1.8942965 
t8         1.6785349 1.1132061 1.1132061 1.1132061 1.2588231 1.3144041 1.6785349 1.7786835 0.0000000 0.5716050 1.6785349 1.7786835 2.0310377 1.6785349 1.5901977 1.5111773 1.7786835 1.6785349 0.6626257 0.6872180 
t17        1.3744361 1.0703373 0.9198342 0.9547243 1.3144041 1.0297869 1.5111773 1.6785349 0.5716050 0.0000000 1.2588231 1.5901977 1.5111773 1.3744361 1.2070784 1.1586745 1.0703373 1.1586745 0.2746833 0.3192509 
t1         1.2588231 1.5901977 1.0297869 1.1132061 1.5901977 2.1983953 1.4396946 2.4141569 1.6785349 1.2588231 0.0000000 1.1132061 0.7662384 0.7945437 0.4904449 0.5299277 0.2892469 0.3040988 1.3144041 1.3144041 
t3         1.1586745 1.3744361 0.7945437 0.8545757 1.8942965 1.5901977 1.4396946 2.0310377 1.7786835 1.5901977 1.1132061 0.0000000 0.3040988 0.2603971 1.0703373 1.1586745 1.0703373 1.0297869 1.3744361 1.5901977 
t18        1.2588231 1.1586745 1.0297869 0.8864954 2.7182557 1.6785349 1.6785349 2.0310377 2.0310377 1.5111773 0.7662384 0.3040988 0.0000000 0.0845966 0.7389627 0.7945437 0.7126442 0.6872180 1.1132061 1.2588231 
t11        1.1586745 1.2070784 0.9547243 0.8864954 2.1983953 1.5901977 1.5901977 2.0310377 1.6785349 1.3744361 0.7945437 0.2603971 0.0845966 0.0000000 0.6872180 0.7389627 0.6872180 0.6626257 1.1586745 1.3144041 
t12        1.0703373 1.1132061 0.9913169 0.8239592 1.2588231 2.1983953 1.3144041 2.7182557 1.5901977 1.2070784 0.4904449 1.0703373 0.7389627 0.6872180 0.0000000 0.1189538 0.3831192 0.3831192 1.1586745 1.1586745 
t13        1.0703373 0.9913169 0.9198342 0.8239592 1.3144041 1.7786835 1.3144041 2.1983953 1.5111773 1.1586745 0.5299277 1.1586745 0.7945437 0.7389627 0.1189538 0.0000000 0.4529370 0.4529370 1.3144041 1.3744361 
t15        0.9547243 1.0297869 0.9913169 0.9547243 1.1132061 1.5111773 1.1586745 1.7786835 1.7786835 1.0703373 0.2892469 1.0703373 0.7126442 0.6872180 0.3831192 0.4529370 0.0000000 0.0202715 1.2588231 1.2588231 
t2         1.0297869 1.1132061 1.0297869 1.0297869 1.2070784 1.5111773 1.2588231 2.0310377 1.6785349 1.1586745 0.3040988 1.0297869 0.6872180 0.6626257 0.3831192 0.4529370 0.0202715 0.0000000 1.3744361 1.3744361 
t14        1.5111773 1.1132061 0.8864954 0.9547243 1.3144041 1.0703373 1.5111773 1.7786835 0.6626257 0.2746833 1.3144041 1.3744361 1.1132061 1.1586745 1.1586745 1.3144041 1.2588231 1.3744361 0.0000000 0.0411062 
t19        1.5901977 1.1586745 0.9198342 0.9547243 1.3144041 1.1586745 1.5901977 1.8942965 0.6872180 0.3192509 1.3144041 1.5901977 1.2588231 1.3144041 1.1586745 1.3744361 1.2588231 1.3744361 0.0411062 0.0000000 
