20
t4         0.0000000 2.0310377 1.5901977 9.0000000 2.1983953 1.5901977 1.5111773 1.6785349 1.2588231 1.7786835 9.0000000 2.4141569 2.1983953 2.7182557 1.3744361 1.4396946 2.1983953 2.1983953 9.0000000 9.0000000 
t17        2.0310377 0.0000000 1.5901977 1.5111773 1.5111773 0.8239592 1.1132061 1.4396946 1.2588231 1.3144041 1.2070784 2.0310377 1.5111773 1.2588231 0.9913169 0.8864954 2.4141569 2.7182557 1.5901977 1.5901977 
t14        1.5901977 1.5901977 0.0000000 0.8545757 1.6785349 1.0297869 1.5901977 1.5111773 1.1132061 1.5111773 1.3144041 2.7182557 2.7182557 2.0310377 1.8942965 1.5901977 2.1983953 2.4141569 2.4141569 2.4141569 
t3         9.0000000 1.5111773 0.8545757 0.0000000 2.1983953 1.3744361 1.7786835 1.2588231 2.0310377 1.8942965 1.8942965 2.7182557 3.2381161 2.0310377 1.5111773 1.4396946 1.6785349 1.7786835 3.2381161 3.2381161 
t1         2.1983953 1.5111773 1.6785349 2.1983953 0.0000000 0.9198342 0.7126442 0.7662384 1.5111773 2.0310377 2.4141569 1.5111773 1.5111773 2.7182557 1.3144041 1.0703373 1.5901977 1.5111773 1.6785349 1.6785349 
t9         1.5901977 0.8239592 1.0297869 1.3744361 0.9198342 0.0000000 0.7662384 1.0703373 0.3192509 0.4529370 0.9547243 1.3744361 1.2070784 0.8864954 1.2070784 1.0297869 1.5111773 1.5901977 1.1586745 1.1586745 
t6         1.5111773 1.1132061 1.5901977 1.7786835 0.7126442 0.7662384 0.0000000 0.7945437 1.0703373 1.3744361 3.2381161 1.5901977 1.5901977 2.4141569 1.3744361 1.0703373 1.2588231 1.2588231 2.0310377 2.0310377 
t19        1.6785349 1.4396946 1.5111773 1.2588231 0.7662384 1.0703373 0.7945437 0.0000000 1.8942965 3.2381161 1.6785349 1.8942965 2.4141569 2.4141569 1.5901977 1.2588231 1.6785349 1.5901977 2.4141569 2.4141569 
t10        1.2588231 1.2588231 1.1132061 2.0310377 1.5111773 0.3192509 1.0703373 1.8942965 0.0000000 0.2463781 1.0703373 1.8942965 1.5901977 1.1586745 1.6785349 1.3744361 2.0310377 2.1983953 1.2588231 1.2588231 
t20        1.7786835 1.3144041 1.5111773 1.8942965 2.0310377 0.4529370 1.3744361 3.2381161 0.2463781 0.0000000 1.3744361 2.0310377 1.5111773 1.1586745 1.6785349 1.7786835 2.1983953 2.4141569 1.5111773 1.5111773 
t5         9.0000000 1.2070784 1.3144041 1.8942965 2.4141569 0.9547243 3.2381161 1.6785349 1.0703373 1.3744361 0.0000000 9.0000000 9.0000000 0.3192509 2.1983953 2.7182557 9.0000000 9.0000000 0.4529370 0.4529370 
t7         2.4141569 2.0310377 2.7182557 2.7182557 1.5111773 1.3744361 1.5901977 1.8942965 1.8942965 2.0310377 9.0000000 0.0000000 0.1549607 9.0000000 2.7182557 2.7182557 2.4141569 2.7182557 9.0000000 9.0000000 
t16        2.1983953 1.5111773 2.7182557 3.2381161 1.5111773 1.2070784 1.5901977 2.4141569 1.5901977 1.5111773 9.0000000 0.1549607 0.0000000 9.0000000 1.7786835 1.8942965 2.4141569 2.7182557 3.2381161 3.2381161 
t13        2.7182557 1.2588231 2.0310377 2.0310377 2.7182557 0.8864954 2.4141569 2.4141569 1.1586745 1.1586745 0.3192509 9.0000000 9.0000000 0.0000000 1.8942965 1.8942965 9.0000000 9.0000000 0.4714565 0.4714565 
t18        1.3744361 0.9913169 1.8942965 1.5111773 1.3144041 1.2070784 1.3744361 1.5901977 1.6785349 1.6785349 2.1983953 2.7182557 1.7786835 1.8942965 0.0000000 0.1307650 1.5901977 1.5901977 1.3744361 1.3744361 
t11        1.4396946 0.8864954 1.5901977 1.4396946 1.0703373 1.0297869 1.0703373 1.2588231 1.3744361 1.7786835 2.7182557 2.7182557 1.8942965 1.8942965 0.1307650 0.0000000 1.5901977 1.5901977 1.3744361 1.3744361 
t12        2.1983953 2.4141569 2.1983953 1.6785349 1.5901977 1.5111773 1.2588231 1.6785349 2.0310377 2.1983953 9.0000000 2.4141569 2.4141569 9.0000000 1.5901977 1.5901977 0.0000000 0.0100673 1.7786835 1.7786835 
t8         2.1983953 2.7182557 2.4141569 1.7786835 1.5111773 1.5901977 1.2588231 1.5901977 2.1983953 2.4141569 9.0000000 2.7182557 2.7182557 9.0000000 1.5901977 1.5901977 0.0100673 0.0000000 1.6785349 1.6785349 
t2         9.0000000 1.5901977 2.4141569 3.2381161 1.6785349 1.1586745 2.0310377 2.4141569 1.2588231 1.5111773 0.4529370 9.0000000 3.2381161 0.4714565 1.3744361 1.3744361 1.7786835 1.6785349 0.0000000 0.0000010 
t15        9.0000000 1.5901977 2.4141569 3.2381161 1.6785349 1.1586745 2.0310377 2.4141569 1.2588231 1.5111773 0.4529370 9.0000000 3.2381161 0.4714565 1.3744361 1.3744361 1.7786835 1.6785349 0.0000010 0.0000000 
