20
t3         0.0000000 1.1586745 0.6872180 0.7126442 0.8864954 0.6872180 0.7389627 0.7662384 0.8545757 0.8864954 0.8545757 0.6872180 0.6872180 0.5504769 0.9547243 0.8239592 0.9547243 0.8864954 0.7389627 0.6872180 
t6         1.1586745 0.0000000 0.9547243 0.6157354 0.9547243 1.2588231 0.9913169 1.0297869 0.8864954 0.9198342 0.9913169 0.9547243 0.9913169 0.9547243 0.7945437 0.7662384 1.0703373 1.0703373 0.9913169 1.0297869 
t17        0.6872180 0.9547243 0.0000000 0.4714565 0.8864954 0.6157354 0.6872180 0.8545757 0.8239592 0.9913169 0.8239592 0.6872180 0.7126442 0.4904449 0.6872180 0.6626257 0.7662384 0.7126442 0.5716050 0.6157354 
t8         0.7126442 0.6157354 0.4714565 0.0000000 0.9198342 0.6872180 0.5933457 0.5504769 0.6157354 0.5933457 0.8545757 0.5504769 0.5504769 0.4714565 0.6157354 0.6872180 0.5933457 0.6157354 0.5299277 0.5504769 
t12        0.8864954 0.9547243 0.8864954 0.9198342 0.0000000 0.7126442 0.7126442 0.7662384 0.7945437 0.8239592 0.7389627 0.6157354 0.5933457 0.5933457 0.6388142 0.5099265 0.6872180 0.6626257 0.5504769 0.5099265 
t7         0.6872180 1.2588231 0.6157354 0.6872180 0.7126442 0.0000000 0.3831192 0.6157354 0.6872180 0.6388142 0.6626257 0.3999739 0.5933457 0.4714565 0.6872180 0.6157354 0.4904449 0.4529370 0.3666350 0.3040988 
t2         0.7389627 0.9913169 0.6872180 0.5933457 0.7126442 0.3831192 0.0000000 0.5504769 0.6626257 0.6626257 0.5933457 0.5099265 0.5504769 0.4529370 0.6157354 0.5716050 0.4714565 0.4529370 0.4529370 0.3666350 
t15        0.7662384 1.0297869 0.8545757 0.5504769 0.7662384 0.6157354 0.5504769 0.0000000 0.4714565 0.4714565 0.8864954 0.6157354 0.5933457 0.5504769 0.7662384 0.7662384 0.5716050 0.5933457 0.5933457 0.5716050 
t18        0.8545757 0.8864954 0.8239592 0.6157354 0.7945437 0.6872180 0.6626257 0.4714565 0.0000000 0.1799630 0.7662384 0.5099265 0.6626257 0.6626257 0.7945437 0.7126442 0.8545757 0.7945437 0.5716050 0.5933457 
t20        0.8864954 0.9198342 0.9913169 0.5933457 0.8239592 0.6388142 0.6626257 0.4714565 0.1799630 0.0000000 0.8545757 0.4904449 0.5933457 0.6388142 0.8239592 0.6872180 0.6626257 0.6626257 0.5504769 0.5504769 
t9         0.8545757 0.9913169 0.8239592 0.8545757 0.7389627 0.6626257 0.5933457 0.8864954 0.7662384 0.8545757 0.0000000 0.6157354 0.6626257 0.5933457 0.3666350 0.3347153 0.7126442 0.7126442 0.5933457 0.5504769 
t1         0.6872180 0.9547243 0.6872180 0.5504769 0.6157354 0.3999739 0.5099265 0.6157354 0.5099265 0.4904449 0.6157354 0.0000000 0.4714565 0.4348639 0.5933457 0.5299277 0.4172160 0.4172160 0.2058276 0.1927838 
t14        0.6872180 0.9913169 0.7126442 0.5504769 0.5933457 0.5933457 0.5504769 0.5933457 0.6626257 0.5933457 0.6626257 0.4714565 0.0000000 0.2191023 0.5299277 0.4714565 0.5504769 0.5716050 0.4904449 0.4904449 
t13        0.5504769 0.9547243 0.4904449 0.4714565 0.5933457 0.4714565 0.4529370 0.5504769 0.6626257 0.6388142 0.5933457 0.4348639 0.2191023 0.0000000 0.5299277 0.4348639 0.5299277 0.5504769 0.4348639 0.4348639 
t4         0.9547243 0.7945437 0.6872180 0.6157354 0.6388142 0.6872180 0.6157354 0.7662384 0.7945437 0.8239592 0.3666350 0.5933457 0.5299277 0.5299277 0.0000000 0.2463781 0.5504769 0.6157354 0.4529370 0.4529370 
t5         0.8239592 0.7662384 0.6626257 0.6872180 0.5099265 0.6157354 0.5716050 0.7662384 0.7126442 0.6872180 0.3347153 0.5299277 0.4714565 0.4348639 0.2463781 0.0000000 0.5099265 0.5099265 0.4904449 0.3999739 
t11        0.9547243 1.0703373 0.7662384 0.5933457 0.6872180 0.4904449 0.4714565 0.5716050 0.8545757 0.6626257 0.7126442 0.4172160 0.5504769 0.5299277 0.5504769 0.5099265 0.0000000 0.0734853 0.3666350 0.3192509 
t19        0.8864954 1.0703373 0.7126442 0.6157354 0.6626257 0.4529370 0.4529370 0.5933457 0.7945437 0.6626257 0.7126442 0.4172160 0.5716050 0.5504769 0.6157354 0.5099265 0.0734853 0.0000000 0.3666350 0.3192509 
t10        0.7389627 0.9913169 0.5716050 0.5299277 0.5504769 0.3666350 0.4529370 0.5933457 0.5716050 0.5504769 0.5933457 0.2058276 0.4904449 0.4348639 0.4529370 0.4904449 0.3666350 0.3666350 0.0000000 0.0958750 
t16        0.6872180 1.0297869 0.6157354 0.5504769 0.5099265 0.3040988 0.3666350 0.5716050 0.5933457 0.5504769 0.5504769 0.1927838 0.4904449 0.4348639 0.4529370 0.3999739 0.3192509 0.3192509 0.0958750 0.0000000 
