20
t18        0.0000000 0.5299277 0.3505054 0.2603971 1.2070784 0.6872180 0.3831192 0.3831192 0.3040988 0.2892469 0.4348639 0.3999739 0.3040988 0.3040988 0.5504769 0.5299277 0.5504769 0.5299277 0.3505054 0.3192509 
t12        0.5299277 0.0000000 0.6872180 0.5099265 1.7786835 1.1586745 0.6872180 0.6388142 0.6626257 0.6388142 0.7389627 0.7126442 0.5099265 0.6626257 0.7126442 0.6388142 0.7945437 0.7945437 0.5933457 0.5716050 
t17        0.3505054 0.6872180 0.0000000 0.4529370 1.6785349 0.8545757 0.5099265 0.5299277 0.5504769 0.5299277 0.6388142 0.7389627 0.4904449 0.5504769 0.7389627 0.7662384 0.7389627 0.7126442 0.4904449 0.4529370 
t19        0.2603971 0.5099265 0.4529370 0.0000000 1.0703373 0.7662384 0.4529370 0.4529370 0.3040988 0.2746833 0.3831192 0.4529370 0.3666350 0.4172160 0.4714565 0.4714565 0.5504769 0.5299277 0.3505054 0.3192509 
t14        1.2070784 1.7786835 1.6785349 1.0703373 0.0000000 1.7786835 1.4396946 1.3744361 1.7786835 1.6785349 1.6785349 1.2070784 1.5901977 1.4396946 1.5901977 1.7786835 1.5111773 1.5111773 1.0297869 1.0703373 
t20        0.6872180 1.1586745 0.8545757 0.7662384 1.7786835 0.0000000 0.9547243 0.8545757 0.6388142 0.6388142 0.7389627 0.9198342 1.0297869 0.7662384 1.1132061 1.0703373 1.1132061 1.1132061 0.8545757 0.8239592 
t8         0.3831192 0.6872180 0.5099265 0.4529370 1.4396946 0.9547243 0.0000000 0.4714565 0.5299277 0.4904449 0.5933457 0.5299277 0.4348639 0.4904449 0.6157354 0.5933457 0.6157354 0.5933457 0.4714565 0.3999739 
t11        0.3831192 0.6388142 0.5299277 0.4529370 1.3744361 0.8545757 0.4714565 0.0000000 0.4904449 0.4172160 0.5299277 0.4529370 0.4348639 0.4714565 0.4904449 0.5099265 0.4714565 0.4529370 0.5299277 0.4529370 
t7         0.3040988 0.6626257 0.5504769 0.3040988 1.7786835 0.6388142 0.5299277 0.4904449 0.0000000 0.1307650 0.2603971 0.5504769 0.4714565 0.5299277 0.5933457 0.5504769 0.6157354 0.5933457 0.4904449 0.4529370 
t1         0.2892469 0.6388142 0.5299277 0.2746833 1.6785349 0.6388142 0.4904449 0.4172160 0.1307650 0.0000000 0.1799630 0.5099265 0.4348639 0.4714565 0.5933457 0.5716050 0.5716050 0.5504769 0.4714565 0.4172160 
t3         0.4348639 0.7389627 0.6388142 0.3831192 1.6785349 0.7389627 0.5933457 0.5299277 0.2603971 0.1799630 0.0000000 0.6872180 0.6157354 0.5099265 0.7389627 0.7126442 0.6626257 0.6388142 0.5504769 0.4904449 
t15        0.3999739 0.7126442 0.7389627 0.4529370 1.2070784 0.9198342 0.5299277 0.4529370 0.5504769 0.5099265 0.6872180 0.0000000 0.4348639 0.3831192 0.6626257 0.6872180 0.5099265 0.4904449 0.4904449 0.4529370 
t5         0.3040988 0.5099265 0.4904449 0.3666350 1.5901977 1.0297869 0.4348639 0.4348639 0.4714565 0.4348639 0.6157354 0.4348639 0.0000000 0.3831192 0.2892469 0.2892469 0.5299277 0.5099265 0.3831192 0.3505054 
t16        0.3040988 0.6626257 0.5504769 0.4172160 1.4396946 0.7662384 0.4904449 0.4714565 0.5299277 0.4714565 0.5099265 0.3831192 0.3831192 0.0000000 0.5933457 0.5933457 0.4904449 0.4714565 0.2058276 0.1549607 
t10        0.5504769 0.7126442 0.7389627 0.4714565 1.5901977 1.1132061 0.6157354 0.4904449 0.5933457 0.5933457 0.7389627 0.6626257 0.2892469 0.5933457 0.0000000 0.0306165 0.6872180 0.6626257 0.5504769 0.5299277 
t4         0.5299277 0.6388142 0.7662384 0.4714565 1.7786835 1.0703373 0.5933457 0.5099265 0.5504769 0.5716050 0.7126442 0.6872180 0.2892469 0.5933457 0.0306165 0.0000000 0.7126442 0.6872180 0.5299277 0.5099265 
t2         0.5504769 0.7945437 0.7389627 0.5504769 1.5111773 1.1132061 0.6157354 0.4714565 0.6157354 0.5716050 0.6626257 0.5099265 0.5299277 0.4904449 0.6872180 0.7126442 0.0000000 0.0100673 0.5716050 0.5099265 
t6         0.5299277 0.7945437 0.7126442 0.5299277 1.5111773 1.1132061 0.5933457 0.4529370 0.5933457 0.5504769 0.6388142 0.4904449 0.5099265 0.4714565 0.6626257 0.6872180 0.0100673 0.0000000 0.5504769 0.4904449 
t13        0.3505054 0.5933457 0.4904449 0.3505054 1.0297869 0.8545757 0.4714565 0.5299277 0.4904449 0.4714565 0.5504769 0.4904449 0.3831192 0.2058276 0.5504769 0.5299277 0.5716050 0.5504769 0.0000000 0.0411062 
t9         0.3192509 0.5716050 0.4529370 0.3192509 1.0703373 0.8239592 0.3999739 0.4529370 0.4529370 0.4172160 0.4904449 0.4529370 0.3505054 0.1549607 0.5299277 0.5099265 0.5099265 0.4904449 0.0411062 0.0000000 
