20
t13        0.0000000 1.4396946 1.4396946 0.9198342 0.6388142 1.2588231 1.3744361 0.6388142 0.6872180 1.1132061 1.0703373 1.1586745 1.0297869 0.8239592 0.7389627 1.0297869 1.2070784 1.2070784 0.9913169 0.9913169 
t16        1.4396946 0.0000000 1.1132061 1.3744361 1.8942965 0.7389627 0.7126442 2.7182557 1.8942965 1.7786835 1.2070784 1.1132061 1.0297869 1.0703373 1.1586745 1.4396946 2.0310377 3.2381161 1.5111773 1.5111773 
t12        1.4396946 1.1132061 0.0000000 1.0297869 1.6785349 0.8239592 0.7126442 1.6785349 1.6785349 1.1586745 1.3744361 1.5901977 1.3144041 0.9913169 0.9913169 1.5111773 1.3144041 1.5111773 1.4396946 1.4396946 
t6         0.9198342 1.3744361 1.0297869 0.0000000 0.8239592 1.5111773 0.9913169 0.7945437 0.7389627 0.3831192 1.1132061 1.1132061 1.0703373 0.3831192 0.3347153 0.6872180 0.7662384 0.7126442 0.6872180 0.6872180 
t3         0.6388142 1.8942965 1.6785349 0.8239592 0.0000000 1.5111773 1.3144041 0.3347153 0.3505054 1.0703373 1.0297869 1.0703373 1.2070784 0.9547243 0.8864954 1.2070784 1.2588231 1.3744361 1.1586745 1.1586745 
t14        1.2588231 0.7389627 0.8239592 1.5111773 1.5111773 0.0000000 0.4172160 1.6785349 1.4396946 1.5901977 0.9913169 1.0297869 1.0297869 0.9913169 1.0297869 2.0310377 1.6785349 1.4396946 1.8942965 1.8942965 
t2         1.3744361 0.7126442 0.7126442 0.9913169 1.3144041 0.4172160 0.0000000 1.6785349 1.2588231 1.1586745 1.0703373 1.0297869 0.9547243 0.8239592 0.8239592 1.5901977 1.3144041 1.2070784 1.5111773 1.5111773 
t4         0.6388142 2.7182557 1.6785349 0.7945437 0.3347153 1.6785349 1.6785349 0.0000000 0.2892469 1.0297869 1.2588231 1.3144041 1.5111773 0.8864954 0.9547243 1.1132061 1.2588231 1.2070784 1.0703373 1.0703373 
t15        0.6872180 1.8942965 1.6785349 0.7389627 0.3505054 1.4396946 1.2588231 0.2892469 0.0000000 1.1132061 1.1586745 1.2588231 1.2070784 0.8864954 0.9547243 1.2070784 1.5901977 1.3744361 1.1586745 1.1586745 
t1         1.1132061 1.7786835 1.1586745 0.3831192 1.0703373 1.5901977 1.1586745 1.0297869 1.1132061 0.0000000 1.0703373 1.1586745 0.9913169 0.2892469 0.2746833 0.9547243 0.8864954 0.8864954 0.9198342 0.9198342 
t20        1.0703373 1.2070784 1.3744361 1.1132061 1.0297869 0.9913169 1.0703373 1.2588231 1.1586745 1.0703373 0.0000000 0.1927838 0.1799630 0.8545757 0.9198342 1.2588231 1.7786835 1.8942965 1.2588231 1.2588231 
t7         1.1586745 1.1132061 1.5901977 1.1132061 1.0703373 1.0297869 1.0297869 1.3144041 1.2588231 1.1586745 0.1927838 0.0000000 0.2058276 0.9547243 0.9198342 1.3144041 1.3144041 1.3744361 1.3144041 1.3144041 
t18        1.0297869 1.0297869 1.3144041 1.0703373 1.2070784 1.0297869 0.9547243 1.5111773 1.2070784 0.9913169 0.1799630 0.2058276 0.0000000 0.8239592 0.8864954 1.3144041 1.5111773 1.5111773 1.3744361 1.3744361 
t8         0.8239592 1.0703373 0.9913169 0.3831192 0.9547243 0.9913169 0.8239592 0.8864954 0.8864954 0.2892469 0.8545757 0.9547243 0.8239592 0.0000000 0.0845966 0.9913169 0.9913169 0.8864954 0.9547243 0.9547243 
t5         0.7389627 1.1586745 0.9913169 0.3347153 0.8864954 1.0297869 0.8239592 0.9547243 0.9547243 0.2746833 0.9198342 0.9198342 0.8864954 0.0845966 0.0000000 0.9913169 0.8545757 0.8545757 0.9547243 0.9547243 
t17        1.0297869 1.4396946 1.5111773 0.6872180 1.2070784 2.0310377 1.5901977 1.1132061 1.2070784 0.9547243 1.2588231 1.3144041 1.3144041 0.9913169 0.9913169 0.0000000 0.6388142 0.6626257 0.0100673 0.0100673 
t11        1.2070784 2.0310377 1.3144041 0.7662384 1.2588231 1.6785349 1.3144041 1.2588231 1.5901977 0.8864954 1.7786835 1.3144041 1.5111773 0.9913169 0.8545757 0.6388142 0.0000000 0.1673577 0.6388142 0.6388142 
t19        1.2070784 3.2381161 1.5111773 0.7126442 1.3744361 1.4396946 1.2070784 1.2070784 1.3744361 0.8864954 1.8942965 1.3744361 1.5111773 0.8864954 0.8545757 0.6626257 0.1673577 0.0000000 0.6626257 0.6626257 
t9         0.9913169 1.5111773 1.4396946 0.6872180 1.1586745 1.8942965 1.5111773 1.0703373 1.1586745 0.9198342 1.2588231 1.3144041 1.3744361 0.9547243 0.9547243 0.0100673 0.6388142 0.6626257 0.0000000 0.0000010 
t10        0.9913169 1.5111773 1.4396946 0.6872180 1.1586745 1.8942965 1.5111773 1.0703373 1.1586745 0.9198342 1.2588231 1.3144041 1.3744361 0.9547243 0.9547243 0.0100673 0.6388142 0.6626257 0.0000010 0.0000000 
