20
t9         0.0000000 1.3744361 0.8239592 0.8239592 1.2588231 1.0297869 1.3144041 1.1586745 1.0297869 1.3744361 0.9913169 0.8864954 0.9547243 0.9198342 1.2070784 0.9547243 0.9547243 1.0297869 1.4396946 1.5901977 
t7         1.3744361 0.0000000 1.2588231 1.0297869 1.5901977 1.5901977 2.1983953 1.7786835 1.4396946 1.6785349 1.1132061 1.2588231 1.2588231 1.5111773 1.5111773 1.5901977 1.2070784 1.4396946 2.1983953 2.0310377 
t15        0.8239592 1.2588231 0.0000000 0.6388142 0.7662384 1.0703373 1.1132061 1.0703373 1.1586745 1.0703373 0.7126442 0.6872180 1.0297869 0.9913169 1.5111773 0.8239592 0.9547243 0.9547243 1.2070784 1.2070784 
t8         0.8239592 1.0297869 0.6388142 0.0000000 1.0703373 0.8545757 1.1586745 0.9913169 0.7389627 1.0703373 0.6626257 0.5933457 0.8864954 0.7945437 1.0703373 1.0297869 0.7945437 0.9198342 1.1132061 1.1586745 
t3         1.2588231 1.5901977 0.7662384 1.0703373 0.0000000 1.1586745 1.2070784 1.1132061 1.0703373 1.5111773 0.6157354 0.6388142 0.9198342 0.9198342 1.6785349 0.9913169 0.9198342 0.7945437 1.0297869 1.2588231 
t4         1.0297869 1.5901977 1.0703373 0.8545757 1.1586745 0.0000000 1.1586745 1.1132061 0.9913169 1.0297869 1.1132061 1.0703373 1.4396946 0.9198342 1.4396946 1.0297869 0.8545757 0.9913169 0.9913169 0.8864954 
t12        1.3144041 2.1983953 1.1132061 1.1586745 1.2070784 1.1586745 0.0000000 1.2070784 1.3144041 1.2588231 1.1586745 1.0703373 1.5111773 0.9547243 1.3144041 0.4714565 0.4172160 0.5099265 0.6626257 0.5933457 
t13        1.1586745 1.7786835 1.0703373 0.9913169 1.1132061 1.1132061 1.2070784 0.0000000 0.3666350 0.7389627 1.0297869 1.1132061 1.0703373 0.4348639 0.5933457 1.4396946 1.5111773 1.3744361 1.2588231 1.2588231 
t19        1.0297869 1.4396946 1.1586745 0.7389627 1.0703373 0.9913169 1.3144041 0.3666350 0.0000000 0.5099265 0.8239592 0.9913169 0.9198342 0.3347153 0.5933457 1.4396946 1.3144041 1.3744361 1.2588231 1.1586745 
t17        1.3744361 1.6785349 1.0703373 1.0703373 1.5111773 1.0297869 1.2588231 0.7389627 0.5099265 0.0000000 1.0703373 1.1586745 1.3744361 0.6626257 0.9547243 1.2588231 1.2070784 1.2588231 1.5901977 1.4396946 
t10        0.9913169 1.1132061 0.7126442 0.6626257 0.6157354 1.1132061 1.1586745 1.0297869 0.8239592 1.0703373 0.0000000 0.2892469 0.6388142 0.7945437 1.0703373 1.2070784 1.1132061 1.0297869 1.2588231 1.3144041 
t18        0.8864954 1.2588231 0.6872180 0.5933457 0.6388142 1.0703373 1.0703373 1.1132061 0.9913169 1.1586745 0.2892469 0.0000000 0.6157354 0.8864954 1.0703373 0.8864954 0.8239592 0.8864954 1.0297869 1.2070784 
t1         0.9547243 1.2588231 1.0297869 0.8864954 0.9198342 1.4396946 1.5111773 1.0703373 0.9198342 1.3744361 0.6388142 0.6157354 0.0000000 0.9547243 0.9913169 1.4396946 1.3144041 1.5111773 1.2070784 1.3144041 
t20        0.9198342 1.5111773 0.9913169 0.7945437 0.9198342 0.9198342 0.9547243 0.4348639 0.3347153 0.6626257 0.7945437 0.8864954 0.9547243 0.0000000 0.3347153 1.1132061 1.0703373 1.1132061 0.9913169 0.9913169 
t11        1.2070784 1.5111773 1.5111773 1.0703373 1.6785349 1.4396946 1.3144041 0.5933457 0.5933457 0.9547243 1.0703373 1.0703373 0.9913169 0.3347153 0.0000000 1.4396946 1.3744361 1.6785349 1.1586745 1.0703373 
t5         0.9547243 1.5901977 0.8239592 1.0297869 0.9913169 1.0297869 0.4714565 1.4396946 1.4396946 1.2588231 1.2070784 0.8864954 1.4396946 1.1132061 1.4396946 0.0000000 0.1927838 0.2326162 0.5504769 0.5299277 
t16        0.9547243 1.2070784 0.9547243 0.7945437 0.9198342 0.8545757 0.4172160 1.5111773 1.3144041 1.2070784 1.1132061 0.8239592 1.3144041 1.0703373 1.3744361 0.1927838 0.0000000 0.1307650 0.4172160 0.3999739 
t6         1.0297869 1.4396946 0.9547243 0.9198342 0.7945437 0.9913169 0.5099265 1.3744361 1.3744361 1.2588231 1.0297869 0.8864954 1.5111773 1.1132061 1.6785349 0.2326162 0.1307650 0.0000000 0.5099265 0.5299277 
t2         1.4396946 2.1983953 1.2070784 1.1132061 1.0297869 0.9913169 0.6626257 1.2588231 1.2588231 1.5901977 1.2588231 1.0297869 1.2070784 0.9913169 1.1586745 0.5504769 0.4172160 0.5099265 0.0000000 0.1073256 
t14        1.5901977 2.0310377 1.2070784 1.1586745 1.2588231 0.8864954 0.5933457 1.2588231 1.1586745 1.4396946 1.3144041 1.2070784 1.3144041 0.9913169 1.0703373 0.5299277 0.3999739 0.5299277 0.1073256 0.0000000 
