20
t3         0.0000000 0.5299277 0.5716050 0.8545757 0.8545757 0.9198342 0.8239592 0.8239592 0.9198342 0.6626257 0.8545757 0.8864954 0.8545757 0.8239592 0.7389627 0.8239592 0.7945437 0.7389627 0.8239592 0.8239592 
t12        0.5299277 0.0000000 0.5099265 0.7662384 0.6626257 0.9198342 0.7389627 0.6157354 0.7662384 0.6872180 0.6872180 0.7662384 0.5933457 0.6157354 0.5099265 0.5504769 0.6388142 0.5504769 0.7662384 0.7389627 
t18        0.5716050 0.5099265 0.0000000 0.7662384 0.8864954 0.8545757 0.8545757 0.7945437 0.9913169 0.6626257 0.8239592 0.8545757 0.8864954 0.8864954 0.7662384 0.7945437 0.9547243 0.8545757 0.8239592 0.8239592 
t13        0.8545757 0.7662384 0.7662384 0.0000000 0.3347153 0.5099265 0.6872180 0.7126442 0.8545757 0.8864954 0.8864954 0.9547243 0.7945437 0.8239592 0.6157354 0.6872180 0.8239592 0.8239592 0.8864954 0.8864954 
t6         0.8545757 0.6626257 0.8864954 0.3347153 0.0000000 0.5299277 0.7389627 0.7389627 0.7389627 0.9198342 0.8864954 0.9913169 0.6388142 0.6626257 0.7126442 0.7945437 0.6872180 0.6872180 0.9198342 0.8864954 
t4         0.9198342 0.9198342 0.8545757 0.5099265 0.5299277 0.0000000 0.9198342 0.7945437 1.1586745 0.9913169 1.0297869 0.9547243 1.0297869 1.0703373 0.6626257 0.7662384 1.0703373 0.9547243 0.9198342 0.8864954 
t9         0.8239592 0.7389627 0.8545757 0.6872180 0.7389627 0.9198342 0.0000000 0.4529370 0.8239592 0.7945437 0.8239592 0.8864954 0.8239592 0.8545757 0.5299277 0.6626257 1.0297869 0.9198342 0.9547243 0.9547243 
t16        0.8239592 0.6157354 0.7945437 0.7126442 0.7389627 0.7945437 0.4529370 0.0000000 0.7389627 0.9198342 0.8864954 0.8239592 0.6872180 0.6626257 0.5933457 0.6626257 0.7662384 0.7389627 0.8545757 0.8239592 
t2         0.9198342 0.7662384 0.9913169 0.8545757 0.7389627 1.1586745 0.8239592 0.7389627 0.0000000 0.6388142 0.5099265 0.3040988 0.3505054 0.3505054 0.3192509 0.3831192 0.4529370 0.4348639 0.3040988 0.3192509 
t8         0.6626257 0.6872180 0.6626257 0.8864954 0.9198342 0.9913169 0.7945437 0.9198342 0.6388142 0.0000000 0.2603971 0.6626257 0.6388142 0.6388142 0.5299277 0.6626257 0.7126442 0.6872180 0.6388142 0.6388142 
t20        0.8545757 0.6872180 0.8239592 0.8864954 0.8864954 1.0297869 0.8239592 0.8864954 0.5099265 0.2603971 0.0000000 0.5504769 0.6388142 0.6157354 0.4714565 0.5933457 0.6626257 0.6388142 0.5933457 0.5716050 
t1         0.8864954 0.7662384 0.8545757 0.9547243 0.9913169 0.9547243 0.8864954 0.8239592 0.3040988 0.6626257 0.5504769 0.0000000 0.4172160 0.4172160 0.3040988 0.3999739 0.4714565 0.3999739 0.1673577 0.1799630 
t14        0.8545757 0.5933457 0.8864954 0.7945437 0.6388142 1.0297869 0.8239592 0.6872180 0.3505054 0.6388142 0.6388142 0.4172160 0.0000000 0.0517447 0.3347153 0.3831192 0.2326162 0.2058276 0.5299277 0.5504769 
t5         0.8239592 0.6157354 0.8864954 0.8239592 0.6626257 1.0703373 0.8545757 0.6626257 0.3505054 0.6388142 0.6157354 0.4172160 0.0517447 0.0000000 0.3666350 0.4172160 0.2326162 0.2058276 0.5299277 0.5504769 
t19        0.7389627 0.5099265 0.7662384 0.6157354 0.7126442 0.6626257 0.5299277 0.5933457 0.3192509 0.5299277 0.4714565 0.3040988 0.3347153 0.3666350 0.0000000 0.0734853 0.4348639 0.3999739 0.3347153 0.3505054 
t10        0.8239592 0.5504769 0.7945437 0.6872180 0.7945437 0.7662384 0.6626257 0.6626257 0.3831192 0.6626257 0.5933457 0.3999739 0.3831192 0.4172160 0.0734853 0.0000000 0.4714565 0.4348639 0.4348639 0.4529370 
t15        0.7945437 0.6388142 0.9547243 0.8239592 0.6872180 1.0703373 1.0297869 0.7662384 0.4529370 0.7126442 0.6626257 0.4714565 0.2326162 0.2326162 0.4348639 0.4714565 0.0000000 0.0517447 0.5716050 0.5933457 
t7         0.7389627 0.5504769 0.8545757 0.8239592 0.6872180 0.9547243 0.9198342 0.7389627 0.4348639 0.6872180 0.6388142 0.3999739 0.2058276 0.2058276 0.3999739 0.4348639 0.0517447 0.0000000 0.5099265 0.5299277 
t17        0.8239592 0.7662384 0.8239592 0.8864954 0.9198342 0.9198342 0.9547243 0.8545757 0.3040988 0.6388142 0.5933457 0.1673577 0.5299277 0.5299277 0.3347153 0.4348639 0.5716050 0.5099265 0.0000000 0.0100673 
t11        0.8239592 0.7389627 0.8239592 0.8864954 0.8864954 0.8864954 0.9547243 0.8239592 0.3192509 0.6388142 0.5716050 0.1799630 0.5504769 0.5504769 0.3505054 0.4529370 0.5933457 0.5299277 0.0100673 0.0000000 
