20
t1         0.0000000 0.6157354 0.7945437 0.5933457 1.0703373 0.7126442 0.5716050 0.9547243 0.9198342 0.8545757 0.5099265 0.8864954 0.8864954 0.8545757 0.4904449 0.4904449 0.8864954 0.8864954 0.8864954 0.8864954 
t12        0.6157354 0.0000000 0.9547243 0.9547243 1.1586745 0.7945437 0.7126442 1.2070784 1.2588231 0.9913169 0.6157354 1.3144041 1.1132061 1.1132061 0.6388142 0.6626257 1.1586745 1.1586745 0.9547243 0.9547243 
t16        0.7945437 0.9547243 0.0000000 0.6388142 1.1132061 0.7945437 0.7126442 0.3999739 0.4529370 0.2603971 0.8239592 0.4348639 0.3666350 0.3831192 0.8864954 0.8864954 0.3999739 0.3999739 0.2603971 0.2603971 
t14        0.5933457 0.9547243 0.6388142 0.0000000 0.7389627 0.5933457 0.7945437 0.8864954 0.7662384 0.6388142 0.7945437 0.8545757 0.7945437 0.7126442 0.8864954 0.9198342 0.7945437 0.7945437 0.6388142 0.6388142 
t8         1.0703373 1.1586745 1.1132061 0.7389627 0.0000000 0.4714565 1.2070784 1.1132061 1.1586745 0.9198342 0.9547243 1.1586745 1.1586745 1.0297869 1.2070784 1.2070784 1.1132061 1.1132061 0.9913169 0.9913169 
t11        0.7126442 0.7945437 0.7945437 0.5933457 0.4714565 0.0000000 0.7662384 0.9198342 0.8864954 0.8239592 0.5933457 1.1132061 1.0297869 0.9198342 0.7662384 0.7945437 1.1132061 1.1132061 0.8864954 0.8864954 
t3         0.5716050 0.7126442 0.7126442 0.7945437 1.2070784 0.7662384 0.0000000 0.9913169 1.0297869 0.7945437 0.3192509 1.1586745 0.8545757 0.8545757 0.3040988 0.3505054 1.0703373 1.0703373 0.7662384 0.7662384 
t9         0.9547243 1.2070784 0.3999739 0.8864954 1.1132061 0.9198342 0.9913169 0.0000000 0.4348639 0.2058276 0.9547243 0.4714565 0.5299277 0.4714565 1.1586745 1.1132061 0.5099265 0.5099265 0.2191023 0.2191023 
t20        0.9198342 1.2588231 0.4529370 0.7662384 1.1586745 0.8864954 1.0297869 0.4348639 0.0000000 0.3831192 1.2070784 0.2326162 0.4904449 0.4529370 1.3144041 1.2588231 0.2603971 0.2603971 0.3999739 0.3999739 
t5         0.8545757 0.9913169 0.2603971 0.6388142 0.9198342 0.8239592 0.7945437 0.2058276 0.3831192 0.0000000 0.8545757 0.3666350 0.3040988 0.3040988 0.9547243 0.9198342 0.3831192 0.3831192 0.1073256 0.1073256 
t19        0.5099265 0.6157354 0.8239592 0.7945437 0.9547243 0.5933457 0.3192509 0.9547243 1.2070784 0.8545757 0.0000000 1.0703373 0.9913169 0.8864954 0.1673577 0.2058276 0.9913169 0.9913169 0.7662384 0.7662384 
t17        0.8864954 1.3144041 0.4348639 0.8545757 1.1586745 1.1132061 1.1586745 0.4714565 0.2326162 0.3666350 1.0703373 0.0000000 0.4529370 0.4348639 1.3744361 1.3144041 0.1307650 0.1307650 0.4172160 0.4172160 
t4         0.8864954 1.1132061 0.3666350 0.7945437 1.1586745 1.0297869 0.8545757 0.5299277 0.4904449 0.3040988 0.9913169 0.4529370 0.0000000 0.0517447 1.0703373 1.0703373 0.4529370 0.4529370 0.3831192 0.3831192 
t6         0.8545757 1.1132061 0.3831192 0.7126442 1.0297869 0.9198342 0.8545757 0.4714565 0.4529370 0.3040988 0.8864954 0.4348639 0.0517447 0.0000000 1.1586745 1.1586745 0.4348639 0.4348639 0.3347153 0.3347153 
t18        0.4904449 0.6388142 0.8864954 0.8864954 1.2070784 0.7662384 0.3040988 1.1586745 1.3144041 0.9547243 0.1673577 1.3744361 1.0703373 1.1586745 0.0000000 0.0306165 1.2070784 1.2070784 0.9198342 0.9198342 
t7         0.4904449 0.6626257 0.8864954 0.9198342 1.2070784 0.7945437 0.3505054 1.1132061 1.2588231 0.9198342 0.2058276 1.3144041 1.0703373 1.1586745 0.0306165 0.0000000 1.1586745 1.1586745 0.9198342 0.9198342 
t15        0.8864954 1.1586745 0.3999739 0.7945437 1.1132061 1.1132061 1.0703373 0.5099265 0.2603971 0.3831192 0.9913169 0.1307650 0.4529370 0.4348639 1.2070784 1.1586745 0.0000000 0.0000010 0.3999739 0.3999739 
t10        0.8864954 1.1586745 0.3999739 0.7945437 1.1132061 1.1132061 1.0703373 0.5099265 0.2603971 0.3831192 0.9913169 0.1307650 0.4529370 0.4348639 1.2070784 1.1586745 0.0000010 0.0000000 0.3999739 0.3999739 
t13        0.8864954 0.9547243 0.2603971 0.6388142 0.9913169 0.8864954 0.7662384 0.2191023 0.3999739 0.1073256 0.7662384 0.4172160 0.3831192 0.3347153 0.9198342 0.9198342 0.3999739 0.3999739 0.0000000 0.0000010 
t2         0.8864954 0.9547243 0.2603971 0.6388142 0.9913169 0.8864954 0.7662384 0.2191023 0.3999739 0.1073256 0.7662384 0.4172160 0.3831192 0.3347153 0.9198342 0.9198342 0.3999739 0.3999739 0.0000010 0.0000000 
