20
t20        0.0000000 1.6785349 1.1132061 1.3744361 1.0297869 2.0310377 1.2588231 1.1132061 1.2588231 1.4396946 0.9913169 0.8864954 1.0297869 1.2070784 1.5111773 1.1132061 0.8864954 1.1132061 1.5111773 1.5111773 
t5         1.6785349 0.0000000 1.5111773 1.8942965 1.4396946 1.8942965 1.3744361 1.3744361 1.2588231 1.8942965 1.8942965 0.9198342 1.0297869 1.2070784 1.5111773 1.3744361 0.8239592 1.0703373 2.0310377 1.7786835 
t10        1.1132061 1.5111773 0.0000000 1.2070784 0.5716050 0.9913169 0.6626257 0.7126442 0.6388142 0.9198342 1.5111773 1.4396946 1.6785349 1.5111773 1.0297869 0.9198342 0.8239592 1.1586745 1.7786835 1.5901977 
t9         1.3744361 1.8942965 1.2070784 0.0000000 1.1132061 1.7786835 1.0297869 1.2588231 1.1586745 3.2381161 1.6785349 1.7786835 1.6785349 1.7786835 0.9913169 1.0297869 1.3144041 1.7786835 2.7182557 2.4141569 
t4         1.0297869 1.4396946 0.5716050 1.1132061 0.0000000 0.9913169 0.6626257 0.5933457 0.6626257 1.3144041 1.4396946 1.2588231 1.6785349 1.6785349 1.0297869 1.0703373 0.6157354 0.8545757 2.0310377 1.6785349 
t16        2.0310377 1.8942965 0.9913169 1.7786835 0.9913169 0.0000000 1.0297869 0.9198342 0.7389627 1.0297869 9.0000000 1.5111773 2.4141569 2.0310377 1.5111773 1.5901977 1.3144041 1.2588231 2.0310377 2.1983953 
t2         1.2588231 1.3744361 0.6626257 1.0297869 0.6626257 1.0297869 0.0000000 0.4529370 0.8864954 1.0703373 1.8942965 1.3144041 1.3744361 1.7786835 1.0703373 1.1586745 0.8864954 1.3144041 1.7786835 1.5901977 
t13        1.1132061 1.3744361 0.7126442 1.2588231 0.5933457 0.9198342 0.4529370 0.0000000 0.9547243 1.4396946 1.8942965 1.3144041 1.5901977 1.5901977 1.2588231 1.1586745 0.9198342 1.3144041 2.7182557 2.1983953 
t7         1.2588231 1.2588231 0.6388142 1.1586745 0.6626257 0.7389627 0.8864954 0.9547243 0.0000000 0.7662384 1.6785349 1.2588231 1.7786835 1.5901977 1.0703373 1.2070784 1.0703373 1.4396946 1.4396946 1.3744361 
t14        1.4396946 1.8942965 0.9198342 3.2381161 1.3144041 1.0297869 1.0703373 1.4396946 0.7662384 0.0000000 1.5111773 2.0310377 1.7786835 2.7182557 1.3144041 1.5901977 1.2588231 1.6785349 1.7786835 1.8942965 
t3         0.9913169 1.8942965 1.5111773 1.6785349 1.4396946 9.0000000 1.8942965 1.8942965 1.6785349 1.5111773 0.0000000 1.4396946 1.7786835 1.6785349 1.6785349 1.3744361 1.1132061 1.6785349 0.7662384 0.7389627 
t1         0.8864954 0.9198342 1.4396946 1.7786835 1.2588231 1.5111773 1.3144041 1.3144041 1.2588231 2.0310377 1.4396946 0.0000000 0.3040988 0.3347153 1.5111773 1.3744361 0.7662384 1.2070784 1.5901977 1.6785349 
t11        1.0297869 1.0297869 1.6785349 1.6785349 1.6785349 2.4141569 1.3744361 1.5901977 1.7786835 1.7786835 1.7786835 0.3040988 0.0000000 0.2191023 1.5111773 1.2588231 1.0703373 1.4396946 1.6785349 1.7786835 
t15        1.2070784 1.2070784 1.5111773 1.7786835 1.6785349 2.0310377 1.7786835 1.5901977 1.5901977 2.7182557 1.6785349 0.3347153 0.2191023 0.0000000 1.3744361 1.1586745 1.0297869 1.3744361 1.7786835 1.8942965 
t12        1.5111773 1.5111773 1.0297869 0.9913169 1.0297869 1.5111773 1.0703373 1.2588231 1.0703373 1.3144041 1.6785349 1.5111773 1.5111773 1.3744361 0.0000000 0.1549607 1.3144041 1.6785349 1.8942965 2.0310377 
t6         1.1132061 1.3744361 0.9198342 1.0297869 1.0703373 1.5901977 1.1586745 1.1586745 1.2070784 1.5901977 1.3744361 1.3744361 1.2588231 1.1586745 0.1549607 0.0000000 1.2588231 1.6785349 1.6785349 1.6785349 
t8         0.8864954 0.8239592 0.8239592 1.3144041 0.6157354 1.3144041 0.8864954 0.9198342 1.0703373 1.2588231 1.1132061 0.7662384 1.0703373 1.0297869 1.3144041 1.2588231 0.0000000 0.2326162 0.9547243 0.9198342 
t19        1.1132061 1.0703373 1.1586745 1.7786835 0.8545757 1.2588231 1.3144041 1.3144041 1.4396946 1.6785349 1.6785349 1.2070784 1.4396946 1.3744361 1.6785349 1.6785349 0.2326162 0.0000000 1.1586745 1.1586745 
t18        1.5111773 2.0310377 1.7786835 2.7182557 2.0310377 2.0310377 1.7786835 2.7182557 1.4396946 1.7786835 0.7662384 1.5901977 1.6785349 1.7786835 1.8942965 1.6785349 0.9547243 1.1586745 0.0000000 0.0517447 
t17        1.5111773 1.7786835 1.5901977 2.4141569 1.6785349 2.1983953 1.5901977 2.1983953 1.3744361 1.8942965 0.7389627 1.6785349 1.7786835 1.8942965 2.0310377 1.6785349 0.9198342 1.1586745 0.0517447 0.0000000 
