20
t7         0.0000000 1.4396946 0.9913169 1.3144041 1.7786835 1.4396946 1.4396946 1.1586745 1.2070784 0.7126442 0.8864954 1.1132061 0.9198342 1.0297869 1.2588231 2.0310377 2.4141569 2.7182557 2.1983953 3.2381161 
t4         1.4396946 0.0000000 1.1132061 1.2070784 2.0310377 1.5901977 1.3144041 1.0703373 1.2588231 1.0297869 1.3744361 1.3144041 1.5901977 1.7786835 1.6785349 1.6785349 1.7786835 1.8942965 2.1983953 2.4141569 
t12        0.9913169 1.1132061 0.0000000 1.5901977 1.8942965 1.0297869 1.0703373 0.8545757 1.1586745 0.8239592 0.8239592 2.0310377 1.3144041 0.9913169 1.2070784 1.2588231 1.3744361 1.3744361 1.4396946 1.5111773 
t19        1.3144041 1.2070784 1.5901977 0.0000000 1.5901977 1.6785349 1.1132061 1.2070784 1.2588231 1.5111773 1.5111773 1.3744361 1.4396946 1.2588231 1.5901977 1.4396946 1.5111773 1.3744361 1.4396946 1.3144041 
t9         1.7786835 2.0310377 1.8942965 1.5901977 0.0000000 1.2588231 1.6785349 1.3144041 2.1983953 1.8942965 2.7182557 2.4141569 9.0000000 1.8942965 1.8942965 2.0310377 1.6785349 2.0310377 2.4141569 1.6785349 
t18        1.4396946 1.5901977 1.0297869 1.6785349 1.2588231 0.0000000 1.2588231 1.6785349 1.6785349 1.6785349 2.0310377 2.1983953 2.0310377 1.5901977 1.5901977 1.0703373 1.1586745 1.1132061 1.2070784 1.2070784 
t15        1.4396946 1.3144041 1.0703373 1.1132061 1.6785349 1.2588231 0.0000000 1.3144041 1.6785349 1.1132061 1.1586745 1.2588231 1.3744361 1.5111773 3.2381161 1.1132061 1.1586745 1.0297869 1.3144041 1.0703373 
t3         1.1586745 1.0703373 0.8545757 1.2070784 1.3144041 1.6785349 1.3144041 0.0000000 0.7662384 0.9547243 1.1586745 2.0310377 1.4396946 1.2588231 1.3744361 1.2070784 1.3744361 1.2070784 1.3144041 1.4396946 
t1         1.2070784 1.2588231 1.1586745 1.2588231 2.1983953 1.6785349 1.6785349 0.7662384 0.0000000 0.8864954 1.2070784 1.5901977 1.5901977 1.5901977 1.6785349 2.7182557 2.1983953 1.5111773 1.5901977 1.6785349 
t14        0.7126442 1.0297869 0.8239592 1.5111773 1.8942965 1.6785349 1.1132061 0.9547243 0.8864954 0.0000000 0.4529370 1.1586745 0.9913169 0.6872180 1.0703373 1.5901977 1.7786835 1.6785349 1.5901977 1.8942965 
t11        0.8864954 1.3744361 0.8239592 1.5111773 2.7182557 2.0310377 1.1586745 1.1586745 1.2070784 0.4529370 0.0000000 1.2588231 1.0297869 0.8545757 0.9547243 1.6785349 1.6785349 1.6785349 1.8942965 2.4141569 
t16        1.1132061 1.3144041 2.0310377 1.3744361 2.4141569 2.1983953 1.2588231 2.0310377 1.5901977 1.1586745 1.2588231 0.0000000 0.3192509 1.7786835 3.2381161 9.0000000 9.0000000 9.0000000 2.7182557 2.7182557 
t13        0.9198342 1.5901977 1.3144041 1.4396946 9.0000000 2.0310377 1.3744361 1.4396946 1.5901977 0.9913169 1.0297869 0.3192509 0.0000000 1.3744361 2.4141569 2.0310377 1.7786835 9.0000000 9.0000000 9.0000000 
t5         1.0297869 1.7786835 0.9913169 1.2588231 1.8942965 1.5901977 1.5111773 1.2588231 1.5901977 0.6872180 0.8545757 1.7786835 1.3744361 0.0000000 0.2892469 1.4396946 1.6785349 1.4396946 1.4396946 1.4396946 
t8         1.2588231 1.6785349 1.2070784 1.5901977 1.8942965 1.5901977 3.2381161 1.3744361 1.6785349 1.0703373 0.9547243 3.2381161 2.4141569 0.2892469 0.0000000 2.7182557 2.4141569 2.7182557 2.1983953 2.4141569 
t20        2.0310377 1.6785349 1.2588231 1.4396946 2.0310377 1.0703373 1.1132061 1.2070784 2.7182557 1.5901977 1.6785349 9.0000000 2.0310377 1.4396946 2.7182557 0.0000000 0.1799630 0.4529370 0.6388142 0.5716050 
t10        2.4141569 1.7786835 1.3744361 1.5111773 1.6785349 1.1586745 1.1586745 1.3744361 2.1983953 1.7786835 1.6785349 9.0000000 1.7786835 1.6785349 2.4141569 0.1799630 0.0000000 0.5504769 0.7126442 0.6157354 
t2         2.7182557 1.8942965 1.3744361 1.3744361 2.0310377 1.1132061 1.0297869 1.2070784 1.5111773 1.6785349 1.6785349 9.0000000 9.0000000 1.4396946 2.7182557 0.4529370 0.5504769 0.0000000 0.1799630 0.1549607 
t17        2.1983953 2.1983953 1.4396946 1.4396946 2.4141569 1.2070784 1.3144041 1.3144041 1.5901977 1.5901977 1.8942965 2.7182557 9.0000000 1.4396946 2.1983953 0.6388142 0.7126442 0.1799630 0.0000000 0.2191023 
t6         3.2381161 2.4141569 1.5111773 1.3144041 1.6785349 1.2070784 1.0703373 1.4396946 1.6785349 1.8942965 2.4141569 2.7182557 9.0000000 1.4396946 2.4141569 0.5716050 0.6157354 0.1549607 0.2191023 0.0000000 
