20
t3         0.0000000 1.6785349 9.0000000 2.1983953 1.0297869 0.9547243 1.3744361 2.7182557 1.7786835 9.0000000 1.8942965 9.0000000 2.1983953 2.7182557 1.5901977 2.1983953 1.3144041 1.0297869 2.4141569 2.7182557 
t20        1.6785349 0.0000000 3.2381161 3.2381161 1.2070784 1.5111773 1.5111773 1.5901977 2.4141569 9.0000000 1.4396946 9.0000000 9.0000000 9.0000000 9.0000000 3.2381161 1.5901977 1.2588231 9.0000000 9.0000000 
t14        9.0000000 3.2381161 0.0000000 0.8864954 1.7786835 2.1983953 9.0000000 1.7786835 1.6785349 9.0000000 1.5901977 2.1983953 3.2381161 9.0000000 9.0000000 9.0000000 9.0000000 9.0000000 1.3744361 1.3744361 
t12        2.1983953 3.2381161 0.8864954 0.0000000 1.8942965 2.1983953 2.0310377 1.3144041 1.8942965 2.0310377 1.2070784 2.4141569 3.2381161 9.0000000 1.7786835 2.4141569 2.4141569 2.1983953 1.7786835 1.7786835 
t1         1.0297869 1.2070784 1.7786835 1.8942965 0.0000000 0.4172160 1.5901977 1.8942965 1.4396946 9.0000000 1.5111773 9.0000000 3.2381161 3.2381161 2.1983953 2.7182557 1.1132061 0.9198342 1.8942965 1.8942965 
t4         0.9547243 1.5111773 2.1983953 2.1983953 0.4172160 0.0000000 1.7786835 2.0310377 1.6785349 9.0000000 1.6785349 2.4141569 9.0000000 2.7182557 9.0000000 9.0000000 0.8864954 0.8545757 1.8942965 1.8942965 
t19        1.3744361 1.5111773 9.0000000 2.0310377 1.5901977 1.7786835 0.0000000 1.5111773 1.3144041 2.7182557 1.1132061 1.6785349 9.0000000 9.0000000 0.3999739 0.3831192 1.5901977 1.2588231 1.5901977 1.5111773 
t7         2.7182557 1.5901977 1.7786835 1.3144041 1.8942965 2.0310377 1.5111773 0.0000000 0.5716050 1.1586745 0.5716050 0.7945437 2.7182557 9.0000000 1.5901977 1.5901977 1.2070784 1.3144041 0.7389627 0.7945437 
t8         1.7786835 2.4141569 1.6785349 1.8942965 1.4396946 1.6785349 1.3144041 0.5716050 0.0000000 0.8864954 0.4348639 0.4529370 1.5111773 9.0000000 1.3144041 1.2070784 1.6785349 1.6785349 0.4904449 0.4904449 
t13        9.0000000 9.0000000 9.0000000 2.0310377 9.0000000 9.0000000 2.7182557 1.1586745 0.8864954 0.0000000 0.9198342 0.7662384 2.0310377 2.0310377 2.4141569 9.0000000 9.0000000 2.0310377 0.8239592 0.8239592 
t2         1.8942965 1.4396946 1.5901977 1.2070784 1.5111773 1.6785349 1.1132061 0.5716050 0.4348639 0.9198342 0.0000000 0.5716050 1.5901977 2.0310377 1.1586745 1.1586745 1.5111773 1.3144041 0.5504769 0.5504769 
t10        9.0000000 9.0000000 2.1983953 2.4141569 9.0000000 2.4141569 1.6785349 0.7945437 0.4529370 0.7662384 0.5716050 0.0000000 1.6785349 2.1983953 1.4396946 1.3744361 2.7182557 2.7182557 0.2746833 0.2746833 
t5         2.1983953 9.0000000 3.2381161 3.2381161 3.2381161 9.0000000 9.0000000 2.7182557 1.5111773 2.0310377 1.5901977 1.6785349 0.0000000 0.5504769 9.0000000 3.2381161 3.2381161 3.2381161 1.6785349 1.6785349 
t18        2.7182557 9.0000000 9.0000000 9.0000000 3.2381161 2.7182557 9.0000000 9.0000000 9.0000000 2.0310377 2.0310377 2.1983953 0.5504769 0.0000000 9.0000000 9.0000000 2.7182557 1.7786835 2.7182557 2.7182557 
t17        1.5901977 9.0000000 9.0000000 1.7786835 2.1983953 9.0000000 0.3999739 1.5901977 1.3144041 2.4141569 1.1586745 1.4396946 9.0000000 9.0000000 0.0000000 0.2892469 1.7786835 1.5901977 1.3744361 1.3744361 
t11        2.1983953 3.2381161 9.0000000 2.4141569 2.7182557 9.0000000 0.3831192 1.5901977 1.2070784 9.0000000 1.1586745 1.3744361 3.2381161 9.0000000 0.2892469 0.0000000 2.4141569 1.7786835 1.4396946 1.4396946 
t15        1.3144041 1.5901977 9.0000000 2.4141569 1.1132061 0.8864954 1.5901977 1.2070784 1.6785349 9.0000000 1.5111773 2.7182557 3.2381161 2.7182557 1.7786835 2.4141569 0.0000000 0.2892469 1.8942965 1.8942965 
t9         1.0297869 1.2588231 9.0000000 2.1983953 0.9198342 0.8545757 1.2588231 1.3144041 1.6785349 2.0310377 1.3144041 2.7182557 3.2381161 1.7786835 1.5901977 1.7786835 0.2892469 0.0000000 2.0310377 2.0310377 
t6         2.4141569 9.0000000 1.3744361 1.7786835 1.8942965 1.8942965 1.5901977 0.7389627 0.4904449 0.8239592 0.5504769 0.2746833 1.6785349 2.7182557 1.3744361 1.4396946 1.8942965 2.0310377 0.0000000 0.0202715 
t16        2.7182557 9.0000000 1.3744361 1.7786835 1.8942965 1.8942965 1.5111773 0.7945437 0.4904449 0.8239592 0.5504769 0.2746833 1.6785349 2.7182557 1.3744361 1.4396946 1.8942965 2.0310377 0.0202715 0.0000000 
