20
t17        0.0000000 0.6872180 2.0310377 1.2588231 1.3144041 2.1983953 0.5299277 1.0703373 1.3144041 1.7786835 0.7662384 1.0297869 2.4141569 1.7786835 1.1586745 1.0297869 0.9547243 0.9198342 1.2070784 1.0703373 
t8         0.6872180 0.0000000 2.4141569 1.2588231 1.0703373 2.0310377 0.8864954 1.5111773 1.5111773 1.8942965 0.7662384 1.2588231 3.2381161 3.2381161 1.5901977 1.4396946 0.9547243 1.0297869 1.5111773 1.3744361 
t15        2.0310377 2.4141569 0.0000000 2.0310377 1.5901977 1.3744361 1.7786835 3.2381161 2.4141569 1.1586745 1.3744361 1.6785349 1.4396946 1.5111773 2.0310377 1.5901977 2.1983953 2.0310377 2.7182557 2.1983953 
t7         1.2588231 1.2588231 2.0310377 0.0000000 1.2588231 1.8942965 1.2070784 1.2588231 2.4141569 2.1983953 1.7786835 1.7786835 1.7786835 1.7786835 1.5901977 1.3744361 2.1983953 1.5901977 1.7786835 1.5901977 
t13        1.3144041 1.0703373 1.5901977 1.2588231 0.0000000 9.0000000 1.2588231 1.3144041 1.7786835 2.0310377 0.9913169 1.2588231 2.0310377 2.1983953 1.6785349 1.7786835 1.2588231 1.2070784 1.2588231 1.1586745 
t20        2.1983953 2.0310377 1.3744361 1.8942965 9.0000000 0.0000000 9.0000000 3.2381161 9.0000000 0.8545757 9.0000000 3.2381161 0.9913169 1.2070784 3.2381161 1.7786835 9.0000000 9.0000000 9.0000000 9.0000000 
t11        0.5299277 0.8864954 1.7786835 1.2070784 1.2588231 9.0000000 0.0000000 1.2588231 1.4396946 2.1983953 0.7126442 1.1132061 1.7786835 2.1983953 1.0297869 1.1132061 0.8239592 0.8545757 1.4396946 1.3144041 
t6         1.0703373 1.5111773 3.2381161 1.2588231 1.3144041 3.2381161 1.2588231 0.0000000 1.3144041 2.1983953 1.2588231 1.5111773 9.0000000 2.7182557 2.0310377 1.8942965 1.2588231 1.1586745 1.5111773 1.4396946 
t10        1.3144041 1.5111773 2.4141569 2.4141569 1.7786835 9.0000000 1.4396946 1.3144041 0.0000000 9.0000000 0.8864954 1.3744361 3.2381161 1.7786835 2.1983953 2.0310377 1.2588231 1.2588231 1.7786835 1.7786835 
t18        1.7786835 1.8942965 1.1586745 2.1983953 2.0310377 0.8545757 2.1983953 2.1983953 9.0000000 0.0000000 2.7182557 2.0310377 0.3347153 0.4348639 9.0000000 2.7182557 2.7182557 9.0000000 1.8942965 2.0310377 
t16        0.7662384 0.7662384 1.3744361 1.7786835 0.9913169 9.0000000 0.7126442 1.2588231 0.8864954 2.7182557 0.0000000 0.3347153 9.0000000 2.4141569 1.2070784 1.5111773 0.1799630 0.1799630 1.3144041 1.3744361 
t2         1.0297869 1.2588231 1.6785349 1.7786835 1.2588231 3.2381161 1.1132061 1.5111773 1.3744361 2.0310377 0.3347153 0.0000000 1.4396946 1.3744361 2.0310377 9.0000000 0.3347153 0.3192509 1.3744361 1.5111773 
t3         2.4141569 3.2381161 1.4396946 1.7786835 2.0310377 0.9913169 1.7786835 9.0000000 3.2381161 0.3347153 9.0000000 1.4396946 0.0000000 0.2746833 9.0000000 9.0000000 9.0000000 9.0000000 1.5111773 1.4396946 
t9         1.7786835 3.2381161 1.5111773 1.7786835 2.1983953 1.2070784 2.1983953 2.7182557 1.7786835 0.4348639 2.4141569 1.3744361 0.2746833 0.0000000 9.0000000 3.2381161 2.1983953 1.8942965 1.6785349 1.6785349 
t5         1.1586745 1.5901977 2.0310377 1.5901977 1.6785349 3.2381161 1.0297869 2.0310377 2.1983953 9.0000000 1.2070784 2.0310377 9.0000000 9.0000000 0.0000000 0.1673577 1.5901977 1.4396946 1.6785349 2.1983953 
t4         1.0297869 1.4396946 1.5901977 1.3744361 1.7786835 1.7786835 1.1132061 1.8942965 2.0310377 2.7182557 1.5111773 9.0000000 9.0000000 3.2381161 0.1673577 0.0000000 2.1983953 2.0310377 1.4396946 1.6785349 
t12        0.9547243 0.9547243 2.1983953 2.1983953 1.2588231 9.0000000 0.8239592 1.2588231 1.2588231 2.7182557 0.1799630 0.3347153 9.0000000 2.1983953 1.5901977 2.1983953 0.0000000 0.0958750 1.5111773 1.6785349 
t19        0.9198342 1.0297869 2.0310377 1.5901977 1.2070784 9.0000000 0.8545757 1.1586745 1.2588231 9.0000000 0.1799630 0.3192509 9.0000000 1.8942965 1.4396946 2.0310377 0.0958750 0.0000000 1.3144041 1.4396946 
t14        1.2070784 1.5111773 2.7182557 1.7786835 1.2588231 9.0000000 1.4396946 1.5111773 1.7786835 1.8942965 1.3144041 1.3744361 1.5111773 1.6785349 1.6785349 1.4396946 1.5111773 1.3144041 0.0000000 0.0411062 
t1         1.0703373 1.3744361 2.1983953 1.5901977 1.1586745 9.0000000 1.3144041 1.4396946 1.7786835 2.0310377 1.3744361 1.5111773 1.4396946 1.6785349 2.1983953 1.6785349 1.6785349 1.4396946 0.0411062 0.0000000 
