20
t16        0.0000000 0.8239592 0.6626257 0.9198342 1.0297869 1.4396946 1.2588231 1.0297869 1.1586745 0.9913169 2.1983953 1.5901977 1.6785349 1.5901977 1.1586745 1.5111773 1.5901977 1.7786835 1.2588231 1.2588231 
t8         0.8239592 0.0000000 0.5933457 0.7126442 1.2588231 1.2070784 1.0703373 1.2070784 1.1132061 0.8864954 1.6785349 1.2588231 1.5111773 1.4396946 1.1586745 1.2070784 2.4141569 3.2381161 1.3144041 1.7786835 
t19        0.6626257 0.5933457 0.0000000 0.8545757 1.4396946 1.3744361 1.1132061 1.0703373 1.2070784 0.9547243 1.2070784 1.3744361 1.5901977 1.4396946 1.0703373 1.1132061 1.5111773 1.8942965 1.0703373 1.2588231 
t9         0.9198342 0.7126442 0.8545757 0.0000000 0.9547243 1.3144041 1.2588231 1.2070784 0.9913169 0.4904449 9.0000000 1.5901977 2.7182557 2.0310377 1.0703373 1.3144041 2.1983953 2.7182557 1.5901977 1.8942965 
t17        1.0297869 1.2588231 1.4396946 0.9547243 0.0000000 0.4904449 1.7786835 2.4141569 1.0703373 1.5111773 2.4141569 1.6785349 2.0310377 1.8942965 2.1983953 9.0000000 2.0310377 1.8942965 2.0310377 2.0310377 
t10        1.4396946 1.2070784 1.3744361 1.3144041 0.4904449 0.0000000 1.2588231 1.6785349 1.4396946 1.1586745 3.2381161 1.5901977 1.8942965 1.5901977 2.0310377 2.7182557 9.0000000 2.7182557 2.4141569 3.2381161 
t4         1.2588231 1.0703373 1.1132061 1.2588231 1.7786835 1.2588231 0.0000000 0.5933457 1.3144041 1.6785349 1.6785349 1.3744361 1.3144041 1.0297869 0.8545757 0.8239592 1.7786835 2.1983953 3.2381161 2.7182557 
t15        1.0297869 1.2070784 1.0703373 1.2070784 2.4141569 1.6785349 0.5933457 0.0000000 2.0310377 1.1586745 2.1983953 1.5111773 1.4396946 1.3144041 0.6388142 0.5933457 2.0310377 3.2381161 2.7182557 2.7182557 
t12        1.1586745 1.1132061 1.2070784 0.9913169 1.0703373 1.4396946 1.3144041 2.0310377 0.0000000 0.8239592 9.0000000 2.7182557 3.2381161 1.8942965 1.3744361 1.5901977 2.1983953 9.0000000 1.7786835 2.0310377 
t20        0.9913169 0.8864954 0.9547243 0.4904449 1.5111773 1.1586745 1.6785349 1.1586745 0.8239592 0.0000000 3.2381161 2.0310377 2.4141569 2.7182557 1.4396946 1.4396946 2.0310377 3.2381161 1.7786835 2.1983953 
t11        2.1983953 1.6785349 1.2070784 9.0000000 2.4141569 3.2381161 1.6785349 2.1983953 9.0000000 3.2381161 0.0000000 0.7126442 0.7945437 0.8239592 2.1983953 1.6785349 1.1586745 0.9913169 1.4396946 1.6785349 
t13        1.5901977 1.2588231 1.3744361 1.5901977 1.6785349 1.5901977 1.3744361 1.5111773 2.7182557 2.0310377 0.7126442 0.0000000 0.3666350 0.3831192 3.2381161 1.8942965 1.2588231 1.2588231 2.1983953 2.4141569 
t3         1.6785349 1.5111773 1.5901977 2.7182557 2.0310377 1.8942965 1.3144041 1.4396946 3.2381161 2.4141569 0.7945437 0.3666350 0.0000000 0.3347153 1.6785349 1.5901977 1.2588231 1.3144041 2.0310377 2.1983953 
t6         1.5901977 1.4396946 1.4396946 2.0310377 1.8942965 1.5901977 1.0297869 1.3144041 1.8942965 2.7182557 0.8239592 0.3831192 0.3347153 0.0000000 1.5901977 1.5111773 1.2070784 1.3144041 9.0000000 9.0000000 
t2         1.1586745 1.1586745 1.0703373 1.0703373 2.1983953 2.0310377 0.8545757 0.6388142 1.3744361 1.4396946 2.1983953 3.2381161 1.6785349 1.5901977 0.0000000 0.3192509 1.7786835 2.4141569 2.1983953 2.4141569 
t5         1.5111773 1.2070784 1.1132061 1.3144041 9.0000000 2.7182557 0.8239592 0.5933457 1.5901977 1.4396946 1.6785349 1.8942965 1.5901977 1.5111773 0.3192509 0.0000000 1.3144041 1.7786835 2.1983953 2.7182557 
t7         1.5901977 2.4141569 1.5111773 2.1983953 2.0310377 9.0000000 1.7786835 2.0310377 2.1983953 2.0310377 1.1586745 1.2588231 1.2588231 1.2070784 1.7786835 1.3144041 0.0000000 0.3040988 9.0000000 9.0000000 
t14        1.7786835 3.2381161 1.8942965 2.7182557 1.8942965 2.7182557 2.1983953 3.2381161 9.0000000 3.2381161 0.9913169 1.2588231 1.3144041 1.3144041 2.4141569 1.7786835 0.3040988 0.0000000 1.6785349 1.7786835 
t1         1.2588231 1.3144041 1.0703373 1.5901977 2.0310377 2.4141569 3.2381161 2.7182557 1.7786835 1.7786835 1.4396946 2.1983953 2.0310377 9.0000000 2.1983953 2.1983953 9.0000000 1.6785349 0.0000000 0.1307650 
t18        1.2588231 1.7786835 1.2588231 1.8942965 2.0310377 3.2381161 2.7182557 2.7182557 2.0310377 2.1983953 1.6785349 2.4141569 2.1983953 9.0000000 2.4141569 2.7182557 9.0000000 1.7786835 0.1307650 0.0000000 
