20
t8         0.0000000 2.4141569 9.0000000 3.2381161 2.1983953 2.0310377 1.7786835 1.3744361 9.0000000 2.1983953 2.7182557 9.0000000 9.0000000 2.0310377 1.3744361 1.7786835 3.2381161 9.0000000 2.0310377 1.8942965 
t20        2.4141569 0.0000000 9.0000000 2.4141569 3.2381161 1.7786835 2.4141569 2.0310377 9.0000000 2.1983953 1.5901977 9.0000000 9.0000000 9.0000000 2.7182557 1.8942965 1.7786835 2.7182557 2.1983953 3.2381161 
t14        9.0000000 9.0000000 0.0000000 9.0000000 9.0000000 1.7786835 1.8942965 2.1983953 2.0310377 9.0000000 2.7182557 2.7182557 1.7786835 3.2381161 1.8942965 9.0000000 9.0000000 2.0310377 2.0310377 2.7182557 
t12        3.2381161 2.4141569 9.0000000 0.0000000 9.0000000 1.7786835 1.3144041 2.7182557 9.0000000 9.0000000 2.0310377 2.4141569 1.6785349 1.6785349 1.5111773 1.3144041 1.6785349 1.5111773 1.5901977 1.5901977 
t3         2.1983953 3.2381161 9.0000000 9.0000000 0.0000000 2.7182557 9.0000000 1.6785349 9.0000000 9.0000000 9.0000000 9.0000000 9.0000000 2.7182557 9.0000000 9.0000000 3.2381161 9.0000000 9.0000000 9.0000000 
t7         2.0310377 1.7786835 1.7786835 1.7786835 2.7182557 0.0000000 1.2070784 3.2381161 2.7182557 2.7182557 1.6785349 2.4141569 9.0000000 1.6785349 1.5111773 2.4141569 1.7786835 2.7182557 2.7182557 2.4141569 
t4         1.7786835 2.4141569 1.8942965 1.3144041 9.0000000 1.2070784 0.0000000 0.9913169 1.4396946 9.0000000 1.3744361 1.2588231 1.1586745 1.1132061 0.9547243 1.5901977 1.1586745 1.3144041 1.3144041 1.5901977 
t9         1.3744361 2.0310377 2.1983953 2.7182557 1.6785349 3.2381161 0.9913169 0.0000000 9.0000000 2.0310377 1.2070784 9.0000000 2.7182557 1.3744361 1.2588231 2.0310377 1.3744361 2.0310377 2.4141569 2.7182557 
t15        9.0000000 9.0000000 2.0310377 9.0000000 9.0000000 2.7182557 1.4396946 9.0000000 0.0000000 9.0000000 3.2381161 1.2588231 1.1132061 1.4396946 1.4396946 2.1983953 3.2381161 1.3744361 1.2070784 1.4396946 
t17        2.1983953 2.1983953 9.0000000 9.0000000 9.0000000 2.7182557 9.0000000 2.0310377 9.0000000 0.0000000 0.7126442 9.0000000 9.0000000 9.0000000 9.0000000 9.0000000 3.2381161 9.0000000 9.0000000 9.0000000 
t1         2.7182557 1.5901977 2.7182557 2.0310377 9.0000000 1.6785349 1.3744361 1.2070784 3.2381161 0.7126442 0.0000000 9.0000000 9.0000000 2.4141569 1.6785349 9.0000000 3.2381161 2.7182557 2.7182557 3.2381161 
t2         9.0000000 9.0000000 2.7182557 2.4141569 9.0000000 2.4141569 1.2588231 9.0000000 1.2588231 9.0000000 9.0000000 0.0000000 0.5716050 2.0310377 2.0310377 1.6785349 1.7786835 0.7126442 0.6872180 0.7945437 
t6         9.0000000 9.0000000 1.7786835 1.6785349 9.0000000 9.0000000 1.1586745 2.7182557 1.1132061 9.0000000 9.0000000 0.5716050 0.0000000 1.6785349 1.8942965 1.6785349 1.5111773 0.3505054 0.4348639 0.5299277 
t11        2.0310377 9.0000000 3.2381161 1.6785349 2.7182557 1.6785349 1.1132061 1.3744361 1.4396946 9.0000000 2.4141569 2.0310377 1.6785349 0.0000000 0.5299277 3.2381161 1.8942965 2.1983953 2.0310377 2.4141569 
t5         1.3744361 2.7182557 1.8942965 1.5111773 9.0000000 1.5111773 0.9547243 1.2588231 1.4396946 9.0000000 1.6785349 2.0310377 1.8942965 0.5299277 0.0000000 1.7786835 1.6785349 1.3744361 1.3144041 1.6785349 
t18        1.7786835 1.8942965 9.0000000 1.3144041 9.0000000 2.4141569 1.5901977 2.0310377 2.1983953 9.0000000 9.0000000 1.6785349 1.6785349 3.2381161 1.7786835 0.0000000 0.3999739 1.7786835 2.1983953 2.0310377 
t13        3.2381161 1.7786835 9.0000000 1.6785349 3.2381161 1.7786835 1.1586745 1.3744361 3.2381161 3.2381161 3.2381161 1.7786835 1.5111773 1.8942965 1.6785349 0.3999739 0.0000000 1.2588231 1.5901977 1.5901977 
t19        9.0000000 2.7182557 2.0310377 1.5111773 9.0000000 2.7182557 1.3144041 2.0310377 1.3744361 9.0000000 2.7182557 0.7126442 0.3505054 2.1983953 1.3744361 1.7786835 1.2588231 0.0000000 0.1673577 0.2058276 
t10        2.0310377 2.1983953 2.0310377 1.5901977 9.0000000 2.7182557 1.3144041 2.4141569 1.2070784 9.0000000 2.7182557 0.6872180 0.4348639 2.0310377 1.3144041 2.1983953 1.5901977 0.1673577 0.0000000 0.1189538 
t16        1.8942965 3.2381161 2.7182557 1.5901977 9.0000000 2.4141569 1.5901977 2.7182557 1.4396946 9.0000000 3.2381161 0.7945437 0.5299277 2.4141569 1.6785349 2.0310377 1.5901977 0.2058276 0.1189538 0.0000000 
