20
t14        0.0000000 1.4396946 1.4396946 1.3144041 1.2588231 1.7786835 1.4396946 1.2070784 1.2588231 0.9913169 1.5111773 1.2070784 1.0297869 1.1132061 1.3744361 1.2070784 1.1586745 2.4141569 2.7182557 2.7182557 
t6         1.4396946 0.0000000 0.7945437 0.8239592 0.7945437 0.5716050 0.6626257 0.7126442 0.6872180 0.5716050 0.6388142 0.7126442 0.6388142 0.6872180 0.7945437 0.7126442 0.6626257 0.9198342 0.9547243 0.9547243 
t8         1.4396946 0.7945437 0.0000000 0.8545757 1.1132061 0.7126442 0.6388142 0.6626257 0.7126442 0.6388142 0.5716050 0.7389627 0.7126442 0.6626257 0.6872180 0.6626257 0.6872180 0.9913169 1.0297869 1.0297869 
t16        1.3144041 0.8239592 0.8545757 0.0000000 0.5099265 0.8864954 0.6157354 0.7945437 0.6872180 0.7945437 0.8545757 0.9547243 0.8864954 0.8864954 0.9913169 0.8864954 0.9547243 0.7662384 0.7945437 0.7945437 
t3         1.2588231 0.7945437 1.1132061 0.5099265 0.0000000 0.8239592 0.8545757 0.9913169 0.7389627 0.9198342 0.8545757 0.9198342 0.8239592 0.8239592 1.2070784 1.0297869 1.1586745 0.9547243 0.9547243 0.9547243 
t17        1.7786835 0.5716050 0.7126442 0.8864954 0.8239592 0.0000000 0.3831192 0.4529370 0.7389627 0.3666350 0.4172160 0.7126442 0.8864954 0.8864954 0.7945437 0.6626257 0.6626257 0.6872180 0.6872180 0.6872180 
t5         1.4396946 0.6626257 0.6388142 0.6157354 0.8545757 0.3831192 0.0000000 0.4904449 0.6872180 0.3666350 0.3999739 0.6626257 0.8239592 0.7945437 0.6872180 0.5933457 0.6626257 0.7389627 0.7662384 0.7662384 
t7         1.2070784 0.7126442 0.6626257 0.7945437 0.9913169 0.4529370 0.4904449 0.0000000 0.8239592 0.3192509 0.3505054 0.9913169 0.8864954 0.8239592 0.9913169 0.8239592 0.9198342 0.7945437 0.8239592 0.8239592 
t12        1.2588231 0.6872180 0.7126442 0.6872180 0.7389627 0.7389627 0.6872180 0.8239592 0.0000000 0.7389627 0.7662384 0.7662384 0.3831192 0.4172160 0.9547243 0.8864954 0.8864954 0.8545757 0.8864954 0.8864954 
t20        0.9913169 0.5716050 0.6388142 0.7945437 0.9198342 0.3666350 0.3666350 0.3192509 0.7389627 0.0000000 0.2603971 0.7389627 0.7945437 0.8545757 0.7945437 0.6388142 0.6388142 0.7662384 0.7945437 0.7945437 
t15        1.5111773 0.6388142 0.5716050 0.8545757 0.8545757 0.4172160 0.3999739 0.3505054 0.7662384 0.2603971 0.0000000 0.7126442 0.9198342 0.8239592 0.7945437 0.7126442 0.7389627 0.6872180 0.7126442 0.7126442 
t1         1.2070784 0.7126442 0.7389627 0.9547243 0.9198342 0.7126442 0.6626257 0.9913169 0.7662384 0.7389627 0.7126442 0.0000000 0.7662384 0.6872180 0.3040988 0.2892469 0.2892469 1.0297869 1.0703373 1.0703373 
t9         1.0297869 0.6388142 0.7126442 0.8864954 0.8239592 0.8864954 0.8239592 0.8864954 0.3831192 0.7945437 0.9198342 0.7662384 0.0000000 0.1189538 0.8545757 0.7662384 0.7945437 1.0703373 1.1132061 1.1132061 
t2         1.1132061 0.6872180 0.6626257 0.8864954 0.8239592 0.8864954 0.7945437 0.8239592 0.4172160 0.8545757 0.8239592 0.6872180 0.1189538 0.0000000 0.8545757 0.7662384 0.8239592 0.9913169 1.0297869 1.0297869 
t18        1.3744361 0.7945437 0.6872180 0.9913169 1.2070784 0.7945437 0.6872180 0.9913169 0.9547243 0.7945437 0.7945437 0.3040988 0.8545757 0.8545757 0.0000000 0.1307650 0.1189538 1.2070784 1.2588231 1.2588231 
t10        1.2070784 0.7126442 0.6626257 0.8864954 1.0297869 0.6626257 0.5933457 0.8239592 0.8864954 0.6388142 0.7126442 0.2892469 0.7662384 0.7662384 0.1307650 0.0000000 0.0625362 1.0703373 1.1132061 1.1132061 
t4         1.1586745 0.6626257 0.6872180 0.9547243 1.1586745 0.6626257 0.6626257 0.9198342 0.8864954 0.6388142 0.7389627 0.2892469 0.7945437 0.8239592 0.1189538 0.0625362 0.0000000 1.1132061 1.1586745 1.1586745 
t13        2.4141569 0.9198342 0.9913169 0.7662384 0.9547243 0.6872180 0.7389627 0.7945437 0.8545757 0.7662384 0.6872180 1.0297869 1.0703373 0.9913169 1.2070784 1.0703373 1.1132061 0.0000000 0.0100673 0.0100673 
t19        2.7182557 0.9547243 1.0297869 0.7945437 0.9547243 0.6872180 0.7662384 0.8239592 0.8864954 0.7945437 0.7126442 1.0703373 1.1132061 1.0297869 1.2588231 1.1132061 1.1586745 0.0100673 0.0000000 0.0000010 
t11        2.7182557 0.9547243 1.0297869 0.7945437 0.9547243 0.6872180 0.7662384 0.8239592 0.8864954 0.7945437 0.7126442 1.0703373 1.1132061 1.0297869 1.2588231 1.1132061 1.1586745 0.0100673 0.0000010 0.0000000 
