20
t16        0.0000000 1.7786835 1.7786835 1.3744361 1.5111773 1.3744361 1.4396946 2.1983953 2.1983953 1.6785349 1.5901977 1.7786835 1.3744361 1.4396946 2.1983953 3.2381161 1.5111773 1.7786835 1.0297869 1.0703373 
t6         1.7786835 0.0000000 0.6388142 2.0310377 1.3744361 0.9547243 0.9547243 2.7182557 9.0000000 1.8942965 2.4141569 1.3744361 1.2588231 1.0297869 1.5901977 1.6785349 1.0703373 1.1132061 1.0703373 1.0703373 
t11        1.7786835 0.6388142 0.0000000 1.1586745 1.2588231 0.7389627 0.9913169 2.7182557 3.2381161 1.4396946 1.5111773 1.3144041 1.1586745 1.1132061 1.4396946 1.5111773 1.1586745 1.1586745 1.0703373 1.1132061 
t15        1.3744361 2.0310377 1.1586745 0.0000000 0.5504769 0.9198342 1.1132061 2.0310377 2.0310377 2.4141569 9.0000000 0.6388142 0.5716050 0.5099265 2.4141569 2.1983953 0.5099265 0.5716050 1.5111773 1.4396946 
t17        1.5111773 1.3744361 1.2588231 0.5504769 0.0000000 0.8545757 1.2070784 2.0310377 2.4141569 1.6785349 1.8942965 0.6626257 0.5716050 0.3666350 1.7786835 1.7786835 0.3831192 0.4172160 1.2070784 1.3744361 
t19        1.3744361 0.9547243 0.7389627 0.9198342 0.8545757 0.0000000 0.4348639 3.2381161 2.4141569 9.0000000 2.7182557 0.9547243 0.8239592 0.9547243 2.4141569 1.7786835 0.9913169 1.0703373 0.9913169 0.9198342 
t4         1.4396946 0.9547243 0.9913169 1.1132061 1.2070784 0.4348639 0.0000000 3.2381161 9.0000000 3.2381161 2.7182557 0.9913169 1.0703373 1.1586745 2.4141569 2.7182557 1.2588231 1.3744361 1.2070784 1.1132061 
t7         2.1983953 2.7182557 2.7182557 2.0310377 2.0310377 3.2381161 3.2381161 0.0000000 0.2058276 0.7945437 0.8545757 2.0310377 3.2381161 2.4141569 0.7945437 0.8545757 2.4141569 2.7182557 1.3744361 1.3144041 
t5         2.1983953 9.0000000 3.2381161 2.0310377 2.4141569 2.4141569 9.0000000 0.2058276 0.0000000 0.9913169 0.9913169 9.0000000 9.0000000 2.7182557 0.9547243 0.9547243 2.1983953 3.2381161 1.5901977 1.5111773 
t18        1.6785349 1.8942965 1.4396946 2.4141569 1.6785349 9.0000000 3.2381161 0.7945437 0.9913169 0.0000000 0.2892469 2.1983953 2.7182557 2.1983953 0.3347153 0.4529370 2.1983953 1.8942965 1.7786835 1.8942965 
t1         1.5901977 2.4141569 1.5111773 9.0000000 1.8942965 2.7182557 2.7182557 0.8545757 0.9913169 0.2892469 0.0000000 2.7182557 2.7182557 1.8942965 0.1927838 0.3040988 1.8942965 2.0310377 1.5901977 1.6785349 
t10        1.7786835 1.3744361 1.3144041 0.6388142 0.6626257 0.9547243 0.9913169 2.0310377 9.0000000 2.1983953 2.7182557 0.0000000 0.2191023 0.6626257 2.4141569 2.0310377 0.7389627 0.7126442 1.5901977 1.5901977 
t13        1.3744361 1.2588231 1.1586745 0.5716050 0.5716050 0.8239592 1.0703373 3.2381161 9.0000000 2.7182557 2.7182557 0.2191023 0.0000000 0.4904449 9.0000000 3.2381161 0.5299277 0.5099265 1.0297869 1.0703373 
t20        1.4396946 1.0297869 1.1132061 0.5099265 0.3666350 0.9547243 1.1586745 2.4141569 2.7182557 2.1983953 1.8942965 0.6626257 0.4904449 0.0000000 1.8942965 1.7786835 0.0845966 0.1307650 1.2588231 1.3144041 
t8         2.1983953 1.5901977 1.4396946 2.4141569 1.7786835 2.4141569 2.4141569 0.7945437 0.9547243 0.3347153 0.1927838 2.4141569 9.0000000 1.8942965 0.0000000 0.1189538 1.7786835 2.0310377 2.0310377 2.1983953 
t2         3.2381161 1.6785349 1.5111773 2.1983953 1.7786835 1.7786835 2.7182557 0.8545757 0.9547243 0.4529370 0.3040988 2.0310377 3.2381161 1.7786835 0.1189538 0.0000000 1.8942965 2.1983953 1.8942965 2.0310377 
t9         1.5111773 1.0703373 1.1586745 0.5099265 0.3831192 0.9913169 1.2588231 2.4141569 2.1983953 2.1983953 1.8942965 0.7389627 0.5299277 0.0845966 1.7786835 1.8942965 0.0000000 0.0958750 1.2588231 1.3144041 
t3         1.7786835 1.1132061 1.1586745 0.5716050 0.4172160 1.0703373 1.3744361 2.7182557 3.2381161 1.8942965 2.0310377 0.7126442 0.5099265 0.1307650 2.0310377 2.1983953 0.0958750 0.0000000 1.3144041 1.3144041 
t12        1.0297869 1.0703373 1.0703373 1.5111773 1.2070784 0.9913169 1.2070784 1.3744361 1.5901977 1.7786835 1.5901977 1.5901977 1.0297869 1.2588231 2.0310377 1.8942965 1.2588231 1.3144041 0.0000000 0.0306165 
t14        1.0703373 1.0703373 1.1132061 1.4396946 1.3744361 0.9198342 1.1132061 1.3144041 1.5111773 1.8942965 1.6785349 1.5901977 1.0703373 1.3144041 2.1983953 2.0310377 1.3144041 1.3144041 0.0306165 0.0000000 
