20
t8         0.0000000 9.0000000 1.8942965 9.0000000 1.4396946 9.0000000 2.7182557 2.4141569 9.0000000 9.0000000 3.2381161 2.0310377 2.7182557 9.0000000 9.0000000 2.7182557 3.2381161 2.4141569 9.0000000 9.0000000 
t15        9.0000000 0.0000000 1.1586745 1.5901977 1.5901977 9.0000000 1.7786835 1.7786835 1.5901977 1.5111773 1.5111773 9.0000000 1.5901977 1.6785349 1.6785349 1.5901977 1.2070784 1.3744361 2.0310377 2.1983953 
t18        1.8942965 1.1586745 0.0000000 1.6785349 1.7786835 9.0000000 1.5111773 1.8942965 1.5901977 1.8942965 1.3744361 0.8864954 0.9913169 1.7786835 1.7786835 0.9913169 0.7945437 1.1132061 9.0000000 9.0000000 
t5         9.0000000 1.5901977 1.6785349 0.0000000 1.1586745 9.0000000 0.9547243 0.9913169 0.9913169 9.0000000 2.7182557 1.8942965 1.3744361 1.0297869 1.0297869 2.0310377 1.3144041 1.8942965 9.0000000 9.0000000 
t12        1.4396946 1.5901977 1.7786835 1.1586745 0.0000000 9.0000000 1.4396946 1.3144041 1.1586745 9.0000000 2.4141569 3.2381161 1.6785349 1.7786835 1.1586745 1.6785349 1.3744361 1.6785349 3.2381161 9.0000000 
t9         9.0000000 9.0000000 9.0000000 9.0000000 9.0000000 0.0000000 9.0000000 9.0000000 9.0000000 2.1983953 9.0000000 1.5901977 1.6785349 2.7182557 9.0000000 1.6785349 1.8942965 1.8942965 0.7126442 0.6157354 
t6         2.7182557 1.7786835 1.5111773 0.9547243 1.4396946 9.0000000 0.0000000 0.5716050 0.6157354 2.7182557 9.0000000 1.8942965 1.7786835 1.2588231 1.1586745 2.1983953 1.5901977 2.4141569 9.0000000 9.0000000 
t17        2.4141569 1.7786835 1.8942965 0.9913169 1.3144041 9.0000000 0.5716050 0.0000000 0.5933457 2.4141569 9.0000000 2.0310377 1.8942965 1.5111773 1.1586745 1.6785349 1.5111773 2.0310377 9.0000000 9.0000000 
t2         9.0000000 1.5901977 1.5901977 0.9913169 1.1586745 9.0000000 0.6157354 0.5933457 0.0000000 2.0310377 1.8942965 9.0000000 1.3144041 1.3744361 1.3144041 2.0310377 1.7786835 2.1983953 9.0000000 9.0000000 
t3         9.0000000 1.5111773 1.8942965 9.0000000 9.0000000 2.1983953 2.7182557 2.4141569 2.0310377 0.0000000 0.6157354 2.0310377 1.2588231 2.7182557 2.4141569 2.0310377 1.5111773 1.7786835 1.4396946 1.7786835 
t10        3.2381161 1.5111773 1.3744361 2.7182557 2.4141569 9.0000000 9.0000000 9.0000000 1.8942965 0.6157354 0.0000000 1.5901977 1.1586745 9.0000000 9.0000000 2.7182557 2.1983953 2.4141569 1.5111773 3.2381161 
t20        2.0310377 9.0000000 0.8864954 1.8942965 3.2381161 1.5901977 1.8942965 2.0310377 9.0000000 2.0310377 1.5901977 0.0000000 0.5099265 1.8942965 2.1983953 1.7786835 1.1586745 1.3144041 2.7182557 2.0310377 
t1         2.7182557 1.5901977 0.9913169 1.3744361 1.6785349 1.6785349 1.7786835 1.8942965 1.3144041 1.2588231 1.1586745 0.5099265 0.0000000 1.3144041 1.3744361 1.7786835 1.0297869 1.2070784 1.7786835 2.4141569 
t19        9.0000000 1.6785349 1.7786835 1.0297869 1.7786835 2.7182557 1.2588231 1.5111773 1.3744361 2.7182557 9.0000000 1.8942965 1.3144041 0.0000000 0.5299277 9.0000000 2.4141569 9.0000000 9.0000000 9.0000000 
t16        9.0000000 1.6785349 1.7786835 1.0297869 1.1586745 9.0000000 1.1586745 1.1586745 1.3144041 2.4141569 9.0000000 2.1983953 1.3744361 0.5299277 0.0000000 2.4141569 1.5111773 1.8942965 9.0000000 9.0000000 
t4         2.7182557 1.5901977 0.9913169 2.0310377 1.6785349 1.6785349 2.1983953 1.6785349 2.0310377 2.0310377 2.7182557 1.7786835 1.7786835 9.0000000 2.4141569 0.0000000 0.3192509 0.3831192 9.0000000 9.0000000 
t7         3.2381161 1.2070784 0.7945437 1.3144041 1.3744361 1.8942965 1.5901977 1.5111773 1.7786835 1.5111773 2.1983953 1.1586745 1.0297869 2.4141569 1.5111773 0.3192509 0.0000000 0.2058276 3.2381161 2.4141569 
t11        2.4141569 1.3744361 1.1132061 1.8942965 1.6785349 1.8942965 2.4141569 2.0310377 2.1983953 1.7786835 2.4141569 1.3144041 1.2070784 9.0000000 1.8942965 0.3831192 0.2058276 0.0000000 2.7182557 2.1983953 
t13        9.0000000 2.0310377 9.0000000 9.0000000 3.2381161 0.7126442 9.0000000 9.0000000 9.0000000 1.4396946 1.5111773 2.7182557 1.7786835 9.0000000 9.0000000 9.0000000 3.2381161 2.7182557 0.0000000 0.3192509 
t14        9.0000000 2.1983953 9.0000000 9.0000000 9.0000000 0.6157354 9.0000000 9.0000000 9.0000000 1.7786835 3.2381161 2.0310377 2.4141569 9.0000000 9.0000000 9.0000000 2.4141569 2.1983953 0.3192509 0.0000000 
