20
t14        0.0000000 2.7182557 1.0297869 2.1983953 0.4714565 9.0000000 2.4141569 9.0000000 9.0000000 9.0000000 1.5111773 9.0000000 9.0000000 9.0000000 9.0000000 2.7182557 0.5933457 0.5716050 1.4396946 1.5111773 
t2         2.7182557 0.0000000 2.1983953 9.0000000 2.1983953 9.0000000 3.2381161 9.0000000 9.0000000 9.0000000 2.7182557 9.0000000 2.7182557 3.2381161 9.0000000 9.0000000 9.0000000 9.0000000 1.2070784 1.3144041 
t19        1.0297869 2.1983953 0.0000000 1.5111773 0.7945437 9.0000000 1.5901977 2.4141569 9.0000000 2.4141569 1.8942965 2.0310377 3.2381161 9.0000000 9.0000000 2.1983953 1.1132061 1.0297869 2.1983953 2.4141569 
t1         2.1983953 9.0000000 1.5111773 0.0000000 1.3744361 9.0000000 1.7786835 1.8942965 2.4141569 1.7786835 2.1983953 9.0000000 9.0000000 9.0000000 9.0000000 9.0000000 2.0310377 2.1983953 3.2381161 9.0000000 
t5         0.4714565 2.1983953 0.7945437 1.3744361 0.0000000 9.0000000 2.4141569 9.0000000 1.8942965 2.1983953 1.7786835 2.7182557 2.4141569 2.4141569 9.0000000 3.2381161 0.3831192 0.3831192 2.0310377 2.0310377 
t6         9.0000000 9.0000000 9.0000000 9.0000000 9.0000000 0.0000000 0.5504769 0.9198342 1.3144041 1.2588231 1.7786835 1.6785349 1.1586745 1.2588231 1.3744361 1.7786835 9.0000000 9.0000000 2.0310377 2.0310377 
t4         2.4141569 3.2381161 1.5901977 1.7786835 2.4141569 0.5504769 0.0000000 0.6157354 1.6785349 1.4396946 1.0703373 1.6785349 1.1586745 1.2588231 1.5111773 1.5111773 9.0000000 9.0000000 1.5901977 1.5901977 
t3         9.0000000 9.0000000 2.4141569 1.8942965 9.0000000 0.9198342 0.6157354 0.0000000 1.8942965 2.1983953 1.2070784 3.2381161 3.2381161 2.7182557 2.7182557 1.8942965 9.0000000 9.0000000 1.6785349 1.8942965 
t15        9.0000000 9.0000000 9.0000000 2.4141569 1.8942965 1.3144041 1.6785349 1.8942965 0.0000000 0.7389627 1.8942965 1.1586745 0.9913169 1.0297869 0.8239592 0.6388142 2.0310377 2.0310377 1.3744361 1.3744361 
t12        9.0000000 9.0000000 2.4141569 1.7786835 2.1983953 1.2588231 1.4396946 2.1983953 0.7389627 0.0000000 1.5111773 1.2588231 1.0703373 1.1586745 0.7945437 0.6388142 2.0310377 2.1983953 1.4396946 1.3144041 
t10        1.5111773 2.7182557 1.8942965 2.1983953 1.7786835 1.7786835 1.0703373 1.2070784 1.8942965 1.5111773 0.0000000 1.3144041 1.0703373 1.1132061 1.7786835 1.4396946 1.6785349 1.7786835 0.4348639 0.4529370 
t20        9.0000000 9.0000000 2.0310377 9.0000000 2.7182557 1.6785349 1.6785349 3.2381161 1.1586745 1.2588231 1.3144041 0.0000000 0.1673577 0.2058276 1.1586745 1.0703373 9.0000000 9.0000000 1.2588231 1.4396946 
t17        9.0000000 2.7182557 3.2381161 9.0000000 2.4141569 1.1586745 1.1586745 3.2381161 0.9913169 1.0703373 1.0703373 0.1673577 0.0000000 0.0734853 0.8864954 0.8545757 9.0000000 9.0000000 0.9913169 1.0703373 
t18        9.0000000 3.2381161 9.0000000 9.0000000 2.4141569 1.2588231 1.2588231 2.7182557 1.0297869 1.1586745 1.1132061 0.2058276 0.0734853 0.0000000 0.9198342 0.8864954 9.0000000 9.0000000 0.8864954 0.9547243 
t9         9.0000000 9.0000000 9.0000000 9.0000000 9.0000000 1.3744361 1.5111773 2.7182557 0.8239592 0.7945437 1.7786835 1.1586745 0.8864954 0.9198342 0.0000000 0.3040988 2.1983953 2.4141569 1.5901977 1.5111773 
t13        2.7182557 9.0000000 2.1983953 9.0000000 3.2381161 1.7786835 1.5111773 1.8942965 0.6388142 0.6388142 1.4396946 1.0703373 0.8545757 0.8864954 0.3040988 0.0000000 2.7182557 3.2381161 1.0703373 0.9913169 
t8         0.5933457 9.0000000 1.1132061 2.0310377 0.3831192 9.0000000 9.0000000 9.0000000 2.0310377 2.0310377 1.6785349 9.0000000 9.0000000 9.0000000 2.1983953 2.7182557 0.0000000 0.0411062 1.5901977 1.5111773 
t11        0.5716050 9.0000000 1.0297869 2.1983953 0.3831192 9.0000000 9.0000000 9.0000000 2.0310377 2.1983953 1.7786835 9.0000000 9.0000000 9.0000000 2.4141569 3.2381161 0.0411062 0.0000000 1.5901977 1.5111773 
t7         1.4396946 1.2070784 2.1983953 3.2381161 2.0310377 2.0310377 1.5901977 1.6785349 1.3744361 1.4396946 0.4348639 1.2588231 0.9913169 0.8864954 1.5901977 1.0703373 1.5901977 1.5901977 0.0000000 0.0306165 
t16        1.5111773 1.3144041 2.4141569 9.0000000 2.0310377 2.0310377 1.5901977 1.8942965 1.3744361 1.3144041 0.4529370 1.4396946 1.0703373 0.9547243 1.5111773 0.9913169 1.5111773 1.5111773 0.0306165 0.0000000 
