20
t14        0.0000000 1.6785349 1.2070784 1.5901977 1.3744361 1.7786835 1.5901977 1.5901977 1.8942965 1.4396946 1.3144041 2.4141569 1.4396946 1.7786835 1.7786835 1.5111773 1.4396946 1.5111773 1.4396946 1.3744361 
t16        1.6785349 0.0000000 1.5111773 1.5901977 2.1983953 1.5111773 1.1132061 1.5111773 1.6785349 1.6785349 1.3144041 1.5901977 1.2588231 1.2070784 1.1586745 1.5111773 1.5901977 1.5111773 1.1132061 1.1132061 
t4         1.2070784 1.5111773 0.0000000 1.4396946 2.0310377 1.2588231 1.2070784 1.0703373 1.1586745 0.9547243 0.9913169 1.4396946 1.1132061 1.2588231 0.7389627 0.9913169 0.6626257 0.6388142 1.3744361 1.2588231 
t2         1.5901977 1.5901977 1.4396946 0.0000000 1.2588231 1.3744361 1.1132061 1.5111773 2.0310377 1.1132061 1.3744361 1.4396946 1.4396946 1.7786835 1.2588231 1.7786835 1.3144041 1.2070784 1.6785349 1.6785349 
t18        1.3744361 2.1983953 2.0310377 1.2588231 0.0000000 1.2588231 1.3144041 1.1586745 1.6785349 1.2588231 1.5111773 1.3144041 1.6785349 1.8942965 2.0310377 2.0310377 1.2588231 1.3144041 1.5111773 1.5901977 
t7         1.7786835 1.5111773 1.2588231 1.3744361 1.2588231 0.0000000 0.6872180 1.1586745 1.7786835 1.3144041 0.9913169 1.0703373 1.6785349 1.6785349 1.1586745 1.5901977 1.3744361 1.2070784 2.7182557 2.1983953 
t1         1.5901977 1.1132061 1.2070784 1.1132061 1.3144041 0.6872180 0.0000000 1.1132061 1.5901977 0.9913169 0.9913169 0.9547243 1.7786835 1.5111773 1.3144041 1.5111773 1.3744361 1.1132061 1.5111773 1.5111773 
t9         1.5901977 1.5111773 1.0703373 1.5111773 1.1586745 1.1586745 1.1132061 0.0000000 0.7662384 0.6157354 0.9913169 1.0297869 0.7945437 0.8864954 1.0703373 1.3144041 1.0297869 0.9913169 0.7126442 0.7662384 
t12        1.8942965 1.6785349 1.1586745 2.0310377 1.6785349 1.7786835 1.5901977 0.7662384 0.0000000 0.9198342 1.1586745 1.7786835 0.9547243 1.0297869 1.2070784 1.3744361 1.1586745 1.1586745 0.8864954 1.0297869 
t10        1.4396946 1.6785349 0.9547243 1.1132061 1.2588231 1.3144041 0.9913169 0.6157354 0.9198342 0.0000000 1.2070784 1.7786835 0.8239592 0.8864954 1.0703373 1.2588231 0.9198342 0.9198342 0.7945437 0.8545757 
t15        1.3144041 1.3144041 0.9913169 1.3744361 1.5111773 0.9913169 0.9913169 0.9913169 1.1586745 1.2070784 0.0000000 0.5504769 1.2070784 1.4396946 1.1132061 1.5901977 1.3744361 1.4396946 1.3144041 1.2070784 
t6         2.4141569 1.5901977 1.4396946 1.4396946 1.3144041 1.0703373 0.9547243 1.0297869 1.7786835 1.7786835 0.5504769 0.0000000 1.4396946 1.6785349 1.1132061 1.5901977 1.2070784 1.4396946 1.2588231 1.1586745 
t20        1.4396946 1.2588231 1.1132061 1.4396946 1.6785349 1.6785349 1.7786835 0.7945437 0.9547243 0.8239592 1.2070784 1.4396946 0.0000000 0.2326162 0.9198342 1.2588231 1.0703373 0.9547243 0.2326162 0.2326162 
t17        1.7786835 1.2070784 1.2588231 1.7786835 1.8942965 1.6785349 1.5111773 0.8864954 1.0297869 0.8864954 1.4396946 1.6785349 0.2326162 0.0000000 0.9547243 1.2070784 1.1586745 1.2070784 0.2326162 0.2463781 
t19        1.7786835 1.1586745 0.7389627 1.2588231 2.0310377 1.1586745 1.3144041 1.0703373 1.2070784 1.0703373 1.1132061 1.1132061 0.9198342 0.9547243 0.0000000 0.3347153 0.6388142 0.5099265 0.9198342 0.9198342 
t11        1.5111773 1.5111773 0.9913169 1.7786835 2.0310377 1.5901977 1.5111773 1.3144041 1.3744361 1.2588231 1.5901977 1.5901977 1.2588231 1.2070784 0.3347153 0.0000000 0.6388142 0.5716050 1.0297869 0.9913169 
t3         1.4396946 1.5901977 0.6626257 1.3144041 1.2588231 1.3744361 1.3744361 1.0297869 1.1586745 0.9198342 1.3744361 1.2070784 1.0703373 1.1586745 0.6388142 0.6388142 0.0000000 0.2191023 1.0297869 1.0297869 
t13        1.5111773 1.5111773 0.6388142 1.2070784 1.3144041 1.2070784 1.1132061 0.9913169 1.1586745 0.9198342 1.4396946 1.4396946 0.9547243 1.2070784 0.5099265 0.5716050 0.2191023 0.0000000 1.0703373 1.0297869 
t5         1.4396946 1.1132061 1.3744361 1.6785349 1.5111773 2.7182557 1.5111773 0.7126442 0.8864954 0.7945437 1.3144041 1.2588231 0.2326162 0.2326162 0.9198342 1.0297869 1.0297869 1.0703373 0.0000000 0.0845966 
t8         1.3744361 1.1132061 1.2588231 1.6785349 1.5901977 2.1983953 1.5111773 0.7662384 1.0297869 0.8545757 1.2070784 1.1586745 0.2326162 0.2463781 0.9198342 0.9913169 1.0297869 1.0297869 0.0845966 0.0000000 
