20
t4         0.0000000 3.2381161 9.0000000 3.2381161 9.0000000 3.2381161 9.0000000 9.0000000 2.4141569 1.7786835 2.1983953 9.0000000 2.4141569 2.4141569 3.2381161 9.0000000 3.2381161 9.0000000 9.0000000 9.0000000 
t10        3.2381161 0.0000000 1.0297869 1.1132061 1.6785349 1.7786835 2.1983953 1.4396946 1.6785349 1.1132061 3.2381161 1.5901977 1.6785349 1.8942965 0.9198342 0.9547243 0.6872180 0.8864954 2.0310377 2.4141569 
t15        9.0000000 1.0297869 0.0000000 1.5901977 1.3744361 2.0310377 9.0000000 1.3744361 2.0310377 1.6785349 9.0000000 2.0310377 9.0000000 2.1983953 0.9913169 1.4396946 0.9198342 1.2070784 9.0000000 9.0000000 
t12        3.2381161 1.1132061 1.5901977 0.0000000 2.1983953 1.8942965 1.7786835 1.8942965 9.0000000 1.8942965 9.0000000 2.7182557 3.2381161 2.1983953 3.2381161 1.7786835 1.2070784 1.5901977 1.8942965 2.4141569 
t3         9.0000000 1.6785349 1.3744361 2.1983953 0.0000000 1.2070784 2.1983953 1.0297869 1.5901977 1.5111773 9.0000000 2.1983953 1.8942965 9.0000000 1.3744361 1.6785349 1.4396946 1.6785349 1.2588231 1.0297869 
t1         3.2381161 1.7786835 2.0310377 1.8942965 1.2070784 0.0000000 2.0310377 0.8545757 1.4396946 1.5111773 1.6785349 2.7182557 9.0000000 9.0000000 1.8942965 2.0310377 1.5111773 9.0000000 0.7945437 0.8239592 
t9         9.0000000 2.1983953 9.0000000 1.7786835 2.1983953 2.0310377 0.0000000 1.7786835 3.2381161 3.2381161 9.0000000 1.8942965 3.2381161 9.0000000 1.8942965 1.8942965 1.8942965 1.6785349 2.0310377 2.4141569 
t11        9.0000000 1.4396946 1.3744361 1.8942965 1.0297869 0.8545757 1.7786835 0.0000000 0.4172160 1.3744361 2.4141569 3.2381161 2.1983953 2.1983953 2.4141569 1.7786835 1.5111773 2.1983953 0.9547243 0.7945437 
t16        2.4141569 1.6785349 2.0310377 9.0000000 1.5901977 1.4396946 3.2381161 0.4172160 0.0000000 1.5901977 9.0000000 1.8942965 2.1983953 2.0310377 9.0000000 9.0000000 1.2070784 1.6785349 1.1586745 0.8239592 
t7         1.7786835 1.1132061 1.6785349 1.8942965 1.5111773 1.5111773 3.2381161 1.3744361 1.5901977 0.0000000 0.9913169 1.5111773 9.0000000 2.4141569 1.5901977 1.8942965 1.2588231 1.4396946 1.7786835 1.5901977 
t13        2.1983953 3.2381161 9.0000000 9.0000000 9.0000000 1.6785349 9.0000000 2.4141569 9.0000000 0.9913169 0.0000000 9.0000000 2.1983953 2.4141569 9.0000000 9.0000000 9.0000000 9.0000000 1.8942965 1.7786835 
t5         9.0000000 1.5901977 2.0310377 2.7182557 2.1983953 2.7182557 1.8942965 3.2381161 1.8942965 1.5111773 9.0000000 0.0000000 1.8942965 1.7786835 1.2588231 1.5901977 2.1983953 3.2381161 9.0000000 9.0000000 
t17        2.4141569 1.6785349 9.0000000 3.2381161 1.8942965 9.0000000 3.2381161 2.1983953 2.1983953 9.0000000 2.1983953 1.8942965 0.0000000 0.4529370 1.8942965 2.4141569 2.0310377 1.8942965 9.0000000 1.8942965 
t19        2.4141569 1.8942965 2.1983953 2.1983953 9.0000000 9.0000000 9.0000000 2.1983953 2.0310377 2.4141569 2.4141569 1.7786835 0.4529370 0.0000000 9.0000000 9.0000000 1.3744361 1.5901977 9.0000000 9.0000000 
t18        3.2381161 0.9198342 0.9913169 3.2381161 1.3744361 1.8942965 1.8942965 2.4141569 9.0000000 1.5901977 9.0000000 1.2588231 1.8942965 9.0000000 0.0000000 0.3666350 1.3744361 1.5111773 1.8942965 2.0310377 
t20        9.0000000 0.9547243 1.4396946 1.7786835 1.6785349 2.0310377 1.8942965 1.7786835 9.0000000 1.8942965 9.0000000 1.5901977 2.4141569 9.0000000 0.3666350 0.0000000 1.3144041 1.2070784 2.0310377 3.2381161 
t6         3.2381161 0.6872180 0.9198342 1.2070784 1.4396946 1.5111773 1.8942965 1.5111773 1.2070784 1.2588231 9.0000000 2.1983953 2.0310377 1.3744361 1.3744361 1.3144041 0.0000000 0.3831192 2.4141569 2.7182557 
t14        9.0000000 0.8864954 1.2070784 1.5901977 1.6785349 9.0000000 1.6785349 2.1983953 1.6785349 1.4396946 9.0000000 3.2381161 1.8942965 1.5901977 1.5111773 1.2070784 0.3831192 0.0000000 2.1983953 2.4141569 
t8         9.0000000 2.0310377 9.0000000 1.8942965 1.2588231 0.7945437 2.0310377 0.9547243 1.1586745 1.7786835 1.8942965 9.0000000 9.0000000 9.0000000 1.8942965 2.0310377 2.4141569 2.1983953 0.0000000 0.2603971 
t2         9.0000000 2.4141569 9.0000000 2.4141569 1.0297869 0.8239592 2.4141569 0.7945437 0.8239592 1.5901977 1.7786835 9.0000000 1.8942965 9.0000000 2.0310377 3.2381161 2.7182557 2.4141569 0.2603971 0.0000000 
