20
t6         0.0000000 1.0297869 1.5901977 0.9198342 0.8239592 1.7786835 0.9198342 1.2070784 1.7786835 1.3144041 1.2070784 1.1586745 1.0297869 2.4141569 2.0310377 2.0310377 1.4396946 1.7786835 2.0310377 1.8942965 
t20        1.0297869 0.0000000 1.1132061 0.8864954 1.0297869 1.4396946 0.9198342 1.2588231 1.3144041 0.9913169 0.9547243 0.9198342 0.8545757 1.6785349 1.3144041 1.3144041 1.3744361 2.0310377 1.4396946 1.3744361 
t9         1.5901977 1.1132061 0.0000000 1.1132061 1.0703373 1.5111773 0.9198342 1.2070784 1.2070784 0.6388142 0.8545757 1.3144041 0.9198342 1.5111773 1.2588231 1.0297869 2.7182557 1.5901977 1.3144041 0.9913169 
t7         0.9198342 0.8864954 1.1132061 0.0000000 0.5299277 0.9547243 0.8864954 0.9547243 1.1132061 0.6872180 0.7662384 0.6157354 0.5504769 1.1586745 0.9913169 0.8864954 0.8545757 0.9198342 1.0297869 0.9547243 
t1         0.8239592 1.0297869 1.0703373 0.5299277 0.0000000 0.9913169 0.9198342 0.9547243 1.3744361 0.8239592 0.9547243 0.5933457 0.6157354 1.4396946 1.1586745 1.1132061 0.8545757 0.9547243 1.1586745 1.1586745 
t12        1.7786835 1.4396946 1.5111773 0.9547243 0.9913169 0.0000000 1.2588231 1.4396946 1.8942965 1.1586745 1.5901977 1.0703373 0.8239592 1.6785349 1.5901977 1.5111773 0.9547243 0.7662384 1.5901977 1.4396946 
t16        0.9198342 0.9198342 0.9198342 0.8864954 0.9198342 1.2588231 0.0000000 0.6388142 1.3144041 0.9547243 0.9547243 0.9913169 0.9913169 1.1586745 1.1132061 0.9198342 1.8942965 1.3744361 1.1132061 1.1132061 
t8         1.2070784 1.2588231 1.2070784 0.9547243 0.9547243 1.4396946 0.6388142 0.0000000 1.5111773 1.1132061 1.0703373 1.0703373 0.9547243 1.5111773 1.3744361 1.3744361 1.0703373 1.0703373 1.3144041 1.4396946 
t3         1.7786835 1.3144041 1.2070784 1.1132061 1.3744361 1.8942965 1.3144041 1.5111773 0.0000000 1.2070784 1.6785349 1.3744361 1.5901977 0.5504769 0.5099265 0.7945437 1.6785349 1.6785349 0.6388142 0.5933457 
t5         1.3144041 0.9913169 0.6388142 0.6872180 0.8239592 1.1586745 0.9547243 1.1132061 1.2070784 0.0000000 0.3192509 0.8239592 0.7126442 1.1132061 1.2070784 1.2070784 1.3744361 1.1132061 1.0297869 0.9198342 
t10        1.2070784 0.9547243 0.8545757 0.7662384 0.9547243 1.5901977 0.9547243 1.0703373 1.6785349 0.3192509 0.0000000 0.8239592 0.7945437 1.1586745 1.3144041 1.3144041 1.5111773 1.2588231 1.2070784 1.1586745 
t13        1.1586745 0.9198342 1.3144041 0.6157354 0.5933457 1.0703373 0.9913169 1.0703373 1.3744361 0.8239592 0.8239592 0.0000000 0.3347153 1.2588231 1.2070784 1.3744361 1.2070784 1.5111773 1.2588231 1.2588231 
t4         1.0297869 0.8545757 0.9198342 0.5504769 0.6157354 0.8239592 0.9913169 0.9547243 1.5901977 0.7126442 0.7945437 0.3347153 0.0000000 1.5111773 1.4396946 1.3144041 0.9913169 1.2070784 1.3144041 1.2588231 
t18        2.4141569 1.6785349 1.5111773 1.1586745 1.4396946 1.6785349 1.1586745 1.5111773 0.5504769 1.1132061 1.1586745 1.2588231 1.5111773 0.0000000 0.2326162 0.5299277 1.8942965 1.5111773 0.5099265 0.5299277 
t11        2.0310377 1.3144041 1.2588231 0.9913169 1.1586745 1.5901977 1.1132061 1.3744361 0.5099265 1.2070784 1.3144041 1.2070784 1.4396946 0.2326162 0.0000000 0.6157354 2.4141569 1.7786835 0.6388142 0.5933457 
t15        2.0310377 1.3144041 1.0297869 0.8864954 1.1132061 1.5111773 0.9198342 1.3744361 0.7945437 1.2070784 1.3144041 1.3744361 1.3144041 0.5299277 0.6157354 0.0000000 2.7182557 2.0310377 0.2746833 0.2463781 
t14        1.4396946 1.3744361 2.7182557 0.8545757 0.8545757 0.9547243 1.8942965 1.0703373 1.6785349 1.3744361 1.5111773 1.2070784 0.9913169 1.8942965 2.4141569 2.7182557 0.0000000 0.4348639 2.7182557 3.2381161 
t19        1.7786835 2.0310377 1.5901977 0.9198342 0.9547243 0.7662384 1.3744361 1.0703373 1.6785349 1.1132061 1.2588231 1.5111773 1.2070784 1.5111773 1.7786835 2.0310377 0.4348639 0.0000000 2.1983953 2.0310377 
t17        2.0310377 1.4396946 1.3144041 1.0297869 1.1586745 1.5901977 1.1132061 1.3144041 0.6388142 1.0297869 1.2070784 1.2588231 1.3144041 0.5099265 0.6388142 0.2746833 2.7182557 2.1983953 0.0000000 0.0958750 
t2         1.8942965 1.3744361 0.9913169 0.9547243 1.1586745 1.4396946 1.1132061 1.4396946 0.5933457 0.9198342 1.1586745 1.2588231 1.2588231 0.5299277 0.5933457 0.2463781 3.2381161 2.0310377 0.0958750 0.0000000 
