20
t2         0.0000000 0.9547243 0.9913169 0.8545757 1.0703373 0.6872180 0.7389627 0.9198342 0.8545757 0.9198342 0.9198342 0.7389627 1.0297869 1.0703373 0.6872180 0.6626257 0.9547243 0.9198342 0.9913169 0.9913169 
t10        0.9547243 0.0000000 0.5299277 0.4348639 0.5504769 0.6872180 0.7389627 0.5299277 0.4904449 0.5716050 0.8239592 0.6388142 0.6157354 0.5933457 0.6626257 0.7126442 0.5933457 0.5504769 0.6157354 0.6388142 
t16        0.9913169 0.5299277 0.0000000 0.4904449 0.5504769 0.6872180 0.6872180 0.7662384 0.7389627 0.6872180 0.8545757 0.6157354 0.5504769 0.5716050 0.6872180 0.7126442 0.7945437 0.7389627 0.5716050 0.6157354 
t11        0.8545757 0.4348639 0.4904449 0.0000000 0.5933457 0.5716050 0.5504769 0.3040988 0.3040988 0.5299277 0.4904449 0.4714565 0.5933457 0.6388142 0.5299277 0.5299277 0.6626257 0.6157354 0.6157354 0.6388142 
t1         1.0703373 0.5504769 0.5504769 0.5933457 0.0000000 0.6872180 0.7662384 0.7126442 0.7126442 0.7126442 0.7945437 0.6872180 0.3192509 0.3192509 0.7126442 0.7126442 0.7662384 0.7126442 0.2892469 0.3040988 
t17        0.6872180 0.6872180 0.6872180 0.5716050 0.6872180 0.0000000 0.2058276 0.7662384 0.6872180 0.6872180 0.6872180 0.5504769 0.7945437 0.8239592 0.3666350 0.3666350 0.7389627 0.7126442 0.7662384 0.7945437 
t20        0.7389627 0.7389627 0.6872180 0.5504769 0.7662384 0.2058276 0.0000000 0.7945437 0.7126442 0.6157354 0.6872180 0.5504769 0.8864954 0.9198342 0.3831192 0.3666350 0.6626257 0.6388142 0.7945437 0.7945437 
t6         0.9198342 0.5299277 0.7662384 0.3040988 0.7126442 0.7662384 0.7945437 0.0000000 0.1673577 0.6388142 0.6872180 0.5933457 0.8545757 0.8545757 0.5933457 0.6157354 0.7662384 0.7126442 0.7662384 0.7945437 
t7         0.8545757 0.4904449 0.7389627 0.3040988 0.7126442 0.6872180 0.7126442 0.1673577 0.0000000 0.6157354 0.7662384 0.5933457 0.7945437 0.8239592 0.5504769 0.5716050 0.7389627 0.7389627 0.7126442 0.7389627 
t15        0.9198342 0.5716050 0.6872180 0.5299277 0.7126442 0.6872180 0.6157354 0.6388142 0.6157354 0.0000000 0.2603971 0.2326162 0.7389627 0.7945437 0.6157354 0.6157354 0.2326162 0.2191023 0.6626257 0.7126442 
t4         0.9198342 0.8239592 0.8545757 0.4904449 0.7945437 0.6872180 0.6872180 0.6872180 0.7662384 0.2603971 0.0000000 0.2326162 0.9913169 0.9198342 0.6157354 0.5716050 0.3347153 0.3192509 0.8864954 0.9547243 
t3         0.7389627 0.6388142 0.6157354 0.4714565 0.6872180 0.5504769 0.5504769 0.5933457 0.5933457 0.2326162 0.2326162 0.0000000 0.6872180 0.7662384 0.4529370 0.4348639 0.2603971 0.2463781 0.6626257 0.6388142 
t13        1.0297869 0.6157354 0.5504769 0.5933457 0.3192509 0.7945437 0.8864954 0.8545757 0.7945437 0.7389627 0.9913169 0.6872180 0.0000000 0.1073256 0.7945437 0.7945437 0.7662384 0.6872180 0.1673577 0.1673577 
t8         1.0703373 0.5933457 0.5716050 0.6388142 0.3192509 0.8239592 0.9198342 0.8545757 0.8239592 0.7945437 0.9198342 0.7662384 0.1073256 0.0000000 0.8239592 0.7945437 0.8545757 0.7662384 0.2191023 0.2326162 
t19        0.6872180 0.6626257 0.6872180 0.5299277 0.7126442 0.3666350 0.3831192 0.5933457 0.5504769 0.6157354 0.6157354 0.4529370 0.7945437 0.8239592 0.0000000 0.0734853 0.6157354 0.5933457 0.7389627 0.7662384 
t9         0.6626257 0.7126442 0.7126442 0.5299277 0.7126442 0.3666350 0.3666350 0.6157354 0.5716050 0.6157354 0.5716050 0.4348639 0.7945437 0.7945437 0.0734853 0.0000000 0.6157354 0.5933457 0.7389627 0.7945437 
t5         0.9547243 0.5933457 0.7945437 0.6626257 0.7662384 0.7389627 0.6626257 0.7662384 0.7389627 0.2326162 0.3347153 0.2603971 0.7662384 0.8545757 0.6157354 0.6157354 0.0000000 0.0306165 0.7662384 0.7662384 
t18        0.9198342 0.5504769 0.7389627 0.6157354 0.7126442 0.7126442 0.6388142 0.7126442 0.7389627 0.2191023 0.3192509 0.2463781 0.6872180 0.7662384 0.5933457 0.5933457 0.0306165 0.0000000 0.6872180 0.6872180 
t14        0.9913169 0.6157354 0.5716050 0.6157354 0.2892469 0.7662384 0.7945437 0.7662384 0.7126442 0.6626257 0.8864954 0.6626257 0.1673577 0.2191023 0.7389627 0.7389627 0.7662384 0.6872180 0.0000000 0.0202715 
t12        0.9913169 0.6388142 0.6157354 0.6388142 0.3040988 0.7945437 0.7945437 0.7945437 0.7389627 0.7126442 0.9547243 0.6388142 0.1673577 0.2326162 0.7662384 0.7945437 0.7662384 0.6872180 0.0202715 0.0000000 
