20
t18        0.0000000 0.8239592 2.0310377 0.7945437 0.9913169 0.9547243 1.3144041 1.3744361 1.2070784 0.9547243 1.0703373 0.8545757 1.1132061 0.9198342 0.9547243 0.7389627 1.0703373 1.1132061 0.7126442 0.7945437 
t7         0.8239592 0.0000000 1.5901977 1.1586745 1.2070784 1.1132061 1.0297869 1.4396946 0.8239592 0.9547243 0.9547243 0.8864954 1.4396946 1.1132061 0.9913169 0.8545757 1.2070784 1.2588231 0.8864954 0.9547243 
t6         2.0310377 1.5901977 0.0000000 1.3144041 9.0000000 2.4141569 9.0000000 2.0310377 9.0000000 2.7182557 1.8942965 1.8942965 2.4141569 1.7786835 2.7182557 2.4141569 2.4141569 9.0000000 3.2381161 3.2381161 
t10        0.7945437 1.1586745 1.3144041 0.0000000 1.2070784 0.9913169 0.9547243 1.1586745 1.3744361 0.7945437 0.9198342 0.9547243 1.2070784 1.1132061 0.8545757 0.5933457 1.1132061 1.1586745 0.6388142 0.6626257 
t16        0.9913169 1.2070784 9.0000000 1.2070784 0.0000000 0.8545757 1.5111773 1.6785349 1.7786835 1.1586745 1.5901977 1.2070784 1.5111773 1.1586745 1.0703373 0.7945437 1.5901977 1.8942965 0.9913169 1.1132061 
t20        0.9547243 1.1132061 2.4141569 0.9913169 0.8545757 0.0000000 1.2588231 1.0297869 1.0703373 1.1586745 1.7786835 1.1132061 1.3144041 1.3744361 1.1132061 0.8545757 1.1586745 1.2070784 0.9547243 0.9913169 
t14        1.3144041 1.0297869 9.0000000 0.9547243 1.5111773 1.2588231 0.0000000 1.8942965 1.6785349 0.9198342 0.9198342 0.6872180 1.5111773 1.7786835 0.8545757 0.6388142 0.7662384 0.8545757 0.6157354 0.7126442 
t19        1.3744361 1.4396946 2.0310377 1.1586745 1.6785349 1.0297869 1.8942965 0.0000000 0.8864954 1.2588231 1.1586745 1.4396946 1.1586745 0.9547243 1.2070784 1.0297869 1.5111773 1.2070784 0.9913169 0.9913169 
t17        1.2070784 0.8239592 9.0000000 1.3744361 1.7786835 1.0703373 1.6785349 0.8864954 0.0000000 1.1132061 1.7786835 1.3144041 0.8239592 0.7945437 1.1586745 1.0297869 1.5111773 1.1586745 1.0703373 1.1132061 
t2         0.9547243 0.9547243 2.7182557 0.7945437 1.1586745 1.1586745 0.9198342 1.2588231 1.1132061 0.0000000 1.0297869 0.8239592 1.4396946 1.0703373 0.8239592 0.5504769 0.9913169 0.9913169 0.6157354 0.5716050 
t12        1.0703373 0.9547243 1.8942965 0.9198342 1.5901977 1.7786835 0.9198342 1.1586745 1.7786835 1.0297869 0.0000000 0.6157354 1.3144041 1.2070784 0.9547243 0.8239592 0.9198342 0.8545757 0.7945437 0.7662384 
t9         0.8545757 0.8864954 1.8942965 0.9547243 1.2070784 1.1132061 0.6872180 1.4396946 1.3144041 0.8239592 0.6157354 0.0000000 1.1132061 0.9913169 0.7945437 0.6157354 0.7662384 0.8545757 0.6872180 0.6626257 
t1         1.1132061 1.4396946 2.4141569 1.2070784 1.5111773 1.3144041 1.5111773 1.1586745 0.8239592 1.4396946 1.3144041 1.1132061 0.0000000 0.2326162 1.3744361 1.3144041 1.2588231 1.1586745 1.3744361 1.2070784 
t15        0.9198342 1.1132061 1.7786835 1.1132061 1.1586745 1.3744361 1.7786835 0.9547243 0.7945437 1.0703373 1.2070784 0.9913169 0.2326162 0.0000000 1.3744361 0.9913169 1.1586745 1.0297869 1.0703373 1.0297869 
t8         0.9547243 0.9913169 2.7182557 0.8545757 1.0703373 1.1132061 0.8545757 1.2070784 1.1586745 0.8239592 0.9547243 0.7945437 1.3744361 1.3744361 0.0000000 0.3831192 0.9198342 1.0297869 0.3831192 0.4348639 
t5         0.7389627 0.8545757 2.4141569 0.5933457 0.7945437 0.8545757 0.6388142 1.0297869 1.0297869 0.5504769 0.8239592 0.6157354 1.3144041 0.9913169 0.3831192 0.0000000 0.6872180 0.7389627 0.1189538 0.1427653 
t11        1.0703373 1.2070784 2.4141569 1.1132061 1.5901977 1.1586745 0.7662384 1.5111773 1.5111773 0.9913169 0.9198342 0.7662384 1.2588231 1.1586745 0.9198342 0.6872180 0.0000000 0.1427653 0.6872180 0.7389627 
t4         1.1132061 1.2588231 9.0000000 1.1586745 1.8942965 1.2070784 0.8545757 1.2070784 1.1586745 0.9913169 0.8545757 0.8545757 1.1586745 1.0297869 1.0297869 0.7389627 0.1427653 0.0000000 0.7662384 0.7945437 
t3         0.7126442 0.8864954 3.2381161 0.6388142 0.9913169 0.9547243 0.6157354 0.9913169 1.0703373 0.6157354 0.7945437 0.6872180 1.3744361 1.0703373 0.3831192 0.1189538 0.6872180 0.7662384 0.0000000 0.1073256 
t13        0.7945437 0.9547243 3.2381161 0.6626257 1.1132061 0.9913169 0.7126442 0.9913169 1.1132061 0.5716050 0.7662384 0.6626257 1.2070784 1.0297869 0.4348639 0.1427653 0.7389627 0.7945437 0.1073256 0.0000000 
