20
t12        0.0000000 0.6626257 0.7389627 0.7945437 0.8864954 0.5299277 1.2588231 0.7389627 0.5099265 1.1586745 0.5299277 0.6626257 1.1586745 1.1132061 0.9198342 0.9913169 0.6872180 0.6626257 0.7945437 0.8239592 
t4         0.6626257 0.0000000 0.6388142 0.5933457 0.7662384 0.3347153 1.2070784 0.3505054 0.2191023 1.1132061 0.4172160 0.3999739 1.0703373 1.1586745 0.6626257 0.6388142 0.3192509 0.3505054 0.5504769 0.5299277 
t9         0.7389627 0.6388142 0.0000000 0.7389627 1.0297869 0.5099265 1.0297869 0.6388142 0.5299277 1.1586745 0.6157354 0.7126442 1.1586745 1.1586745 0.4529370 0.4904449 0.6388142 0.6872180 0.9913169 0.9913169 
t11        0.7945437 0.5933457 0.7389627 0.0000000 0.8545757 0.5099265 1.3744361 0.4904449 0.4172160 1.2588231 0.3831192 0.3831192 1.3144041 1.4396946 0.6157354 0.6626257 0.5299277 0.5504769 0.6388142 0.6626257 
t7         0.8864954 0.7662384 1.0297869 0.8545757 0.0000000 0.5299277 2.0310377 0.6626257 0.5933457 1.5111773 0.6626257 0.7389627 1.6785349 1.6785349 1.1586745 1.2070784 0.7662384 0.7662384 1.1586745 1.1132061 
t19        0.5299277 0.3347153 0.5099265 0.5099265 0.5299277 0.0000000 1.1132061 0.3666350 0.2058276 1.1132061 0.3831192 0.3831192 1.1132061 1.1586745 0.6626257 0.7126442 0.3192509 0.3192509 0.6626257 0.6388142 
t2         1.2588231 1.2070784 1.0297869 1.3744361 2.0310377 1.1132061 0.0000000 1.3144041 1.0703373 0.2746833 1.4396946 1.4396946 0.3040988 0.3347153 1.7786835 1.8942965 1.3144041 1.3744361 1.8942965 1.8942965 
t14        0.7389627 0.3505054 0.6388142 0.4904449 0.6626257 0.3666350 1.3144041 0.0000000 0.1673577 1.3144041 0.3999739 0.4172160 1.3144041 1.3744361 0.5933457 0.5933457 0.3347153 0.3347153 0.6872180 0.6626257 
t8         0.5099265 0.2191023 0.5299277 0.4172160 0.5933457 0.2058276 1.0703373 0.1673577 0.0000000 1.1586745 0.2746833 0.2892469 1.1586745 1.2588231 0.5504769 0.5933457 0.2191023 0.2191023 0.5299277 0.5099265 
t1         1.1586745 1.1132061 1.1586745 1.2588231 1.5111773 1.1132061 0.2746833 1.3144041 1.1586745 0.0000000 1.3144041 1.2588231 0.0958750 0.0958750 1.6785349 1.7786835 1.1586745 1.2070784 1.6785349 1.6785349 
t5         0.5299277 0.4172160 0.6157354 0.3831192 0.6626257 0.3831192 1.4396946 0.3999739 0.2746833 1.3144041 0.0000000 0.1073256 1.3144041 1.4396946 0.6388142 0.6626257 0.4172160 0.3999739 0.2603971 0.2746833 
t16        0.6626257 0.3999739 0.7126442 0.3831192 0.7389627 0.3831192 1.4396946 0.4172160 0.2892469 1.2588231 0.1073256 0.0000000 1.2588231 1.3744361 0.6872180 0.7126442 0.4348639 0.3999739 0.2746833 0.2892469 
t17        1.1586745 1.0703373 1.1586745 1.3144041 1.6785349 1.1132061 0.3040988 1.3144041 1.1586745 0.0958750 1.3144041 1.2588231 0.0000000 0.0411062 1.7786835 1.8942965 1.0703373 1.1132061 1.5901977 1.5901977 
t10        1.1132061 1.1586745 1.1586745 1.4396946 1.6785349 1.1586745 0.3347153 1.3744361 1.2588231 0.0958750 1.4396946 1.3744361 0.0411062 0.0000000 1.7786835 1.8942965 1.0703373 1.1132061 1.7786835 1.7786835 
t13        0.9198342 0.6626257 0.4529370 0.6157354 1.1586745 0.6626257 1.7786835 0.5933457 0.5504769 1.6785349 0.6388142 0.6872180 1.7786835 1.7786835 0.0000000 0.0306165 0.7126442 0.7662384 0.8239592 0.7945437 
t18        0.9913169 0.6388142 0.4904449 0.6626257 1.2070784 0.7126442 1.8942965 0.5933457 0.5933457 1.7786835 0.6626257 0.7126442 1.8942965 1.8942965 0.0306165 0.0000000 0.7662384 0.8239592 0.7945437 0.7662384 
t20        0.6872180 0.3192509 0.6388142 0.5299277 0.7662384 0.3192509 1.3144041 0.3347153 0.2191023 1.1586745 0.4172160 0.4348639 1.0703373 1.0703373 0.7126442 0.7662384 0.0000000 0.0202715 0.6388142 0.6157354 
t3         0.6626257 0.3505054 0.6872180 0.5504769 0.7662384 0.3192509 1.3744361 0.3347153 0.2191023 1.2070784 0.3999739 0.3999739 1.1132061 1.1132061 0.7662384 0.8239592 0.0202715 0.0000000 0.5933457 0.5716050 
t6         0.7945437 0.5504769 0.9913169 0.6388142 1.1586745 0.6626257 1.8942965 0.6872180 0.5299277 1.6785349 0.2603971 0.2746833 1.5901977 1.7786835 0.8239592 0.7945437 0.6388142 0.5933457 0.0000000 0.0100673 
t15        0.8239592 0.5299277 0.9913169 0.6626257 1.1132061 0.6388142 1.8942965 0.6626257 0.5099265 1.6785349 0.2746833 0.2892469 1.5901977 1.7786835 0.7945437 0.7662384 0.6157354 0.5716050 0.0100673 0.0000000 
