20
t19        0.0000000 1.1132061 1.8942965 1.3744361 2.1983953 2.1983953 1.4396946 1.6785349 1.0703373 2.1983953 2.1983953 1.5901977 1.5111773 1.6785349 1.7786835 1.6785349 1.4396946 1.5111773 2.4141569 2.4141569 
t10        1.1132061 0.0000000 1.3144041 1.5901977 3.2381161 0.7945437 2.1983953 1.1132061 0.7389627 1.3744361 1.0703373 1.1586745 2.4141569 0.6388142 0.7126442 0.6626257 2.7182557 2.7182557 0.8545757 0.8545757 
t9         1.8942965 1.3144041 0.0000000 2.4141569 9.0000000 1.6785349 9.0000000 2.0310377 1.7786835 1.1132061 2.1983953 2.4141569 9.0000000 1.5901977 1.8942965 2.0310377 9.0000000 9.0000000 0.9913169 0.9913169 
t5         1.3744361 1.5901977 2.4141569 0.0000000 0.2892469 1.8942965 1.1132061 2.7182557 1.6785349 9.0000000 2.1983953 9.0000000 1.0703373 1.7786835 2.4141569 2.7182557 1.0703373 1.1586745 2.7182557 2.7182557 
t4         2.1983953 3.2381161 9.0000000 0.2892469 0.0000000 1.6785349 1.0297869 2.7182557 1.6785349 9.0000000 2.1983953 3.2381161 1.3744361 2.1983953 9.0000000 3.2381161 1.3144041 1.3744361 9.0000000 9.0000000 
t1         2.1983953 0.7945437 1.6785349 1.8942965 1.6785349 0.0000000 2.0310377 1.3744361 0.8864954 1.4396946 1.1132061 1.3144041 1.5901977 0.2191023 0.1927838 0.2463781 1.6785349 1.7786835 0.9547243 0.9547243 
t12        1.4396946 2.1983953 9.0000000 1.1132061 1.0297869 2.0310377 0.0000000 2.1983953 2.4141569 2.7182557 9.0000000 2.7182557 0.4714565 1.5901977 1.7786835 2.1983953 0.4348639 0.4348639 2.4141569 2.4141569 
t16        1.6785349 1.1132061 2.0310377 2.7182557 2.7182557 1.3744361 2.1983953 0.0000000 0.3347153 2.0310377 0.8864954 0.9547243 3.2381161 1.3744361 1.3144041 1.2588231 9.0000000 2.4141569 1.2070784 1.2070784 
t14        1.0703373 0.7389627 1.7786835 1.6785349 1.6785349 0.8864954 2.4141569 0.3347153 0.0000000 1.7786835 0.6157354 0.7126442 2.7182557 0.8545757 0.8239592 0.7662384 3.2381161 3.2381161 1.1132061 1.1132061 
t8         2.1983953 1.3744361 1.1132061 9.0000000 9.0000000 1.4396946 2.7182557 2.0310377 1.7786835 0.0000000 9.0000000 9.0000000 9.0000000 1.0703373 1.0297869 1.1132061 9.0000000 9.0000000 0.2892469 0.2892469 
t11        2.1983953 1.0703373 2.1983953 2.1983953 2.1983953 1.1132061 9.0000000 0.8864954 0.6157354 9.0000000 0.0000000 0.1549607 9.0000000 1.0703373 1.0297869 1.0703373 9.0000000 3.2381161 1.5111773 1.5111773 
t20        1.5901977 1.1586745 2.4141569 9.0000000 3.2381161 1.3144041 2.7182557 0.9547243 0.7126442 9.0000000 0.1549607 0.0000000 9.0000000 1.1586745 1.1586745 1.1586745 9.0000000 3.2381161 1.8942965 1.8942965 
t13        1.5111773 2.4141569 9.0000000 1.0703373 1.3744361 1.5901977 0.4714565 3.2381161 2.7182557 9.0000000 9.0000000 9.0000000 0.0000000 1.6785349 1.6785349 2.0310377 0.0411062 0.0734853 9.0000000 9.0000000 
t3         1.6785349 0.6388142 1.5901977 1.7786835 2.1983953 0.2191023 1.5901977 1.3744361 0.8545757 1.0703373 1.0703373 1.1586745 1.6785349 0.0000000 0.1073256 0.1189538 1.7786835 1.8942965 0.7945437 0.7945437 
t15        1.7786835 0.7126442 1.8942965 2.4141569 9.0000000 0.1927838 1.7786835 1.3144041 0.8239592 1.0297869 1.0297869 1.1586745 1.6785349 0.1073256 0.0000000 0.0958750 1.7786835 1.8942965 0.7662384 0.7662384 
t7         1.6785349 0.6626257 2.0310377 2.7182557 3.2381161 0.2463781 2.1983953 1.2588231 0.7662384 1.1132061 1.0703373 1.1586745 2.0310377 0.1189538 0.0958750 0.0000000 2.1983953 2.4141569 0.7945437 0.7945437 
t2         1.4396946 2.7182557 9.0000000 1.0703373 1.3144041 1.6785349 0.4348639 9.0000000 3.2381161 9.0000000 9.0000000 9.0000000 0.0411062 1.7786835 1.7786835 2.1983953 0.0000000 0.0306165 9.0000000 9.0000000 
t17        1.5111773 2.7182557 9.0000000 1.1586745 1.3744361 1.7786835 0.4348639 2.4141569 3.2381161 9.0000000 3.2381161 3.2381161 0.0734853 1.8942965 1.8942965 2.4141569 0.0306165 0.0000000 9.0000000 9.0000000 
t6         2.4141569 0.8545757 0.9913169 2.7182557 9.0000000 0.9547243 2.4141569 1.2070784 1.1132061 0.2892469 1.5111773 1.8942965 9.0000000 0.7945437 0.7662384 0.7945437 9.0000000 9.0000000 0.0000000 0.0000010 
t18        2.4141569 0.8545757 0.9913169 2.7182557 9.0000000 0.9547243 2.4141569 1.2070784 1.1132061 0.2892469 1.5111773 1.8942965 9.0000000 0.7945437 0.7662384 0.7945437 9.0000000 9.0000000 0.0000010 0.0000000 
