20
t5         0.0000000 2.7182557 2.1983953 2.7182557 9.0000000 2.4141569 9.0000000 2.7182557 9.0000000 9.0000000 2.0310377 2.0310377 2.4141569 1.5901977 9.0000000 9.0000000 9.0000000 9.0000000 9.0000000 9.0000000 
t8         2.7182557 0.0000000 2.4141569 1.7786835 9.0000000 0.7389627 1.3744361 1.6785349 9.0000000 9.0000000 0.9547243 1.5901977 1.5111773 1.8942965 2.0310377 2.4141569 1.0297869 0.9913169 1.3144041 1.3144041 
t10        2.1983953 2.4141569 0.0000000 0.8864954 1.6785349 3.2381161 2.0310377 2.4141569 1.6785349 1.3744361 9.0000000 3.2381161 1.5901977 1.7786835 2.4141569 2.4141569 3.2381161 2.4141569 2.7182557 2.7182557 
t20        2.7182557 1.7786835 0.8864954 0.0000000 1.0703373 2.4141569 2.0310377 2.1983953 1.3144041 1.2588231 1.7786835 1.6785349 1.2588231 1.6785349 1.5901977 1.5901977 1.7786835 1.6785349 2.7182557 2.7182557 
t17        9.0000000 9.0000000 1.6785349 1.0703373 0.0000000 2.0310377 9.0000000 9.0000000 0.5716050 0.5299277 1.7786835 2.7182557 3.2381161 9.0000000 9.0000000 2.4141569 2.0310377 1.7786835 9.0000000 9.0000000 
t2         2.4141569 0.7389627 3.2381161 2.4141569 2.0310377 0.0000000 1.0297869 0.8864954 1.6785349 2.0310377 0.3505054 1.5111773 1.5111773 2.0310377 0.9547243 1.1132061 0.4172160 0.3999739 0.9913169 0.9547243 
t15        9.0000000 1.3744361 2.0310377 2.0310377 9.0000000 1.0297869 0.0000000 0.1427653 9.0000000 3.2381161 1.1586745 2.7182557 1.8942965 1.8942965 0.2463781 0.2603971 1.1586745 1.3744361 0.1799630 0.1673577 
t7         2.7182557 1.6785349 2.4141569 2.1983953 9.0000000 0.8864954 0.1427653 0.0000000 9.0000000 3.2381161 0.9547243 2.7182557 2.1983953 2.7182557 0.2463781 0.2746833 1.0297869 1.3144041 0.2191023 0.2058276 
t18        9.0000000 9.0000000 1.6785349 1.3144041 0.5716050 1.6785349 9.0000000 9.0000000 0.0000000 0.1549607 3.2381161 1.8942965 2.7182557 9.0000000 2.7182557 9.0000000 9.0000000 3.2381161 9.0000000 9.0000000 
t13        9.0000000 9.0000000 1.3744361 1.2588231 0.5299277 2.0310377 3.2381161 3.2381161 0.1549607 0.0000000 9.0000000 1.7786835 3.2381161 9.0000000 2.0310377 2.1983953 9.0000000 9.0000000 2.4141569 2.7182557 
t1         2.0310377 0.9547243 9.0000000 1.7786835 1.7786835 0.3505054 1.1586745 0.9547243 3.2381161 9.0000000 0.0000000 1.6785349 1.5901977 1.8942965 1.0703373 1.1132061 0.1549607 0.1427653 0.9913169 0.9913169 
t3         2.0310377 1.5901977 3.2381161 1.6785349 2.7182557 1.5111773 2.7182557 2.7182557 1.8942965 1.7786835 1.6785349 0.0000000 0.3192509 0.2746833 2.7182557 3.2381161 1.6785349 1.4396946 9.0000000 9.0000000 
t9         2.4141569 1.5111773 1.5901977 1.2588231 3.2381161 1.5111773 1.8942965 2.1983953 2.7182557 3.2381161 1.5901977 0.3192509 0.0000000 0.2603971 1.7786835 1.6785349 1.4396946 1.4396946 2.0310377 2.1983953 
t11        1.5901977 1.8942965 1.7786835 1.6785349 9.0000000 2.0310377 1.8942965 2.7182557 9.0000000 9.0000000 1.8942965 0.2746833 0.2603971 0.0000000 2.4141569 2.0310377 1.7786835 1.6785349 2.7182557 2.7182557 
t4         9.0000000 2.0310377 2.4141569 1.5901977 9.0000000 0.9547243 0.2463781 0.2463781 2.7182557 2.0310377 1.0703373 2.7182557 1.7786835 2.4141569 0.0000000 0.1073256 1.1586745 1.2070784 0.3192509 0.3040988 
t12        9.0000000 2.4141569 2.4141569 1.5901977 2.4141569 1.1132061 0.2603971 0.2746833 9.0000000 2.1983953 1.1132061 3.2381161 1.6785349 2.0310377 0.1073256 0.0000000 1.2070784 1.3144041 0.3666350 0.3505054 
t6         9.0000000 1.0297869 3.2381161 1.7786835 2.0310377 0.4172160 1.1586745 1.0297869 9.0000000 9.0000000 0.1549607 1.6785349 1.4396946 1.7786835 1.1586745 1.2070784 0.0000000 0.0625362 1.0297869 0.9913169 
t16        9.0000000 0.9913169 2.4141569 1.6785349 1.7786835 0.3999739 1.3744361 1.3144041 3.2381161 9.0000000 0.1427653 1.4396946 1.4396946 1.6785349 1.2070784 1.3144041 0.0625362 0.0000000 1.2070784 1.1586745 
t14        9.0000000 1.3144041 2.7182557 2.7182557 9.0000000 0.9913169 0.1799630 0.2191023 9.0000000 2.4141569 0.9913169 9.0000000 2.0310377 2.7182557 0.3192509 0.3666350 1.0297869 1.2070784 0.0000000 0.0100673 
t19        9.0000000 1.3144041 2.7182557 2.7182557 9.0000000 0.9547243 0.1673577 0.2058276 9.0000000 2.7182557 0.9913169 9.0000000 2.1983953 2.7182557 0.3040988 0.3505054 0.9913169 1.1586745 0.0100673 0.0000000 
