20
t9         0.0000000 1.2070784 2.4141569 1.2070784 1.3144041 1.3144041 2.0310377 1.3144041 1.3144041 1.1586745 1.2588231 1.7786835 1.3144041 1.3744361 2.0310377 2.4141569 1.6785349 1.5901977 1.5111773 1.5111773 
t18        1.2070784 0.0000000 1.2588231 0.9198342 1.3144041 1.1132061 2.0310377 1.0703373 1.1586745 0.9913169 1.2070784 0.8864954 1.2070784 1.0297869 1.2070784 1.5901977 1.1132061 1.1586745 1.0703373 1.1132061 
t13        2.4141569 1.2588231 0.0000000 0.5933457 0.9198342 0.5099265 1.1132061 1.0297869 1.2588231 0.8239592 1.1132061 0.9547243 1.1132061 1.1132061 0.4904449 0.5299277 1.7786835 1.6785349 0.9198342 0.9198342 
t15        1.2070784 0.9198342 0.5933457 0.0000000 0.4172160 0.8239592 1.2588231 0.8545757 0.8239592 0.7389627 0.9913169 0.7662384 1.0703373 0.9198342 0.9547243 1.0297869 1.3144041 1.2588231 0.7389627 0.7389627 
t12        1.3144041 1.3144041 0.9198342 0.4172160 0.0000000 1.0703373 1.5901977 0.9547243 1.0297869 0.9198342 0.9913169 0.8864954 0.9913169 0.8864954 1.2588231 1.3144041 1.4396946 1.3744361 0.7126442 0.7126442 
t17        1.3144041 1.1132061 0.5099265 0.8239592 1.0703373 0.0000000 1.1586745 1.0297869 1.5111773 0.9198342 1.5111773 1.1132061 1.3744361 1.3144041 0.6626257 0.6872180 1.5111773 1.5111773 1.0703373 1.1132061 
t11        2.0310377 2.0310377 1.1132061 1.2588231 1.5901977 1.1586745 0.0000000 0.8239592 1.5111773 1.2588231 1.5111773 1.5111773 1.2588231 1.3744361 1.0703373 1.0297869 2.0310377 1.7786835 1.3744361 1.3744361 
t5         1.3144041 1.0703373 1.0297869 0.8545757 0.9547243 1.0297869 0.8239592 0.0000000 1.0703373 0.6157354 1.2070784 1.0297869 0.8239592 0.8239592 1.1132061 1.2070784 1.3744361 1.3744361 0.7389627 0.6872180 
t10        1.3144041 1.1586745 1.2588231 0.8239592 1.0297869 1.5111773 1.5111773 1.0703373 0.0000000 0.8545757 1.1132061 0.9198342 1.0297869 1.0297869 1.3144041 1.4396946 0.5099265 0.4348639 1.0297869 1.0297869 
t1         1.1586745 0.9913169 0.8239592 0.7389627 0.9198342 0.9198342 1.2588231 0.6157354 0.8545757 0.0000000 1.3144041 1.0297869 0.3666350 0.3999739 1.1132061 1.2588231 1.1586745 1.0703373 0.7126442 0.7126442 
t4         1.2588231 1.2070784 1.1132061 0.9913169 0.9913169 1.5111773 1.5111773 1.2070784 1.1132061 1.3144041 0.0000000 0.4348639 1.4396946 1.2070784 1.7786835 2.0310377 2.4141569 2.0310377 0.8864954 0.8239592 
t8         1.7786835 0.8864954 0.9547243 0.7662384 0.8864954 1.1132061 1.5111773 1.0297869 0.9198342 1.0297869 0.4348639 0.0000000 1.2070784 0.9198342 1.1132061 1.2588231 1.3744361 1.3144041 0.5933457 0.5716050 
t6         1.3144041 1.2070784 1.1132061 1.0703373 0.9913169 1.3744361 1.2588231 0.8239592 1.0297869 0.3666350 1.4396946 1.2070784 0.0000000 0.1799630 1.5111773 1.8942965 1.0297869 1.0297869 0.8864954 0.8864954 
t2         1.3744361 1.0297869 1.1132061 0.9198342 0.8864954 1.3144041 1.3744361 0.8239592 1.0297869 0.3999739 1.2070784 0.9198342 0.1799630 0.0000000 1.5111773 1.6785349 1.2070784 1.1132061 0.7389627 0.7945437 
t14        2.0310377 1.2070784 0.4904449 0.9547243 1.2588231 0.6626257 1.0703373 1.1132061 1.3144041 1.1132061 1.7786835 1.1132061 1.5111773 1.5111773 0.0000000 0.0958750 1.6785349 1.6785349 0.9913169 0.9547243 
t7         2.4141569 1.5901977 0.5299277 1.0297869 1.3144041 0.6872180 1.0297869 1.2070784 1.4396946 1.2588231 2.0310377 1.2588231 1.8942965 1.6785349 0.0958750 0.0000000 2.1983953 1.8942965 1.0703373 1.1132061 
t16        1.6785349 1.1132061 1.7786835 1.3144041 1.4396946 1.5111773 2.0310377 1.3744361 0.5099265 1.1586745 2.4141569 1.3744361 1.0297869 1.2070784 1.6785349 2.1983953 0.0000000 0.0411062 0.9198342 0.9913169 
t3         1.5901977 1.1586745 1.6785349 1.2588231 1.3744361 1.5111773 1.7786835 1.3744361 0.4348639 1.0703373 2.0310377 1.3144041 1.0297869 1.1132061 1.6785349 1.8942965 0.0411062 0.0000000 0.9547243 1.0297869 
t20        1.5111773 1.0703373 0.9198342 0.7389627 0.7126442 1.0703373 1.3744361 0.7389627 1.0297869 0.7126442 0.8864954 0.5933457 0.8864954 0.7389627 0.9913169 1.0703373 0.9198342 0.9547243 0.0000000 0.0202715 
t19        1.5111773 1.1132061 0.9198342 0.7389627 0.7126442 1.1132061 1.3744361 0.6872180 1.0297869 0.7126442 0.8239592 0.5716050 0.8864954 0.7945437 0.9547243 1.1132061 0.9913169 1.0297869 0.0202715 0.0000000 
