20
t2         0.0000000 2.7182557 0.8545757 1.1586745 9.0000000 3.2381161 1.3144041 1.8942965 2.0310377 2.4141569 1.2070784 1.3744361 1.5901977 0.7945437 1.8942965 1.3744361 1.6785349 2.1983953 2.4141569 1.8942965 
t4         2.7182557 0.0000000 9.0000000 1.8942965 2.1983953 2.4141569 9.0000000 2.4141569 9.0000000 9.0000000 9.0000000 9.0000000 9.0000000 9.0000000 9.0000000 9.0000000 9.0000000 9.0000000 9.0000000 9.0000000 
t14        0.8545757 9.0000000 0.0000000 0.3192509 2.0310377 1.2588231 0.9913169 1.3144041 1.1132061 1.5111773 0.9913169 1.1132061 0.6872180 0.4714565 0.9547243 1.0703373 1.2070784 1.5901977 1.0703373 1.0703373 
t12        1.1586745 1.8942965 0.3192509 0.0000000 2.4141569 1.2070784 1.1586745 1.3144041 1.0703373 2.0310377 1.0703373 1.2070784 0.7945437 0.6388142 1.0703373 1.3144041 1.6785349 2.4141569 1.1586745 1.3144041 
t16        9.0000000 2.1983953 2.0310377 2.4141569 0.0000000 9.0000000 1.1132061 2.7182557 3.2381161 9.0000000 1.5111773 1.3144041 2.0310377 1.4396946 1.8942965 9.0000000 2.4141569 2.1983953 1.0703373 1.1132061 
t3         3.2381161 2.4141569 1.2588231 1.2070784 9.0000000 0.0000000 2.0310377 9.0000000 2.4141569 9.0000000 1.5111773 1.8942965 2.0310377 1.7786835 1.8942965 2.0310377 2.1983953 1.8942965 1.7786835 2.1983953 
t10        1.3144041 9.0000000 0.9913169 1.1586745 1.1132061 2.0310377 0.0000000 3.2381161 1.7786835 2.1983953 0.3831192 0.3347153 1.1132061 0.9913169 2.0310377 1.7786835 9.0000000 2.7182557 0.8864954 1.0703373 
t11        1.8942965 2.4141569 1.3144041 1.3144041 2.7182557 9.0000000 3.2381161 0.0000000 0.6157354 0.7126442 2.7182557 9.0000000 1.7786835 1.7786835 0.6388142 0.7389627 0.5933457 0.8239592 2.0310377 9.0000000 
t6         2.0310377 9.0000000 1.1132061 1.0703373 3.2381161 2.4141569 1.7786835 0.6157354 0.0000000 0.6626257 1.6785349 1.5901977 1.2070784 1.2070784 0.7662384 0.9198342 0.6388142 0.9913169 1.7786835 2.1983953 
t20        2.4141569 9.0000000 1.5111773 2.0310377 9.0000000 9.0000000 2.1983953 0.7126442 0.6626257 0.0000000 9.0000000 9.0000000 1.6785349 2.0310377 0.8545757 0.9913169 0.3192509 0.4348639 9.0000000 2.7182557 
t15        1.2070784 9.0000000 0.9913169 1.0703373 1.5111773 1.5111773 0.3831192 2.7182557 1.6785349 9.0000000 0.0000000 0.1927838 1.1132061 1.0703373 1.7786835 9.0000000 9.0000000 9.0000000 1.0297869 1.1586745 
t9         1.3744361 9.0000000 1.1132061 1.2070784 1.3144041 1.8942965 0.3347153 9.0000000 1.5901977 9.0000000 0.1927838 0.0000000 0.9913169 1.0703373 9.0000000 9.0000000 9.0000000 9.0000000 0.7945437 1.1586745 
t8         1.5901977 9.0000000 0.6872180 0.7945437 2.0310377 2.0310377 1.1132061 1.7786835 1.2070784 1.6785349 1.1132061 0.9913169 0.0000000 0.4904449 1.4396946 2.0310377 1.8942965 2.0310377 1.7786835 1.3744361 
t5         0.7945437 9.0000000 0.4714565 0.6388142 1.4396946 1.7786835 0.9913169 1.7786835 1.2070784 2.0310377 1.0703373 1.0703373 0.4904449 0.0000000 1.4396946 1.7786835 1.3744361 2.0310377 1.6785349 1.3744361 
t7         1.8942965 9.0000000 0.9547243 1.0703373 1.8942965 1.8942965 2.0310377 0.6388142 0.7662384 0.8545757 1.7786835 9.0000000 1.4396946 1.4396946 0.0000000 0.5299277 0.7126442 0.8545757 9.0000000 1.8942965 
t1         1.3744361 9.0000000 1.0703373 1.3144041 9.0000000 2.0310377 1.7786835 0.7389627 0.9198342 0.9913169 9.0000000 9.0000000 2.0310377 1.7786835 0.5299277 0.0000000 0.8864954 0.9198342 1.5901977 2.0310377 
t19        1.6785349 9.0000000 1.2070784 1.6785349 2.4141569 2.1983953 9.0000000 0.5933457 0.6388142 0.3192509 9.0000000 9.0000000 1.8942965 1.3744361 0.7126442 0.8864954 0.0000000 0.3505054 9.0000000 2.7182557 
t13        2.1983953 9.0000000 1.5901977 2.4141569 2.1983953 1.8942965 2.7182557 0.8239592 0.9913169 0.4348639 9.0000000 9.0000000 2.0310377 2.0310377 0.8545757 0.9198342 0.3505054 0.0000000 9.0000000 3.2381161 
t18        2.4141569 9.0000000 1.0703373 1.1586745 1.0703373 1.7786835 0.8864954 2.0310377 1.7786835 9.0000000 1.0297869 0.7945437 1.7786835 1.6785349 9.0000000 1.5901977 9.0000000 9.0000000 0.0000000 0.4348639 
t17        1.8942965 9.0000000 1.0703373 1.3144041 1.1132061 2.1983953 1.0703373 9.0000000 2.1983953 2.7182557 1.1586745 1.1586745 1.3744361 1.3744361 1.8942965 2.0310377 2.7182557 3.2381161 0.4348639 0.0000000 
