20
t17        0.0000000 1.7786835 1.4396946 1.3144041 1.0703373 1.3744361 1.3744361 1.1586745 1.5111773 1.6785349 1.6785349 1.3744361 1.0703373 1.1132061 1.2070784 1.4396946 1.3744361 1.5901977 1.1586745 1.1586745 
t16        1.7786835 0.0000000 1.5901977 0.8864954 1.4396946 0.8864954 0.9198342 0.9547243 1.8942965 3.2381161 1.1586745 1.0703373 0.7126442 0.7126442 1.1132061 1.1586745 0.9547243 0.9913169 0.8864954 0.8864954 
t4         1.4396946 1.5901977 0.0000000 1.2070784 1.1132061 1.3144041 1.1132061 1.0703373 1.4396946 1.6785349 1.1132061 1.4396946 0.8864954 0.9198342 1.0297869 0.9198342 1.2070784 1.3744361 0.8864954 0.8864954 
t20        1.3144041 0.8864954 1.2070784 0.0000000 0.4529370 0.7126442 0.7126442 0.3831192 0.9547243 1.1586745 0.8864954 1.0297869 0.6388142 0.6388142 0.9913169 1.0297869 0.5299277 0.5716050 0.6157354 0.6157354 
t3         1.0703373 1.4396946 1.1132061 0.4529370 0.0000000 0.7126442 0.8239592 0.3666350 0.7389627 0.9198342 0.7662384 1.0297869 0.5504769 0.5299277 0.7389627 0.7662384 0.5299277 0.5504769 0.6626257 0.6626257 
t2         1.3744361 0.8864954 1.3144041 0.7126442 0.7126442 0.0000000 0.8864954 0.5933457 0.9913169 1.1132061 1.0297869 0.9198342 0.3999739 0.3831192 0.6388142 0.6626257 0.6626257 0.7126442 0.7662384 0.7662384 
t13        1.3744361 0.9198342 1.1132061 0.7126442 0.8239592 0.8864954 0.0000000 0.6626257 1.3144041 1.4396946 0.8239592 0.8239592 0.8239592 0.8545757 0.7126442 0.6872180 0.8239592 0.8864954 0.6388142 0.6388142 
t5         1.1586745 0.9547243 1.0703373 0.3831192 0.3666350 0.5933457 0.6626257 0.0000000 0.6872180 0.9198342 0.7945437 0.8545757 0.4348639 0.4348639 0.7945437 0.8545757 0.2463781 0.2892469 0.4348639 0.4348639 
t19        1.5111773 1.8942965 1.4396946 0.9547243 0.7389627 0.9913169 1.3144041 0.6872180 0.0000000 0.1073256 1.2588231 1.5111773 0.8239592 0.8545757 1.3744361 1.3144041 0.8545757 0.9198342 1.0703373 1.0703373 
t12        1.6785349 3.2381161 1.6785349 1.1586745 0.9198342 1.1132061 1.4396946 0.9198342 0.1073256 0.0000000 1.5111773 1.8942965 1.0297869 1.0703373 1.6785349 1.5111773 1.0703373 1.1586745 1.3744361 1.3744361 
t7         1.6785349 1.1586745 1.1132061 0.8864954 0.7662384 1.0297869 0.8239592 0.7945437 1.2588231 1.5111773 0.0000000 0.6157354 0.8545757 0.8239592 0.9547243 0.8864954 1.0297869 0.9913169 0.8239592 0.8239592 
t10        1.3744361 1.0703373 1.4396946 1.0297869 1.0297869 0.9198342 0.8239592 0.8545757 1.5111773 1.8942965 0.6157354 0.0000000 0.7945437 0.9198342 1.4396946 1.2588231 1.1586745 1.2588231 0.9913169 0.9913169 
t1         1.0703373 0.7126442 0.8864954 0.6388142 0.5504769 0.3999739 0.8239592 0.4348639 0.8239592 1.0297869 0.8545757 0.7945437 0.0000000 0.0734853 0.6157354 0.6388142 0.5099265 0.5933457 0.4529370 0.4529370 
t11        1.1132061 0.7126442 0.9198342 0.6388142 0.5299277 0.3831192 0.8545757 0.4348639 0.8545757 1.0703373 0.8239592 0.9198342 0.0734853 0.0000000 0.6157354 0.6157354 0.4904449 0.5716050 0.4348639 0.4348639 
t6         1.2070784 1.1132061 1.0297869 0.9913169 0.7389627 0.6388142 0.7126442 0.7945437 1.3744361 1.6785349 0.9547243 1.4396946 0.6157354 0.6157354 0.0000000 0.0845966 0.8545757 0.9198342 0.7126442 0.7126442 
t14        1.4396946 1.1586745 0.9198342 1.0297869 0.7662384 0.6626257 0.6872180 0.8545757 1.3144041 1.5111773 0.8864954 1.2588231 0.6388142 0.6157354 0.0845966 0.0000000 0.9547243 0.9913169 0.7389627 0.7389627 
t8         1.3744361 0.9547243 1.2070784 0.5299277 0.5299277 0.6626257 0.8239592 0.2463781 0.8545757 1.0703373 1.0297869 1.1586745 0.5099265 0.4904449 0.8545757 0.9547243 0.0000000 0.0517447 0.6626257 0.6626257 
t9         1.5901977 0.9913169 1.3744361 0.5716050 0.5504769 0.7126442 0.8864954 0.2892469 0.9198342 1.1586745 0.9913169 1.2588231 0.5933457 0.5716050 0.9198342 0.9913169 0.0517447 0.0000000 0.7126442 0.7126442 
t15        1.1586745 0.8864954 0.8864954 0.6157354 0.6626257 0.7662384 0.6388142 0.4348639 1.0703373 1.3744361 0.8239592 0.9913169 0.4529370 0.4348639 0.7126442 0.7389627 0.6626257 0.7126442 0.0000000 0.0000010 
t18        1.1586745 0.8864954 0.8864954 0.6157354 0.6626257 0.7662384 0.6388142 0.4348639 1.0703373 1.3744361 0.8239592 0.9913169 0.4529370 0.4348639 0.7126442 0.7389627 0.6626257 0.7126442 0.0000010 0.0000000 
