20
t6         0.0000000 0.9198342 1.0297869 1.2070784 1.4396946 0.7389627 1.1586745 1.1132061 0.8864954 0.7126442 1.6785349 1.5111773 1.1586745 1.1586745 0.7389627 0.7389627 0.9913169 0.9913169 0.4348639 0.4348639 
t8         0.9198342 0.0000000 0.3192509 1.6785349 1.5901977 1.2070784 1.0703373 1.0297869 0.6626257 0.6626257 2.0310377 1.5901977 1.2070784 1.2070784 0.7389627 0.7389627 1.0703373 1.0703373 0.6388142 0.6388142 
t9         1.0297869 0.3192509 0.0000000 1.6785349 1.2588231 1.0297869 0.9198342 0.9547243 0.7662384 0.6872180 1.4396946 1.4396946 1.6785349 1.6785349 0.6626257 0.6872180 0.9913169 0.9913169 0.6626257 0.6626257 
t3         1.2070784 1.6785349 1.6785349 0.0000000 0.9198342 1.4396946 0.6626257 0.5716050 1.3144041 1.2070784 2.1983953 1.5111773 1.2070784 1.0703373 0.9198342 0.9198342 0.5933457 0.5933457 1.0297869 1.0297869 
t12        1.4396946 1.5901977 1.2588231 0.9198342 0.0000000 1.4396946 0.8864954 0.7662384 1.8942965 1.6785349 1.8942965 1.5111773 1.3744361 1.2588231 1.2070784 1.2070784 0.6157354 0.6157354 1.1586745 1.1586745 
t10        0.7389627 1.2070784 1.0297869 1.4396946 1.4396946 0.0000000 1.3144041 1.2588231 0.4904449 0.3040988 1.2588231 1.2588231 2.1983953 1.7786835 0.5933457 0.5933457 1.1586745 1.1586745 0.5504769 0.5504769 
t5         1.1586745 1.0703373 0.9198342 0.6626257 0.8864954 1.3144041 0.0000000 0.1307650 1.3744361 1.0703373 1.6785349 1.5901977 1.2588231 1.2070784 1.0297869 1.0297869 0.5716050 0.5716050 0.9547243 0.9547243 
t15        1.1132061 1.0297869 0.9547243 0.5716050 0.7662384 1.2588231 0.1307650 0.0000000 1.1586745 0.9198342 1.4396946 1.3744361 0.9547243 0.9198342 0.8545757 0.8545757 0.4529370 0.4529370 0.8545757 0.8545757 
t4         0.8864954 0.6626257 0.7662384 1.3144041 1.8942965 0.4904449 1.3744361 1.1586745 0.0000000 0.1673577 1.3744361 1.2588231 1.5901977 1.5111773 0.5299277 0.5299277 0.9913169 0.9913169 0.5099265 0.5099265 
t19        0.7126442 0.6626257 0.6872180 1.2070784 1.6785349 0.3040988 1.0703373 0.9198342 0.1673577 0.0000000 1.1586745 1.1132061 1.4396946 1.3744361 0.3999739 0.3999739 0.9547243 0.9547243 0.3347153 0.3347153 
t18        1.6785349 2.0310377 1.4396946 2.1983953 1.8942965 1.2588231 1.6785349 1.4396946 1.3744361 1.1586745 0.0000000 0.1427653 2.0310377 2.0310377 1.1586745 1.2070784 1.5901977 1.5901977 1.4396946 1.4396946 
t7         1.5111773 1.5901977 1.4396946 1.5111773 1.5111773 1.2588231 1.5901977 1.3744361 1.2588231 1.1132061 0.1427653 0.0000000 1.5901977 1.5111773 1.1586745 1.2070784 1.6785349 1.6785349 1.2070784 1.2070784 
t20        1.1586745 1.2070784 1.6785349 1.2070784 1.3744361 2.1983953 1.2588231 0.9547243 1.5901977 1.4396946 2.0310377 1.5901977 0.0000000 0.0517447 1.5901977 1.5901977 0.9198342 0.9198342 1.1586745 1.1586745 
t2         1.1586745 1.2070784 1.6785349 1.0703373 1.2588231 1.7786835 1.2070784 0.9198342 1.5111773 1.3744361 2.0310377 1.5111773 0.0517447 0.0000000 1.4396946 1.4396946 0.9198342 0.9198342 1.1132061 1.1132061 
t11        0.7389627 0.7389627 0.6626257 0.9198342 1.2070784 0.5933457 1.0297869 0.8545757 0.5299277 0.3999739 1.1586745 1.1586745 1.5901977 1.4396946 0.0000000 0.0202715 0.9547243 0.9547243 0.4348639 0.4348639 
t16        0.7389627 0.7389627 0.6872180 0.9198342 1.2070784 0.5933457 1.0297869 0.8545757 0.5299277 0.3999739 1.2070784 1.2070784 1.5901977 1.4396946 0.0202715 0.0000000 0.9547243 0.9547243 0.4348639 0.4348639 
t17        0.9913169 1.0703373 0.9913169 0.5933457 0.6157354 1.1586745 0.5716050 0.4529370 0.9913169 0.9547243 1.5901977 1.6785349 0.9198342 0.9198342 0.9547243 0.9547243 0.0000000 0.0000010 0.7662384 0.7662384 
t13        0.9913169 1.0703373 0.9913169 0.5933457 0.6157354 1.1586745 0.5716050 0.4529370 0.9913169 0.9547243 1.5901977 1.6785349 0.9198342 0.9198342 0.9547243 0.9547243 0.0000010 0.0000000 0.7662384 0.7662384 
t1         0.4348639 0.6388142 0.6626257 1.0297869 1.1586745 0.5504769 0.9547243 0.8545757 0.5099265 0.3347153 1.4396946 1.2070784 1.1586745 1.1132061 0.4348639 0.4348639 0.7662384 0.7662384 0.0000000 0.0000010 
t14        0.4348639 0.6388142 0.6626257 1.0297869 1.1586745 0.5504769 0.9547243 0.8545757 0.5099265 0.3347153 1.4396946 1.2070784 1.1586745 1.1132061 0.4348639 0.4348639 0.7662384 0.7662384 0.0000010 0.0000000 
