20
t9         0.0000000 9.0000000 2.7182557 1.5111773 0.9547243 2.7182557 1.6785349 3.2381161 1.3144041 1.3744361 9.0000000 1.3744361 1.7786835 2.0310377 2.0310377 2.7182557 0.7126442 0.8239592 1.7786835 2.0310377 
t7         9.0000000 0.0000000 1.5901977 2.7182557 2.4141569 9.0000000 9.0000000 2.4141569 2.1983953 3.2381161 9.0000000 9.0000000 9.0000000 9.0000000 1.7786835 2.1983953 9.0000000 9.0000000 3.2381161 9.0000000 
t20        2.7182557 1.5901977 0.0000000 1.7786835 1.8942965 9.0000000 1.7786835 2.1983953 1.2070784 2.0310377 2.4141569 1.4396946 1.4396946 1.7786835 1.4396946 1.2588231 2.0310377 2.7182557 9.0000000 9.0000000 
t3         1.5111773 2.7182557 1.7786835 0.0000000 1.2588231 9.0000000 3.2381161 9.0000000 2.7182557 9.0000000 9.0000000 2.7182557 2.4141569 2.1983953 2.7182557 2.1983953 0.9547243 0.9913169 2.0310377 2.0310377 
t4         0.9547243 2.4141569 1.8942965 1.2588231 0.0000000 2.4141569 3.2381161 2.7182557 2.4141569 1.7786835 9.0000000 2.0310377 1.7786835 3.2381161 9.0000000 9.0000000 0.6626257 0.7389627 9.0000000 9.0000000 
t17        2.7182557 9.0000000 9.0000000 9.0000000 2.4141569 0.0000000 2.7182557 9.0000000 9.0000000 9.0000000 9.0000000 2.1983953 2.1983953 3.2381161 9.0000000 9.0000000 2.7182557 2.7182557 9.0000000 9.0000000 
t15        1.6785349 9.0000000 1.7786835 3.2381161 3.2381161 2.7182557 0.0000000 1.1132061 1.1132061 9.0000000 9.0000000 0.3347153 0.3666350 0.4529370 1.0297869 1.0703373 1.7786835 2.1983953 2.4141569 2.7182557 
t12        3.2381161 2.4141569 2.1983953 9.0000000 2.7182557 9.0000000 1.1132061 0.0000000 0.6872180 2.7182557 9.0000000 1.1132061 1.2588231 1.1586745 0.6872180 0.8239592 2.4141569 3.2381161 9.0000000 9.0000000 
t6         1.3144041 2.1983953 1.2070784 2.7182557 2.4141569 9.0000000 1.1132061 0.6872180 0.0000000 2.1983953 9.0000000 0.9198342 1.1586745 1.0703373 0.7662384 0.7389627 3.2381161 2.7182557 2.0310377 2.1983953 
t1         1.3744361 3.2381161 2.0310377 9.0000000 1.7786835 9.0000000 9.0000000 2.7182557 2.1983953 0.0000000 9.0000000 9.0000000 9.0000000 9.0000000 3.2381161 2.0310377 1.5111773 2.1983953 9.0000000 9.0000000 
t16        9.0000000 9.0000000 2.4141569 9.0000000 9.0000000 9.0000000 9.0000000 9.0000000 9.0000000 9.0000000 0.0000000 9.0000000 9.0000000 3.2381161 9.0000000 9.0000000 9.0000000 3.2381161 2.4141569 2.0310377 
t19        1.3744361 9.0000000 1.4396946 2.7182557 2.0310377 2.1983953 0.3347153 1.1132061 0.9198342 9.0000000 9.0000000 0.0000000 0.0958750 0.1799630 0.9913169 1.0297869 1.6785349 2.0310377 3.2381161 9.0000000 
t2         1.7786835 9.0000000 1.4396946 2.4141569 1.7786835 2.1983953 0.3666350 1.2588231 1.1586745 9.0000000 9.0000000 0.0958750 0.0000000 0.1927838 1.2070784 1.2588231 1.8942965 1.8942965 2.0310377 2.1983953 
t14        2.0310377 9.0000000 1.7786835 2.1983953 3.2381161 3.2381161 0.4529370 1.1586745 1.0703373 9.0000000 3.2381161 0.1799630 0.1927838 0.0000000 1.1132061 1.0703373 1.8942965 2.1983953 2.0310377 2.1983953 
t10        2.0310377 1.7786835 1.4396946 2.7182557 9.0000000 9.0000000 1.0297869 0.6872180 0.7662384 3.2381161 9.0000000 0.9913169 1.2070784 1.1132061 0.0000000 0.2892469 9.0000000 9.0000000 2.7182557 2.4141569 
t5         2.7182557 2.1983953 1.2588231 2.1983953 9.0000000 9.0000000 1.0703373 0.8239592 0.7389627 2.0310377 9.0000000 1.0297869 1.2588231 1.0703373 0.2892469 0.0000000 9.0000000 9.0000000 1.5901977 1.5111773 
t13        0.7126442 9.0000000 2.0310377 0.9547243 0.6626257 2.7182557 1.7786835 2.4141569 3.2381161 1.5111773 9.0000000 1.6785349 1.8942965 1.8942965 9.0000000 9.0000000 0.0000000 0.1799630 1.8942965 2.0310377 
t11        0.8239592 9.0000000 2.7182557 0.9913169 0.7389627 2.7182557 2.1983953 3.2381161 2.7182557 2.1983953 3.2381161 2.0310377 1.8942965 2.1983953 9.0000000 9.0000000 0.1799630 0.0000000 1.6785349 1.7786835 
t8         1.7786835 3.2381161 9.0000000 2.0310377 9.0000000 9.0000000 2.4141569 9.0000000 2.0310377 9.0000000 2.4141569 3.2381161 2.0310377 2.0310377 2.7182557 1.5901977 1.8942965 1.6785349 0.0000000 0.0411062 
t18        2.0310377 9.0000000 9.0000000 2.0310377 9.0000000 9.0000000 2.7182557 9.0000000 2.1983953 9.0000000 2.0310377 9.0000000 2.1983953 2.1983953 2.4141569 1.5111773 2.0310377 1.7786835 0.0411062 0.0000000 
