20
t4         0.0000000 9.0000000 9.0000000 9.0000000 9.0000000 9.0000000 3.2381161 3.2381161 9.0000000 9.0000000 2.7182557 2.4141569 9.0000000 9.0000000 9.0000000 9.0000000 9.0000000 9.0000000 9.0000000 9.0000000 
t8         9.0000000 0.0000000 1.0297869 0.6626257 0.5933457 1.0703373 0.6157354 0.8239592 0.8864954 1.0297869 0.6872180 0.7126442 0.7945437 0.9547243 0.9913169 0.8545757 0.7662384 0.8239592 0.8239592 0.8239592 
t11        9.0000000 1.0297869 0.0000000 1.1132061 0.9913169 0.9547243 1.2070784 1.2588231 0.8545757 0.7662384 1.0703373 1.3144041 0.9547243 0.7662384 0.6626257 0.7389627 0.6388142 0.6626257 0.9913169 0.9913169 
t14        9.0000000 0.6626257 1.1132061 0.0000000 0.4714565 1.0297869 0.5504769 0.7126442 0.9913169 1.0703373 0.6626257 0.6872180 0.7389627 0.9547243 0.9547243 0.9547243 0.8239592 0.8239592 0.7662384 0.7662384 
t10        9.0000000 0.5933457 0.9913169 0.4714565 0.0000000 0.9547243 0.1427653 0.3831192 0.7389627 0.8864954 0.2326162 0.2603971 0.7126442 0.8239592 0.8239592 0.8239592 0.6872180 0.7126442 0.7389627 0.7389627 
t9         9.0000000 1.0703373 0.9547243 1.0297869 0.9547243 0.0000000 0.9547243 1.0297869 0.4172160 0.3831192 0.9547243 1.1132061 0.8239592 0.6872180 0.7662384 0.3831192 0.3666350 0.3831192 0.8545757 0.8545757 
t16        3.2381161 0.6157354 1.2070784 0.5504769 0.1427653 0.9547243 0.0000000 0.2603971 0.8864954 1.0297869 0.1307650 0.1673577 0.7662384 1.0703373 1.0297869 0.9198342 0.7945437 0.7662384 0.7945437 0.7945437 
t3         3.2381161 0.8239592 1.2588231 0.7126442 0.3831192 1.0297869 0.2603971 0.0000000 1.1586745 1.2070784 0.1927838 0.2326162 0.9913169 0.9547243 1.0297869 0.9913169 0.8545757 0.8239592 1.0297869 1.0297869 
t15        9.0000000 0.8864954 0.8545757 0.9913169 0.7389627 0.4172160 0.8864954 1.1586745 0.0000000 0.2463781 0.9198342 1.0703373 0.7389627 0.7945437 0.8239592 0.3999739 0.3505054 0.3666350 0.7662384 0.7662384 
t18        9.0000000 1.0297869 0.7662384 1.0703373 0.8864954 0.3831192 1.0297869 1.2070784 0.2463781 0.0000000 0.9547243 1.1586745 0.6872180 0.7389627 0.7389627 0.3505054 0.3192509 0.3040988 0.7126442 0.7126442 
t5         2.7182557 0.6872180 1.0703373 0.6626257 0.2326162 0.9547243 0.1307650 0.1927838 0.9198342 0.9547243 0.0000000 0.0845966 0.7662384 0.9198342 0.9198342 0.8545757 0.7389627 0.7126442 0.7945437 0.7945437 
t17        2.4141569 0.7126442 1.3144041 0.6872180 0.2603971 1.1132061 0.1673577 0.2326162 1.0703373 1.1586745 0.0845966 0.0000000 0.8864954 1.1132061 1.0703373 0.9547243 0.8864954 0.9198342 0.9198342 0.9198342 
t7         9.0000000 0.7945437 0.9547243 0.7389627 0.7126442 0.8239592 0.7662384 0.9913169 0.7389627 0.6872180 0.7662384 0.8864954 0.0000000 0.7126442 0.7126442 0.6388142 0.5933457 0.5933457 0.0100673 0.0100673 
t2         9.0000000 0.9547243 0.7662384 0.9547243 0.8239592 0.6872180 1.0703373 0.9547243 0.7945437 0.7389627 0.9198342 1.1132061 0.7126442 0.0000000 0.1073256 0.6872180 0.5716050 0.5933457 0.7389627 0.7389627 
t19        9.0000000 0.9913169 0.6626257 0.9547243 0.8239592 0.7662384 1.0297869 1.0297869 0.8239592 0.7389627 0.9198342 1.0703373 0.7126442 0.1073256 0.0000000 0.6157354 0.5299277 0.5299277 0.7389627 0.7389627 
t6         9.0000000 0.8545757 0.7389627 0.9547243 0.8239592 0.3831192 0.9198342 0.9913169 0.3999739 0.3505054 0.8545757 0.9547243 0.6388142 0.6872180 0.6157354 0.0000000 0.0625362 0.0625362 0.6388142 0.6388142 
t13        9.0000000 0.7662384 0.6388142 0.8239592 0.6872180 0.3666350 0.7945437 0.8545757 0.3505054 0.3192509 0.7389627 0.8864954 0.5933457 0.5716050 0.5299277 0.0625362 0.0000000 0.0202715 0.5933457 0.5933457 
t1         9.0000000 0.8239592 0.6626257 0.8239592 0.7126442 0.3831192 0.7662384 0.8239592 0.3666350 0.3040988 0.7126442 0.9198342 0.5933457 0.5933457 0.5299277 0.0625362 0.0202715 0.0000000 0.5933457 0.5933457 
t12        9.0000000 0.8239592 0.9913169 0.7662384 0.7389627 0.8545757 0.7945437 1.0297869 0.7662384 0.7126442 0.7945437 0.9198342 0.0100673 0.7389627 0.7389627 0.6388142 0.5933457 0.5933457 0.0000000 0.0000010 
t20        9.0000000 0.8239592 0.9913169 0.7662384 0.7389627 0.8545757 0.7945437 1.0297869 0.7662384 0.7126442 0.7945437 0.9198342 0.0100673 0.7389627 0.7389627 0.6388142 0.5933457 0.5933457 0.0000010 0.0000000 
