20
t1         0.0000000 2.1983953 2.4141569 2.4141569 1.4396946 1.2070784 2.4141569 9.0000000 9.0000000 2.7182557 9.0000000 9.0000000 1.5901977 9.0000000 1.5111773 1.5901977 1.3744361 1.2588231 1.6785349 1.5901977 
t17        2.1983953 0.0000000 1.7786835 2.4141569 2.4141569 2.0310377 1.1586745 2.0310377 2.4141569 1.5111773 2.7182557 1.8942965 1.8942965 2.0310377 1.5901977 1.5901977 1.2588231 1.3144041 2.0310377 1.6785349 
t3         2.4141569 1.7786835 0.0000000 1.3144041 9.0000000 1.7786835 1.3744361 0.7389627 0.9547243 1.0703373 0.9198342 0.9913169 2.0310377 9.0000000 1.7786835 1.8942965 2.0310377 1.6785349 2.7182557 2.1983953 
t12        2.4141569 2.4141569 1.3144041 0.0000000 2.0310377 1.5901977 0.8864954 1.3744361 0.8545757 0.8239592 1.5901977 2.7182557 1.6785349 1.8942965 1.6785349 2.1983953 3.2381161 3.2381161 2.0310377 1.6785349 
t8         1.4396946 2.4141569 9.0000000 2.0310377 0.0000000 0.7389627 1.2588231 2.4141569 1.3144041 1.3744361 2.4141569 1.8942965 1.6785349 1.6785349 0.9547243 0.9913169 1.2588231 1.5111773 1.6785349 1.5901977 
t9         1.2070784 2.0310377 1.7786835 1.5901977 0.7389627 0.0000000 1.5901977 2.1983953 1.3744361 1.3144041 1.7786835 1.5111773 1.5111773 2.4141569 0.8239592 0.8864954 1.1132061 1.2588231 1.6785349 1.6785349 
t7         2.4141569 1.1586745 1.3744361 0.8864954 1.2588231 1.5901977 0.0000000 1.0703373 0.7662384 0.5716050 1.2588231 1.5901977 1.4396946 1.5901977 1.2588231 1.4396946 1.2588231 1.3744361 1.7786835 1.5901977 
t13        9.0000000 2.0310377 0.7389627 1.3744361 2.4141569 2.1983953 1.0703373 0.0000000 1.0703373 0.9913169 0.3505054 0.3999739 2.1983953 9.0000000 2.0310377 2.7182557 1.6785349 1.6785349 3.2381161 9.0000000 
t19        9.0000000 2.4141569 0.9547243 0.8545757 1.3144041 1.3744361 0.7662384 1.0703373 0.0000000 0.3831192 1.3144041 1.4396946 1.5111773 1.7786835 2.4141569 9.0000000 1.2588231 1.3144041 1.6785349 1.4396946 
t6         2.7182557 1.5111773 1.0703373 0.8239592 1.3744361 1.3144041 0.5716050 0.9913169 0.3831192 0.0000000 1.1586745 1.4396946 1.4396946 2.0310377 2.7182557 9.0000000 1.6785349 2.0310377 3.2381161 2.0310377 
t4         9.0000000 2.7182557 0.9198342 1.5901977 2.4141569 1.7786835 1.2588231 0.3505054 1.3144041 1.1586745 0.0000000 0.3040988 2.4141569 9.0000000 1.7786835 2.0310377 1.8942965 1.7786835 9.0000000 9.0000000 
t2         9.0000000 1.8942965 0.9913169 2.7182557 1.8942965 1.5111773 1.5901977 0.3999739 1.4396946 1.4396946 0.3040988 0.0000000 2.4141569 9.0000000 1.4396946 1.6785349 1.7786835 1.6785349 3.2381161 3.2381161 
t20        1.5901977 1.8942965 2.0310377 1.6785349 1.6785349 1.5111773 1.4396946 2.1983953 1.5111773 1.4396946 2.4141569 2.4141569 0.0000000 0.3040988 1.2588231 1.2588231 0.7662384 0.7945437 0.5504769 0.5504769 
t11        9.0000000 2.0310377 9.0000000 1.8942965 1.6785349 2.4141569 1.5901977 9.0000000 1.7786835 2.0310377 9.0000000 9.0000000 0.3040988 0.0000000 1.6785349 1.7786835 1.0297869 1.0297869 0.5099265 0.4714565 
t15        1.5111773 1.5901977 1.7786835 1.6785349 0.9547243 0.8239592 1.2588231 2.0310377 2.4141569 2.7182557 1.7786835 1.4396946 1.2588231 1.6785349 0.0000000 0.0734853 1.1132061 1.3744361 1.3744361 1.3744361 
t14        1.5901977 1.5901977 1.8942965 2.1983953 0.9913169 0.8864954 1.4396946 2.7182557 9.0000000 9.0000000 2.0310377 1.6785349 1.2588231 1.7786835 0.0734853 0.0000000 1.2070784 1.4396946 1.5111773 1.3744361 
t16        1.3744361 1.2588231 2.0310377 3.2381161 1.2588231 1.1132061 1.2588231 1.6785349 1.2588231 1.6785349 1.8942965 1.7786835 0.7662384 1.0297869 1.1132061 1.2070784 0.0000000 0.1073256 0.7945437 0.8545757 
t5         1.2588231 1.3144041 1.6785349 3.2381161 1.5111773 1.2588231 1.3744361 1.6785349 1.3144041 2.0310377 1.7786835 1.6785349 0.7945437 1.0297869 1.3744361 1.4396946 0.1073256 0.0000000 0.7389627 0.8239592 
t10        1.6785349 2.0310377 2.7182557 2.0310377 1.6785349 1.6785349 1.7786835 3.2381161 1.6785349 3.2381161 9.0000000 3.2381161 0.5504769 0.5099265 1.3744361 1.5111773 0.7945437 0.7389627 0.0000000 0.0845966 
t18        1.5901977 1.6785349 2.1983953 1.6785349 1.5901977 1.6785349 1.5901977 9.0000000 1.4396946 2.0310377 9.0000000 3.2381161 0.5504769 0.4714565 1.3744361 1.3744361 0.8545757 0.8239592 0.0845966 0.0000000 
