20
t10        0.0000000 0.8545757 0.6626257 0.7389627 0.8545757 0.9547243 0.9547243 0.5933457 0.7389627 0.8545757 1.1132061 0.8239592 0.9913169 0.7389627 0.8239592 0.8545757 0.7389627 0.7126442 0.7389627 0.7126442 
t11        0.8545757 0.0000000 0.5299277 0.8239592 0.5099265 0.8239592 0.8239592 0.6872180 0.8864954 0.7126442 0.8545757 0.8545757 0.8864954 0.8239592 0.6872180 0.6626257 0.8864954 0.9198342 0.6872180 0.6872180 
t1         0.6626257 0.5299277 0.0000000 0.6157354 0.3999739 0.7126442 0.7389627 0.4904449 0.7126442 0.5504769 0.5504769 0.6157354 0.7389627 0.7126442 0.5299277 0.4714565 0.6872180 0.7389627 0.5099265 0.4714565 
t13        0.7389627 0.8239592 0.6157354 0.0000000 0.5504769 0.5504769 0.9913169 0.4172160 0.8239592 0.4529370 0.5299277 0.3999739 0.5504769 0.7389627 0.9547243 0.7945437 0.7126442 0.8545757 0.8239592 0.7945437 
t20        0.8545757 0.5099265 0.3999739 0.5504769 0.0000000 0.6157354 1.0703373 0.5299277 0.8545757 0.6388142 0.6157354 0.5933457 0.6872180 0.7662384 0.5099265 0.3999739 0.7945437 0.8864954 0.4348639 0.4348639 
t5         0.9547243 0.8239592 0.7126442 0.5504769 0.6157354 0.0000000 0.9547243 0.3831192 0.9547243 0.3505054 0.4714565 0.3347153 0.4714565 1.0297869 1.0703373 0.8239592 0.9547243 0.9913169 0.7662384 0.8239592 
t2         0.9547243 0.8239592 0.7389627 0.9913169 1.0703373 0.9547243 0.0000000 0.8545757 0.6626257 1.0297869 1.2588231 0.9198342 1.0703373 0.5933457 1.1586745 1.0297869 0.5099265 0.5933457 0.8864954 0.8864954 
t14        0.5933457 0.6872180 0.4904449 0.4172160 0.5299277 0.3831192 0.8545757 0.0000000 0.6872180 0.3347153 0.4348639 0.2892469 0.3505054 0.7389627 0.7389627 0.5933457 0.7126442 0.7389627 0.5933457 0.5933457 
t7         0.7389627 0.8864954 0.7126442 0.8239592 0.8545757 0.9547243 0.6626257 0.6872180 0.0000000 0.8239592 0.9198342 0.8239592 0.7945437 0.4172160 0.8864954 0.7389627 0.4714565 0.4529370 0.9198342 0.9547243 
t15        0.8545757 0.7126442 0.5504769 0.4529370 0.6388142 0.3505054 1.0297869 0.3347153 0.8239592 0.0000000 0.2463781 0.3040988 0.4172160 0.7945437 1.0703373 0.7126442 0.7945437 0.8545757 0.9198342 0.9547243 
t3         1.1132061 0.8545757 0.5504769 0.5299277 0.6157354 0.4714565 1.2588231 0.4348639 0.9198342 0.2463781 0.0000000 0.3192509 0.4714565 0.9913169 1.2588231 0.8239592 0.9913169 1.1132061 0.8239592 0.9198342 
t19        0.8239592 0.8545757 0.6157354 0.3999739 0.5933457 0.3347153 0.9198342 0.2892469 0.8239592 0.3040988 0.3192509 0.0000000 0.3192509 0.7389627 0.9198342 0.6872180 0.7389627 0.8239592 0.8239592 0.7945437 
t8         0.9913169 0.8864954 0.7389627 0.5504769 0.6872180 0.4714565 1.0703373 0.3505054 0.7945437 0.4172160 0.4714565 0.3192509 0.0000000 0.7662384 1.0297869 0.8239592 0.7945437 0.7662384 0.9913169 0.8864954 
t12        0.7389627 0.8239592 0.7126442 0.7389627 0.7662384 1.0297869 0.5933457 0.7389627 0.4172160 0.7945437 0.9913169 0.7389627 0.7662384 0.0000000 0.7662384 0.7662384 0.1673577 0.1673577 0.7945437 0.7945437 
t16        0.8239592 0.6872180 0.5299277 0.9547243 0.5099265 1.0703373 1.1586745 0.7389627 0.8864954 1.0703373 1.2588231 0.9198342 1.0297869 0.7662384 0.0000000 0.2191023 0.7662384 0.7662384 0.5933457 0.5933457 
t6         0.8545757 0.6626257 0.4714565 0.7945437 0.3999739 0.8239592 1.0297869 0.5933457 0.7389627 0.7126442 0.8239592 0.6872180 0.8239592 0.7662384 0.2191023 0.0000000 0.7662384 0.8545757 0.5099265 0.5099265 
t18        0.7389627 0.8864954 0.6872180 0.7126442 0.7945437 0.9547243 0.5099265 0.7126442 0.4714565 0.7945437 0.9913169 0.7389627 0.7945437 0.1673577 0.7662384 0.7662384 0.0000000 0.1189538 0.8239592 0.8864954 
t4         0.7126442 0.9198342 0.7389627 0.8545757 0.8864954 0.9913169 0.5933457 0.7389627 0.4529370 0.8545757 1.1132061 0.8239592 0.7662384 0.1673577 0.7662384 0.8545757 0.1189538 0.0000000 0.8864954 0.9198342 
t9         0.7389627 0.6872180 0.5099265 0.8239592 0.4348639 0.7662384 0.8864954 0.5933457 0.9198342 0.9198342 0.8239592 0.8239592 0.9913169 0.7945437 0.5933457 0.5099265 0.8239592 0.8864954 0.0000000 0.1927838 
t17        0.7126442 0.6872180 0.4714565 0.7945437 0.4348639 0.8239592 0.8864954 0.5933457 0.9547243 0.9547243 0.9198342 0.7945437 0.8864954 0.7945437 0.5933457 0.5099265 0.8864954 0.9198342 0.1927838 0.0000000 
