20
t14        0.0000000 0.7945437 0.9547243 0.7389627 0.8239592 1.3144041 1.3144041 1.1132061 0.8545757 1.0703373 1.5901977 1.5111773 1.6785349 1.3744361 1.1132061 1.3744361 1.3744361 1.2070784 1.6785349 1.5901977 
t4         0.7945437 0.0000000 0.5099265 0.3666350 0.5299277 1.2070784 0.9198342 0.4529370 0.4714565 0.8545757 0.9547243 1.0297869 0.8239592 0.8239592 0.7662384 1.0297869 0.6388142 0.5933457 0.8864954 0.8239592 
t20        0.9547243 0.5099265 0.0000000 0.2746833 0.5504769 1.5111773 0.8864954 0.4172160 0.3831192 0.5933457 1.2588231 1.3744361 0.9913169 1.0297869 0.5716050 0.7662384 0.6872180 0.6388142 1.0703373 1.0297869 
t2         0.7389627 0.3666350 0.2746833 0.0000000 0.3666350 1.0297869 0.6872180 0.3192509 0.2603971 0.4904449 0.8545757 1.0297869 0.7126442 0.7126442 0.4348639 0.6388142 0.5099265 0.5299277 0.7126442 0.7126442 
t10        0.8239592 0.5299277 0.5504769 0.3666350 0.0000000 1.1132061 0.4904449 0.5504769 0.5716050 0.6626257 0.7126442 1.0703373 0.6872180 0.6626257 0.6872180 0.9198342 0.5716050 0.6157354 0.6872180 0.7662384 
t19        1.3144041 1.2070784 1.5111773 1.0297869 1.1132061 0.0000000 1.4396946 1.3744361 1.2588231 1.3144041 2.1983953 1.5111773 1.1132061 1.1132061 1.2070784 2.0310377 1.5111773 1.3744361 1.4396946 1.3144041 
t8         1.3144041 0.9198342 0.8864954 0.6872180 0.4904449 1.4396946 0.0000000 1.0297869 1.0297869 0.9913169 0.7126442 0.9913169 0.6872180 0.7945437 1.0297869 1.3144041 0.8545757 0.8545757 0.8239592 0.8239592 
t12        1.1132061 0.4529370 0.4172160 0.3192509 0.5504769 1.3744361 1.0297869 0.0000000 0.1673577 0.7389627 1.0297869 1.2070784 0.9547243 0.9913169 0.6388142 0.7662384 0.8239592 0.7662384 0.9198342 0.9913169 
t6         0.8545757 0.4714565 0.3831192 0.2603971 0.5716050 1.2588231 1.0297869 0.1673577 0.0000000 0.6626257 0.9547243 1.1132061 0.9198342 0.9913169 0.5933457 0.6872180 0.7662384 0.7126442 0.8545757 0.9198342 
t1         1.0703373 0.8545757 0.5933457 0.4904449 0.6626257 1.3144041 0.9913169 0.7389627 0.6626257 0.0000000 1.2588231 1.5111773 1.1586745 1.2070784 0.2058276 0.3505054 0.9913169 1.0297869 1.1586745 1.0297869 
t15        1.5901977 0.9547243 1.2588231 0.8545757 0.7126442 2.1983953 0.7126442 1.0297869 0.9547243 1.2588231 0.0000000 0.6872180 0.8864954 0.8239592 1.4396946 1.6785349 1.3144041 1.3744361 0.9547243 0.9913169 
t7         1.5111773 1.0297869 1.3744361 1.0297869 1.0703373 1.5111773 0.9913169 1.2070784 1.1132061 1.5111773 0.6872180 0.0000000 0.9547243 0.8545757 1.5111773 1.4396946 1.3744361 1.3144041 0.8545757 0.9913169 
t11        1.6785349 0.8239592 0.9913169 0.7126442 0.6872180 1.1132061 0.6872180 0.9547243 0.9198342 1.1586745 0.8864954 0.9547243 0.0000000 0.1927838 1.2070784 1.3144041 1.1132061 1.1132061 0.2191023 0.2603971 
t16        1.3744361 0.8239592 1.0297869 0.7126442 0.6626257 1.1132061 0.7945437 0.9913169 0.9913169 1.2070784 0.8239592 0.8545757 0.1927838 0.0000000 1.2588231 1.5111773 1.1132061 1.1132061 0.2326162 0.3040988 
t9         1.1132061 0.7662384 0.5716050 0.4348639 0.6872180 1.2070784 1.0297869 0.6388142 0.5933457 0.2058276 1.4396946 1.5111773 1.2070784 1.2588231 0.0000000 0.2892469 1.1132061 1.1586745 1.2588231 1.0297869 
t5         1.3744361 1.0297869 0.7662384 0.6388142 0.9198342 2.0310377 1.3144041 0.7662384 0.6872180 0.3505054 1.6785349 1.4396946 1.3144041 1.5111773 0.2892469 0.0000000 1.4396946 1.5901977 1.3144041 1.1132061 
t13        1.3744361 0.6388142 0.6872180 0.5099265 0.5716050 1.5111773 0.8545757 0.8239592 0.7662384 0.9913169 1.3144041 1.3744361 1.1132061 1.1132061 1.1132061 1.4396946 0.0000000 0.0958750 1.0297869 0.9913169 
t3         1.2070784 0.5933457 0.6388142 0.5299277 0.6157354 1.3744361 0.8545757 0.7662384 0.7126442 1.0297869 1.3744361 1.3144041 1.1132061 1.1132061 1.1586745 1.5901977 0.0958750 0.0000000 1.0703373 1.0297869 
t17        1.6785349 0.8864954 1.0703373 0.7126442 0.6872180 1.4396946 0.8239592 0.9198342 0.8545757 1.1586745 0.9547243 0.8545757 0.2191023 0.2326162 1.2588231 1.3144041 1.0297869 1.0703373 0.0000000 0.1307650 
t18        1.5901977 0.8239592 1.0297869 0.7126442 0.7662384 1.3144041 0.8239592 0.9913169 0.9198342 1.0297869 0.9913169 0.9913169 0.2603971 0.3040988 1.0297869 1.1132061 0.9913169 1.0297869 0.1307650 0.0000000 
