20
t19        0.0000000 1.4396946 0.9198342 0.9547243 0.8239592 1.5111773 0.9913169 0.6872180 9.0000000 0.8864954 1.0703373 1.1586745 0.8545757 1.0703373 0.9198342 1.0297869 2.4141569 2.4141569 0.9547243 1.0297869 
t15        1.4396946 0.0000000 1.3744361 1.8942965 2.0310377 1.8942965 1.3744361 1.3744361 2.7182557 1.3144041 1.4396946 9.0000000 2.0310377 1.3744361 1.5111773 1.5901977 3.2381161 1.8942965 0.6872180 0.6872180 
t13        0.9198342 1.3744361 0.0000000 1.3144041 0.9198342 3.2381161 0.4904449 0.4529370 3.2381161 0.4172160 0.4714565 1.6785349 1.2588231 1.1586745 1.1586745 1.3144041 9.0000000 3.2381161 1.3144041 1.2070784 
t18        0.9547243 1.8942965 1.3144041 0.0000000 0.5099265 2.1983953 2.7182557 1.6785349 2.1983953 2.0310377 1.8942965 1.2070784 1.2070784 1.2588231 1.5111773 1.3144041 2.1983953 2.7182557 1.0703373 0.9547243 
t9         0.8239592 2.0310377 0.9198342 0.5099265 0.0000000 2.0310377 1.2070784 0.8864954 2.0310377 0.9913169 1.1132061 1.2070784 1.2070784 1.1586745 1.3144041 1.1586745 2.0310377 1.7786835 0.9547243 0.8239592 
t2         1.5111773 1.8942965 3.2381161 2.1983953 2.0310377 0.0000000 3.2381161 2.0310377 9.0000000 2.0310377 1.5111773 1.8942965 1.3744361 1.4396946 1.8942965 1.3744361 9.0000000 9.0000000 1.5901977 1.6785349 
t5         0.9913169 1.3744361 0.4904449 2.7182557 1.2070784 3.2381161 0.0000000 0.2058276 9.0000000 0.1799630 0.2463781 1.1586745 1.1586745 1.2588231 1.3144041 1.6785349 2.7182557 3.2381161 1.2588231 1.2588231 
t12        0.6872180 1.3744361 0.4529370 1.6785349 0.8864954 2.0310377 0.2058276 0.0000000 9.0000000 0.1073256 0.1799630 1.0297869 1.1132061 1.1132061 1.2588231 1.3144041 2.7182557 9.0000000 1.1586745 1.2070784 
t8         9.0000000 2.7182557 3.2381161 2.1983953 2.0310377 9.0000000 9.0000000 9.0000000 0.0000000 9.0000000 9.0000000 9.0000000 2.4141569 9.0000000 9.0000000 9.0000000 0.3999739 0.3347153 1.6785349 1.5111773 
t16        0.8864954 1.3144041 0.4172160 2.0310377 0.9913169 2.0310377 0.1799630 0.1073256 9.0000000 0.0000000 0.1427653 0.9547243 1.1132061 1.2070784 1.2070784 1.2588231 9.0000000 9.0000000 1.0703373 1.0703373 
t20        1.0703373 1.4396946 0.4714565 1.8942965 1.1132061 1.5111773 0.2463781 0.1799630 9.0000000 0.1427653 0.0000000 1.2070784 1.2588231 1.3144041 1.3144041 1.2588231 3.2381161 3.2381161 1.2588231 1.2070784 
t11        1.1586745 9.0000000 1.6785349 1.2070784 1.2070784 1.8942965 1.1586745 1.0297869 9.0000000 0.9547243 1.2070784 0.0000000 0.5716050 0.8545757 0.8239592 0.8864954 9.0000000 9.0000000 1.5901977 1.5901977 
t1         0.8545757 2.0310377 1.2588231 1.2070784 1.2070784 1.3744361 1.1586745 1.1132061 2.4141569 1.1132061 1.2588231 0.5716050 0.0000000 0.7389627 0.7126442 0.8864954 2.7182557 3.2381161 0.9913169 1.0297869 
t10        1.0703373 1.3744361 1.1586745 1.2588231 1.1586745 1.4396946 1.2588231 1.1132061 9.0000000 1.2070784 1.3144041 0.8545757 0.7389627 0.0000000 0.3505054 0.3347153 9.0000000 2.7182557 1.1132061 1.0703373 
t4         0.9198342 1.5111773 1.1586745 1.5111773 1.3144041 1.8942965 1.3144041 1.2588231 9.0000000 1.2070784 1.3144041 0.8239592 0.7126442 0.3505054 0.0000000 0.3666350 9.0000000 3.2381161 1.0703373 1.0703373 
t14        1.0297869 1.5901977 1.3144041 1.3144041 1.1586745 1.3744361 1.6785349 1.3144041 9.0000000 1.2588231 1.2588231 0.8864954 0.8864954 0.3347153 0.3666350 0.0000000 9.0000000 9.0000000 1.1132061 1.1586745 
t7         2.4141569 3.2381161 9.0000000 2.1983953 2.0310377 9.0000000 2.7182557 2.7182557 0.3999739 9.0000000 3.2381161 9.0000000 2.7182557 9.0000000 9.0000000 9.0000000 0.0000000 0.2892469 9.0000000 3.2381161 
t17        2.4141569 1.8942965 3.2381161 2.7182557 1.7786835 9.0000000 3.2381161 9.0000000 0.3347153 9.0000000 3.2381161 9.0000000 3.2381161 2.7182557 3.2381161 9.0000000 0.2892469 0.0000000 2.1983953 1.6785349 
t6         0.9547243 0.6872180 1.3144041 1.0703373 0.9547243 1.5901977 1.2588231 1.1586745 1.6785349 1.0703373 1.2588231 1.5901977 0.9913169 1.1132061 1.0703373 1.1132061 9.0000000 2.1983953 0.0000000 0.0734853 
t3         1.0297869 0.6872180 1.2070784 0.9547243 0.8239592 1.6785349 1.2588231 1.2070784 1.5111773 1.0703373 1.2070784 1.5901977 1.0297869 1.0703373 1.0703373 1.1586745 3.2381161 1.6785349 0.0734853 0.0000000 
