20
t11        0.0000000 0.8545757 1.0703373 9.0000000 1.5111773 0.5504769 1.2070784 0.5933457 1.2070784 1.3744361 0.9547243 0.8864954 0.9913169 1.7786835 1.1586745 1.1586745 1.5901977 1.3744361 0.8545757 1.0703373 
t15        0.8545757 0.0000000 1.1132061 1.5901977 1.2070784 0.5299277 0.9198342 0.5299277 1.2070784 1.2070784 0.8239592 0.8545757 0.8864954 1.5901977 0.7662384 0.7389627 1.3744361 1.5111773 0.6872180 0.8864954 
t2         1.0703373 1.1132061 0.0000000 9.0000000 1.3744361 0.8239592 1.4396946 0.9547243 1.1586745 1.2070784 0.8545757 0.3831192 0.3999739 1.0703373 0.6872180 0.7662384 0.9913169 1.1586745 0.6388142 0.7389627 
t4         9.0000000 1.5901977 9.0000000 0.0000000 0.9547243 2.1983953 1.6785349 2.0310377 2.1983953 1.7786835 1.3144041 2.0310377 1.7786835 0.9198342 1.3144041 1.2070784 1.0297869 1.1132061 1.3144041 1.5111773 
t18        1.5111773 1.2070784 1.3744361 0.9547243 0.0000000 1.0703373 1.5111773 1.2588231 2.4141569 2.0310377 1.3744361 0.9913169 1.1586745 0.5716050 1.0297869 1.0703373 0.5716050 0.6157354 1.0297869 1.0703373 
t7         0.5504769 0.5299277 0.8239592 2.1983953 1.0703373 0.0000000 0.6388142 0.3040988 1.1132061 1.1132061 0.7662384 0.8239592 0.7945437 1.3144041 0.7945437 0.8545757 1.2588231 1.4396946 0.6157354 0.7389627 
t5         1.2070784 0.9198342 1.4396946 1.6785349 1.5111773 0.6388142 0.0000000 0.5504769 1.7786835 1.3744361 1.1586745 1.3144041 1.2588231 1.5111773 0.9547243 0.8864954 1.6785349 1.8942965 0.8545757 0.9198342 
t10        0.5933457 0.5299277 0.9547243 2.0310377 1.2588231 0.3040988 0.5504769 0.0000000 1.1586745 1.0297869 0.8545757 0.8864954 0.7662384 1.4396946 0.7126442 0.7389627 1.3744361 1.5111773 0.5716050 0.6872180 
t13        1.2070784 1.2070784 1.1586745 2.1983953 2.4141569 1.1132061 1.7786835 1.1586745 0.0000000 0.9198342 0.5716050 1.2588231 1.4396946 2.1983953 1.2588231 1.2070784 2.7182557 3.2381161 1.1132061 1.5901977 
t8         1.3744361 1.2070784 1.2070784 1.7786835 2.0310377 1.1132061 1.3744361 1.0297869 0.9198342 0.0000000 0.7126442 1.2588231 0.9547243 1.8942965 1.1586745 1.1586745 1.5901977 2.0310377 1.0703373 1.2070784 
t9         0.9547243 0.8239592 0.8545757 1.3144041 1.3744361 0.7662384 1.1586745 0.8545757 0.5716050 0.7126442 0.0000000 0.9547243 0.8239592 1.3144041 0.7945437 0.7945437 1.2588231 1.2588231 0.6388142 0.7945437 
t3         0.8864954 0.8545757 0.3831192 2.0310377 0.9913169 0.8239592 1.3144041 0.8864954 1.2588231 1.2588231 0.9547243 0.0000000 0.2191023 0.8239592 0.5504769 0.5504769 0.7662384 0.9547243 0.4348639 0.5504769 
t14        0.9913169 0.8864954 0.3999739 1.7786835 1.1586745 0.7945437 1.2588231 0.7662384 1.4396946 0.9547243 0.8239592 0.2191023 0.0000000 0.9198342 0.5716050 0.5933457 0.8864954 1.1132061 0.5299277 0.6872180 
t6         1.7786835 1.5901977 1.0703373 0.9198342 0.5716050 1.3144041 1.5111773 1.4396946 2.1983953 1.8942965 1.3144041 0.8239592 0.9198342 0.0000000 0.8864954 0.9913169 0.1307650 0.2463781 1.1132061 1.1132061 
t20        1.1586745 0.7662384 0.6872180 1.3144041 1.0297869 0.7945437 0.9547243 0.7126442 1.2588231 1.1586745 0.7945437 0.5504769 0.5716050 0.8864954 0.0000000 0.0517447 0.7945437 0.9547243 0.3999739 0.4904449 
t12        1.1586745 0.7389627 0.7662384 1.2070784 1.0703373 0.8545757 0.8864954 0.7389627 1.2070784 1.1586745 0.7945437 0.5504769 0.5933457 0.9913169 0.0517447 0.0000000 0.8864954 1.0297869 0.4172160 0.5099265 
t1         1.5901977 1.3744361 0.9913169 1.0297869 0.5716050 1.2588231 1.6785349 1.3744361 2.7182557 1.5901977 1.2588231 0.7662384 0.8864954 0.1307650 0.7945437 0.8864954 0.0000000 0.1549607 0.9913169 1.1132061 
t19        1.3744361 1.5111773 1.1586745 1.1132061 0.6157354 1.4396946 1.8942965 1.5111773 3.2381161 2.0310377 1.2588231 0.9547243 1.1132061 0.2463781 0.9547243 1.0297869 0.1549607 0.0000000 1.1132061 1.1586745 
t17        0.8545757 0.6872180 0.6388142 1.3144041 1.0297869 0.6157354 0.8545757 0.5716050 1.1132061 1.0703373 0.6388142 0.4348639 0.5299277 1.1132061 0.3999739 0.4172160 0.9913169 1.1132061 0.0000000 0.1549607 
t16        1.0703373 0.8864954 0.7389627 1.5111773 1.0703373 0.7389627 0.9198342 0.6872180 1.5901977 1.2070784 0.7945437 0.5504769 0.6872180 1.1132061 0.4904449 0.5099265 1.1132061 1.1586745 0.1549607 0.0000000 
