20
t1         0.0000000 0.6388142 0.3347153 0.9198342 0.2191023 1.0297869 0.6388142 0.6872180 0.3999739 0.3999739 0.3192509 0.3040988 0.3040988 0.3040988 0.3192509 0.3505054 0.3347153 0.3192509 0.8239592 0.7945437 
t19        0.6388142 0.0000000 0.6872180 0.3831192 0.5099265 1.3144041 0.7662384 0.0958750 0.6872180 0.6626257 0.5716050 0.5716050 0.5299277 0.4904449 0.5716050 0.6157354 0.6626257 0.6388142 0.1307650 0.1189538 
t17        0.3347153 0.6872180 0.0000000 0.8864954 0.2191023 0.8545757 0.3999739 0.7126442 0.4529370 0.4714565 0.3347153 0.3347153 0.3666350 0.3666350 0.3040988 0.3347153 0.3831192 0.3999739 0.8545757 0.8239592 
t7         0.9198342 0.3831192 0.8864954 0.0000000 0.9547243 1.7786835 1.2588231 0.5099265 1.1586745 1.2588231 1.1132061 1.0297869 1.0703373 0.9913169 1.1586745 1.2588231 1.0703373 0.9913169 0.5099265 0.5299277 
t5         0.2191023 0.5099265 0.2191023 0.9547243 0.0000000 0.9547243 0.5504769 0.5716050 0.3347153 0.3347153 0.1549607 0.1307650 0.2326162 0.2326162 0.2191023 0.2326162 0.2746833 0.2746833 0.7126442 0.6872180 
t18        1.0297869 1.3144041 0.8545757 1.7786835 0.9547243 0.0000000 0.7126442 1.3144041 0.9913169 0.9547243 1.2070784 1.2070784 0.9913169 1.0297869 0.8545757 0.9198342 1.0703373 1.0703373 1.4396946 1.3744361 
t6         0.6388142 0.7662384 0.3999739 1.2588231 0.5504769 0.7126442 0.0000000 0.8239592 0.7945437 0.6626257 0.6626257 0.6626257 0.5299277 0.5504769 0.4172160 0.4529370 0.6388142 0.6388142 0.9913169 0.9547243 
t14        0.6872180 0.0958750 0.7126442 0.5099265 0.5716050 1.3144041 0.8239592 0.0000000 0.7389627 0.7126442 0.6388142 0.6388142 0.5933457 0.5504769 0.6388142 0.6626257 0.7126442 0.6872180 0.0958750 0.0845966 
t2         0.3999739 0.6872180 0.4529370 1.1586745 0.3347153 0.9913169 0.7945437 0.7389627 0.0000000 0.1673577 0.3999739 0.3999739 0.4172160 0.4172160 0.2463781 0.3040988 0.3999739 0.3999739 0.8545757 0.8545757 
t11        0.3999739 0.6626257 0.4714565 1.2588231 0.3347153 0.9547243 0.6626257 0.7126442 0.1673577 0.0000000 0.4172160 0.3999739 0.3831192 0.3831192 0.2191023 0.2746833 0.3831192 0.3666350 0.7945437 0.7662384 
t10        0.3192509 0.5716050 0.3347153 1.1132061 0.1549607 1.2070784 0.6626257 0.6388142 0.3999739 0.4172160 0.0000000 0.0625362 0.3192509 0.3192509 0.2892469 0.3192509 0.3347153 0.3347153 0.7945437 0.7662384 
t3         0.3040988 0.5716050 0.3347153 1.0297869 0.1307650 1.2070784 0.6626257 0.6388142 0.3999739 0.3999739 0.0625362 0.0000000 0.2892469 0.2892469 0.2892469 0.3040988 0.3192509 0.3192509 0.7945437 0.7662384 
t16        0.3040988 0.5299277 0.3666350 1.0703373 0.2326162 0.9913169 0.5299277 0.5933457 0.4172160 0.3831192 0.3192509 0.2892469 0.0000000 0.0411062 0.2603971 0.3040988 0.1673577 0.1673577 0.6872180 0.6626257 
t15        0.3040988 0.4904449 0.3666350 0.9913169 0.2326162 1.0297869 0.5504769 0.5504769 0.4172160 0.3831192 0.3192509 0.2892469 0.0411062 0.0000000 0.2603971 0.3040988 0.1927838 0.1927838 0.6388142 0.6157354 
t9         0.3192509 0.5716050 0.3040988 1.1586745 0.2191023 0.8545757 0.4172160 0.6388142 0.2463781 0.2191023 0.2892469 0.2892469 0.2603971 0.2603971 0.0000000 0.0734853 0.2603971 0.2603971 0.7126442 0.6872180 
t13        0.3505054 0.6157354 0.3347153 1.2588231 0.2326162 0.9198342 0.4529370 0.6626257 0.3040988 0.2746833 0.3192509 0.3040988 0.3040988 0.3040988 0.0734853 0.0000000 0.3192509 0.3192509 0.7389627 0.7126442 
t4         0.3347153 0.6626257 0.3831192 1.0703373 0.2746833 1.0703373 0.6388142 0.7126442 0.3999739 0.3831192 0.3347153 0.3192509 0.1673577 0.1927838 0.2603971 0.3192509 0.0000000 0.0411062 0.7662384 0.7389627 
t8         0.3192509 0.6388142 0.3999739 0.9913169 0.2746833 1.0703373 0.6388142 0.6872180 0.3999739 0.3666350 0.3347153 0.3192509 0.1673577 0.1927838 0.2603971 0.3192509 0.0411062 0.0000000 0.7945437 0.7662384 
t12        0.8239592 0.1307650 0.8545757 0.5099265 0.7126442 1.4396946 0.9913169 0.0958750 0.8545757 0.7945437 0.7945437 0.7945437 0.6872180 0.6388142 0.7126442 0.7389627 0.7662384 0.7945437 0.0000000 0.0100673 
t20        0.7945437 0.1189538 0.8239592 0.5299277 0.6872180 1.3744361 0.9547243 0.0845966 0.8545757 0.7662384 0.7662384 0.7662384 0.6626257 0.6157354 0.6872180 0.7126442 0.7389627 0.7662384 0.0100673 0.0000000 
