20
t15        0.0000000 2.1983953 1.3144041 1.7786835 9.0000000 1.3744361 1.8942965 1.5111773 3.2381161 1.8942965 2.7182557 1.5901977 1.3744361 9.0000000 1.7786835 2.7182557 2.1983953 2.7182557 1.4396946 1.3744361 
t10        2.1983953 0.0000000 1.3144041 2.1983953 1.8942965 2.4141569 1.3144041 1.8942965 2.0310377 2.1983953 1.5901977 1.5111773 1.5901977 1.4396946 1.0703373 1.5901977 2.1983953 1.3744361 1.1586745 1.2070784 
t4         1.3144041 1.3144041 0.0000000 1.2588231 9.0000000 1.8942965 1.3744361 1.4396946 1.8942965 2.4141569 1.6785349 1.3144041 1.2588231 1.7786835 1.6785349 1.7786835 2.1983953 2.4141569 1.6785349 1.5901977 
t20        1.7786835 2.1983953 1.2588231 0.0000000 1.7786835 0.8864954 2.4141569 1.7786835 2.1983953 2.0310377 1.7786835 0.6872180 0.7389627 2.0310377 2.1983953 1.5111773 1.4396946 1.4396946 1.0297869 1.0703373 
t14        9.0000000 1.8942965 9.0000000 1.7786835 0.0000000 9.0000000 1.7786835 9.0000000 2.0310377 2.1983953 9.0000000 2.4141569 2.1983953 9.0000000 9.0000000 1.7786835 1.3744361 2.7182557 9.0000000 9.0000000 
t11        1.3744361 2.4141569 1.8942965 0.8864954 9.0000000 0.0000000 2.0310377 1.3744361 1.8942965 9.0000000 1.7786835 0.9198342 0.9547243 2.1983953 2.0310377 1.8942965 1.7786835 1.6785349 1.5111773 1.3744361 
t1         1.8942965 1.3144041 1.3744361 2.4141569 1.7786835 2.0310377 0.0000000 1.1132061 1.7786835 2.4141569 0.7945437 2.0310377 2.1983953 0.9913169 0.7662384 1.6785349 1.6785349 1.8942965 1.6785349 1.5111773 
t5         1.5111773 1.8942965 1.4396946 1.7786835 9.0000000 1.3744361 1.1132061 0.0000000 1.4396946 2.4141569 0.6872180 1.2070784 1.5111773 0.8545757 0.7945437 1.4396946 1.5901977 1.8942965 1.5901977 1.5111773 
t8         3.2381161 2.0310377 1.8942965 2.1983953 2.0310377 1.8942965 1.7786835 1.4396946 0.0000000 0.7945437 1.5111773 2.7182557 9.0000000 2.1983953 1.8942965 1.5111773 1.6785349 1.4396946 1.2588231 1.0297869 
t2         1.8942965 2.1983953 2.4141569 2.0310377 2.1983953 9.0000000 2.4141569 2.4141569 0.7945437 0.0000000 2.0310377 2.7182557 9.0000000 9.0000000 2.1983953 9.0000000 2.0310377 1.5111773 1.5901977 1.2588231 
t7         2.7182557 1.5901977 1.6785349 1.7786835 9.0000000 1.7786835 0.7945437 0.6872180 1.5111773 2.0310377 0.0000000 1.2588231 1.4396946 0.5299277 0.4714565 2.0310377 2.0310377 1.4396946 1.6785349 1.4396946 
t17        1.5901977 1.5111773 1.3144041 0.6872180 2.4141569 0.9198342 2.0310377 1.2070784 2.7182557 2.7182557 1.2588231 0.0000000 0.2603971 1.8942965 1.4396946 1.6785349 1.5111773 1.4396946 1.3144041 1.2588231 
t6         1.3744361 1.5901977 1.2588231 0.7389627 2.1983953 0.9547243 2.1983953 1.5111773 9.0000000 9.0000000 1.4396946 0.2603971 0.0000000 2.4141569 1.2070784 2.1983953 9.0000000 1.7786835 1.3744361 1.1586745 
t16        9.0000000 1.4396946 1.7786835 2.0310377 9.0000000 2.1983953 0.9913169 0.8545757 2.1983953 9.0000000 0.5299277 1.8942965 2.4141569 0.0000000 0.6626257 1.8942965 1.6785349 2.7182557 2.1983953 2.0310377 
t3         1.7786835 1.0703373 1.6785349 2.1983953 9.0000000 2.0310377 0.7662384 0.7945437 1.8942965 2.1983953 0.4714565 1.4396946 1.2070784 0.6626257 0.0000000 1.8942965 1.7786835 1.4396946 1.5111773 1.5111773 
t12        2.7182557 1.5901977 1.7786835 1.5111773 1.7786835 1.8942965 1.6785349 1.4396946 1.5111773 9.0000000 2.0310377 1.6785349 2.1983953 1.8942965 1.8942965 0.0000000 0.6626257 1.5901977 1.3744361 1.1132061 
t19        2.1983953 2.1983953 2.1983953 1.4396946 1.3744361 1.7786835 1.6785349 1.5901977 1.6785349 2.0310377 2.0310377 1.5111773 9.0000000 1.6785349 1.7786835 0.6626257 0.0000000 2.0310377 1.6785349 1.5901977 
t18        2.7182557 1.3744361 2.4141569 1.4396946 2.7182557 1.6785349 1.8942965 1.8942965 1.4396946 1.5111773 1.4396946 1.4396946 1.7786835 2.7182557 1.4396946 1.5901977 2.0310377 0.0000000 0.3347153 0.3192509 
t13        1.4396946 1.1586745 1.6785349 1.0297869 9.0000000 1.5111773 1.6785349 1.5901977 1.2588231 1.5901977 1.6785349 1.3144041 1.3744361 2.1983953 1.5111773 1.3744361 1.6785349 0.3347153 0.0000000 0.1427653 
t9         1.3744361 1.2070784 1.5901977 1.0703373 9.0000000 1.3744361 1.5111773 1.5111773 1.0297869 1.2588231 1.4396946 1.2588231 1.1586745 2.0310377 1.5111773 1.1132061 1.5901977 0.3192509 0.1427653 0.0000000 
