20
t2         0.0000000 2.4141569 1.3144041 1.8942965 9.0000000 9.0000000 1.5111773 1.5901977 2.1983953 3.2381161 9.0000000 1.6785349 3.2381161 1.1586745 2.0310377 1.5901977 9.0000000 1.7786835 9.0000000 2.7182557 
t11        2.4141569 0.0000000 1.0297869 1.3744361 1.2588231 2.0310377 9.0000000 9.0000000 1.2588231 9.0000000 9.0000000 1.3744361 2.0310377 1.5111773 9.0000000 1.6785349 3.2381161 1.1132061 1.6785349 1.2588231 
t14        1.3144041 1.0297869 0.0000000 0.3040988 0.9198342 0.7945437 1.6785349 1.6785349 1.2588231 2.0310377 2.1983953 0.2058276 1.2588231 0.4714565 1.0297869 1.0297869 1.3744361 0.7945437 9.0000000 3.2381161 
t10        1.8942965 1.3744361 0.3040988 0.0000000 1.1586745 1.0297869 1.8942965 1.3744361 1.2070784 2.1983953 9.0000000 0.4348639 1.8942965 0.8545757 1.2070784 1.3144041 1.4396946 1.0703373 2.7182557 3.2381161 
t8         9.0000000 1.2588231 0.9198342 1.1586745 0.0000000 0.5299277 1.6785349 1.8942965 1.8942965 1.6785349 9.0000000 1.0703373 1.2070784 1.0297869 1.5901977 1.6785349 2.1983953 1.1132061 2.4141569 1.5111773 
t1         9.0000000 2.0310377 0.7945437 1.0297869 0.5299277 0.0000000 1.7786835 2.4141569 2.4141569 1.8942965 9.0000000 0.9913169 1.4396946 0.8545757 1.2588231 1.5111773 1.7786835 1.1132061 1.8942965 9.0000000 
t13        1.5111773 9.0000000 1.6785349 1.8942965 1.6785349 1.7786835 0.0000000 0.9547243 3.2381161 9.0000000 2.4141569 1.8942965 1.8942965 1.8942965 2.1983953 1.6785349 2.4141569 1.2070784 9.0000000 2.1983953 
t19        1.5901977 9.0000000 1.6785349 1.3744361 1.8942965 2.4141569 0.9547243 0.0000000 2.7182557 1.5901977 9.0000000 2.0310377 1.5901977 2.0310377 1.6785349 1.8942965 9.0000000 1.5901977 9.0000000 2.4141569 
t9         2.1983953 1.2588231 1.2588231 1.2070784 1.8942965 2.4141569 3.2381161 2.7182557 0.0000000 2.0310377 9.0000000 1.3744361 2.4141569 2.1983953 3.2381161 9.0000000 1.6785349 1.0297869 1.4396946 2.1983953 
t16        3.2381161 9.0000000 2.0310377 2.1983953 1.6785349 1.8942965 9.0000000 1.5901977 2.0310377 0.0000000 9.0000000 2.7182557 2.0310377 2.4141569 2.4141569 2.1983953 1.7786835 2.4141569 2.7182557 2.0310377 
t6         9.0000000 9.0000000 2.1983953 9.0000000 9.0000000 9.0000000 2.4141569 9.0000000 9.0000000 9.0000000 0.0000000 2.0310377 9.0000000 9.0000000 9.0000000 9.0000000 9.0000000 9.0000000 3.2381161 9.0000000 
t7         1.6785349 1.3744361 0.2058276 0.4348639 1.0703373 0.9913169 1.8942965 2.0310377 1.3744361 2.7182557 2.0310377 0.0000000 1.2070784 0.7945437 1.4396946 1.3144041 1.8942965 1.1132061 9.0000000 9.0000000 
t12        3.2381161 2.0310377 1.2588231 1.8942965 1.2070784 1.4396946 1.8942965 1.5901977 2.4141569 2.0310377 9.0000000 1.2070784 0.0000000 1.1586745 1.8942965 1.7786835 2.0310377 1.5111773 3.2381161 9.0000000 
t4         1.1586745 1.5111773 0.4714565 0.8545757 1.0297869 0.8545757 1.8942965 2.0310377 2.1983953 2.4141569 9.0000000 0.7945437 1.1586745 0.0000000 0.9547243 0.9547243 1.5901977 0.8864954 1.8942965 1.8942965 
t20        2.0310377 9.0000000 1.0297869 1.2070784 1.5901977 1.2588231 2.1983953 1.6785349 3.2381161 2.4141569 9.0000000 1.4396946 1.8942965 0.9547243 0.0000000 0.3040988 1.5111773 1.0297869 1.6785349 1.5901977 
t15        1.5901977 1.6785349 1.0297869 1.3144041 1.6785349 1.5111773 1.6785349 1.8942965 9.0000000 2.1983953 9.0000000 1.3144041 1.7786835 0.9547243 0.3040988 0.0000000 1.8942965 1.4396946 2.1983953 2.1983953 
t17        9.0000000 3.2381161 1.3744361 1.4396946 2.1983953 1.7786835 2.4141569 9.0000000 1.6785349 1.7786835 9.0000000 1.8942965 2.0310377 1.5901977 1.5111773 1.8942965 0.0000000 0.6388142 2.1983953 2.1983953 
t5         1.7786835 1.1132061 0.7945437 1.0703373 1.1132061 1.1132061 1.2070784 1.5901977 1.0297869 2.4141569 9.0000000 1.1132061 1.5111773 0.8864954 1.0297869 1.4396946 0.6388142 0.0000000 1.8942965 1.6785349 
t18        9.0000000 1.6785349 9.0000000 2.7182557 2.4141569 1.8942965 9.0000000 9.0000000 1.4396946 2.7182557 3.2381161 9.0000000 3.2381161 1.8942965 1.6785349 2.1983953 2.1983953 1.8942965 0.0000000 0.6872180 
t3         2.7182557 1.2588231 3.2381161 3.2381161 1.5111773 9.0000000 2.1983953 2.4141569 2.1983953 2.0310377 9.0000000 9.0000000 9.0000000 1.8942965 1.5901977 2.1983953 2.1983953 1.6785349 0.6872180 0.0000000 
