20
t20        0.0000000 0.3999739 0.5099265 1.5111773 1.6785349 0.7389627 0.7126442 0.6872180 0.7945437 0.7662384 0.8545757 0.5716050 1.0703373 0.6157354 0.8864954 0.7662384 1.2588231 1.1586745 0.5933457 0.5933457 
t14        0.3999739 0.0000000 0.5299277 1.1586745 1.3744361 0.7126442 0.5299277 0.4348639 0.7945437 0.7945437 0.6626257 0.4529370 1.0297869 0.4714565 0.7662384 0.6872180 1.2070784 1.1132061 0.4348639 0.4529370 
t17        0.5099265 0.5299277 0.0000000 1.5901977 1.6785349 0.7662384 0.7126442 0.6626257 0.9198342 0.9198342 0.8239592 0.5716050 0.9913169 0.6157354 0.8545757 0.7945437 1.3744361 1.2588231 0.5299277 0.5716050 
t1         1.5111773 1.1586745 1.5901977 0.0000000 0.6157354 0.9547243 1.3144041 1.5111773 1.3744361 1.2070784 1.2070784 1.0297869 1.1132061 1.0703373 1.1132061 1.2070784 1.2588231 1.2070784 1.1132061 1.1132061 
t2         1.6785349 1.3744361 1.6785349 0.6157354 0.0000000 1.2588231 1.5901977 1.6785349 1.5901977 1.4396946 1.1586745 1.0703373 1.4396946 1.5901977 1.3144041 1.2070784 1.5901977 1.5111773 1.6785349 1.6785349 
t8         0.7389627 0.7126442 0.7662384 0.9547243 1.2588231 0.0000000 0.8239592 0.7126442 1.0297869 0.8545757 0.4348639 0.2463781 1.5901977 0.7126442 0.9913169 0.9198342 1.7786835 1.5901977 0.6872180 0.6626257 
t6         0.7126442 0.5299277 0.7126442 1.3144041 1.5901977 0.8239592 0.0000000 0.2746833 1.0703373 0.8545757 0.7662384 0.5933457 1.1586745 0.6626257 1.0703373 0.9913169 1.1586745 1.1132061 0.6626257 0.6872180 
t19        0.6872180 0.4348639 0.6626257 1.5111773 1.6785349 0.7126442 0.2746833 0.0000000 0.9198342 0.9547243 0.7126442 0.5299277 1.1132061 0.6626257 0.9547243 0.8545757 1.2588231 1.1586745 0.6872180 0.7126442 
t15        0.7945437 0.7945437 0.9198342 1.3744361 1.5901977 1.0297869 1.0703373 0.9198342 0.0000000 0.2463781 1.2070784 0.8864954 1.0297869 0.7662384 1.0703373 0.9198342 0.9547243 0.9547243 0.8545757 0.8239592 
t4         0.7662384 0.7945437 0.9198342 1.2070784 1.4396946 0.8545757 0.8545757 0.9547243 0.2463781 0.0000000 0.9913169 0.7662384 0.8239592 0.7389627 1.0703373 0.9198342 0.7945437 0.8545757 0.7662384 0.7126442 
t13        0.8545757 0.6626257 0.8239592 1.2070784 1.1586745 0.4348639 0.7662384 0.7126442 1.2070784 0.9913169 0.0000000 0.2191023 1.3144041 0.8545757 1.0703373 0.9198342 1.4396946 1.3144041 0.8545757 0.7945437 
t11        0.5716050 0.4529370 0.5716050 1.0297869 1.0703373 0.2463781 0.5933457 0.5299277 0.8864954 0.7662384 0.2191023 0.0000000 1.1586745 0.5099265 0.7945437 0.7389627 1.1586745 1.0703373 0.5099265 0.4714565 
t10        1.0703373 1.0297869 0.9913169 1.1132061 1.4396946 1.5901977 1.1586745 1.1132061 1.0297869 0.8239592 1.3144041 1.1586745 0.0000000 0.9547243 0.9913169 0.8864954 0.1673577 0.2058276 0.8864954 0.9198342 
t16        0.6157354 0.4714565 0.6157354 1.0703373 1.5901977 0.7126442 0.6626257 0.6626257 0.7662384 0.7389627 0.8545757 0.5099265 0.9547243 0.0000000 0.7662384 0.7662384 1.0703373 1.0703373 0.0625362 0.1307650 
t12        0.8864954 0.7662384 0.8545757 1.1132061 1.3144041 0.9913169 1.0703373 0.9547243 1.0703373 1.0703373 1.0703373 0.7945437 0.9913169 0.7662384 0.0000000 0.1073256 1.2588231 1.1586745 0.7662384 0.8545757 
t18        0.7662384 0.6872180 0.7945437 1.2070784 1.2070784 0.9198342 0.9913169 0.8545757 0.9198342 0.9198342 0.9198342 0.7389627 0.8864954 0.7662384 0.1073256 0.0000000 1.0297869 0.9547243 0.7662384 0.7662384 
t5         1.2588231 1.2070784 1.3744361 1.2588231 1.5901977 1.7786835 1.1586745 1.2588231 0.9547243 0.7945437 1.4396946 1.1586745 0.1673577 1.0703373 1.2588231 1.0297869 0.0000000 0.0517447 1.0703373 1.0703373 
t3         1.1586745 1.1132061 1.2588231 1.2070784 1.5111773 1.5901977 1.1132061 1.1586745 0.9547243 0.8545757 1.3144041 1.0703373 0.2058276 1.0703373 1.1586745 0.9547243 0.0517447 0.0000000 1.0703373 1.0703373 
t9         0.5933457 0.4348639 0.5299277 1.1132061 1.6785349 0.6872180 0.6626257 0.6872180 0.8545757 0.7662384 0.8545757 0.5099265 0.8864954 0.0625362 0.7662384 0.7662384 1.0703373 1.0703373 0.0000000 0.0625362 
t7         0.5933457 0.4529370 0.5716050 1.1132061 1.6785349 0.6626257 0.6872180 0.7126442 0.8239592 0.7126442 0.7945437 0.4714565 0.9198342 0.1307650 0.8545757 0.7662384 1.0703373 1.0703373 0.0625362 0.0000000 
