20
t13        0.0000000 1.7786835 0.9913169 1.4396946 1.8942965 0.9198342 9.0000000 0.9913169 1.0703373 1.1132061 1.6785349 1.2588231 1.1132061 1.4396946 1.1586745 2.0310377 1.4396946 2.7182557 2.1983953 2.4141569 
t18        1.7786835 0.0000000 1.7786835 1.8942965 2.1983953 1.5901977 3.2381161 1.4396946 1.8942965 0.8239592 2.0310377 2.0310377 0.9547243 1.1132061 0.8545757 0.9547243 0.7389627 1.1132061 1.2588231 1.0703373 
t3         0.9913169 1.7786835 0.0000000 1.8942965 2.0310377 0.3666350 2.7182557 0.4904449 0.6388142 1.5111773 1.2070784 1.0297869 1.6785349 2.7182557 1.6785349 9.0000000 2.4141569 9.0000000 9.0000000 9.0000000 
t11        1.4396946 1.8942965 1.8942965 0.0000000 1.6785349 1.3144041 3.2381161 1.8942965 1.5901977 2.1983953 2.1983953 1.4396946 1.5901977 2.1983953 1.8942965 2.7182557 1.7786835 2.1983953 2.7182557 2.4141569 
t7         1.8942965 2.1983953 2.0310377 1.6785349 0.0000000 1.6785349 9.0000000 1.7786835 2.0310377 3.2381161 2.7182557 1.5111773 3.2381161 9.0000000 9.0000000 2.4141569 2.4141569 3.2381161 3.2381161 2.7182557 
t19        0.9198342 1.5901977 0.3666350 1.3144041 1.6785349 0.0000000 2.4141569 0.2191023 0.4348639 1.0703373 1.1586745 0.8864954 1.3744361 1.6785349 1.4396946 2.4141569 1.3744361 1.6785349 2.1983953 1.6785349 
t6         9.0000000 3.2381161 2.7182557 3.2381161 9.0000000 2.4141569 0.0000000 2.0310377 9.0000000 9.0000000 3.2381161 9.0000000 9.0000000 2.7182557 9.0000000 9.0000000 3.2381161 2.4141569 2.7182557 9.0000000 
t9         0.9913169 1.4396946 0.4904449 1.8942965 1.7786835 0.2191023 2.0310377 0.0000000 0.3666350 1.0297869 1.1586745 0.8239592 1.2070784 1.3144041 1.3144041 2.0310377 1.3744361 1.7786835 2.4141569 1.6785349 
t17        1.0703373 1.8942965 0.6388142 1.5901977 2.0310377 0.4348639 9.0000000 0.3666350 0.0000000 1.0703373 1.6785349 1.2070784 1.4396946 1.4396946 1.3744361 9.0000000 2.0310377 2.0310377 9.0000000 2.1983953 
t1         1.1132061 0.8239592 1.5111773 2.1983953 3.2381161 1.0703373 9.0000000 1.0297869 1.0703373 0.0000000 1.5111773 1.5111773 0.1927838 0.4172160 0.2191023 1.0703373 0.6626257 1.0297869 1.1586745 0.9913169 
t12        1.6785349 2.0310377 1.2070784 2.1983953 2.7182557 1.1586745 3.2381161 1.1586745 1.6785349 1.5111773 0.0000000 0.2463781 1.2588231 1.3744361 1.8942965 1.8942965 1.5111773 1.4396946 1.6785349 1.7786835 
t4         1.2588231 2.0310377 1.0297869 1.4396946 1.5111773 0.8864954 9.0000000 0.8239592 1.2070784 1.5111773 0.2463781 0.0000000 1.4396946 1.5901977 1.7786835 1.4396946 1.2070784 1.4396946 1.4396946 1.5111773 
t14        1.1132061 0.9547243 1.6785349 1.5901977 3.2381161 1.3744361 9.0000000 1.2070784 1.4396946 0.1927838 1.2588231 1.4396946 0.0000000 0.5504769 0.2603971 1.2070784 0.7662384 1.2070784 1.4396946 1.2070784 
t8         1.4396946 1.1132061 2.7182557 2.1983953 9.0000000 1.6785349 2.7182557 1.3144041 1.4396946 0.4172160 1.3744361 1.5901977 0.5504769 0.0000000 0.4348639 1.7786835 1.1132061 1.5901977 1.6785349 1.7786835 
t10        1.1586745 0.8545757 1.6785349 1.8942965 9.0000000 1.4396946 9.0000000 1.3144041 1.3744361 0.2191023 1.8942965 1.7786835 0.2603971 0.4348639 0.0000000 1.3144041 0.8864954 1.1586745 1.3144041 1.1586745 
t16        2.0310377 0.9547243 9.0000000 2.7182557 2.4141569 2.4141569 9.0000000 2.0310377 9.0000000 1.0703373 1.8942965 1.4396946 1.2070784 1.7786835 1.3144041 0.0000000 0.5716050 0.9547243 0.9547243 0.9547243 
t5         1.4396946 0.7389627 2.4141569 1.7786835 2.4141569 1.3744361 3.2381161 1.3744361 2.0310377 0.6626257 1.5111773 1.2070784 0.7662384 1.1132061 0.8864954 0.5716050 0.0000000 0.6626257 0.6872180 0.6626257 
t20        2.7182557 1.1132061 9.0000000 2.1983953 3.2381161 1.6785349 2.4141569 1.7786835 2.0310377 1.0297869 1.4396946 1.4396946 1.2070784 1.5901977 1.1586745 0.9547243 0.6626257 0.0000000 0.1189538 0.0958750 
t2         2.1983953 1.2588231 9.0000000 2.7182557 3.2381161 2.1983953 2.7182557 2.4141569 9.0000000 1.1586745 1.6785349 1.4396946 1.4396946 1.6785349 1.3144041 0.9547243 0.6872180 0.1189538 0.0000000 0.1427653 
t15        2.4141569 1.0703373 9.0000000 2.4141569 2.7182557 1.6785349 9.0000000 1.6785349 2.1983953 0.9913169 1.7786835 1.5111773 1.2070784 1.7786835 1.1586745 0.9547243 0.6626257 0.0958750 0.1427653 0.0000000 
