20
t16        0.0000000 0.7662384 0.6872180 0.7389627 0.8239592 0.7126442 0.7945437 0.5716050 0.8239592 0.7389627 0.7662384 0.7126442 0.7662384 0.7945437 0.8545757 0.9198342 0.7662384 0.7662384 0.9198342 0.8864954 
t10        0.7662384 0.0000000 1.1132061 0.8864954 0.9547243 0.7945437 0.7126442 0.5099265 0.9198342 1.0297869 0.9913169 0.9198342 0.8864954 0.9913169 1.2588231 1.2588231 1.2070784 1.2070784 1.2588231 1.2588231 
t1         0.6872180 1.1132061 0.0000000 0.4529370 0.4348639 0.4172160 0.8239592 0.6388142 0.5299277 0.3999739 0.4348639 0.3999739 0.5099265 0.5504769 0.4172160 0.4172160 0.8239592 0.7945437 1.1132061 1.0703373 
t2         0.7389627 0.8864954 0.4529370 0.0000000 0.2326162 0.3831192 0.8864954 0.7389627 0.5099265 0.4348639 0.4904449 0.4348639 0.4348639 0.4529370 0.5933457 0.5933457 0.9547243 0.9913169 1.1586745 1.2070784 
t5         0.8239592 0.9547243 0.4348639 0.2326162 0.0000000 0.3831192 0.7945437 0.7126442 0.5099265 0.4172160 0.4172160 0.3666350 0.4348639 0.4714565 0.5716050 0.5716050 0.8239592 0.8239592 1.3744361 1.3144041 
t19        0.7126442 0.7945437 0.4172160 0.3831192 0.3831192 0.0000000 0.7662384 0.6626257 0.1427653 0.2603971 0.2463781 0.2191023 0.1073256 0.1307650 0.4904449 0.4904449 0.8864954 0.8864954 1.1132061 1.0703373 
t17        0.7945437 0.7126442 0.8239592 0.8864954 0.7945437 0.7662384 0.0000000 0.2058276 0.8864954 0.7945437 0.7389627 0.7389627 0.8864954 0.9547243 1.1132061 1.0297869 0.7389627 0.7389627 1.1586745 1.1586745 
t20        0.5716050 0.5099265 0.6388142 0.7389627 0.7126442 0.6626257 0.2058276 0.0000000 0.8239592 0.7389627 0.6872180 0.6626257 0.7945437 0.8239592 0.9547243 0.9547243 0.7662384 0.7662384 0.7945437 0.7945437 
t18        0.8239592 0.9198342 0.5299277 0.5099265 0.5099265 0.1427653 0.8864954 0.8239592 0.0000000 0.3666350 0.3999739 0.3347153 0.1799630 0.1927838 0.5504769 0.5504769 0.8864954 0.8864954 1.1132061 1.0703373 
t8         0.7389627 1.0297869 0.3999739 0.4348639 0.4172160 0.2603971 0.7945437 0.7389627 0.3666350 0.0000000 0.0958750 0.0845966 0.3347153 0.3999739 0.5933457 0.5933457 0.6872180 0.7126442 1.3144041 1.2588231 
t9         0.7662384 0.9913169 0.4348639 0.4904449 0.4172160 0.2463781 0.7389627 0.6872180 0.3999739 0.0958750 0.0000000 0.0734853 0.3505054 0.4172160 0.5716050 0.5716050 0.6388142 0.6388142 1.2070784 1.1586745 
t6         0.7126442 0.9198342 0.3999739 0.4348639 0.3666350 0.2191023 0.7389627 0.6626257 0.3347153 0.0845966 0.0734853 0.0000000 0.2892469 0.3505054 0.5504769 0.5504769 0.6388142 0.6388142 1.2588231 1.2070784 
t3         0.7662384 0.8864954 0.5099265 0.4348639 0.4348639 0.1073256 0.8864954 0.7945437 0.1799630 0.3347153 0.3505054 0.2892469 0.0000000 0.0517447 0.5716050 0.5716050 0.9198342 0.9198342 1.1586745 1.1132061 
t14        0.7945437 0.9913169 0.5504769 0.4529370 0.4714565 0.1307650 0.9547243 0.8239592 0.1927838 0.3999739 0.4172160 0.3505054 0.0517447 0.0000000 0.6157354 0.6157354 1.1132061 1.1132061 1.3144041 1.2588231 
t7         0.8545757 1.2588231 0.4172160 0.5933457 0.5716050 0.4904449 1.1132061 0.9547243 0.5504769 0.5933457 0.5716050 0.5504769 0.5716050 0.6157354 0.0000000 0.0202715 0.9547243 0.9198342 1.1132061 1.0703373 
t13        0.9198342 1.2588231 0.4172160 0.5933457 0.5716050 0.4904449 1.0297869 0.9547243 0.5504769 0.5933457 0.5716050 0.5504769 0.5716050 0.6157354 0.0202715 0.0000000 1.0297869 0.9913169 1.1586745 1.1132061 
t15        0.7662384 1.2070784 0.8239592 0.9547243 0.8239592 0.8864954 0.7389627 0.7662384 0.8864954 0.6872180 0.6388142 0.6388142 0.9198342 1.1132061 0.9547243 1.0297869 0.0000000 0.0202715 0.9547243 0.9547243 
t11        0.7662384 1.2070784 0.7945437 0.9913169 0.8239592 0.8864954 0.7389627 0.7662384 0.8864954 0.7126442 0.6388142 0.6388142 0.9198342 1.1132061 0.9198342 0.9913169 0.0202715 0.0000000 0.9198342 0.9198342 
t12        0.9198342 1.2588231 1.1132061 1.1586745 1.3744361 1.1132061 1.1586745 0.7945437 1.1132061 1.3144041 1.2070784 1.2588231 1.1586745 1.3144041 1.1132061 1.1586745 0.9547243 0.9198342 0.0000000 0.0306165 
t4         0.8864954 1.2588231 1.0703373 1.2070784 1.3144041 1.0703373 1.1586745 0.7945437 1.0703373 1.2588231 1.1586745 1.2070784 1.1132061 1.2588231 1.0703373 1.1132061 0.9547243 0.9198342 0.0306165 0.0000000 
