20
t1         0.0000000 1.1132061 1.1586745 2.1983953 1.2588231 9.0000000 1.1586745 0.6872180 1.1132061 1.5111773 1.2588231 1.6785349 0.7662384 0.8864954 1.1132061 1.1132061 1.5111773 1.3144041 0.8545757 0.8545757 
t15        1.1132061 0.0000000 1.5901977 2.4141569 2.7182557 1.4396946 9.0000000 1.4396946 2.0310377 9.0000000 2.1983953 1.7786835 1.8942965 1.6785349 2.1983953 9.0000000 1.7786835 1.7786835 2.0310377 1.6785349 
t4         1.1586745 1.5901977 0.0000000 3.2381161 0.6157354 1.5901977 1.1586745 0.7662384 1.3144041 1.5901977 1.3744361 1.5901977 1.5111773 1.6785349 0.8545757 0.9913169 1.1132061 0.9913169 0.6872180 0.6872180 
t9         2.1983953 2.4141569 3.2381161 0.0000000 1.4396946 3.2381161 2.1983953 1.5901977 1.7786835 9.0000000 2.1983953 2.4141569 9.0000000 9.0000000 9.0000000 9.0000000 9.0000000 3.2381161 1.6785349 1.7786835 
t13        1.2588231 2.7182557 0.6157354 1.4396946 0.0000000 1.7786835 1.4396946 0.6872180 1.5111773 1.1586745 1.2588231 1.8942965 1.4396946 1.3744361 0.6388142 0.6626257 0.8545757 0.8545757 0.5299277 0.5099265 
t17        9.0000000 1.4396946 1.5901977 3.2381161 1.7786835 0.0000000 1.8942965 2.1983953 1.6785349 9.0000000 1.8942965 3.2381161 2.0310377 2.1983953 1.8942965 1.5901977 2.7182557 2.4141569 1.5111773 1.4396946 
t14        1.1586745 9.0000000 1.1586745 2.1983953 1.4396946 1.8942965 0.0000000 0.7945437 1.4396946 3.2381161 0.9198342 1.0297869 1.2070784 1.2588231 1.4396946 1.4396946 1.8942965 1.6785349 1.2070784 1.1132061 
t8         0.6872180 1.4396946 0.7662384 1.5901977 0.6872180 2.1983953 0.7945437 0.0000000 0.7126442 1.4396946 0.6626257 0.7662384 1.1132061 1.2588231 0.8239592 0.8239592 1.1586745 1.0703373 0.6872180 0.6157354 
t19        1.1132061 2.0310377 1.3144041 1.7786835 1.5111773 1.6785349 1.4396946 0.7126442 0.0000000 2.4141569 0.8864954 1.0703373 1.7786835 1.6785349 1.2070784 1.5111773 1.4396946 1.6785349 1.3144041 1.3744361 
t11        1.5111773 9.0000000 1.5901977 9.0000000 1.1586745 9.0000000 3.2381161 1.4396946 2.4141569 0.0000000 1.8942965 2.1983953 1.7786835 2.0310377 1.6785349 1.5901977 0.5099265 0.4529370 1.5901977 1.3744361 
t2         1.2588231 2.1983953 1.3744361 2.1983953 1.2588231 1.8942965 0.9198342 0.6626257 0.8864954 1.8942965 0.0000000 0.4714565 1.2070784 1.3744361 1.4396946 1.5901977 1.4396946 1.3144041 1.0703373 1.0297869 
t10        1.6785349 1.7786835 1.5901977 2.4141569 1.8942965 3.2381161 1.0297869 0.7662384 1.0703373 2.1983953 0.4714565 0.0000000 1.6785349 1.8942965 1.3744361 1.5111773 1.6785349 1.7786835 1.4396946 1.3744361 
t5         0.7662384 1.8942965 1.5111773 9.0000000 1.4396946 2.0310377 1.2070784 1.1132061 1.7786835 1.7786835 1.2070784 1.6785349 0.0000000 0.0845966 2.1983953 2.4141569 1.8942965 3.2381161 1.2588231 1.1586745 
t6         0.8864954 1.6785349 1.6785349 9.0000000 1.3744361 2.1983953 1.2588231 1.2588231 1.6785349 2.0310377 1.3744361 1.8942965 0.0845966 0.0000000 2.7182557 2.7182557 2.4141569 9.0000000 1.2588231 1.1586745 
t16        1.1132061 2.1983953 0.8545757 9.0000000 0.6388142 1.8942965 1.4396946 0.8239592 1.2070784 1.6785349 1.4396946 1.3744361 2.1983953 2.7182557 0.0000000 0.1549607 0.9913169 1.1132061 0.5299277 0.4529370 
t20        1.1132061 9.0000000 0.9913169 9.0000000 0.6626257 1.5901977 1.4396946 0.8239592 1.5111773 1.5901977 1.5901977 1.5111773 2.4141569 2.7182557 0.1549607 0.0000000 0.9547243 1.1132061 0.5504769 0.4714565 
t3         1.5111773 1.7786835 1.1132061 9.0000000 0.8545757 2.7182557 1.8942965 1.1586745 1.4396946 0.5099265 1.4396946 1.6785349 1.8942965 2.4141569 0.9913169 0.9547243 0.0000000 0.2326162 1.2070784 0.9913169 
t12        1.3144041 1.7786835 0.9913169 3.2381161 0.8545757 2.4141569 1.6785349 1.0703373 1.6785349 0.4529370 1.3144041 1.7786835 3.2381161 9.0000000 1.1132061 1.1132061 0.2326162 0.0000000 1.3144041 1.1586745 
t18        0.8545757 2.0310377 0.6872180 1.6785349 0.5299277 1.5111773 1.2070784 0.6872180 1.3144041 1.5901977 1.0703373 1.4396946 1.2588231 1.2588231 0.5299277 0.5504769 1.2070784 1.3144041 0.0000000 0.0734853 
t7         0.8545757 1.6785349 0.6872180 1.7786835 0.5099265 1.4396946 1.1132061 0.6157354 1.3744361 1.3744361 1.0297869 1.3744361 1.1586745 1.1586745 0.4529370 0.4714565 0.9913169 1.1586745 0.0734853 0.0000000 
