20
t5         0.0000000 0.6872180 0.8239592 1.0703373 0.5933457 0.9913169 1.0297869 1.1586745 0.9547243 0.7945437 0.5716050 0.7662384 0.8864954 0.7389627 0.7389627 0.8545757 0.6388142 0.6388142 0.7389627 0.7389627 
t9         0.6872180 0.0000000 0.5716050 0.5099265 0.4904449 0.6388142 0.7126442 0.8239592 0.5504769 0.7945437 0.5933457 0.5716050 0.5933457 0.4904449 0.6872180 0.6872180 0.5933457 0.5933457 0.4348639 0.4348639 
t18        0.8239592 0.5716050 0.0000000 1.0297869 0.6157354 0.7945437 0.6872180 0.7662384 0.7945437 0.8864954 0.7662384 0.6388142 0.7662384 0.6157354 0.8545757 0.9547243 0.7945437 0.7389627 0.5299277 0.5299277 
t20        1.0703373 0.5099265 1.0297869 0.0000000 0.7389627 0.9198342 0.8545757 1.3144041 0.7126442 1.1132061 0.8545757 0.6157354 0.7389627 0.7945437 0.9547243 0.9913169 0.8864954 0.8239592 0.8239592 0.8239592 
t4         0.5933457 0.4904449 0.6157354 0.7389627 0.0000000 0.6626257 0.6872180 0.7662384 0.7662384 0.4529370 0.4904449 0.6157354 0.7126442 0.6872180 0.6872180 0.7945437 0.3040988 0.3040988 0.6626257 0.6626257 
t6         0.9913169 0.6388142 0.7945437 0.9198342 0.6626257 0.0000000 0.3505054 0.3831192 0.8545757 0.9198342 0.7945437 0.5933457 0.7389627 0.9198342 0.8864954 0.9198342 0.7662384 0.7662384 0.8545757 0.8545757 
t17        1.0297869 0.7126442 0.6872180 0.8545757 0.6872180 0.3505054 0.0000000 0.2746833 0.8545757 0.8864954 0.7126442 0.7126442 0.8545757 0.7945437 0.8239592 0.8864954 0.7662384 0.7662384 0.7945437 0.7945437 
t14        1.1586745 0.8239592 0.7662384 1.3144041 0.7662384 0.3831192 0.2746833 0.0000000 1.1132061 1.0297869 0.7662384 0.7389627 0.8864954 0.8864954 0.9198342 1.0297869 0.9198342 0.9198342 0.8239592 0.8239592 
t8         0.9547243 0.5504769 0.7945437 0.7126442 0.7662384 0.8545757 0.8545757 1.1132061 0.0000000 1.0297869 0.6872180 0.2746833 0.2746833 0.7389627 0.8864954 0.9913169 0.8239592 0.8239592 0.6626257 0.6626257 
t19        0.7945437 0.7945437 0.8864954 1.1132061 0.4529370 0.9198342 0.8864954 1.0297869 1.0297869 0.0000000 0.8239592 0.9198342 0.8864954 0.8545757 0.9913169 0.9913169 0.2058276 0.2191023 0.8239592 0.8239592 
t1         0.5716050 0.5933457 0.7662384 0.8545757 0.4904449 0.7945437 0.7126442 0.7662384 0.6872180 0.8239592 0.0000000 0.6157354 0.7126442 0.6626257 0.1307650 0.2058276 0.6872180 0.6872180 0.6388142 0.6388142 
t3         0.7662384 0.5716050 0.6388142 0.6157354 0.6157354 0.5933457 0.7126442 0.7389627 0.2746833 0.9198342 0.6157354 0.0000000 0.0958750 0.7389627 0.8545757 0.8545757 0.7389627 0.7389627 0.6157354 0.6157354 
t13        0.8864954 0.5933457 0.7662384 0.7389627 0.7126442 0.7389627 0.8545757 0.8864954 0.2746833 0.8864954 0.7126442 0.0958750 0.0000000 0.8545757 0.9913169 0.9913169 0.7662384 0.7662384 0.7126442 0.7126442 
t11        0.7389627 0.4904449 0.6157354 0.7945437 0.6872180 0.9198342 0.7945437 0.8864954 0.7389627 0.8545757 0.6626257 0.7389627 0.8545757 0.0000000 0.8239592 0.9198342 0.7662384 0.7662384 0.0517447 0.0517447 
t12        0.7389627 0.6872180 0.8545757 0.9547243 0.6872180 0.8864954 0.8239592 0.9198342 0.8864954 0.9913169 0.1307650 0.8545757 0.9913169 0.8239592 0.0000000 0.1673577 0.8545757 0.8239592 0.8239592 0.8239592 
t7         0.8545757 0.6872180 0.9547243 0.9913169 0.7945437 0.9198342 0.8864954 1.0297869 0.9913169 0.9913169 0.2058276 0.8545757 0.9913169 0.9198342 0.1673577 0.0000000 0.8864954 0.8864954 0.8864954 0.8864954 
t16        0.6388142 0.5933457 0.7945437 0.8864954 0.3040988 0.7662384 0.7662384 0.9198342 0.8239592 0.2058276 0.6872180 0.7389627 0.7662384 0.7662384 0.8545757 0.8864954 0.0000000 0.0202715 0.7389627 0.7389627 
t15        0.6388142 0.5933457 0.7389627 0.8239592 0.3040988 0.7662384 0.7662384 0.9198342 0.8239592 0.2191023 0.6872180 0.7389627 0.7662384 0.7662384 0.8239592 0.8864954 0.0202715 0.0000000 0.7389627 0.7389627 
t10        0.7389627 0.4348639 0.5299277 0.8239592 0.6626257 0.8545757 0.7945437 0.8239592 0.6626257 0.8239592 0.6388142 0.6157354 0.7126442 0.0517447 0.8239592 0.8864954 0.7389627 0.7389627 0.0000000 0.0000010 
t2         0.7389627 0.4348639 0.5299277 0.8239592 0.6626257 0.8545757 0.7945437 0.8239592 0.6626257 0.8239592 0.6388142 0.6157354 0.7126442 0.0517447 0.8239592 0.8864954 0.7389627 0.7389627 0.0000010 0.0000000 
