20
t19        0.0000000 1.3744361 1.2070784 1.6785349 1.6785349 1.5901977 1.2070784 0.9547243 1.3744361 1.8942965 1.6785349 1.2070784 1.4396946 1.8942965 1.5901977 2.0310377 1.5111773 1.5111773 1.4396946 1.2588231 
t5         1.3744361 0.0000000 0.8864954 1.8942965 2.1983953 2.1983953 1.1586745 1.2070784 3.2381161 1.5111773 1.3144041 1.6785349 1.7786835 1.7786835 1.6785349 1.3744361 1.6785349 1.7786835 2.0310377 1.8942965 
t2         1.2070784 0.8864954 0.0000000 1.4396946 1.5901977 1.6785349 0.7126442 0.5299277 1.1132061 0.9547243 1.1132061 1.6785349 1.6785349 1.6785349 1.3144041 1.3744361 1.4396946 1.4396946 1.2070784 1.1586745 
t20        1.6785349 1.8942965 1.4396946 0.0000000 0.4529370 1.2070784 1.6785349 1.6785349 1.1586745 1.7786835 1.6785349 1.8942965 2.7182557 1.6785349 1.3144041 1.5901977 1.5901977 1.5111773 1.6785349 1.3744361 
t3         1.6785349 2.1983953 1.5901977 0.4529370 0.0000000 1.8942965 1.5111773 1.7786835 1.5111773 1.5901977 1.8942965 1.7786835 2.4141569 2.4141569 1.1586745 1.5901977 1.8942965 1.7786835 2.4141569 1.8942965 
t17        1.5901977 2.1983953 1.6785349 1.2070784 1.8942965 0.0000000 3.2381161 1.3744361 0.4904449 1.4396946 1.8942965 9.0000000 9.0000000 2.4141569 1.4396946 1.5111773 9.0000000 9.0000000 0.6157354 0.5299277 
t1         1.2070784 1.1586745 0.7126442 1.6785349 1.5111773 3.2381161 0.0000000 0.6388142 2.7182557 1.2588231 1.7786835 2.1983953 2.4141569 1.5111773 2.1983953 1.3144041 1.2588231 1.3144041 3.2381161 2.7182557 
t18        0.9547243 1.2070784 0.5299277 1.6785349 1.7786835 1.3744361 0.6388142 0.0000000 1.4396946 1.1132061 1.1586745 1.8942965 1.7786835 2.0310377 2.1983953 1.7786835 1.5901977 1.7786835 1.3744361 1.2070784 
t15        1.3744361 3.2381161 1.1132061 1.1586745 1.5111773 0.4904449 2.7182557 1.4396946 0.0000000 1.4396946 2.1983953 9.0000000 9.0000000 3.2381161 1.5901977 1.5901977 2.7182557 3.2381161 0.5504769 0.4714565 
t7         1.8942965 1.5111773 0.9547243 1.7786835 1.5901977 1.4396946 1.2588231 1.1132061 1.4396946 0.0000000 0.7126442 3.2381161 2.1983953 9.0000000 1.7786835 1.3144041 2.4141569 3.2381161 1.8942965 1.7786835 
t10        1.6785349 1.3144041 1.1132061 1.6785349 1.8942965 1.8942965 1.7786835 1.1586745 2.1983953 0.7126442 0.0000000 2.4141569 1.8942965 9.0000000 2.4141569 1.7786835 9.0000000 9.0000000 2.7182557 3.2381161 
t12        1.2070784 1.6785349 1.6785349 1.8942965 1.7786835 9.0000000 2.1983953 1.8942965 9.0000000 3.2381161 2.4141569 0.0000000 0.3666350 0.6872180 1.7786835 2.4141569 0.5933457 0.6872180 2.1983953 3.2381161 
t16        1.4396946 1.7786835 1.6785349 2.7182557 2.4141569 9.0000000 2.4141569 1.7786835 9.0000000 2.1983953 1.8942965 0.3666350 0.0000000 0.8239592 1.2070784 1.3144041 0.7662384 0.7662384 2.0310377 1.7786835 
t9         1.8942965 1.7786835 1.6785349 1.6785349 2.4141569 2.4141569 1.5111773 2.0310377 3.2381161 9.0000000 9.0000000 0.6872180 0.8239592 0.0000000 1.8942965 2.0310377 0.1799630 0.1549607 3.2381161 2.0310377 
t14        1.5901977 1.6785349 1.3144041 1.3144041 1.1586745 1.4396946 2.1983953 2.1983953 1.5901977 1.7786835 2.4141569 1.7786835 1.2070784 1.8942965 0.0000000 0.3192509 1.7786835 1.7786835 1.6785349 1.5111773 
t11        2.0310377 1.3744361 1.3744361 1.5901977 1.5901977 1.5111773 1.3144041 1.7786835 1.5901977 1.3144041 1.7786835 2.4141569 1.3144041 2.0310377 0.3192509 0.0000000 1.8942965 1.7786835 2.0310377 1.7786835 
t8         1.5111773 1.6785349 1.4396946 1.5901977 1.8942965 9.0000000 1.2588231 1.5901977 2.7182557 2.4141569 9.0000000 0.5933457 0.7662384 0.1799630 1.7786835 1.8942965 0.0000000 0.1189538 9.0000000 2.1983953 
t4         1.5111773 1.7786835 1.4396946 1.5111773 1.7786835 9.0000000 1.3144041 1.7786835 3.2381161 3.2381161 9.0000000 0.6872180 0.7662384 0.1549607 1.7786835 1.7786835 0.1189538 0.0000000 9.0000000 2.4141569 
t6         1.4396946 2.0310377 1.2070784 1.6785349 2.4141569 0.6157354 3.2381161 1.3744361 0.5504769 1.8942965 2.7182557 2.1983953 2.0310377 3.2381161 1.6785349 2.0310377 9.0000000 9.0000000 0.0000000 0.0625362 
t13        1.2588231 1.8942965 1.1586745 1.3744361 1.8942965 0.5299277 2.7182557 1.2070784 0.4714565 1.7786835 3.2381161 3.2381161 1.7786835 2.0310377 1.5111773 1.7786835 2.1983953 2.4141569 0.0625362 0.0000000 
