20
t7         0.0000000 9.0000000 9.0000000 9.0000000 9.0000000 9.0000000 9.0000000 9.0000000 2.7182557 9.0000000 9.0000000 9.0000000 9.0000000 2.7182557 9.0000000 9.0000000 9.0000000 9.0000000 9.0000000 9.0000000 
t15        9.0000000 0.0000000 0.3505054 0.9913169 1.1132061 0.5933457 0.8545757 1.2588231 1.3144041 0.7389627 0.6157354 0.7389627 1.3744361 1.1586745 1.6785349 1.5901977 1.6785349 1.5111773 1.3744361 1.5111773 
t10        9.0000000 0.3505054 0.0000000 0.9913169 0.9547243 0.6626257 0.8864954 1.2588231 0.9547243 0.8545757 0.8239592 0.9198342 1.3144041 1.5901977 1.6785349 1.2588231 2.0310377 1.5111773 1.2070784 1.3744361 
t3         9.0000000 0.9913169 0.9913169 0.0000000 1.2070784 0.7389627 1.2070784 1.1132061 1.3144041 1.2070784 0.9913169 0.9913169 1.7786835 1.5901977 2.4141569 1.4396946 1.8942965 1.3744361 1.3144041 1.4396946 
t8         9.0000000 1.1132061 0.9547243 1.2070784 0.0000000 0.9198342 1.2070784 1.4396946 1.5901977 1.2588231 1.1586745 1.2070784 1.4396946 2.7182557 9.0000000 1.5901977 2.1983953 2.7182557 1.6785349 1.8942965 
t19        9.0000000 0.5933457 0.6626257 0.7389627 0.9198342 0.0000000 0.5504769 0.8864954 0.6388142 0.5716050 0.4172160 0.4348639 0.9547243 1.1132061 1.4396946 1.2070784 1.2070784 1.0703373 1.4396946 1.3744361 
t14        9.0000000 0.8545757 0.8864954 1.2070784 1.2070784 0.5504769 0.0000000 1.1586745 1.0703373 1.1586745 0.9198342 0.8545757 1.2588231 1.6785349 2.0310377 1.6785349 1.5901977 1.3744361 1.6785349 1.7786835 
t17        9.0000000 1.2588231 1.2588231 1.1132061 1.4396946 0.8864954 1.1586745 0.0000000 1.0297869 1.2588231 1.0297869 0.9913169 0.5933457 1.8942965 2.4141569 0.6872180 1.5111773 1.4396946 0.7126442 0.7662384 
t18        2.7182557 1.3144041 0.9547243 1.3144041 1.5901977 0.6388142 1.0703373 1.0297869 0.0000000 0.7126442 1.1586745 1.0703373 1.7786835 1.8942965 2.1983953 2.1983953 1.7786835 1.5901977 1.7786835 1.7786835 
t6         9.0000000 0.7389627 0.8545757 1.2070784 1.2588231 0.5716050 1.1586745 1.2588231 0.7126442 0.0000000 0.7662384 0.7945437 1.5901977 1.2588231 1.6785349 1.5111773 1.5111773 1.1586745 1.6785349 1.6785349 
t16        9.0000000 0.6157354 0.8239592 0.9913169 1.1586745 0.4172160 0.9198342 1.0297869 1.1586745 0.7662384 0.0000000 0.2058276 1.3744361 0.9913169 1.1586745 1.1586745 1.0703373 0.9547243 1.2588231 1.4396946 
t11        9.0000000 0.7389627 0.9198342 0.9913169 1.2070784 0.4348639 0.8545757 0.9913169 1.0703373 0.7945437 0.2058276 0.0000000 1.4396946 1.2070784 1.4396946 1.4396946 1.0297869 0.8545757 1.5111773 1.7786835 
t12        9.0000000 1.3744361 1.3144041 1.7786835 1.4396946 0.9547243 1.2588231 0.5933457 1.7786835 1.5901977 1.3744361 1.4396946 0.0000000 9.0000000 2.7182557 0.3831192 9.0000000 3.2381161 0.4529370 0.4348639 
t20        2.7182557 1.1586745 1.5901977 1.5901977 2.7182557 1.1132061 1.6785349 1.8942965 1.8942965 1.2588231 0.9913169 1.2070784 9.0000000 0.0000000 0.3192509 9.0000000 2.0310377 1.5901977 3.2381161 3.2381161 
t13        9.0000000 1.6785349 1.6785349 2.4141569 9.0000000 1.4396946 2.0310377 2.4141569 2.1983953 1.6785349 1.1586745 1.4396946 2.7182557 0.3192509 0.0000000 3.2381161 1.7786835 1.3144041 2.7182557 2.7182557 
t9         9.0000000 1.5901977 1.2588231 1.4396946 1.5901977 1.2070784 1.6785349 0.6872180 2.1983953 1.5111773 1.1586745 1.4396946 0.3831192 9.0000000 3.2381161 0.0000000 9.0000000 9.0000000 0.3192509 0.3347153 
t5         9.0000000 1.6785349 2.0310377 1.8942965 2.1983953 1.2070784 1.5901977 1.5111773 1.7786835 1.5111773 1.0703373 1.0297869 9.0000000 2.0310377 1.7786835 9.0000000 0.0000000 0.2603971 9.0000000 9.0000000 
t2         9.0000000 1.5111773 1.5111773 1.3744361 2.7182557 1.0703373 1.3744361 1.4396946 1.5901977 1.1586745 0.9547243 0.8545757 3.2381161 1.5901977 1.3144041 9.0000000 0.2603971 0.0000000 2.4141569 2.7182557 
t4         9.0000000 1.3744361 1.2070784 1.3144041 1.6785349 1.4396946 1.6785349 0.7126442 1.7786835 1.6785349 1.2588231 1.5111773 0.4529370 3.2381161 2.7182557 0.3192509 9.0000000 2.4141569 0.0000000 0.1549607 
t1         9.0000000 1.5111773 1.3744361 1.4396946 1.8942965 1.3744361 1.7786835 0.7662384 1.7786835 1.6785349 1.4396946 1.7786835 0.4348639 3.2381161 2.7182557 0.3347153 9.0000000 2.7182557 0.1549607 0.0000000 
