20
t20        0.0000000 1.4396946 9.0000000 9.0000000 9.0000000 9.0000000 2.4141569 9.0000000 9.0000000 9.0000000 3.2381161 1.3144041 1.5901977 1.2588231 1.8942965 1.7786835 1.6785349 1.6785349 2.0310377 1.6785349 
t13        1.4396946 0.0000000 1.1132061 2.7182557 2.4141569 1.2070784 1.5111773 1.4396946 2.1983953 1.3744361 1.5901977 1.3144041 2.0310377 1.2070784 1.5901977 1.2070784 1.3744361 1.3744361 1.5901977 2.4141569 
t12        9.0000000 1.1132061 0.0000000 9.0000000 1.6785349 1.3144041 1.2070784 1.8942965 2.4141569 1.5901977 2.0310377 1.3144041 2.4141569 1.3744361 1.3744361 1.4396946 1.5901977 1.5111773 2.0310377 2.7182557 
t3         9.0000000 2.7182557 9.0000000 0.0000000 2.1983953 9.0000000 2.0310377 2.4141569 9.0000000 9.0000000 9.0000000 9.0000000 9.0000000 9.0000000 9.0000000 9.0000000 9.0000000 9.0000000 9.0000000 9.0000000 
t19        9.0000000 2.4141569 1.6785349 2.1983953 0.0000000 2.0310377 1.6785349 2.7182557 2.1983953 2.0310377 2.1983953 2.7182557 9.0000000 1.3744361 3.2381161 2.0310377 2.7182557 3.2381161 2.4141569 2.4141569 
t10        9.0000000 1.2070784 1.3144041 9.0000000 2.0310377 0.0000000 1.3144041 0.7945437 1.0703373 1.3144041 2.1983953 1.3144041 1.4396946 1.3144041 1.5901977 1.3144041 1.4396946 1.2588231 1.3144041 1.5111773 
t7         2.4141569 1.5111773 1.2070784 2.0310377 1.6785349 1.3144041 0.0000000 1.6785349 2.0310377 0.6626257 0.9547243 1.3744361 1.4396946 0.7945437 1.0297869 0.9547243 1.0703373 0.8239592 1.5111773 1.5111773 
t16        9.0000000 1.4396946 1.8942965 2.4141569 2.7182557 0.7945437 1.6785349 0.0000000 0.5504769 1.5901977 1.6785349 1.8942965 2.1983953 2.0310377 3.2381161 1.7786835 9.0000000 9.0000000 9.0000000 9.0000000 
t4         9.0000000 2.1983953 2.4141569 9.0000000 2.1983953 1.0703373 2.0310377 0.5504769 0.0000000 1.5111773 1.6785349 9.0000000 3.2381161 2.0310377 2.0310377 1.6785349 9.0000000 9.0000000 2.4141569 2.0310377 
t11        9.0000000 1.3744361 1.5901977 9.0000000 2.0310377 1.3144041 0.6626257 1.5901977 1.5111773 0.0000000 0.3666350 1.7786835 1.4396946 1.1132061 1.2070784 1.1132061 1.1132061 1.0297869 1.7786835 1.7786835 
t2         3.2381161 1.5901977 2.0310377 9.0000000 2.1983953 2.1983953 0.9547243 1.6785349 1.6785349 0.3666350 0.0000000 2.0310377 2.4141569 1.3144041 1.2588231 1.2070784 1.4396946 1.2588231 2.7182557 2.4141569 
t8         1.3144041 1.3144041 1.3144041 9.0000000 2.7182557 1.3144041 1.3744361 1.8942965 9.0000000 1.7786835 2.0310377 0.0000000 0.7662384 0.5504769 0.8239592 0.7126442 0.8239592 0.7126442 1.1586745 0.8864954 
t5         1.5901977 2.0310377 2.4141569 9.0000000 9.0000000 1.4396946 1.4396946 2.1983953 3.2381161 1.4396946 2.4141569 0.7662384 0.0000000 0.6388142 0.8239592 0.7389627 0.6872180 0.5933457 0.8545757 0.7945437 
t15        1.2588231 1.2070784 1.3744361 9.0000000 1.3744361 1.3144041 0.7945437 2.0310377 2.0310377 1.1132061 1.3144041 0.5504769 0.6388142 0.0000000 0.4529370 0.3040988 0.4529370 0.3831192 0.8239592 0.7945437 
t14        1.8942965 1.5901977 1.3744361 9.0000000 3.2381161 1.5901977 1.0297869 3.2381161 2.0310377 1.2070784 1.2588231 0.8239592 0.8239592 0.4529370 0.0000000 0.4904449 0.4172160 0.3040988 0.9547243 0.8239592 
t9         1.7786835 1.2070784 1.4396946 9.0000000 2.0310377 1.3144041 0.9547243 1.7786835 1.6785349 1.1132061 1.2070784 0.7126442 0.7389627 0.3040988 0.4904449 0.0000000 0.5504769 0.4348639 0.6872180 0.6157354 
t6         1.6785349 1.3744361 1.5901977 9.0000000 2.7182557 1.4396946 1.0703373 9.0000000 9.0000000 1.1132061 1.4396946 0.8239592 0.6872180 0.4529370 0.4172160 0.5504769 0.0000000 0.1073256 0.6872180 0.6626257 
t17        1.6785349 1.3744361 1.5111773 9.0000000 3.2381161 1.2588231 0.8239592 9.0000000 9.0000000 1.0297869 1.2588231 0.7126442 0.5933457 0.3831192 0.3040988 0.4348639 0.1073256 0.0000000 0.7662384 0.6872180 
t1         2.0310377 1.5901977 2.0310377 9.0000000 2.4141569 1.3144041 1.5111773 9.0000000 2.4141569 1.7786835 2.7182557 1.1586745 0.8545757 0.8239592 0.9547243 0.6872180 0.6872180 0.7662384 0.0000000 0.1427653 
t18        1.6785349 2.4141569 2.7182557 9.0000000 2.4141569 1.5111773 1.5111773 9.0000000 2.0310377 1.7786835 2.4141569 0.8864954 0.7945437 0.7945437 0.8239592 0.6157354 0.6626257 0.6872180 0.1427653 0.0000000 
