20
t5         0.0000000 0.8545757 0.9198342 1.1132061 0.8239592 0.6872180 0.9198342 1.2588231 2.0310377 1.1586745 1.1586745 2.0310377 1.5111773 1.3144041 1.7786835 1.8942965 1.0703373 1.1586745 1.1132061 1.1586745 
t17        0.8545757 0.0000000 0.8864954 1.0703373 0.9198342 0.6388142 0.6872180 1.3144041 1.6785349 0.7126442 0.5504769 1.5111773 1.4396946 1.2588231 1.3144041 1.3144041 1.2070784 1.3144041 1.2588231 1.3144041 
t10        0.9198342 0.8864954 0.0000000 0.7126442 0.5716050 0.8864954 1.0297869 1.5901977 2.0310377 1.2070784 1.4396946 2.4141569 1.8942965 1.8942965 1.4396946 1.4396946 0.7945437 0.7945437 1.5111773 1.5901977 
t19        1.1132061 1.0703373 0.7126442 0.0000000 0.6157354 1.0297869 0.9913169 2.0310377 2.4141569 1.5111773 2.0310377 2.1983953 9.0000000 9.0000000 1.6785349 1.6785349 0.7945437 0.8545757 1.3144041 1.3744361 
t7         0.8239592 0.9198342 0.5716050 0.6157354 0.0000000 0.7662384 0.9198342 1.2588231 1.3744361 1.2070784 1.1132061 1.3744361 1.3144041 1.1586745 1.5901977 1.5901977 0.6157354 0.6626257 1.4396946 1.3744361 
t11        0.6872180 0.6388142 0.8864954 1.0297869 0.7662384 0.0000000 0.3040988 0.7389627 1.3144041 0.9547243 0.9913169 1.1586745 1.1586745 0.9913169 1.5901977 1.6785349 0.9547243 1.0297869 0.7945437 0.8239592 
t14        0.9198342 0.6872180 1.0297869 0.9913169 0.9198342 0.3040988 0.0000000 0.6626257 1.3144041 1.0703373 1.2588231 1.4396946 1.4396946 1.3144041 2.0310377 2.0310377 1.2070784 1.3144041 0.7945437 0.8239592 
t3         1.2588231 1.3144041 1.5901977 2.0310377 1.2588231 0.7389627 0.6626257 0.0000000 1.6785349 2.0310377 1.6785349 1.5901977 1.3144041 1.4396946 3.2381161 3.2381161 1.8942965 2.1983953 1.5111773 1.5901977 
t15        2.0310377 1.6785349 2.0310377 2.4141569 1.3744361 1.3144041 1.3144041 1.6785349 0.0000000 1.7786835 1.7786835 0.4714565 0.4714565 0.3999739 9.0000000 9.0000000 1.7786835 1.7786835 3.2381161 2.4141569 
t13        1.1586745 0.7126442 1.2070784 1.5111773 1.2070784 0.9547243 1.0703373 2.0310377 1.7786835 0.0000000 0.4172160 1.6785349 1.5111773 1.5111773 1.5111773 1.5901977 1.3144041 1.4396946 1.5111773 1.5901977 
t9         1.1586745 0.5504769 1.4396946 2.0310377 1.1132061 0.9913169 1.2588231 1.6785349 1.7786835 0.4172160 0.0000000 2.0310377 1.5901977 1.5111773 1.7786835 1.8942965 1.7786835 1.8942965 1.6785349 1.7786835 
t18        2.0310377 1.5111773 2.4141569 2.1983953 1.3744361 1.1586745 1.4396946 1.5901977 0.4714565 1.6785349 2.0310377 0.0000000 0.3831192 0.2463781 9.0000000 9.0000000 2.4141569 2.7182557 2.4141569 2.0310377 
t1         1.5111773 1.4396946 1.8942965 9.0000000 1.3144041 1.1586745 1.4396946 1.3144041 0.4714565 1.5111773 1.5901977 0.3831192 0.0000000 0.1427653 9.0000000 9.0000000 2.0310377 2.0310377 9.0000000 2.7182557 
t6         1.3144041 1.2588231 1.8942965 9.0000000 1.1586745 0.9913169 1.3144041 1.4396946 0.3999739 1.5111773 1.5111773 0.2463781 0.1427653 0.0000000 9.0000000 9.0000000 2.1983953 2.1983953 2.1983953 1.8942965 
t16        1.7786835 1.3144041 1.4396946 1.6785349 1.5901977 1.5901977 2.0310377 3.2381161 9.0000000 1.5111773 1.7786835 9.0000000 9.0000000 9.0000000 0.0000000 0.0100673 2.0310377 1.8942965 2.1983953 2.1983953 
t12        1.8942965 1.3144041 1.4396946 1.6785349 1.5901977 1.6785349 2.0310377 3.2381161 9.0000000 1.5901977 1.8942965 9.0000000 9.0000000 9.0000000 0.0100673 0.0000000 2.0310377 1.8942965 2.0310377 2.0310377 
t8         1.0703373 1.2070784 0.7945437 0.7945437 0.6157354 0.9547243 1.2070784 1.8942965 1.7786835 1.3144041 1.7786835 2.4141569 2.0310377 2.1983953 2.0310377 2.0310377 0.0000000 0.0411062 1.6785349 1.7786835 
t4         1.1586745 1.3144041 0.7945437 0.8545757 0.6626257 1.0297869 1.3144041 2.1983953 1.7786835 1.4396946 1.8942965 2.7182557 2.0310377 2.1983953 1.8942965 1.8942965 0.0411062 0.0000000 1.8942965 2.0310377 
t2         1.1132061 1.2588231 1.5111773 1.3144041 1.4396946 0.7945437 0.7945437 1.5111773 3.2381161 1.5111773 1.6785349 2.4141569 9.0000000 2.1983953 2.1983953 2.0310377 1.6785349 1.8942965 0.0000000 0.0202715 
t20        1.1586745 1.3144041 1.5901977 1.3744361 1.3744361 0.8239592 0.8239592 1.5901977 2.4141569 1.5901977 1.7786835 2.0310377 2.7182557 1.8942965 2.1983953 2.0310377 1.7786835 2.0310377 0.0202715 0.0000000 
