20
t13        0.0000000 1.2070784 0.7662384 0.8545757 1.0703373 0.7945437 0.8864954 1.7786835 1.4396946 1.1586745 0.7945437 0.8545757 2.0310377 0.9198342 0.8545757 0.9547243 1.2588231 0.8864954 1.8942965 1.8942965 
t12        1.2070784 0.0000000 0.9198342 0.8864954 1.4396946 1.1132061 1.0703373 1.6785349 1.6785349 1.3744361 1.0703373 0.8864954 1.5111773 1.2588231 1.1586745 1.1132061 1.4396946 0.9913169 2.0310377 2.0310377 
t19        0.7662384 0.9198342 0.0000000 0.2892469 0.5933457 0.5933457 0.6157354 0.8545757 1.5901977 1.1586745 0.4904449 0.6626257 1.0297869 0.5504769 0.4348639 0.5099265 0.7945437 0.4714565 1.1132061 1.1132061 
t1         0.8545757 0.8864954 0.2892469 0.0000000 0.5933457 0.7126442 0.6872180 0.9913169 2.1983953 1.3144041 0.5099265 0.6157354 1.1586745 0.5716050 0.4904449 0.5299277 0.7945437 0.4714565 1.1586745 1.1586745 
t3         1.0703373 1.4396946 0.5933457 0.5933457 0.0000000 0.9198342 0.8864954 1.3744361 1.8942965 1.3744361 0.7126442 0.5299277 1.7786835 0.8239592 0.6388142 0.3831192 0.6626257 0.3347153 1.6785349 1.6785349 
t16        0.7945437 1.1132061 0.5933457 0.7126442 0.9198342 0.0000000 0.4714565 1.6785349 1.6785349 1.3144041 0.8864954 0.8545757 1.7786835 0.9913169 0.7662384 0.9547243 1.2070784 0.8545757 1.7786835 1.7786835 
t4         0.8864954 1.0703373 0.6157354 0.6872180 0.8864954 0.4714565 0.0000000 1.3144041 1.7786835 1.2070784 0.7662384 0.7389627 1.7786835 0.8545757 0.6626257 0.8239592 1.0297869 0.7389627 1.5901977 1.5901977 
t18        1.7786835 1.6785349 0.8545757 0.9913169 1.3744361 1.6785349 1.3144041 0.0000000 1.6785349 1.3744361 1.3144041 1.3744361 0.4348639 1.4396946 1.1586745 1.2070784 1.3144041 1.1132061 0.5299277 0.5299277 
t15        1.4396946 1.6785349 1.5901977 2.1983953 1.8942965 1.6785349 1.7786835 1.6785349 0.0000000 0.5933457 1.2070784 1.7786835 1.4396946 1.5111773 1.5111773 1.4396946 1.0297869 1.5111773 1.6785349 1.6785349 
t11        1.1586745 1.3744361 1.1586745 1.3144041 1.3744361 1.3144041 1.2070784 1.3744361 0.5933457 0.0000000 1.2588231 1.0297869 1.5111773 1.6785349 1.3744361 0.9547243 1.2588231 0.9913169 1.5901977 1.5901977 
t8         0.7945437 1.0703373 0.4904449 0.5099265 0.7126442 0.8864954 0.7662384 1.3144041 1.2070784 1.2588231 0.0000000 0.6872180 1.3744361 0.1799630 0.1427653 0.6872180 0.9547243 0.6388142 1.3144041 1.3144041 
t10        0.8545757 0.8864954 0.6626257 0.6157354 0.5299277 0.8545757 0.7389627 1.3744361 1.7786835 1.0297869 0.6872180 0.0000000 1.5111773 0.8545757 0.7126442 0.2191023 0.5299277 0.2058276 1.3744361 1.3744361 
t7         2.0310377 1.5111773 1.0297869 1.1586745 1.7786835 1.7786835 1.7786835 0.4348639 1.4396946 1.5111773 1.3744361 1.5111773 0.0000000 1.6785349 1.3744361 1.4396946 1.3144041 1.3144041 0.2191023 0.2191023 
t17        0.9198342 1.2588231 0.5504769 0.5716050 0.8239592 0.9913169 0.8545757 1.4396946 1.5111773 1.6785349 0.1799630 0.8545757 1.6785349 0.0000000 0.1673577 0.7389627 0.8864954 0.6872180 1.3744361 1.3744361 
t20        0.8545757 1.1586745 0.4348639 0.4904449 0.6388142 0.7662384 0.6626257 1.1586745 1.5111773 1.3744361 0.1427653 0.7126442 1.3744361 0.1673577 0.0000000 0.5933457 0.7945437 0.5504769 1.2070784 1.2070784 
t2         0.9547243 1.1132061 0.5099265 0.5299277 0.3831192 0.9547243 0.8239592 1.2070784 1.4396946 0.9547243 0.6872180 0.2191023 1.4396946 0.7389627 0.5933457 0.0000000 0.3040988 0.0306165 1.5111773 1.5111773 
t6         1.2588231 1.4396946 0.7945437 0.7945437 0.6626257 1.2070784 1.0297869 1.3144041 1.0297869 1.2588231 0.9547243 0.5299277 1.3144041 0.8864954 0.7945437 0.3040988 0.0000000 0.2892469 1.6785349 1.6785349 
t14        0.8864954 0.9913169 0.4714565 0.4714565 0.3347153 0.8545757 0.7389627 1.1132061 1.5111773 0.9913169 0.6388142 0.2058276 1.3144041 0.6872180 0.5504769 0.0306165 0.2892469 0.0000000 1.3744361 1.3744361 
t9         1.8942965 2.0310377 1.1132061 1.1586745 1.6785349 1.7786835 1.5901977 0.5299277 1.6785349 1.5901977 1.3144041 1.3744361 0.2191023 1.3744361 1.2070784 1.5111773 1.6785349 1.3744361 0.0000000 0.0000010 
t5         1.8942965 2.0310377 1.1132061 1.1586745 1.6785349 1.7786835 1.5901977 0.5299277 1.6785349 1.5901977 1.3144041 1.3744361 0.2191023 1.3744361 1.2070784 1.5111773 1.6785349 1.3744361 0.0000010 0.0000000 
