20
t17        0.0000000 1.0703373 1.0703373 1.4396946 1.5901977 1.0297869 1.5901977 1.0297869 1.1132061 1.2070784 1.5901977 1.6785349 0.8545757 0.8545757 1.1132061 1.0703373 1.3744361 1.2588231 1.1586745 1.2070784 
t4         1.0703373 0.0000000 2.1983953 1.4396946 1.3744361 1.2588231 1.5111773 1.3744361 1.6785349 1.4396946 1.3744361 1.2070784 1.2588231 1.5901977 1.0703373 1.1132061 1.4396946 1.4396946 1.2070784 1.2070784 
t7         1.0703373 2.1983953 0.0000000 9.0000000 9.0000000 1.5111773 9.0000000 1.4396946 1.6785349 2.4141569 1.5901977 1.6785349 0.9547243 0.9198342 1.2070784 1.1132061 2.1983953 2.0310377 1.3144041 1.3144041 
t14        1.4396946 1.4396946 9.0000000 0.0000000 1.3144041 1.0297869 1.7786835 1.3144041 1.1132061 0.9547243 1.2588231 1.3144041 1.6785349 1.4396946 1.1132061 1.2070784 1.0703373 1.0703373 1.3144041 1.2588231 
t9         1.5901977 1.3744361 9.0000000 1.3144041 0.0000000 0.6388142 0.9547243 0.7389627 0.9913169 0.4348639 0.8545757 0.9547243 1.6785349 1.2588231 0.7662384 0.7945437 0.4529370 0.4529370 0.7662384 0.8239592 
t2         1.0297869 1.2588231 1.5111773 1.0297869 0.6388142 0.0000000 0.5933457 0.6626257 0.9547243 0.5933457 0.8239592 0.9198342 0.9913169 0.8239592 0.8545757 0.8239592 0.5099265 0.5299277 0.7662384 0.7389627 
t5         1.5901977 1.5111773 9.0000000 1.7786835 0.9547243 0.5933457 0.0000000 0.9547243 1.4396946 1.2588231 1.6785349 1.3144041 1.3744361 1.2070784 1.2588231 1.2070784 1.1586745 1.2070784 1.3144041 1.2588231 
t1         1.0297869 1.3744361 1.4396946 1.3144041 0.7389627 0.6626257 0.9547243 0.0000000 0.2463781 0.5933457 0.9547243 0.8864954 0.9913169 1.0297869 0.8545757 0.7662384 0.7389627 0.7389627 0.7662384 0.7662384 
t10        1.1132061 1.6785349 1.6785349 1.1132061 0.9913169 0.9547243 1.4396946 0.2463781 0.0000000 0.8545757 1.0703373 1.0297869 1.6785349 1.7786835 1.0297869 0.9913169 0.9913169 0.9913169 1.0703373 1.0703373 
t8         1.2070784 1.4396946 2.4141569 0.9547243 0.4348639 0.5933457 1.2588231 0.5933457 0.8545757 0.0000000 1.0703373 1.0703373 0.9198342 0.8545757 0.8239592 0.7945437 0.1549607 0.1549607 0.8864954 0.9913169 
t16        1.5901977 1.3744361 1.5901977 1.2588231 0.8545757 0.8239592 1.6785349 0.9547243 1.0703373 1.0703373 0.0000000 0.1549607 0.9198342 0.8864954 0.4714565 0.4529370 1.2588231 1.1586745 0.2463781 0.2603971 
t20        1.6785349 1.2070784 1.6785349 1.3144041 0.9547243 0.9198342 1.3144041 0.8864954 1.0297869 1.0703373 0.1549607 0.0000000 1.0297869 0.9913169 0.5504769 0.5299277 1.2070784 1.1132061 0.2603971 0.2746833 
t12        0.8545757 1.2588231 0.9547243 1.6785349 1.6785349 0.9913169 1.3744361 0.9913169 1.6785349 0.9198342 0.9198342 1.0297869 0.0000000 0.1073256 0.7945437 0.7126442 1.1586745 1.1132061 0.7389627 0.7126442 
t19        0.8545757 1.5901977 0.9198342 1.4396946 1.2588231 0.8239592 1.2070784 1.0297869 1.7786835 0.8545757 0.8864954 0.9913169 0.1073256 0.0000000 0.7389627 0.6872180 0.8545757 0.7945437 0.7126442 0.6872180 
t13        1.1132061 1.0703373 1.2070784 1.1132061 0.7662384 0.8545757 1.2588231 0.8545757 1.0297869 0.8239592 0.4714565 0.5504769 0.7945437 0.7389627 0.0000000 0.0517447 0.8545757 0.7945437 0.3040988 0.3192509 
t15        1.0703373 1.1132061 1.1132061 1.2070784 0.7945437 0.8239592 1.2070784 0.7662384 0.9913169 0.7945437 0.4529370 0.5299277 0.7126442 0.6872180 0.0517447 0.0000000 0.8864954 0.8239592 0.2892469 0.3040988 
t18        1.3744361 1.4396946 2.1983953 1.0703373 0.4529370 0.5099265 1.1586745 0.7389627 0.9913169 0.1549607 1.2588231 1.2070784 1.1586745 0.8545757 0.8545757 0.8864954 0.0000000 0.0202715 0.8864954 0.8864954 
t6         1.2588231 1.4396946 2.0310377 1.0703373 0.4529370 0.5299277 1.2070784 0.7389627 0.9913169 0.1549607 1.1586745 1.1132061 1.1132061 0.7945437 0.7945437 0.8239592 0.0202715 0.0000000 0.8239592 0.8545757 
t11        1.1586745 1.2070784 1.3144041 1.3144041 0.7662384 0.7662384 1.3144041 0.7662384 1.0703373 0.8864954 0.2463781 0.2603971 0.7389627 0.7126442 0.3040988 0.2892469 0.8864954 0.8239592 0.0000000 0.0306165 
t3         1.2070784 1.2070784 1.3144041 1.2588231 0.8239592 0.7389627 1.2588231 0.7662384 1.0703373 0.9913169 0.2603971 0.2746833 0.7126442 0.6872180 0.3192509 0.3040988 0.8864954 0.8545757 0.0306165 0.0000000 
