20
t12        0.0000000 2.4141569 2.1983953 9.0000000 3.2381161 2.7182557 9.0000000 9.0000000 9.0000000 2.0310377 1.8942965 2.7182557 9.0000000 3.2381161 9.0000000 9.0000000 9.0000000 9.0000000 9.0000000 9.0000000 
t18        2.4141569 0.0000000 9.0000000 2.0310377 2.7182557 2.4141569 9.0000000 2.1983953 2.7182557 9.0000000 9.0000000 9.0000000 9.0000000 2.7182557 3.2381161 1.8942965 9.0000000 9.0000000 9.0000000 9.0000000 
t3         2.1983953 9.0000000 0.0000000 3.2381161 2.7182557 1.8942965 2.4141569 1.8942965 2.1983953 1.7786835 1.1132061 1.3144041 3.2381161 2.7182557 9.0000000 9.0000000 9.0000000 9.0000000 9.0000000 9.0000000 
t5         9.0000000 2.0310377 3.2381161 0.0000000 1.4396946 0.9913169 0.9547243 2.0310377 1.5111773 1.3744361 2.0310377 3.2381161 1.3744361 1.0297869 1.7786835 1.0703373 0.9198342 1.3144041 1.3744361 1.2588231 
t10        3.2381161 2.7182557 2.7182557 1.4396946 0.0000000 2.7182557 3.2381161 2.4141569 9.0000000 9.0000000 2.0310377 1.6785349 2.7182557 2.0310377 2.4141569 2.7182557 3.2381161 1.5901977 1.4396946 1.3144041 
t17        2.7182557 2.4141569 1.8942965 0.9913169 2.7182557 0.0000000 0.3505054 0.9547243 0.6872180 0.8545757 1.5901977 1.5901977 0.7945437 0.5099265 1.2588231 0.4529370 0.4172160 0.6872180 0.7945437 0.6388142 
t6         9.0000000 9.0000000 2.4141569 0.9547243 3.2381161 0.3505054 0.0000000 0.8864954 0.6388142 0.8545757 2.0310377 2.0310377 0.7945437 0.4714565 1.6785349 0.5504769 0.3831192 0.6872180 0.7945437 0.6872180 
t7         9.0000000 2.1983953 1.8942965 2.0310377 2.4141569 0.9547243 0.8864954 0.0000000 1.5111773 1.7786835 9.0000000 9.0000000 1.4396946 1.4396946 1.7786835 1.6785349 1.5111773 1.3744361 1.5901977 1.5111773 
t16        9.0000000 2.7182557 2.1983953 1.5111773 9.0000000 0.6872180 0.6388142 1.5111773 0.0000000 0.3192509 1.4396946 1.1132061 0.7389627 0.7389627 1.3744361 0.6872180 0.5504769 0.7126442 0.7945437 0.7662384 
t20        2.0310377 9.0000000 1.7786835 1.3744361 9.0000000 0.8545757 0.8545757 1.7786835 0.3192509 0.0000000 1.5111773 1.4396946 0.9547243 0.7126442 1.4396946 0.7126442 0.5933457 0.9913169 1.1586745 1.0703373 
t19        1.8942965 9.0000000 1.1132061 2.0310377 2.0310377 1.5901977 2.0310377 9.0000000 1.4396946 1.5111773 0.0000000 0.4904449 1.6785349 1.5901977 3.2381161 1.4396946 1.5901977 2.7182557 1.8942965 1.7786835 
t1         2.7182557 9.0000000 1.3144041 3.2381161 1.6785349 1.5901977 2.0310377 9.0000000 1.1132061 1.4396946 0.4904449 0.0000000 1.6785349 1.3744361 2.0310377 1.5111773 1.6785349 2.0310377 2.0310377 1.8942965 
t11        9.0000000 9.0000000 3.2381161 1.3744361 2.7182557 0.7945437 0.7945437 1.4396946 0.7389627 0.9547243 1.6785349 1.6785349 0.0000000 0.8239592 1.1586745 0.7662384 0.6872180 0.3831192 0.5504769 0.4714565 
t2         3.2381161 2.7182557 2.7182557 1.0297869 2.0310377 0.5099265 0.4714565 1.4396946 0.7389627 0.7126442 1.5901977 1.3744361 0.8239592 0.0000000 1.0703373 0.3999739 0.3666350 0.5933457 0.6872180 0.6626257 
t8         9.0000000 3.2381161 9.0000000 1.7786835 2.4141569 1.2588231 1.6785349 1.7786835 1.3744361 1.4396946 3.2381161 2.0310377 1.1586745 1.0703373 0.0000000 1.0703373 1.1586745 0.9198342 1.0297869 0.9913169 
t14        9.0000000 1.8942965 9.0000000 1.0703373 2.7182557 0.4529370 0.5504769 1.6785349 0.6872180 0.7126442 1.4396946 1.5111773 0.7662384 0.3999739 1.0703373 0.0000000 0.2463781 0.6872180 0.7945437 0.7389627 
t4         9.0000000 9.0000000 9.0000000 0.9198342 3.2381161 0.4172160 0.3831192 1.5111773 0.5504769 0.5933457 1.5901977 1.6785349 0.6872180 0.3666350 1.1586745 0.2463781 0.0000000 0.5504769 0.6626257 0.5933457 
t13        9.0000000 9.0000000 9.0000000 1.3144041 1.5901977 0.6872180 0.6872180 1.3744361 0.7126442 0.9913169 2.7182557 2.0310377 0.3831192 0.5933457 0.9198342 0.6872180 0.5504769 0.0000000 0.1307650 0.0734853 
t15        9.0000000 9.0000000 9.0000000 1.3744361 1.4396946 0.7945437 0.7945437 1.5901977 0.7945437 1.1586745 1.8942965 2.0310377 0.5504769 0.6872180 1.0297869 0.7945437 0.6626257 0.1307650 0.0000000 0.1073256 
t9         9.0000000 9.0000000 9.0000000 1.2588231 1.3144041 0.6388142 0.6872180 1.5111773 0.7662384 1.0703373 1.7786835 1.8942965 0.4714565 0.6626257 0.9913169 0.7389627 0.5933457 0.0734853 0.1073256 0.0000000 
