20
t16        0.0000000 2.0310377 1.7786835 9.0000000 2.1983953 1.4396946 9.0000000 1.5111773 1.4396946 2.0310377 1.5111773 1.6785349 2.0310377 2.1983953 2.0310377 2.4141569 1.7786835 2.1983953 2.1983953 2.1983953 
t18        2.0310377 0.0000000 1.5111773 9.0000000 2.0310377 9.0000000 9.0000000 1.3744361 1.1586745 2.7182557 1.7786835 2.0310377 9.0000000 1.6785349 1.3144041 1.6785349 1.4396946 1.5111773 1.6785349 1.6785349 
t13        1.7786835 1.5111773 0.0000000 1.3744361 1.0703373 2.4141569 1.4396946 1.1586745 0.3999739 0.5504769 0.7945437 1.0297869 2.7182557 2.1983953 0.9913169 0.7945437 1.1132061 1.2070784 0.5933457 0.5933457 
t9         9.0000000 9.0000000 1.3744361 0.0000000 2.7182557 9.0000000 2.1983953 2.7182557 1.6785349 1.6785349 2.0310377 2.1983953 9.0000000 9.0000000 1.3744361 1.3144041 3.2381161 3.2381161 2.0310377 2.1983953 
t3         2.1983953 2.0310377 1.0703373 2.7182557 0.0000000 9.0000000 2.7182557 1.7786835 0.8864954 1.5111773 1.2070784 1.1132061 2.4141569 2.7182557 1.4396946 1.4396946 1.4396946 1.5111773 1.1586745 1.1586745 
t7         1.4396946 9.0000000 2.4141569 9.0000000 9.0000000 0.0000000 1.6785349 2.4141569 2.4141569 2.7182557 9.0000000 3.2381161 9.0000000 9.0000000 9.0000000 2.7182557 9.0000000 9.0000000 2.4141569 2.4141569 
t20        9.0000000 9.0000000 1.4396946 2.1983953 2.7182557 1.6785349 0.0000000 2.4141569 3.2381161 2.4141569 2.7182557 9.0000000 9.0000000 9.0000000 2.4141569 2.4141569 9.0000000 9.0000000 1.8942965 2.0310377 
t14        1.5111773 1.3744361 1.1586745 2.7182557 1.7786835 2.4141569 2.4141569 0.0000000 0.7126442 1.1586745 2.0310377 1.0703373 2.0310377 3.2381161 1.5901977 1.5901977 1.8942965 2.1983953 0.8545757 0.8864954 
t17        1.4396946 1.1586745 0.3999739 1.6785349 0.8864954 2.4141569 3.2381161 0.7126442 0.0000000 0.5716050 0.9198342 0.7126442 9.0000000 9.0000000 1.1132061 0.9913169 1.1586745 1.3144041 0.5933457 0.6388142 
t10        2.0310377 2.7182557 0.5504769 1.6785349 1.5111773 2.7182557 2.4141569 1.1586745 0.5716050 0.0000000 1.3144041 1.0297869 9.0000000 9.0000000 1.4396946 1.1132061 1.4396946 1.5111773 0.5299277 0.5716050 
t5         1.5111773 1.7786835 0.7945437 2.0310377 1.2070784 9.0000000 2.7182557 2.0310377 0.9198342 1.3144041 0.0000000 1.2070784 9.0000000 9.0000000 1.1132061 0.8864954 0.5933457 0.6626257 1.0703373 1.1132061 
t12        1.6785349 2.0310377 1.0297869 2.1983953 1.1132061 3.2381161 9.0000000 1.0703373 0.7126442 1.0297869 1.2070784 0.0000000 9.0000000 9.0000000 1.6785349 1.7786835 1.8942965 2.1983953 0.4714565 0.4904449 
t11        2.0310377 9.0000000 2.7182557 9.0000000 2.4141569 9.0000000 9.0000000 2.0310377 9.0000000 9.0000000 9.0000000 9.0000000 0.0000000 0.1927838 3.2381161 2.1983953 9.0000000 9.0000000 9.0000000 9.0000000 
t4         2.1983953 1.6785349 2.1983953 9.0000000 2.7182557 9.0000000 9.0000000 3.2381161 9.0000000 9.0000000 9.0000000 9.0000000 0.1927838 0.0000000 1.8942965 1.8942965 9.0000000 9.0000000 9.0000000 9.0000000 
t6         2.0310377 1.3144041 0.9913169 1.3744361 1.4396946 9.0000000 2.4141569 1.5901977 1.1132061 1.4396946 1.1132061 1.6785349 3.2381161 1.8942965 0.0000000 0.3831192 1.3744361 1.4396946 1.4396946 1.5111773 
t2         2.4141569 1.6785349 0.7945437 1.3144041 1.4396946 2.7182557 2.4141569 1.5901977 0.9913169 1.1132061 0.8864954 1.7786835 2.1983953 1.8942965 0.3831192 0.0000000 0.9913169 1.0297869 1.5901977 1.6785349 
t19        1.7786835 1.4396946 1.1132061 3.2381161 1.4396946 9.0000000 9.0000000 1.8942965 1.1586745 1.4396946 0.5933457 1.8942965 9.0000000 9.0000000 1.3744361 0.9913169 0.0000000 0.0734853 1.5111773 1.4396946 
t1         2.1983953 1.5111773 1.2070784 3.2381161 1.5111773 9.0000000 9.0000000 2.1983953 1.3144041 1.5111773 0.6626257 2.1983953 9.0000000 9.0000000 1.4396946 1.0297869 0.0734853 0.0000000 1.5901977 1.5111773 
t15        2.1983953 1.6785349 0.5933457 2.0310377 1.1586745 2.4141569 1.8942965 0.8545757 0.5933457 0.5299277 1.0703373 0.4714565 9.0000000 9.0000000 1.4396946 1.5901977 1.5111773 1.5901977 0.0000000 0.0202715 
t8         2.1983953 1.6785349 0.5933457 2.1983953 1.1586745 2.4141569 2.0310377 0.8864954 0.6388142 0.5716050 1.1132061 0.4904449 9.0000000 9.0000000 1.5111773 1.6785349 1.4396946 1.5111773 0.0202715 0.0000000 
