20
t15        0.0000000 2.4141569 1.6785349 3.2381161 2.1983953 1.6785349 3.2381161 2.7182557 2.4141569 9.0000000 9.0000000 9.0000000 9.0000000 2.7182557 2.7182557 2.0310377 1.5111773 1.5111773 1.8942965 1.5111773 
t2         2.4141569 0.0000000 1.7786835 0.9198342 1.2588231 1.3744361 1.0297869 1.4396946 2.0310377 1.3144041 2.0310377 0.8864954 0.7662384 3.2381161 3.2381161 2.4141569 1.8942965 1.2070784 1.5901977 1.5901977 
t18        1.6785349 1.7786835 0.0000000 2.7182557 2.4141569 1.5901977 2.7182557 0.9547243 0.6872180 9.0000000 2.4141569 1.5901977 2.0310377 2.4141569 2.4141569 1.8942965 1.7786835 1.5901977 1.3144041 1.3144041 
t16        3.2381161 0.9198342 2.7182557 0.0000000 2.7182557 9.0000000 0.7945437 9.0000000 9.0000000 0.9913169 1.5901977 1.6785349 1.4396946 9.0000000 9.0000000 9.0000000 2.4141569 3.2381161 1.2588231 1.1586745 
t12        2.1983953 1.2588231 2.4141569 2.7182557 0.0000000 0.9913169 1.0297869 9.0000000 9.0000000 1.3744361 1.3144041 1.8942965 1.6785349 1.6785349 2.7182557 1.7786835 0.9198342 0.9913169 2.1983953 2.4141569 
t3         1.6785349 1.3744361 1.5901977 9.0000000 0.9913169 0.0000000 1.6785349 1.8942965 1.5901977 9.0000000 2.4141569 1.3744361 1.3744361 1.8942965 2.1983953 2.7182557 0.6872180 0.5716050 1.6785349 1.5111773 
t10        3.2381161 1.0297869 2.7182557 0.7945437 1.0297869 1.6785349 0.0000000 3.2381161 9.0000000 0.7126442 0.8545757 1.3744361 1.3744361 2.0310377 2.1983953 2.1983953 1.6785349 1.5111773 1.0297869 0.9913169 
t17        2.7182557 1.4396946 0.9547243 9.0000000 9.0000000 1.8942965 3.2381161 0.0000000 0.4172160 9.0000000 2.0310377 1.5111773 1.7786835 9.0000000 2.7182557 2.7182557 3.2381161 2.0310377 1.4396946 1.5111773 
t6         2.4141569 2.0310377 0.6872180 9.0000000 9.0000000 1.5901977 9.0000000 0.4172160 0.0000000 9.0000000 2.0310377 3.2381161 9.0000000 9.0000000 3.2381161 2.7182557 2.4141569 2.7182557 1.4396946 1.3744361 
t20        9.0000000 1.3144041 9.0000000 0.9913169 1.3744361 9.0000000 0.7126442 9.0000000 9.0000000 0.0000000 0.4904449 1.1586745 1.3744361 2.7182557 9.0000000 3.2381161 2.4141569 3.2381161 1.2588231 1.5111773 
t14        9.0000000 2.0310377 2.4141569 1.5901977 1.3144041 2.4141569 0.8545757 2.0310377 2.0310377 0.4904449 0.0000000 1.6785349 1.7786835 9.0000000 9.0000000 9.0000000 9.0000000 9.0000000 1.0703373 1.1132061 
t4         9.0000000 0.8864954 1.5901977 1.6785349 1.8942965 1.3744361 1.3744361 1.5111773 3.2381161 1.1586745 1.6785349 0.0000000 0.4714565 2.4141569 2.4141569 2.1983953 3.2381161 1.5901977 1.8942965 2.1983953 
t7         9.0000000 0.7662384 2.0310377 1.4396946 1.6785349 1.3744361 1.3744361 1.7786835 9.0000000 1.3744361 1.7786835 0.4714565 0.0000000 9.0000000 9.0000000 2.7182557 1.5901977 1.5901977 1.8942965 2.1983953 
t13        2.7182557 3.2381161 2.4141569 9.0000000 1.6785349 1.8942965 2.0310377 9.0000000 9.0000000 2.7182557 9.0000000 2.4141569 9.0000000 0.0000000 0.3831192 0.3347153 1.3144041 1.4396946 3.2381161 9.0000000 
t5         2.7182557 3.2381161 2.4141569 9.0000000 2.7182557 2.1983953 2.1983953 2.7182557 3.2381161 9.0000000 9.0000000 2.4141569 9.0000000 0.3831192 0.0000000 0.2058276 1.5111773 1.3744361 9.0000000 9.0000000 
t8         2.0310377 2.4141569 1.8942965 9.0000000 1.7786835 2.7182557 2.1983953 2.7182557 2.7182557 3.2381161 9.0000000 2.1983953 2.7182557 0.3347153 0.2058276 0.0000000 1.7786835 1.4396946 2.4141569 9.0000000 
t9         1.5111773 1.8942965 1.7786835 2.4141569 0.9198342 0.6872180 1.6785349 3.2381161 2.4141569 2.4141569 9.0000000 3.2381161 1.5901977 1.3144041 1.5111773 1.7786835 0.0000000 0.3347153 2.1983953 2.4141569 
t11        1.5111773 1.2070784 1.5901977 3.2381161 0.9913169 0.5716050 1.5111773 2.0310377 2.7182557 3.2381161 9.0000000 1.5901977 1.5901977 1.4396946 1.3744361 1.4396946 0.3347153 0.0000000 3.2381161 2.7182557 
t1         1.8942965 1.5901977 1.3144041 1.2588231 2.1983953 1.6785349 1.0297869 1.4396946 1.4396946 1.2588231 1.0703373 1.8942965 1.8942965 3.2381161 9.0000000 2.4141569 2.1983953 3.2381161 0.0000000 0.1189538 
t19        1.5111773 1.5901977 1.3144041 1.1586745 2.4141569 1.5111773 0.9913169 1.5111773 1.3744361 1.5111773 1.1132061 2.1983953 2.1983953 9.0000000 9.0000000 9.0000000 2.4141569 2.7182557 0.1189538 0.0000000 
