20
t13        0.0000000 9.0000000 2.4141569 9.0000000 3.2381161 9.0000000 9.0000000 9.0000000 2.4141569 9.0000000 2.7182557 9.0000000 9.0000000 9.0000000 2.4141569 2.4141569 2.1983953 2.0310377 9.0000000 3.2381161 
t12        9.0000000 0.0000000 0.2191023 0.6388142 1.2588231 0.8545757 1.3744361 9.0000000 1.1586745 1.3744361 1.1132061 0.6626257 0.8545757 0.6626257 3.2381161 9.0000000 1.6785349 1.7786835 0.8239592 0.7945437 
t15        2.4141569 0.2191023 0.0000000 0.6626257 1.1132061 1.0703373 1.5111773 2.7182557 1.1132061 1.3144041 0.8864954 0.8239592 0.9547243 0.7662384 2.7182557 9.0000000 1.7786835 1.7786835 0.9913169 0.9547243 
t9         9.0000000 0.6388142 0.6626257 0.0000000 1.5901977 1.4396946 2.7182557 9.0000000 1.6785349 1.5111773 1.5111773 1.3144041 1.4396946 0.9547243 3.2381161 9.0000000 1.7786835 2.0310377 1.4396946 1.3744361 
t20        3.2381161 1.2588231 1.1132061 1.5901977 0.0000000 1.6785349 1.8942965 9.0000000 9.0000000 1.2588231 1.1586745 2.4141569 2.0310377 1.1132061 2.1983953 1.8942965 9.0000000 9.0000000 1.3144041 1.3144041 
t5         9.0000000 0.8545757 1.0703373 1.4396946 1.6785349 0.0000000 0.5933457 9.0000000 1.3744361 2.4141569 1.6785349 1.4396946 1.3744361 1.3744361 9.0000000 9.0000000 1.8942965 2.0310377 1.8942965 1.8942965 
t4         9.0000000 1.3744361 1.5111773 2.7182557 1.8942965 0.5933457 0.0000000 9.0000000 1.7786835 1.8942965 1.5111773 1.5901977 1.6785349 1.6785349 9.0000000 2.4141569 1.8942965 1.6785349 1.8942965 1.7786835 
t18        9.0000000 9.0000000 2.7182557 9.0000000 9.0000000 9.0000000 9.0000000 0.0000000 3.2381161 2.7182557 1.4396946 9.0000000 2.1983953 9.0000000 0.6157354 0.5099265 2.1983953 9.0000000 3.2381161 9.0000000 
t17        2.4141569 1.1586745 1.1132061 1.6785349 9.0000000 1.3744361 1.7786835 3.2381161 0.0000000 9.0000000 9.0000000 1.5111773 1.7786835 2.0310377 2.4141569 2.4141569 0.8239592 0.6872180 2.4141569 2.0310377 
t16        9.0000000 1.3744361 1.3144041 1.5111773 1.2588231 2.4141569 1.8942965 2.7182557 9.0000000 0.0000000 0.8864954 2.0310377 1.6785349 1.5901977 9.0000000 9.0000000 1.5111773 2.7182557 1.8942965 1.5901977 
t2         2.7182557 1.1132061 0.8864954 1.5111773 1.1586745 1.6785349 1.5111773 1.4396946 9.0000000 0.8864954 0.0000000 1.5111773 1.5901977 1.5901977 2.7182557 2.4141569 9.0000000 9.0000000 1.7786835 1.6785349 
t19        9.0000000 0.6626257 0.8239592 1.3144041 2.4141569 1.4396946 1.5901977 9.0000000 1.5111773 2.0310377 1.5111773 0.0000000 0.6388142 0.5504769 2.1983953 2.4141569 2.1983953 2.0310377 0.5716050 0.5716050 
t6         9.0000000 0.8545757 0.9547243 1.4396946 2.0310377 1.3744361 1.6785349 2.1983953 1.7786835 1.6785349 1.5901977 0.6388142 0.0000000 0.8545757 1.6785349 1.3744361 2.4141569 2.0310377 1.0703373 1.0703373 
t3         9.0000000 0.6626257 0.7662384 0.9547243 1.1132061 1.3744361 1.6785349 9.0000000 2.0310377 1.5901977 1.5901977 0.5504769 0.8545757 0.0000000 9.0000000 9.0000000 2.7182557 2.4141569 0.3347153 0.3040988 
t14        2.4141569 3.2381161 2.7182557 3.2381161 2.1983953 9.0000000 9.0000000 0.6157354 2.4141569 9.0000000 2.7182557 2.1983953 1.6785349 9.0000000 0.0000000 0.1427653 9.0000000 9.0000000 3.2381161 9.0000000 
t7         2.4141569 9.0000000 9.0000000 9.0000000 1.8942965 9.0000000 2.4141569 0.5099265 2.4141569 9.0000000 2.4141569 2.4141569 1.3744361 9.0000000 0.1427653 0.0000000 2.4141569 3.2381161 9.0000000 9.0000000 
t11        2.1983953 1.6785349 1.7786835 1.7786835 9.0000000 1.8942965 1.8942965 2.1983953 0.8239592 1.5111773 9.0000000 2.1983953 2.4141569 2.7182557 9.0000000 2.4141569 0.0000000 0.1927838 2.4141569 2.1983953 
t8         2.0310377 1.7786835 1.7786835 2.0310377 9.0000000 2.0310377 1.6785349 9.0000000 0.6872180 2.7182557 9.0000000 2.0310377 2.0310377 2.4141569 9.0000000 3.2381161 0.1927838 0.0000000 3.2381161 2.7182557 
t1         9.0000000 0.8239592 0.9913169 1.4396946 1.3144041 1.8942965 1.8942965 3.2381161 2.4141569 1.8942965 1.7786835 0.5716050 1.0703373 0.3347153 3.2381161 9.0000000 2.4141569 3.2381161 0.0000000 0.0306165 
t10        3.2381161 0.7945437 0.9547243 1.3744361 1.3144041 1.8942965 1.7786835 9.0000000 2.0310377 1.5901977 1.6785349 0.5716050 1.0703373 0.3040988 9.0000000 9.0000000 2.1983953 2.7182557 0.0306165 0.0000000 
