20
t10        0.0000000 0.6872180 0.3505054 0.6388142 0.6388142 1.1132061 0.9198342 0.6157354 0.7945437 1.2588231 0.8864954 0.8864954 1.0297869 0.9547243 1.2070784 1.1586745 0.5716050 0.6626257 2.0310377 1.8942965 
t8         0.6872180 0.0000000 0.5716050 0.7662384 0.7126442 1.2070784 0.8239592 0.7945437 0.8239592 1.0703373 1.5111773 1.1586745 1.0297869 1.0703373 1.2588231 1.1586745 0.7389627 0.6872180 9.0000000 9.0000000 
t1         0.3505054 0.5716050 0.0000000 0.5716050 0.5504769 0.9198342 0.7662384 0.6388142 0.7945437 1.1586745 0.9547243 0.7389627 0.8864954 0.9547243 1.1132061 1.0297869 0.5099265 0.5716050 1.6785349 1.5901977 
t7         0.6388142 0.7662384 0.5716050 0.0000000 0.8545757 1.3144041 1.0297869 0.9913169 1.0297869 1.5901977 1.4396946 1.3144041 1.3144041 1.1132061 1.2588231 1.2588231 0.7662384 0.8239592 2.4141569 2.1983953 
t18        0.6388142 0.7126442 0.5504769 0.8545757 0.0000000 0.4904449 0.3999739 0.5716050 1.0297869 1.3744361 1.2070784 1.0703373 0.4529370 0.4529370 1.4396946 1.3744361 0.6626257 0.6872180 2.1983953 2.0310377 
t13        1.1132061 1.2070784 0.9198342 1.3144041 0.4904449 0.0000000 0.6626257 1.1132061 1.5111773 1.8942965 1.3744361 1.2070784 0.5299277 0.5504769 1.3144041 1.5111773 0.9547243 0.9547243 1.6785349 1.8942965 
t15        0.9198342 0.8239592 0.7662384 1.0297869 0.3999739 0.6626257 0.0000000 0.9198342 1.3144041 1.3144041 1.6785349 1.6785349 0.5299277 0.5299277 1.7786835 1.8942965 0.9913169 0.9913169 1.7786835 1.7786835 
t11        0.6157354 0.7945437 0.6388142 0.9913169 0.5716050 1.1132061 0.9198342 0.0000000 0.9913169 0.5099265 1.1586745 1.0703373 1.0297869 1.0703373 1.2070784 1.1132061 0.7126442 0.8864954 2.1983953 1.8942965 
t2         0.7945437 0.8239592 0.7945437 1.0297869 1.0297869 1.5111773 1.3144041 0.9913169 0.0000000 1.2070784 0.9547243 0.9198342 1.1132061 1.2588231 1.3744361 1.5111773 0.5299277 0.5933457 9.0000000 9.0000000 
t19        1.2588231 1.0703373 1.1586745 1.5901977 1.3744361 1.8942965 1.3144041 0.5099265 1.2070784 0.0000000 1.0703373 1.1586745 1.5111773 1.5901977 1.7786835 1.8942965 1.1132061 1.4396946 1.8942965 1.5111773 
t12        0.8864954 1.5111773 0.9547243 1.4396946 1.2070784 1.3744361 1.6785349 1.1586745 0.9547243 1.0703373 0.0000000 0.2058276 1.3744361 1.5111773 2.7182557 2.7182557 0.6872180 0.8545757 2.4141569 1.7786835 
t14        0.8864954 1.1586745 0.7389627 1.3144041 1.0703373 1.2070784 1.6785349 1.0703373 0.9198342 1.1586745 0.2058276 0.0000000 1.3744361 1.5111773 1.7786835 1.7786835 0.5716050 0.6388142 2.1983953 1.6785349 
t5         1.0297869 1.0297869 0.8864954 1.3144041 0.4529370 0.5299277 0.5299277 1.0297869 1.1132061 1.5111773 1.3744361 1.3744361 0.0000000 0.0734853 1.3144041 1.2588231 1.0297869 0.8864954 2.7182557 2.7182557 
t4         0.9547243 1.0703373 0.9547243 1.1132061 0.4529370 0.5504769 0.5299277 1.0703373 1.2588231 1.5901977 1.5111773 1.5111773 0.0734853 0.0000000 1.3144041 1.2588231 1.2070784 1.0703373 2.4141569 2.7182557 
t17        1.2070784 1.2588231 1.1132061 1.2588231 1.4396946 1.3144041 1.7786835 1.2070784 1.3744361 1.7786835 2.7182557 1.7786835 1.3144041 1.3144041 0.0000000 0.1073256 1.1132061 1.1132061 3.2381161 9.0000000 
t16        1.1586745 1.1586745 1.0297869 1.2588231 1.3744361 1.5111773 1.8942965 1.1132061 1.5111773 1.8942965 2.7182557 1.7786835 1.2588231 1.2588231 0.1073256 0.0000000 1.1586745 1.1586745 9.0000000 9.0000000 
t20        0.5716050 0.7389627 0.5099265 0.7662384 0.6626257 0.9547243 0.9913169 0.7126442 0.5299277 1.1132061 0.6872180 0.5716050 1.0297869 1.2070784 1.1132061 1.1586745 0.0000000 0.1073256 2.1983953 2.0310377 
t9         0.6626257 0.6872180 0.5716050 0.8239592 0.6872180 0.9547243 0.9913169 0.8864954 0.5933457 1.4396946 0.8545757 0.6388142 0.8864954 1.0703373 1.1132061 1.1586745 0.1073256 0.0000000 2.7182557 2.4141569 
t3         2.0310377 9.0000000 1.6785349 2.4141569 2.1983953 1.6785349 1.7786835 2.1983953 9.0000000 1.8942965 2.4141569 2.1983953 2.7182557 2.4141569 3.2381161 9.0000000 2.1983953 2.7182557 0.0000000 0.0734853 
t6         1.8942965 9.0000000 1.5901977 2.1983953 2.0310377 1.8942965 1.7786835 1.8942965 9.0000000 1.5111773 1.7786835 1.6785349 2.7182557 2.7182557 9.0000000 9.0000000 2.0310377 2.4141569 0.0734853 0.0000000 
