20
t9         0.0000000 1.3144041 1.5901977 1.1586745 1.1586745 1.3144041 1.3744361 1.2070784 1.2588231 1.3744361 1.2070784 1.0703373 0.9198342 1.4396946 1.6785349 2.0310377 2.1983953 1.3744361 1.2070784 1.7786835 
t14        1.3144041 0.0000000 1.5901977 1.8942965 1.4396946 1.7786835 1.3744361 1.4396946 0.9913169 2.0310377 1.3144041 0.9913169 1.3744361 1.3144041 1.0297869 1.8942965 1.4396946 1.5901977 1.5901977 1.7786835 
t13        1.5901977 1.5901977 0.0000000 2.7182557 1.2588231 9.0000000 1.7786835 9.0000000 2.1983953 1.4396946 1.8942965 1.3144041 1.3744361 2.4141569 9.0000000 9.0000000 9.0000000 0.7389627 0.8239592 0.9913169 
t15        1.1586745 1.8942965 2.7182557 0.0000000 0.7945437 0.8239592 0.9198342 0.8545757 0.8239592 0.8545757 0.8239592 1.3144041 1.6785349 1.5901977 1.4396946 1.3144041 1.3144041 2.0310377 1.5901977 2.4141569 
t7         1.1586745 1.4396946 1.2588231 0.7945437 0.0000000 1.2070784 0.6626257 0.6157354 0.7945437 0.6872180 0.6626257 1.1132061 1.3744361 1.5901977 1.2588231 1.3144041 1.4396946 1.1132061 1.0703373 1.0703373 
t2         1.3144041 1.7786835 9.0000000 0.8239592 1.2070784 0.0000000 0.7126442 1.4396946 1.2588231 1.5901977 0.9547243 1.8942965 1.7786835 3.2381161 1.5901977 1.7786835 2.4141569 1.5901977 2.7182557 3.2381161 
t16        1.3744361 1.3744361 1.7786835 0.9198342 0.6626257 0.7126442 0.0000000 0.8239592 0.9913169 1.1132061 0.7945437 1.4396946 1.5111773 2.4141569 1.3144041 1.4396946 1.5111773 1.1586745 1.3744361 1.5901977 
t5         1.2070784 1.4396946 9.0000000 0.8545757 0.6157354 1.4396946 0.8239592 0.0000000 0.6626257 0.9547243 0.5933457 1.1132061 1.6785349 1.1132061 1.4396946 1.5901977 1.3744361 1.5111773 2.4141569 1.8942965 
t17        1.2588231 0.9913169 2.1983953 0.8239592 0.7945437 1.2588231 0.9913169 0.6626257 0.0000000 0.9913169 0.7389627 1.1586745 1.2070784 1.3744361 1.0703373 1.3144041 1.5901977 1.7786835 1.3744361 1.4396946 
t18        1.3744361 2.0310377 1.4396946 0.8545757 0.6872180 1.5901977 1.1132061 0.9547243 0.9913169 0.0000000 0.5716050 1.3744361 1.5901977 1.8942965 1.7786835 2.7182557 2.4141569 1.5901977 1.8942965 1.5901977 
t19        1.2070784 1.3144041 1.8942965 0.8239592 0.6626257 0.9547243 0.7945437 0.5933457 0.7389627 0.5716050 0.0000000 1.3744361 1.3144041 2.0310377 1.3744361 1.3144041 1.8942965 1.6785349 1.2588231 1.6785349 
t4         1.0703373 0.9913169 1.3144041 1.3144041 1.1132061 1.8942965 1.4396946 1.1132061 1.1586745 1.3744361 1.3744361 0.0000000 0.5504769 1.0297869 1.1132061 2.0310377 1.5901977 0.8545757 0.8239592 0.9913169 
t11        0.9198342 1.3744361 1.3744361 1.6785349 1.3744361 1.7786835 1.5111773 1.6785349 1.2070784 1.5901977 1.3144041 0.5504769 0.0000000 1.2070784 1.5901977 1.5901977 1.5901977 0.9913169 0.8545757 1.3144041 
t12        1.4396946 1.3144041 2.4141569 1.5901977 1.5901977 3.2381161 2.4141569 1.1132061 1.3744361 1.8942965 2.0310377 1.0297869 1.2070784 0.0000000 0.4348639 2.0310377 1.4396946 1.4396946 1.4396946 2.0310377 
t20        1.6785349 1.0297869 9.0000000 1.4396946 1.2588231 1.5901977 1.3144041 1.4396946 1.0703373 1.7786835 1.3744361 1.1132061 1.5901977 0.4348639 0.0000000 1.8942965 1.8942965 1.7786835 1.5111773 1.5901977 
t10        2.0310377 1.8942965 9.0000000 1.3144041 1.3144041 1.7786835 1.4396946 1.5901977 1.3144041 2.7182557 1.3144041 2.0310377 1.5901977 2.0310377 1.8942965 0.0000000 0.5299277 2.0310377 2.4141569 2.1983953 
t1         2.1983953 1.4396946 9.0000000 1.3144041 1.4396946 2.4141569 1.5111773 1.3744361 1.5901977 2.4141569 1.8942965 1.5901977 1.5901977 1.4396946 1.8942965 0.5299277 0.0000000 2.1983953 2.7182557 2.1983953 
t3         1.3744361 1.5901977 0.7389627 2.0310377 1.1132061 1.5901977 1.1586745 1.5111773 1.7786835 1.5901977 1.6785349 0.8545757 0.9913169 1.4396946 1.7786835 2.0310377 2.1983953 0.0000000 0.4714565 0.3666350 
t8         1.2070784 1.5901977 0.8239592 1.5901977 1.0703373 2.7182557 1.3744361 2.4141569 1.3744361 1.8942965 1.2588231 0.8239592 0.8545757 1.4396946 1.5111773 2.4141569 2.7182557 0.4714565 0.0000000 0.2746833 
t6         1.7786835 1.7786835 0.9913169 2.4141569 1.0703373 3.2381161 1.5901977 1.8942965 1.4396946 1.5901977 1.6785349 0.9913169 1.3144041 2.0310377 1.5901977 2.1983953 2.1983953 0.3666350 0.2746833 0.0000000 
