20
t20        0.0000000 0.4529370 0.7389627 0.8239592 0.7389627 0.8864954 0.5716050 0.6388142 0.6872180 0.7945437 0.7126442 0.7662384 0.8239592 0.6626257 0.6872180 0.5933457 0.6626257 0.6388142 0.6157354 0.6388142 
t15        0.4529370 0.0000000 0.6872180 1.0703373 0.8864954 0.8545757 0.8239592 0.8545757 0.8864954 0.7389627 0.5504769 0.7389627 0.8545757 0.6157354 0.6388142 0.5716050 0.6626257 0.8545757 0.8545757 0.8545757 
t17        0.7389627 0.6872180 0.0000000 1.2070784 1.0297869 1.0703373 0.9198342 1.0297869 0.8239592 0.4904449 0.4529370 0.5933457 0.6626257 0.5504769 0.5933457 0.4172160 0.5099265 0.9198342 0.9913169 1.0297869 
t18        0.8239592 1.0703373 1.2070784 0.0000000 0.8239592 0.9913169 0.8239592 0.9547243 0.6872180 1.3744361 1.2588231 1.0703373 1.4396946 1.2588231 1.1132061 0.9913169 1.1132061 0.5299277 0.5933457 0.6157354 
t4         0.7389627 0.8864954 1.0297869 0.8239592 0.0000000 0.4904449 0.6626257 0.7662384 1.0703373 1.0703373 1.1132061 1.0297869 1.2070784 1.3144041 1.2070784 0.9547243 0.9198342 0.8545757 0.9198342 0.8864954 
t19        0.8864954 0.8545757 1.0703373 0.9913169 0.4904449 0.0000000 1.0297869 1.1132061 1.2070784 1.5111773 1.2070784 1.1132061 1.2070784 1.3744361 1.2588231 1.2070784 1.3144041 0.9198342 1.1586745 1.0703373 
t14        0.5716050 0.8239592 0.9198342 0.8239592 0.6626257 1.0297869 0.0000000 0.4172160 0.9913169 1.0297869 1.1586745 0.9547243 1.1586745 0.9913169 1.1132061 1.0297869 1.1132061 0.8545757 0.9913169 0.9913169 
t8         0.6388142 0.8545757 1.0297869 0.9547243 0.7662384 1.1132061 0.4172160 0.0000000 1.1132061 0.9913169 1.1586745 1.0297869 1.4396946 0.8239592 0.9547243 0.8864954 1.2070784 0.9547243 1.0297869 1.0703373 
t12        0.6872180 0.8864954 0.8239592 0.6872180 1.0703373 1.2070784 0.9913169 1.1132061 0.0000000 1.0297869 1.0703373 0.8864954 1.1132061 0.9547243 1.0297869 1.0297869 1.1586745 0.3347153 0.3505054 0.3666350 
t16        0.7945437 0.7389627 0.4904449 1.3744361 1.0703373 1.5111773 1.0297869 0.9913169 1.0297869 0.0000000 0.2746833 0.8239592 0.9547243 0.7126442 0.7662384 0.3505054 0.4348639 1.2070784 1.1586745 1.1586745 
t7         0.7126442 0.5504769 0.4529370 1.2588231 1.1132061 1.2070784 1.1586745 1.1586745 1.0703373 0.2746833 0.0000000 0.6388142 0.7945437 0.5099265 0.5504769 0.2191023 0.2463781 1.0703373 1.0297869 1.0297869 
t2         0.7662384 0.7389627 0.5933457 1.0703373 1.0297869 1.1132061 0.9547243 1.0297869 0.8864954 0.8239592 0.6388142 0.0000000 0.2326162 0.3831192 0.3666350 0.5933457 0.6626257 0.9913169 1.0297869 1.0703373 
t6         0.8239592 0.8545757 0.6626257 1.4396946 1.2070784 1.2070784 1.1586745 1.4396946 1.1132061 0.9547243 0.7945437 0.2326162 0.0000000 0.5716050 0.5299277 0.7126442 0.8239592 1.3144041 1.3744361 1.3144041 
t5         0.6626257 0.6157354 0.5504769 1.2588231 1.3144041 1.3744361 0.9913169 0.8239592 0.9547243 0.7126442 0.5099265 0.3831192 0.5716050 0.0000000 0.1799630 0.4904449 0.6157354 1.3144041 1.1132061 1.2070784 
t11        0.6872180 0.6388142 0.5933457 1.1132061 1.2070784 1.2588231 1.1132061 0.9547243 1.0297869 0.7662384 0.5504769 0.3666350 0.5299277 0.1799630 0.0000000 0.5299277 0.6626257 1.2588231 1.1132061 1.1586745 
t3         0.5933457 0.5716050 0.4172160 0.9913169 0.9547243 1.2070784 1.0297869 0.8864954 1.0297869 0.3505054 0.2191023 0.5933457 0.7126442 0.4904449 0.5299277 0.0000000 0.1549607 0.9913169 0.9547243 0.9547243 
t13        0.6626257 0.6626257 0.5099265 1.1132061 0.9198342 1.3144041 1.1132061 1.2070784 1.1586745 0.4348639 0.2463781 0.6626257 0.8239592 0.6157354 0.6626257 0.1549607 0.0000000 1.0297869 0.9913169 0.9913169 
t10        0.6388142 0.8545757 0.9198342 0.5299277 0.8545757 0.9198342 0.8545757 0.9547243 0.3347153 1.2070784 1.0703373 0.9913169 1.3144041 1.3144041 1.2588231 0.9913169 1.0297869 0.0000000 0.1189538 0.0958750 
t1         0.6157354 0.8545757 0.9913169 0.5933457 0.9198342 1.1586745 0.9913169 1.0297869 0.3505054 1.1586745 1.0297869 1.0297869 1.3744361 1.1132061 1.1132061 0.9547243 0.9913169 0.1189538 0.0000000 0.0306165 
t9         0.6388142 0.8545757 1.0297869 0.6157354 0.8864954 1.0703373 0.9913169 1.0703373 0.3666350 1.1586745 1.0297869 1.0703373 1.3144041 1.2070784 1.1586745 0.9547243 0.9913169 0.0958750 0.0306165 0.0000000 
