20
t7         0.0000000 0.9547243 0.9913169 1.0297869 1.0297869 1.0703373 0.9198342 1.1132061 1.1586745 1.2588231 1.1586745 0.9913169 1.1586745 1.1132061 1.1132061 1.2588231 0.8545757 0.9547243 0.9198342 0.9198342 
t3         0.9547243 0.0000000 0.7662384 0.8864954 0.9913169 0.5933457 0.7126442 0.9547243 0.9198342 1.2070784 0.9913169 0.6626257 0.7126442 0.6626257 0.7126442 0.7945437 0.9547243 1.2070784 0.9547243 0.8864954 
t4         0.9913169 0.7662384 0.0000000 0.7662384 1.0703373 0.9913169 0.9198342 1.3144041 1.3144041 1.3744361 1.5111773 0.9547243 0.9198342 1.0297869 0.9198342 0.9913169 0.8545757 1.0297869 0.6388142 0.6157354 
t14        1.0297869 0.8864954 0.7662384 0.0000000 0.9198342 0.8864954 0.8864954 1.1586745 1.2588231 1.3744361 0.9198342 1.1132061 0.9913169 0.9913169 0.9547243 1.1586745 0.8239592 0.8545757 0.5504769 0.5299277 
t20        1.0297869 0.9913169 1.0703373 0.9198342 0.0000000 0.5933457 1.1132061 1.3144041 1.2070784 1.8942965 1.3744361 0.8864954 0.8545757 0.7945437 0.9547243 0.9547243 1.2588231 1.4396946 1.0703373 1.0297869 
t9         1.0703373 0.5933457 0.9913169 0.8864954 0.5933457 0.0000000 0.8239592 0.7945437 0.7389627 1.0703373 0.8864954 0.6626257 0.7389627 0.6626257 0.7389627 0.7662384 1.3744361 1.6785349 1.1132061 1.0297869 
t6         0.9198342 0.7126442 0.9198342 0.8864954 1.1132061 0.8239592 0.0000000 1.0703373 1.1586745 1.1132061 1.2070784 0.5299277 0.5504769 0.5716050 0.5933457 0.6626257 0.9198342 0.8239592 0.9198342 0.8864954 
t8         1.1132061 0.9547243 1.3144041 1.1586745 1.3144041 0.7945437 1.0703373 0.0000000 0.1189538 0.3999739 0.2746833 0.8864954 1.0703373 1.0297869 1.1132061 1.0703373 1.2070784 1.1132061 0.9913169 0.9198342 
t2         1.1586745 0.9198342 1.3144041 1.2588231 1.2070784 0.7389627 1.1586745 0.1189538 0.0000000 0.4348639 0.2892469 0.8545757 1.0703373 1.0703373 1.0703373 1.1586745 1.2588231 1.3744361 1.1586745 1.0703373 
t16        1.2588231 1.2070784 1.3744361 1.3744361 1.8942965 1.0703373 1.1132061 0.3999739 0.4348639 0.0000000 0.3831192 1.0297869 1.2070784 0.9913169 1.0297869 0.9198342 1.7786835 1.5901977 1.6785349 1.5111773 
t12        1.1586745 0.9913169 1.5111773 0.9198342 1.3744361 0.8864954 1.2070784 0.2746833 0.2892469 0.3831192 0.0000000 0.9913169 1.2070784 1.0297869 1.0703373 1.0297869 1.5901977 1.5111773 1.2588231 1.1586745 
t5         0.9913169 0.6626257 0.9547243 1.1132061 0.8864954 0.6626257 0.5299277 0.8864954 0.8545757 1.0297869 0.9913169 0.0000000 0.2058276 0.4348639 0.3999739 0.4529370 1.1132061 1.1132061 0.8864954 0.8239592 
t11        1.1586745 0.7126442 0.9198342 0.9913169 0.8545757 0.7389627 0.5504769 1.0703373 1.0703373 1.2070784 1.2070784 0.2058276 0.0000000 0.5099265 0.5099265 0.5099265 1.0703373 0.9913169 0.9913169 0.9547243 
t18        1.1132061 0.6626257 1.0297869 0.9913169 0.7945437 0.6626257 0.5716050 1.0297869 1.0703373 0.9913169 1.0297869 0.4348639 0.5099265 0.0000000 0.2603971 0.2603971 1.4396946 1.3744361 0.9913169 0.9913169 
t13        1.1132061 0.7126442 0.9198342 0.9547243 0.9547243 0.7389627 0.5933457 1.1132061 1.0703373 1.0297869 1.0703373 0.3999739 0.5099265 0.2603971 0.0000000 0.1799630 1.1586745 1.2588231 1.1586745 1.0703373 
t17        1.2588231 0.7945437 0.9913169 1.1586745 0.9547243 0.7662384 0.6626257 1.0703373 1.1586745 0.9198342 1.0297869 0.4529370 0.5099265 0.2603971 0.1799630 0.0000000 1.4396946 1.3744361 1.2588231 1.1586745 
t1         0.8545757 0.9547243 0.8545757 0.8239592 1.2588231 1.3744361 0.9198342 1.2070784 1.2588231 1.7786835 1.5901977 1.1132061 1.0703373 1.4396946 1.1586745 1.4396946 0.0000000 0.2326162 0.5099265 0.5099265 
t19        0.9547243 1.2070784 1.0297869 0.8545757 1.4396946 1.6785349 0.8239592 1.1132061 1.3744361 1.5901977 1.5111773 1.1132061 0.9913169 1.3744361 1.2588231 1.3744361 0.2326162 0.0000000 0.5504769 0.5504769 
t15        0.9198342 0.9547243 0.6388142 0.5504769 1.0703373 1.1132061 0.9198342 0.9913169 1.1586745 1.6785349 1.2588231 0.8864954 0.9913169 0.9913169 1.1586745 1.2588231 0.5099265 0.5504769 0.0000000 0.0306165 
t10        0.9198342 0.8864954 0.6157354 0.5299277 1.0297869 1.0297869 0.8864954 0.9198342 1.0703373 1.5111773 1.1586745 0.8239592 0.9547243 0.9913169 1.0703373 1.1586745 0.5099265 0.5504769 0.0306165 0.0000000 
