20
t5         0.0000000 0.6872180 0.7126442 0.7389627 0.6626257 0.4714565 0.5299277 1.7786835 1.1586745 0.5099265 0.4904449 0.7126442 0.9913169 0.7126442 1.0703373 0.9913169 0.8864954 0.9547243 0.9913169 0.7945437 
t6         0.6872180 0.0000000 1.0297869 1.2588231 1.0703373 1.0703373 1.0703373 9.0000000 2.0310377 1.2070784 1.0297869 1.7786835 1.3744361 1.7786835 1.3744361 1.3744361 1.4396946 1.4396946 1.3144041 1.5111773 
t1         0.7126442 1.0297869 0.0000000 1.0703373 1.0703373 0.9198342 0.9913169 2.4141569 1.6785349 0.9913169 1.0703373 1.2588231 0.9913169 1.3144041 1.1132061 1.0703373 0.9198342 0.9913169 1.5901977 1.3144041 
t13        0.7389627 1.2588231 1.0703373 0.0000000 0.8545757 0.8545757 0.4529370 1.7786835 1.1586745 0.7945437 1.0703373 0.9913169 0.8239592 1.1132061 0.8545757 1.1132061 0.9198342 0.8864954 1.2588231 1.1132061 
t17        0.6626257 1.0703373 1.0703373 0.8545757 0.0000000 0.2603971 0.6157354 2.7182557 1.1132061 0.9198342 0.7126442 0.7126442 0.9198342 0.7126442 1.1132061 1.2070784 0.8864954 0.9913169 1.0297869 0.7945437 
t3         0.4714565 1.0703373 0.9198342 0.8545757 0.2603971 0.0000000 0.5299277 2.1983953 1.0703373 0.6626257 0.5504769 0.6872180 0.7126442 0.6626257 0.9198342 1.1132061 0.7126442 0.7662384 0.9547243 0.7662384 
t7         0.5299277 1.0703373 0.9913169 0.4529370 0.6157354 0.5299277 0.0000000 1.7786835 1.0297869 0.7389627 0.6626257 0.7126442 0.7662384 0.8239592 0.7389627 0.9198342 0.7389627 0.7662384 0.8545757 0.9198342 
t12        1.7786835 9.0000000 2.4141569 1.7786835 2.7182557 2.1983953 1.7786835 0.0000000 1.6785349 1.3744361 2.1983953 1.5901977 1.8942965 1.8942965 1.8942965 1.8942965 2.1983953 1.8942965 2.7182557 2.0310377 
t18        1.1586745 2.0310377 1.6785349 1.1586745 1.1132061 1.0703373 1.0297869 1.6785349 0.0000000 1.5111773 1.6785349 0.8864954 0.8545757 0.8545757 0.7662384 0.9198342 0.8545757 0.7389627 1.2070784 0.8864954 
t4         0.5099265 1.2070784 0.9913169 0.7945437 0.9198342 0.6626257 0.7389627 1.3744361 1.5111773 0.0000000 0.2892469 0.8864954 1.0297869 0.8545757 1.2070784 1.0297869 0.9913169 0.9913169 1.1132061 0.9547243 
t11        0.4904449 1.0297869 1.0703373 1.0703373 0.7126442 0.5504769 0.6626257 2.1983953 1.6785349 0.2892469 0.0000000 0.8864954 1.0703373 0.8545757 1.0297869 1.1132061 0.9913169 1.0703373 1.0703373 0.9547243 
t9         0.7126442 1.7786835 1.2588231 0.9913169 0.7126442 0.6872180 0.7126442 1.5901977 0.8864954 0.8864954 0.8864954 0.0000000 0.5504769 0.1307650 0.6157354 0.6872180 0.4904449 0.5504769 0.4529370 0.2058276 
t10        0.9913169 1.3744361 0.9913169 0.8239592 0.9198342 0.7126442 0.7662384 1.8942965 0.8545757 1.0297869 1.0703373 0.5504769 0.0000000 0.6388142 0.1673577 0.2746833 0.1073256 0.0845966 0.7126442 0.7389627 
t19        0.7126442 1.7786835 1.3144041 1.1132061 0.7126442 0.6626257 0.8239592 1.8942965 0.8545757 0.8545757 0.8545757 0.1307650 0.6388142 0.0000000 0.7126442 0.7389627 0.5716050 0.6388142 0.4172160 0.1427653 
t16        1.0703373 1.3744361 1.1132061 0.8545757 1.1132061 0.9198342 0.7389627 1.8942965 0.7662384 1.2070784 1.0297869 0.6157354 0.1673577 0.7126442 0.0000000 0.2746833 0.1427653 0.1673577 0.8239592 0.7389627 
t14        0.9913169 1.3744361 1.0703373 1.1132061 1.2070784 1.1132061 0.9198342 1.8942965 0.9198342 1.0297869 1.1132061 0.6872180 0.2746833 0.7389627 0.2746833 0.0000000 0.2326162 0.2746833 0.9547243 0.7945437 
t15        0.8864954 1.4396946 0.9198342 0.9198342 0.8864954 0.7126442 0.7389627 2.1983953 0.8545757 0.9913169 0.9913169 0.4904449 0.1073256 0.5716050 0.1427653 0.2326162 0.0000000 0.0625362 0.6626257 0.6872180 
t20        0.9547243 1.4396946 0.9913169 0.8864954 0.9913169 0.7662384 0.7662384 1.8942965 0.7389627 0.9913169 1.0703373 0.5504769 0.0845966 0.6388142 0.1673577 0.2746833 0.0625362 0.0000000 0.7389627 0.7389627 
t2         0.9913169 1.3144041 1.5901977 1.2588231 1.0297869 0.9547243 0.8545757 2.7182557 1.2070784 1.1132061 1.0703373 0.4529370 0.7126442 0.4172160 0.8239592 0.9547243 0.6626257 0.7389627 0.0000000 0.4714565 
t8         0.7945437 1.5111773 1.3144041 1.1132061 0.7945437 0.7662384 0.9198342 2.0310377 0.8864954 0.9547243 0.9547243 0.2058276 0.7389627 0.1427653 0.7389627 0.7945437 0.6872180 0.7389627 0.4714565 0.0000000 
