20
t18        0.0000000 1.2070784 0.9198342 0.8239592 0.7945437 0.7389627 1.0703373 1.5901977 1.6785349 1.5901977 1.3144041 1.4396946 0.8239592 1.3744361 1.2588231 1.3144041 1.4396946 1.6785349 0.8239592 0.8545757 
t2         1.2070784 0.0000000 0.8545757 0.9913169 0.9913169 0.8239592 1.1586745 1.8942965 1.7786835 1.3744361 2.4141569 1.8942965 1.2588231 1.3144041 1.2070784 1.4396946 1.2070784 1.5901977 1.2070784 1.1586745 
t13        0.9198342 0.8545757 0.0000000 0.7389627 0.5099265 0.3666350 0.7662384 1.0703373 0.9547243 1.2070784 1.8942965 0.9913169 0.5716050 0.6872180 0.7662384 1.1586745 1.0703373 1.2070784 0.6157354 0.6626257 
t15        0.8239592 0.9913169 0.7389627 0.0000000 0.7945437 0.6157354 1.0297869 2.0310377 1.4396946 1.1132061 2.4141569 1.4396946 0.5716050 1.3144041 1.1586745 1.3144041 1.3144041 1.5901977 0.6388142 0.5933457 
t1         0.7945437 0.9913169 0.5099265 0.7945437 0.0000000 0.1927838 0.6157354 1.3744361 1.2070784 1.3744361 1.5901977 1.1586745 0.6388142 0.8864954 0.8239592 1.1132061 1.2588231 1.2588231 0.6626257 0.6872180 
t5         0.7389627 0.8239592 0.3666350 0.6157354 0.1927838 0.0000000 0.6388142 1.0297869 0.9913169 1.1132061 1.5111773 0.9547243 0.5933457 0.6626257 0.6626257 0.9198342 0.9913169 1.0297869 0.5299277 0.5099265 
t19        1.0703373 1.1586745 0.7662384 1.0297869 0.6157354 0.6388142 0.0000000 1.3144041 1.5111773 1.6785349 2.0310377 1.2070784 0.9198342 1.2070784 1.1132061 1.3744361 1.6785349 1.7786835 0.8864954 0.9913169 
t20        1.5901977 1.8942965 1.0703373 2.0310377 1.3744361 1.0297869 1.3144041 0.0000000 1.0297869 1.6785349 2.1983953 0.7389627 1.5111773 2.0310377 2.0310377 0.8864954 1.1586745 1.0297869 1.1586745 1.3144041 
t12        1.6785349 1.7786835 0.9547243 1.4396946 1.2070784 0.9913169 1.5111773 1.0297869 0.0000000 2.4141569 9.0000000 1.2588231 1.1132061 1.2588231 1.3144041 1.3144041 1.2588231 1.3744361 1.1586745 1.3144041 
t4         1.5901977 1.3744361 1.2070784 1.1132061 1.3744361 1.1132061 1.6785349 1.6785349 2.4141569 0.0000000 1.7786835 1.4396946 1.1132061 1.8942965 1.8942965 2.0310377 1.5901977 2.0310377 1.0703373 1.1132061 
t6         1.3144041 2.4141569 1.8942965 2.4141569 1.5901977 1.5111773 2.0310377 2.1983953 9.0000000 1.7786835 0.0000000 3.2381161 1.6785349 1.4396946 1.7786835 2.7182557 9.0000000 3.2381161 2.1983953 2.1983953 
t11        1.4396946 1.8942965 0.9913169 1.4396946 1.1586745 0.9547243 1.2070784 0.7389627 1.2588231 1.4396946 3.2381161 0.0000000 1.1132061 1.7786835 1.5901977 0.5716050 0.7945437 0.7389627 1.1586745 1.2588231 
t10        0.8239592 1.2588231 0.5716050 0.5716050 0.6388142 0.5933457 0.9198342 1.5111773 1.1132061 1.1132061 1.6785349 1.1132061 0.0000000 1.0297869 1.1132061 1.1132061 1.2070784 1.2588231 0.3505054 0.3666350 
t16        1.3744361 1.3144041 0.6872180 1.3144041 0.8864954 0.6626257 1.2070784 2.0310377 1.2588231 1.8942965 1.4396946 1.7786835 1.0297869 0.0000000 0.1799630 2.1983953 2.7182557 9.0000000 0.9547243 1.0297869 
t7         1.2588231 1.2070784 0.7662384 1.1586745 0.8239592 0.6626257 1.1132061 2.0310377 1.3144041 1.8942965 1.7786835 1.5901977 1.1132061 0.1799630 0.0000000 2.1983953 2.1983953 9.0000000 1.0297869 1.1132061 
t3         1.3144041 1.4396946 1.1586745 1.3144041 1.1132061 0.9198342 1.3744361 0.8864954 1.3144041 2.0310377 2.7182557 0.5716050 1.1132061 2.1983953 2.1983953 0.0000000 0.2191023 0.1307650 0.9913169 1.0297869 
t17        1.4396946 1.2070784 1.0703373 1.3144041 1.2588231 0.9913169 1.6785349 1.1586745 1.2588231 1.5901977 9.0000000 0.7945437 1.2070784 2.7182557 2.1983953 0.2191023 0.0000000 0.1673577 1.1132061 1.2070784 
t9         1.6785349 1.5901977 1.2070784 1.5901977 1.2588231 1.0297869 1.7786835 1.0297869 1.3744361 2.0310377 3.2381161 0.7389627 1.2588231 9.0000000 9.0000000 0.1307650 0.1673577 0.0000000 1.1132061 1.1586745 
t14        0.8239592 1.2070784 0.6157354 0.6388142 0.6626257 0.5299277 0.8864954 1.1586745 1.1586745 1.0703373 2.1983953 1.1586745 0.3505054 0.9547243 1.0297869 0.9913169 1.1132061 1.1132061 0.0000000 0.0411062 
t8         0.8545757 1.1586745 0.6626257 0.5933457 0.6872180 0.5099265 0.9913169 1.3144041 1.3144041 1.1132061 2.1983953 1.2588231 0.3666350 1.0297869 1.1132061 1.0297869 1.2070784 1.1586745 0.0411062 0.0000000 
