20
t12        0.0000000 0.5099265 1.1132061 9.0000000 1.1132061 1.1586745 1.2070784 1.0703373 0.7126442 1.1586745 1.0297869 1.1132061 1.0297869 0.5299277 1.1132061 0.9913169 1.2070784 1.1132061 1.3144041 1.2070784 
t14        0.5099265 0.0000000 0.7389627 1.5901977 0.8239592 0.9913169 0.8545757 0.8239592 0.4348639 0.8545757 0.9547243 0.9547243 0.7389627 0.2326162 0.6872180 0.6872180 0.7945437 0.7389627 0.8864954 0.8545757 
t7         1.1132061 0.7389627 0.0000000 1.3144041 0.2892469 0.6388142 0.3347153 0.2892469 0.7662384 0.5504769 0.6388142 0.6626257 1.0703373 0.5504769 0.1307650 0.1073256 0.1549607 0.1307650 0.4904449 0.3999739 
t15        9.0000000 1.5901977 1.3144041 0.0000000 1.6785349 2.1983953 1.4396946 1.5111773 9.0000000 1.7786835 2.0310377 1.8942965 9.0000000 2.4141569 1.7786835 1.7786835 1.6785349 1.8942965 2.1983953 2.4141569 
t6         1.1132061 0.8239592 0.2892469 1.6785349 0.0000000 1.0703373 0.6388142 0.5716050 1.0297869 0.7126442 0.8239592 0.8545757 1.1132061 0.7662384 0.3347153 0.3040988 0.3831192 0.3666350 0.7126442 0.5716050 
t19        1.1586745 0.9913169 0.6388142 2.1983953 1.0703373 0.0000000 0.4904449 0.4904449 1.0703373 0.7389627 0.7389627 0.8239592 1.2588231 1.0297869 0.6388142 0.5933457 0.6872180 0.7126442 0.9547243 0.7945437 
t3         1.2070784 0.8545757 0.3347153 1.4396946 0.6388142 0.4904449 0.0000000 0.1673577 1.0703373 0.5716050 0.6626257 0.6626257 1.2588231 0.7126442 0.3347153 0.2746833 0.3999739 0.3666350 0.5716050 0.4904449 
t17        1.0703373 0.8239592 0.2892469 1.5111773 0.5716050 0.4904449 0.1673577 0.0000000 0.9547243 0.4904449 0.5716050 0.5933457 1.1132061 0.6626257 0.3040988 0.2326162 0.3505054 0.3192509 0.5099265 0.4172160 
t1         0.7126442 0.4348639 0.7662384 9.0000000 1.0297869 1.0703373 1.0703373 0.9547243 0.0000000 1.1586745 1.1132061 1.2070784 0.7389627 0.2058276 0.8239592 0.7662384 0.9913169 0.8864954 1.2588231 1.0297869 
t9         1.1586745 0.8545757 0.5504769 1.7786835 0.7126442 0.7389627 0.5716050 0.4904449 1.1586745 0.0000000 0.0734853 0.1073256 1.2070784 0.8545757 0.5504769 0.5299277 0.6388142 0.6388142 0.3040988 0.2463781 
t8         1.0297869 0.9547243 0.6388142 2.0310377 0.8239592 0.7389627 0.6626257 0.5716050 1.1132061 0.0734853 0.0000000 0.0306165 1.2588231 0.9198342 0.5933457 0.5716050 0.7126442 0.6626257 0.3999739 0.3192509 
t13        1.1132061 0.9547243 0.6626257 1.8942965 0.8545757 0.8239592 0.6626257 0.5933457 1.2070784 0.1073256 0.0306165 0.0000000 1.4396946 0.9198342 0.6157354 0.5933457 0.7389627 0.6872180 0.3999739 0.3192509 
t16        1.0297869 0.7389627 1.0703373 9.0000000 1.1132061 1.2588231 1.2588231 1.1132061 0.7389627 1.2070784 1.2588231 1.4396946 0.0000000 0.5299277 1.0297869 0.9913169 1.1586745 1.0297869 1.3144041 1.1132061 
t2         0.5299277 0.2326162 0.5504769 2.4141569 0.7662384 1.0297869 0.7126442 0.6626257 0.2058276 0.8545757 0.9198342 0.9198342 0.5299277 0.0000000 0.5933457 0.5099265 0.6388142 0.5716050 0.7945437 0.7126442 
t4         1.1132061 0.6872180 0.1307650 1.7786835 0.3347153 0.6388142 0.3347153 0.3040988 0.8239592 0.5504769 0.5933457 0.6157354 1.0297869 0.5933457 0.0000000 0.0517447 0.1307650 0.0958750 0.4714565 0.3831192 
t18        0.9913169 0.6872180 0.1073256 1.7786835 0.3040988 0.5933457 0.2746833 0.2326162 0.7662384 0.5299277 0.5716050 0.5933457 0.9913169 0.5099265 0.0517447 0.0000000 0.0958750 0.0625362 0.4529370 0.3505054 
t20        1.2070784 0.7945437 0.1549607 1.6785349 0.3831192 0.6872180 0.3999739 0.3505054 0.9913169 0.6388142 0.7126442 0.7389627 1.1586745 0.6388142 0.1307650 0.0958750 0.0000000 0.0306165 0.5716050 0.4904449 
t10        1.1132061 0.7389627 0.1307650 1.8942965 0.3666350 0.7126442 0.3666350 0.3192509 0.8864954 0.6388142 0.6626257 0.6872180 1.0297869 0.5716050 0.0958750 0.0625362 0.0306165 0.0000000 0.5299277 0.4348639 
t11        1.3144041 0.8864954 0.4904449 2.1983953 0.7126442 0.9547243 0.5716050 0.5099265 1.2588231 0.3040988 0.3999739 0.3999739 1.3144041 0.7945437 0.4714565 0.4529370 0.5716050 0.5299277 0.0000000 0.0845966 
t5         1.2070784 0.8545757 0.3999739 2.4141569 0.5716050 0.7945437 0.4904449 0.4172160 1.0297869 0.2463781 0.3192509 0.3192509 1.1132061 0.7126442 0.3831192 0.3505054 0.4904449 0.4348639 0.0845966 0.0000000 
