20
t19        0.0000000 0.8864954 1.0703373 1.0297869 0.9913169 0.9547243 0.9198342 0.9913169 1.0297869 0.9547243 0.9913169 1.0703373 1.1586745 0.9198342 1.1132061 0.9913169 0.9547243 0.8545757 0.8864954 0.8545757 
t11        0.8864954 0.0000000 0.7126442 0.2058276 0.1189538 0.4529370 0.1427653 0.4529370 0.4904449 0.3831192 0.3999739 0.5099265 0.8864954 0.1673577 0.3040988 0.4904449 0.4714565 0.3666350 0.3666350 0.3347153 
t13        1.0703373 0.7126442 0.0000000 0.7662384 0.6388142 0.5099265 0.6872180 0.5299277 0.4529370 0.5716050 0.5933457 0.5099265 0.9198342 0.5504769 0.8239592 0.5299277 0.5099265 0.4529370 0.4529370 0.4172160 
t15        1.0297869 0.2058276 0.7662384 0.0000000 0.1427653 0.5716050 0.1549607 0.4904449 0.4904449 0.3999739 0.4529370 0.5716050 1.0703373 0.1549607 0.3040988 0.5716050 0.5504769 0.4529370 0.4529370 0.4172160 
t12        0.9913169 0.1189538 0.6388142 0.1427653 0.0000000 0.4904449 0.0845966 0.4348639 0.4714565 0.3347153 0.3831192 0.5099265 1.0297869 0.1073256 0.2463781 0.4348639 0.4172160 0.3831192 0.3831192 0.3505054 
t9         0.9547243 0.4529370 0.5099265 0.5716050 0.4904449 0.0000000 0.4714565 0.3040988 0.3666350 0.3999739 0.4172160 0.2463781 0.5933457 0.4529370 0.6388142 0.5099265 0.4904449 0.1799630 0.1799630 0.1549607 
t3         0.9198342 0.1427653 0.6872180 0.1549607 0.0845966 0.4714565 0.0000000 0.3831192 0.3999739 0.3347153 0.3831192 0.5099265 0.9913169 0.1073256 0.2463781 0.4172160 0.3999739 0.3831192 0.3831192 0.3505054 
t1         0.9913169 0.4529370 0.5299277 0.4904449 0.4348639 0.3040988 0.3831192 0.0000000 0.2603971 0.3999739 0.4529370 0.3999739 0.7126442 0.4529370 0.5299277 0.4348639 0.4529370 0.2463781 0.2463781 0.2191023 
t10        1.0297869 0.4904449 0.4529370 0.4904449 0.4714565 0.3666350 0.3999739 0.2603971 0.0000000 0.3831192 0.4172160 0.3505054 0.8239592 0.4904449 0.6157354 0.3505054 0.3347153 0.2463781 0.2603971 0.2326162 
t7         0.9547243 0.3831192 0.5716050 0.3999739 0.3347153 0.3999739 0.3347153 0.3999739 0.3831192 0.0000000 0.0625362 0.3999739 0.9547243 0.3666350 0.4529370 0.2892469 0.2746833 0.2746833 0.2746833 0.2463781 
t18        0.9913169 0.3999739 0.5933457 0.4529370 0.3831192 0.4172160 0.3831192 0.4529370 0.4172160 0.0625362 0.0000000 0.3999739 0.9198342 0.3999739 0.5099265 0.3505054 0.3347153 0.3040988 0.3192509 0.2892469 
t2         1.0703373 0.5099265 0.5099265 0.5716050 0.5099265 0.2463781 0.5099265 0.3999739 0.3505054 0.3999739 0.3999739 0.0000000 0.5099265 0.4714565 0.6626257 0.5504769 0.5299277 0.2603971 0.2746833 0.2463781 
t14        1.1586745 0.8864954 0.9198342 1.0703373 1.0297869 0.5933457 0.9913169 0.7126442 0.8239592 0.9547243 0.9198342 0.5099265 0.0000000 0.9198342 0.9913169 0.9913169 0.9913169 0.6388142 0.6626257 0.6388142 
t5         0.9198342 0.1673577 0.5504769 0.1549607 0.1073256 0.4529370 0.1073256 0.4529370 0.4904449 0.3666350 0.3999739 0.4714565 0.9198342 0.0000000 0.2191023 0.5099265 0.4904449 0.3831192 0.3831192 0.3505054 
t6         1.1132061 0.3040988 0.8239592 0.3040988 0.2463781 0.6388142 0.2463781 0.5299277 0.6157354 0.4529370 0.5099265 0.6626257 0.9913169 0.2191023 0.0000000 0.5716050 0.5504769 0.5099265 0.5099265 0.4714565 
t16        0.9913169 0.4904449 0.5299277 0.5716050 0.4348639 0.5099265 0.4172160 0.4348639 0.3505054 0.2892469 0.3505054 0.5504769 0.9913169 0.5099265 0.5716050 0.0000000 0.0100673 0.3831192 0.3831192 0.3505054 
t20        0.9547243 0.4714565 0.5099265 0.5504769 0.4172160 0.4904449 0.3999739 0.4529370 0.3347153 0.2746833 0.3347153 0.5299277 0.9913169 0.4904449 0.5504769 0.0100673 0.0000000 0.3666350 0.3666350 0.3347153 
t8         0.8545757 0.3666350 0.4529370 0.4529370 0.3831192 0.1799630 0.3831192 0.2463781 0.2463781 0.2746833 0.3040988 0.2603971 0.6388142 0.3831192 0.5099265 0.3831192 0.3666350 0.0000000 0.0306165 0.0202715 
t17        0.8864954 0.3666350 0.4529370 0.4529370 0.3831192 0.1799630 0.3831192 0.2463781 0.2603971 0.2746833 0.3192509 0.2746833 0.6626257 0.3831192 0.5099265 0.3831192 0.3666350 0.0306165 0.0000000 0.0202715 
t4         0.8545757 0.3347153 0.4172160 0.4172160 0.3505054 0.1549607 0.3505054 0.2191023 0.2326162 0.2463781 0.2892469 0.2463781 0.6388142 0.3505054 0.4714565 0.3505054 0.3347153 0.0202715 0.0202715 0.0000000 
