20
t9         0.0000000 0.6157354 0.6872180 1.2070784 0.9913169 0.6626257 0.6388142 0.6157354 0.6872180 0.5299277 0.5716050 2.0310377 0.7389627 0.6872180 1.0297869 1.2070784 1.1132061 1.1132061 0.6626257 0.6388142 
t7         0.6157354 0.0000000 0.6626257 1.1586745 0.9547243 0.3831192 0.4714565 0.4714565 0.4348639 0.6626257 0.6626257 1.3144041 0.4714565 0.4904449 0.7662384 0.8545757 0.7662384 0.8545757 0.7389627 0.6872180 
t2         0.6872180 0.6626257 0.0000000 0.9913169 0.8545757 0.6872180 0.6872180 0.6626257 0.7662384 0.7389627 0.8239592 1.3144041 0.7662384 0.7945437 1.0297869 1.1586745 0.9547243 0.9547243 0.9547243 1.0297869 
t19        1.2070784 1.1586745 0.9913169 0.0000000 1.3744361 0.9913169 1.5111773 1.5901977 1.5111773 1.5901977 1.5901977 1.7786835 1.3744361 1.5111773 1.2588231 1.5901977 1.5901977 1.5901977 1.5901977 2.4141569 
t8         0.9913169 0.9547243 0.8545757 1.3744361 0.0000000 1.0297869 0.8864954 0.7662384 0.9198342 0.9547243 1.1132061 1.5901977 0.9547243 0.8239592 1.1586745 1.3744361 1.0297869 0.9547243 1.0297869 0.9547243 
t1         0.6626257 0.3831192 0.6872180 0.9913169 1.0297869 0.0000000 0.4904449 0.4172160 0.4904449 0.6157354 0.6872180 1.0297869 0.5716050 0.5299277 0.7126442 0.8864954 0.8864954 0.9198342 0.8545757 0.7662384 
t10        0.6388142 0.4714565 0.6872180 1.5111773 0.8864954 0.4904449 0.0000000 0.2058276 0.2058276 0.5099265 0.6626257 1.3144041 0.4714565 0.5099265 0.7662384 0.7945437 0.8545757 0.9547243 0.6388142 0.6388142 
t20        0.6157354 0.4714565 0.6626257 1.5901977 0.7662384 0.4172160 0.2058276 0.0000000 0.2058276 0.5099265 0.5716050 1.3144041 0.4904449 0.4904449 0.6388142 0.8545757 0.8545757 0.8545757 0.6157354 0.6157354 
t6         0.6872180 0.4348639 0.7662384 1.5111773 0.9198342 0.4904449 0.2058276 0.2058276 0.0000000 0.5716050 0.6626257 1.1586745 0.4714565 0.4714565 0.6872180 0.8239592 0.9913169 1.0297869 0.7126442 0.6388142 
t13        0.5299277 0.6626257 0.7389627 1.5901977 0.9547243 0.6157354 0.5099265 0.5099265 0.5716050 0.0000000 0.4714565 1.6785349 0.7126442 0.6872180 0.9547243 0.8864954 1.0703373 1.1586745 0.5933457 0.4904449 
t18        0.5716050 0.6626257 0.8239592 1.5901977 1.1132061 0.6872180 0.6626257 0.5716050 0.6626257 0.4714565 0.0000000 2.1983953 0.7389627 0.6872180 1.2070784 1.0703373 0.9547243 0.9913169 0.2603971 0.2191023 
t4         2.0310377 1.3144041 1.3144041 1.7786835 1.5901977 1.0297869 1.3144041 1.3144041 1.1586745 1.6785349 2.1983953 0.0000000 0.8864954 0.8864954 0.5504769 0.5933457 1.3744361 1.5111773 1.7786835 1.7786835 
t15        0.7389627 0.4714565 0.7662384 1.3744361 0.9547243 0.5716050 0.4714565 0.4904449 0.4714565 0.7126442 0.7389627 0.8864954 0.0000000 0.1307650 0.5504769 0.5716050 0.7389627 0.7662384 0.8239592 0.8239592 
t16        0.6872180 0.4904449 0.7945437 1.5111773 0.8239592 0.5299277 0.5099265 0.4904449 0.4714565 0.6872180 0.6872180 0.8864954 0.1307650 0.0000000 0.6157354 0.6388142 0.7662384 0.7945437 0.8239592 0.7662384 
t5         1.0297869 0.7662384 1.0297869 1.2588231 1.1586745 0.7126442 0.7662384 0.6388142 0.6872180 0.9547243 1.2070784 0.5504769 0.5504769 0.6157354 0.0000000 0.2603971 1.0703373 1.1132061 1.3144041 1.1132061 
t14        1.2070784 0.8545757 1.1586745 1.5901977 1.3744361 0.8864954 0.7945437 0.8545757 0.8239592 0.8864954 1.0703373 0.5933457 0.5716050 0.6388142 0.2603971 0.0000000 1.1586745 1.2070784 1.2070784 1.1132061 
t11        1.1132061 0.7662384 0.9547243 1.5901977 1.0297869 0.8864954 0.8545757 0.8545757 0.9913169 1.0703373 0.9547243 1.3744361 0.7389627 0.7662384 1.0703373 1.1586745 0.0000000 0.0517447 0.9547243 0.9547243 
t12        1.1132061 0.8545757 0.9547243 1.5901977 0.9547243 0.9198342 0.9547243 0.8545757 1.0297869 1.1586745 0.9913169 1.5111773 0.7662384 0.7945437 1.1132061 1.2070784 0.0517447 0.0000000 1.0297869 1.0297869 
t3         0.6626257 0.7389627 0.9547243 1.5901977 1.0297869 0.8545757 0.6388142 0.6157354 0.7126442 0.5933457 0.2603971 1.7786835 0.8239592 0.8239592 1.3144041 1.2070784 0.9547243 1.0297869 0.0000000 0.1427653 
t17        0.6388142 0.6872180 1.0297869 2.4141569 0.9547243 0.7662384 0.6388142 0.6157354 0.6388142 0.4904449 0.2191023 1.7786835 0.8239592 0.7662384 1.1132061 1.1132061 0.9547243 1.0297869 0.1427653 0.0000000 
