20
t20        0.0000000 1.2588231 1.5111773 0.7945437 2.1983953 1.1132061 0.8545757 1.3144041 1.5901977 1.4396946 1.5901977 1.0703373 1.5111773 1.0703373 1.0703373 1.2588231 1.2588231 1.2070784 1.1132061 1.1132061 
t6         1.2588231 0.0000000 1.0297869 0.7662384 1.2070784 0.5099265 0.7389627 1.2588231 0.8545757 0.7945437 2.4141569 1.7786835 0.5504769 1.3744361 1.6785349 2.4141569 2.4141569 0.9547243 0.9198342 0.9198342 
t4         1.5111773 1.0297869 0.0000000 0.5933457 1.8942965 0.8239592 0.9547243 1.3144041 1.3744361 1.6785349 9.0000000 1.5901977 0.9547243 1.6785349 1.4396946 1.7786835 1.8942965 1.1586745 1.1586745 1.1586745 
t5         0.7945437 0.7662384 0.5933457 0.0000000 1.3144041 0.8545757 0.9198342 1.1586745 1.1586745 1.5111773 9.0000000 1.2588231 0.9198342 1.4396946 1.5901977 1.6785349 1.6785349 0.9913169 0.9547243 0.9547243 
t11        2.1983953 1.2070784 1.8942965 1.3144041 0.0000000 1.1586745 1.5111773 1.7786835 1.1586745 1.1132061 2.4141569 9.0000000 1.6785349 2.1983953 9.0000000 9.0000000 9.0000000 2.1983953 2.0310377 2.0310377 
t3         1.1132061 0.5099265 0.8239592 0.8545757 1.1586745 0.0000000 0.9547243 1.2070784 0.6626257 0.7126442 2.0310377 1.4396946 0.8239592 1.7786835 1.8942965 3.2381161 3.2381161 1.0297869 1.0297869 1.0297869 
t7         0.8545757 0.7389627 0.9547243 0.9198342 1.5111773 0.9547243 0.0000000 0.7389627 1.2588231 0.9198342 3.2381161 1.4396946 0.7662384 1.5901977 1.7786835 1.6785349 1.6785349 0.8864954 0.8545757 0.8545757 
t1         1.3144041 1.2588231 1.3144041 1.1586745 1.7786835 1.2070784 0.7389627 0.0000000 1.5901977 1.3744361 3.2381161 2.1983953 1.0703373 2.0310377 2.0310377 2.4141569 2.4141569 1.1132061 1.1132061 1.1132061 
t10        1.5901977 0.8545757 1.3744361 1.1586745 1.1586745 0.6626257 1.2588231 1.5901977 0.0000000 0.4172160 2.0310377 1.7786835 1.0703373 1.2588231 1.4396946 1.6785349 1.6785349 1.4396946 1.4396946 1.4396946 
t19        1.4396946 0.7945437 1.6785349 1.5111773 1.1132061 0.7126442 0.9198342 1.3744361 0.4172160 0.0000000 1.8942965 1.8942965 1.1132061 1.3144041 1.5111773 2.0310377 2.0310377 1.3744361 1.4396946 1.4396946 
t16        1.5901977 2.4141569 9.0000000 9.0000000 2.4141569 2.0310377 3.2381161 3.2381161 2.0310377 1.8942965 0.0000000 0.6872180 1.5901977 0.7389627 0.8239592 0.8239592 0.7945437 1.7786835 1.7786835 1.7786835 
t14        1.0703373 1.7786835 1.5901977 1.2588231 9.0000000 1.4396946 1.4396946 2.1983953 1.7786835 1.8942965 0.6872180 0.0000000 1.3144041 0.3831192 0.3831192 0.3505054 0.3505054 1.4396946 1.3744361 1.3744361 
t18        1.5111773 0.5504769 0.9547243 0.9198342 1.6785349 0.8239592 0.7662384 1.0703373 1.0703373 1.1132061 1.5901977 1.3144041 0.0000000 1.3144041 1.3744361 1.7786835 1.7786835 0.3347153 0.3192509 0.3192509 
t17        1.0703373 1.3744361 1.6785349 1.4396946 2.1983953 1.7786835 1.5901977 2.0310377 1.2588231 1.3144041 0.7389627 0.3831192 1.3144041 0.0000000 0.1307650 0.3505054 0.3505054 1.5901977 1.5111773 1.5111773 
t9         1.0703373 1.6785349 1.4396946 1.5901977 9.0000000 1.8942965 1.7786835 2.0310377 1.4396946 1.5111773 0.8239592 0.3831192 1.3744361 0.1307650 0.0000000 0.2892469 0.3040988 1.5111773 1.5111773 1.5111773 
t15        1.2588231 2.4141569 1.7786835 1.6785349 9.0000000 3.2381161 1.6785349 2.4141569 1.6785349 2.0310377 0.8239592 0.3505054 1.7786835 0.3505054 0.2892469 0.0000000 0.0100673 1.7786835 1.5901977 1.5901977 
t8         1.2588231 2.4141569 1.8942965 1.6785349 9.0000000 3.2381161 1.6785349 2.4141569 1.6785349 2.0310377 0.7945437 0.3505054 1.7786835 0.3505054 0.3040988 0.0100673 0.0000000 1.7786835 1.5901977 1.5901977 
t12        1.2070784 0.9547243 1.1586745 0.9913169 2.1983953 1.0297869 0.8864954 1.1132061 1.4396946 1.3744361 1.7786835 1.4396946 0.3347153 1.5901977 1.5111773 1.7786835 1.7786835 0.0000000 0.0306165 0.0306165 
t13        1.1132061 0.9198342 1.1586745 0.9547243 2.0310377 1.0297869 0.8545757 1.1132061 1.4396946 1.4396946 1.7786835 1.3744361 0.3192509 1.5111773 1.5111773 1.5901977 1.5901977 0.0306165 0.0000000 0.0000010 
t2         1.1132061 0.9198342 1.1586745 0.9547243 2.0310377 1.0297869 0.8545757 1.1132061 1.4396946 1.4396946 1.7786835 1.3744361 0.3192509 1.5111773 1.5111773 1.5901977 1.5901977 0.0306165 0.0000010 0.0000000 
