20
t2         0.0000000 2.1983953 1.5111773 9.0000000 1.8942965 1.8942965 9.0000000 1.5111773 1.7786835 2.7182557 2.7182557 2.7182557 9.0000000 1.5111773 2.1983953 1.5111773 1.7786835 1.3144041 9.0000000 9.0000000 
t18        2.1983953 0.0000000 1.2070784 2.1983953 2.1983953 1.1132061 1.6785349 1.4396946 1.4396946 9.0000000 9.0000000 2.1983953 1.2588231 2.1983953 2.1983953 1.6785349 1.5111773 1.5901977 1.5111773 1.6785349 
t15        1.5111773 1.2070784 0.0000000 2.0310377 1.7786835 1.6785349 1.5111773 0.9547243 1.3144041 1.6785349 1.8942965 1.6785349 1.8942965 1.4396946 1.1586745 0.9198342 1.1132061 1.0703373 1.8942965 1.8942965 
t10        9.0000000 2.1983953 2.0310377 0.0000000 2.7182557 9.0000000 9.0000000 2.0310377 9.0000000 2.7182557 9.0000000 9.0000000 9.0000000 2.1983953 9.0000000 2.4141569 2.7182557 2.1983953 9.0000000 9.0000000 
t9         1.8942965 2.1983953 1.7786835 2.7182557 0.0000000 2.0310377 2.0310377 1.2588231 1.7786835 1.5111773 2.7182557 2.0310377 2.7182557 2.7182557 1.5901977 1.3744361 1.5111773 1.5901977 9.0000000 9.0000000 
t12        1.8942965 1.1132061 1.6785349 9.0000000 2.0310377 0.0000000 1.4396946 2.1983953 0.9198342 1.7786835 3.2381161 1.0297869 1.0297869 1.4396946 1.0297869 2.0310377 2.4141569 2.0310377 1.2070784 1.2588231 
t19        9.0000000 1.6785349 1.5111773 9.0000000 2.0310377 1.4396946 0.0000000 1.8942965 1.1132061 0.7662384 1.1132061 1.4396946 1.1586745 1.0297869 1.0703373 1.5111773 1.5901977 1.6785349 1.5111773 2.0310377 
t1         1.5111773 1.4396946 0.9547243 2.0310377 1.2588231 2.1983953 1.8942965 0.0000000 1.5901977 0.9913169 1.8942965 2.0310377 1.8942965 1.5901977 1.3744361 0.3347153 0.4529370 0.4714565 2.0310377 2.7182557 
t16        1.7786835 1.4396946 1.3144041 9.0000000 1.7786835 0.9198342 1.1132061 1.5901977 0.0000000 1.0297869 1.3744361 0.6157354 0.4172160 0.5299277 0.2746833 1.3744361 2.0310377 1.5901977 0.6626257 0.7126442 
t20        2.7182557 9.0000000 1.6785349 2.7182557 1.5111773 1.7786835 0.7662384 0.9913169 1.0297869 0.0000000 0.8545757 1.5111773 1.0703373 0.9913169 1.0703373 1.1132061 1.1586745 1.6785349 1.3744361 1.5901977 
t4         2.7182557 9.0000000 1.8942965 9.0000000 2.7182557 3.2381161 1.1132061 1.8942965 1.3744361 0.8545757 0.0000000 1.6785349 1.2070784 1.1132061 1.2588231 1.7786835 2.4141569 2.1983953 1.6785349 2.0310377 
t8         2.7182557 2.1983953 1.6785349 9.0000000 2.0310377 1.0297869 1.4396946 2.0310377 0.6157354 1.5111773 1.6785349 0.0000000 0.6626257 0.9198342 0.6626257 2.4141569 3.2381161 9.0000000 0.8864954 0.8864954 
t11        9.0000000 1.2588231 1.8942965 9.0000000 2.7182557 1.0297869 1.1586745 1.8942965 0.4172160 1.0703373 1.2070784 0.6626257 0.0000000 0.7389627 0.4714565 1.3744361 1.4396946 1.5111773 0.3999739 0.4714565 
t17        1.5111773 2.1983953 1.4396946 2.1983953 2.7182557 1.4396946 1.0297869 1.5901977 0.5299277 0.9913169 1.1132061 0.9198342 0.7389627 0.0000000 0.5099265 1.2588231 1.7786835 1.3744361 0.9198342 0.9913169 
t7         2.1983953 2.1983953 1.1586745 9.0000000 1.5901977 1.0297869 1.0703373 1.3744361 0.2746833 1.0703373 1.2588231 0.6626257 0.4714565 0.5099265 0.0000000 1.1586745 1.4396946 1.4396946 0.6872180 0.6626257 
t6         1.5111773 1.6785349 0.9198342 2.4141569 1.3744361 2.0310377 1.5111773 0.3347153 1.3744361 1.1132061 1.7786835 2.4141569 1.3744361 1.2588231 1.1586745 0.0000000 0.3192509 0.2326162 1.8942965 2.0310377 
t5         1.7786835 1.5111773 1.1132061 2.7182557 1.5111773 2.4141569 1.5901977 0.4529370 2.0310377 1.1586745 2.4141569 3.2381161 1.4396946 1.7786835 1.4396946 0.3192509 0.0000000 0.2326162 2.0310377 2.1983953 
t3         1.3144041 1.5901977 1.0703373 2.1983953 1.5901977 2.0310377 1.6785349 0.4714565 1.5901977 1.6785349 2.1983953 9.0000000 1.5111773 1.3744361 1.4396946 0.2326162 0.2326162 0.0000000 1.8942965 2.0310377 
t13        9.0000000 1.5111773 1.8942965 9.0000000 9.0000000 1.2070784 1.5111773 2.0310377 0.6626257 1.3744361 1.6785349 0.8864954 0.3999739 0.9198342 0.6872180 1.8942965 2.0310377 1.8942965 0.0000000 0.1189538 
t14        9.0000000 1.6785349 1.8942965 9.0000000 9.0000000 1.2588231 2.0310377 2.7182557 0.7126442 1.5901977 2.0310377 0.8864954 0.4714565 0.9913169 0.6626257 2.0310377 2.1983953 2.0310377 0.1189538 0.0000000 
