20
t11        0.0000000 0.4904449 0.6388142 0.6626257 0.5504769 0.4348639 0.5716050 0.6388142 0.4904449 0.5099265 0.4714565 0.7389627 0.4348639 0.7389627 0.3831192 0.4172160 0.6872180 0.7126442 0.4172160 0.4172160 
t5         0.4904449 0.0000000 0.5504769 0.6626257 0.5716050 0.6157354 0.6388142 0.5099265 0.4714565 0.6157354 0.5716050 0.7126442 0.3192509 0.8239592 0.3999739 0.4348639 0.6872180 0.6872180 0.3505054 0.3505054 
t16        0.6388142 0.5504769 0.0000000 0.4904449 0.7126442 0.7945437 0.8239592 0.5504769 0.5099265 0.7126442 0.6626257 0.8239592 0.6157354 0.8864954 0.6157354 0.6626257 0.7662384 0.7662384 0.5716050 0.5716050 
t13        0.6626257 0.6626257 0.4904449 0.0000000 0.7662384 0.8545757 0.8864954 0.5716050 0.4529370 0.6626257 0.6626257 0.5716050 0.7389627 0.6157354 0.6872180 0.7126442 0.5716050 0.5299277 0.6872180 0.6872180 
t2         0.5504769 0.5716050 0.7126442 0.7662384 0.0000000 0.5716050 0.3999739 0.5716050 0.4904449 0.2892469 0.3040988 0.7945437 0.5716050 0.6872180 0.5299277 0.5716050 0.7389627 0.7389627 0.5716050 0.5716050 
t12        0.4348639 0.6157354 0.7945437 0.8545757 0.5716050 0.0000000 0.6626257 0.6157354 0.5933457 0.5299277 0.5504769 1.0297869 0.5099265 0.8864954 0.2746833 0.3040988 0.9913169 0.9547243 0.4904449 0.4904449 
t20        0.5716050 0.6388142 0.8239592 0.8864954 0.3999739 0.6626257 0.0000000 0.7126442 0.6626257 0.2746833 0.2892469 0.9198342 0.6872180 0.7945437 0.6157354 0.6872180 0.8239592 0.8545757 0.6626257 0.6626257 
t17        0.6388142 0.5099265 0.5504769 0.5716050 0.5716050 0.6157354 0.7126442 0.0000000 0.1307650 0.5504769 0.6157354 0.7662384 0.4529370 0.7389627 0.5716050 0.5933457 0.7662384 0.7662384 0.4529370 0.4529370 
t19        0.4904449 0.4714565 0.5099265 0.4529370 0.4904449 0.5933457 0.6626257 0.1307650 0.0000000 0.4904449 0.5504769 0.5716050 0.3831192 0.6157354 0.4714565 0.4904449 0.6157354 0.6157354 0.4172160 0.4172160 
t10        0.5099265 0.6157354 0.7126442 0.6626257 0.2892469 0.5299277 0.2746833 0.5504769 0.4904449 0.0000000 0.1799630 0.7126442 0.4904449 0.6872180 0.5504769 0.5933457 0.6626257 0.6626257 0.4904449 0.4904449 
t3         0.4714565 0.5716050 0.6626257 0.6626257 0.3040988 0.5504769 0.2892469 0.6157354 0.5504769 0.1799630 0.0000000 0.8239592 0.5716050 0.7389627 0.5299277 0.5716050 0.7389627 0.7389627 0.5716050 0.5716050 
t14        0.7389627 0.7126442 0.8239592 0.5716050 0.7945437 1.0297869 0.9198342 0.7662384 0.5716050 0.7126442 0.8239592 0.0000000 0.5299277 0.1189538 0.7389627 0.7389627 0.0734853 0.0734853 0.6157354 0.6157354 
t9         0.4348639 0.3192509 0.6157354 0.7389627 0.5716050 0.5099265 0.6872180 0.4529370 0.3831192 0.4904449 0.5716050 0.5299277 0.0000000 0.6872180 0.4172160 0.4529370 0.6388142 0.6388142 0.0845966 0.0845966 
t4         0.7389627 0.8239592 0.8864954 0.6157354 0.6872180 0.8864954 0.7945437 0.7389627 0.6157354 0.6872180 0.7389627 0.1189538 0.6872180 0.0000000 0.7945437 0.7945437 0.0958750 0.0958750 0.7389627 0.7389627 
t7         0.3831192 0.3999739 0.6157354 0.6872180 0.5299277 0.2746833 0.6157354 0.5716050 0.4714565 0.5504769 0.5299277 0.7389627 0.4172160 0.7945437 0.0000000 0.0306165 0.6872180 0.6872180 0.4348639 0.4348639 
t6         0.4172160 0.4348639 0.6626257 0.7126442 0.5716050 0.3040988 0.6872180 0.5933457 0.4904449 0.5933457 0.5716050 0.7389627 0.4529370 0.7945437 0.0306165 0.0000000 0.6872180 0.6872180 0.4714565 0.4714565 
t15        0.6872180 0.6872180 0.7662384 0.5716050 0.7389627 0.9913169 0.8239592 0.7662384 0.6157354 0.6626257 0.7389627 0.0734853 0.6388142 0.0958750 0.6872180 0.6872180 0.0000000 0.0202715 0.6872180 0.6872180 
t8         0.7126442 0.6872180 0.7662384 0.5299277 0.7389627 0.9547243 0.8545757 0.7662384 0.6157354 0.6626257 0.7389627 0.0734853 0.6388142 0.0958750 0.6872180 0.6872180 0.0202715 0.0000000 0.6626257 0.6626257 
t18        0.4172160 0.3505054 0.5716050 0.6872180 0.5716050 0.4904449 0.6626257 0.4529370 0.4172160 0.4904449 0.5716050 0.6157354 0.0845966 0.7389627 0.4348639 0.4714565 0.6872180 0.6626257 0.0000000 0.0000010 
t1         0.4172160 0.3505054 0.5716050 0.6872180 0.5716050 0.4904449 0.6626257 0.4529370 0.4172160 0.4904449 0.5716050 0.6157354 0.0845966 0.7389627 0.4348639 0.4714565 0.6872180 0.6626257 0.0000010 0.0000000 
