20
t1         0.0000000 9.0000000 1.3144041 9.0000000 2.7182557 1.6785349 0.9547243 0.9547243 9.0000000 2.4141569 2.4141569 1.0297869 0.6626257 1.1586745 1.3144041 0.6626257 1.5111773 1.4396946 0.8239592 0.8864954 
t17        9.0000000 0.0000000 9.0000000 9.0000000 9.0000000 9.0000000 9.0000000 2.4141569 9.0000000 2.7182557 9.0000000 9.0000000 2.1983953 9.0000000 9.0000000 2.0310377 9.0000000 9.0000000 9.0000000 9.0000000 
t11        1.3144041 9.0000000 0.0000000 9.0000000 9.0000000 1.8942965 2.7182557 1.8942965 9.0000000 9.0000000 9.0000000 1.3144041 1.1132061 1.5901977 1.7786835 1.1586745 1.3144041 1.2588231 1.1586745 1.3144041 
t18        9.0000000 9.0000000 9.0000000 0.0000000 9.0000000 2.4141569 9.0000000 9.0000000 3.2381161 1.7786835 9.0000000 9.0000000 9.0000000 9.0000000 2.7182557 9.0000000 3.2381161 9.0000000 9.0000000 9.0000000 
t8         2.7182557 9.0000000 9.0000000 9.0000000 0.0000000 9.0000000 9.0000000 2.7182557 2.4141569 2.7182557 2.4141569 9.0000000 9.0000000 9.0000000 9.0000000 9.0000000 9.0000000 9.0000000 9.0000000 9.0000000 
t16        1.6785349 9.0000000 1.8942965 2.4141569 9.0000000 0.0000000 2.4141569 1.4396946 9.0000000 9.0000000 9.0000000 1.2588231 0.9913169 2.0310377 2.0310377 0.9198342 1.2588231 1.3144041 0.9198342 0.9547243 
t13        0.9547243 9.0000000 2.7182557 9.0000000 9.0000000 2.4141569 0.0000000 1.5111773 9.0000000 2.7182557 1.6785349 2.7182557 1.2070784 2.4141569 1.5111773 1.3144041 2.0310377 2.1983953 1.5111773 1.5111773 
t20        0.9547243 2.4141569 1.8942965 9.0000000 2.7182557 1.4396946 1.5111773 0.0000000 9.0000000 1.8942965 1.4396946 1.5901977 1.1586745 2.4141569 1.3144041 1.1586745 1.8942965 1.8942965 1.3144041 1.3144041 
t12        9.0000000 9.0000000 9.0000000 3.2381161 2.4141569 9.0000000 9.0000000 9.0000000 0.0000000 2.1983953 9.0000000 9.0000000 9.0000000 9.0000000 9.0000000 9.0000000 9.0000000 9.0000000 9.0000000 9.0000000 
t3         2.4141569 2.7182557 9.0000000 1.7786835 2.7182557 9.0000000 2.7182557 1.8942965 2.1983953 0.0000000 2.4141569 9.0000000 2.1983953 9.0000000 2.7182557 2.7182557 1.7786835 1.6785349 2.7182557 3.2381161 
t10        2.4141569 9.0000000 9.0000000 9.0000000 2.4141569 9.0000000 1.6785349 1.4396946 9.0000000 2.4141569 0.0000000 2.1983953 1.6785349 1.5901977 1.7786835 1.5111773 1.6785349 1.7786835 1.5901977 1.6785349 
t6         1.0297869 9.0000000 1.3144041 9.0000000 9.0000000 1.2588231 2.7182557 1.5901977 9.0000000 9.0000000 2.1983953 0.0000000 0.4348639 0.7945437 0.9198342 0.3040988 1.0297869 1.1132061 0.5933457 0.6157354 
t2         0.6626257 2.1983953 1.1132061 9.0000000 9.0000000 0.9913169 1.2070784 1.1586745 9.0000000 2.1983953 1.6785349 0.4348639 0.0000000 0.6872180 0.7126442 0.1073256 1.2070784 1.2070784 0.3505054 0.3505054 
t19        1.1586745 9.0000000 1.5901977 9.0000000 9.0000000 2.0310377 2.4141569 2.4141569 9.0000000 9.0000000 1.5901977 0.7945437 0.6872180 0.0000000 0.5099265 0.5504769 1.4396946 1.3744361 0.8239592 0.7945437 
t15        1.3144041 9.0000000 1.7786835 2.7182557 9.0000000 2.0310377 1.5111773 1.3144041 9.0000000 2.7182557 1.7786835 0.9198342 0.7126442 0.5099265 0.0000000 0.6872180 1.3744361 1.3744361 0.9547243 0.9198342 
t7         0.6626257 2.0310377 1.1586745 9.0000000 9.0000000 0.9198342 1.3144041 1.1586745 9.0000000 2.7182557 1.5111773 0.3040988 0.1073256 0.5504769 0.6872180 0.0000000 0.9913169 1.0297869 0.2892469 0.3040988 
t14        1.5111773 9.0000000 1.3144041 3.2381161 9.0000000 1.2588231 2.0310377 1.8942965 9.0000000 1.7786835 1.6785349 1.0297869 1.2070784 1.4396946 1.3744361 0.9913169 0.0000000 0.0625362 1.1586745 1.3744361 
t5         1.4396946 9.0000000 1.2588231 9.0000000 9.0000000 1.3144041 2.1983953 1.8942965 9.0000000 1.6785349 1.7786835 1.1132061 1.2070784 1.3744361 1.3744361 1.0297869 0.0625362 0.0000000 1.2588231 1.5111773 
t4         0.8239592 9.0000000 1.1586745 9.0000000 9.0000000 0.9198342 1.5111773 1.3144041 9.0000000 2.7182557 1.5901977 0.5933457 0.3505054 0.8239592 0.9547243 0.2892469 1.1586745 1.2588231 0.0000000 0.0411062 
t9         0.8864954 9.0000000 1.3144041 9.0000000 9.0000000 0.9547243 1.5111773 1.3144041 9.0000000 3.2381161 1.6785349 0.6157354 0.3505054 0.7945437 0.9198342 0.3040988 1.3744361 1.5111773 0.0411062 0.0000000 
