20
t1         0.0000000 9.0000000 9.0000000 3.2381161 2.1983953 3.2381161 1.7786835 3.2381161 2.1983953 9.0000000 9.0000000 9.0000000 9.0000000 9.0000000 9.0000000 2.0310377 9.0000000 2.4141569 1.8942965 1.8942965 
t4         9.0000000 0.0000000 2.7182557 1.6785349 1.6785349 1.6785349 1.6785349 1.2588231 1.3144041 1.0297869 1.3144041 1.7786835 9.0000000 1.5901977 1.3744361 1.6785349 1.7786835 1.5111773 3.2381161 3.2381161 
t18        9.0000000 2.7182557 0.0000000 2.1983953 2.0310377 2.4141569 2.7182557 1.7786835 1.6785349 9.0000000 2.1983953 1.6785349 1.2588231 2.1983953 2.7182557 2.1983953 1.5111773 1.5901977 9.0000000 9.0000000 
t16        3.2381161 1.6785349 2.1983953 0.0000000 0.8864954 0.9913169 1.1586745 0.7945437 1.2070784 1.1586745 1.7786835 1.6785349 1.5111773 1.3144041 1.1586745 0.9547243 1.1132061 1.2588231 1.4396946 1.4396946 
t14        2.1983953 1.6785349 2.0310377 0.8864954 0.0000000 0.6157354 1.2070784 0.6872180 0.8239592 1.1132061 1.0703373 0.9913169 1.2588231 1.2070784 0.8545757 0.9198342 1.0297869 1.1132061 0.8545757 0.8545757 
t17        3.2381161 1.6785349 2.4141569 0.9913169 0.6157354 0.0000000 1.1132061 0.5716050 1.0297869 1.1132061 1.7786835 1.8942965 1.5111773 1.3144041 0.9913169 1.2070784 1.1586745 1.2588231 0.9547243 0.9547243 
t11        1.7786835 1.6785349 2.7182557 1.1586745 1.2070784 1.1132061 0.0000000 1.0297869 1.4396946 1.8942965 3.2381161 1.7786835 1.7786835 1.8942965 1.7786835 1.3744361 1.6785349 1.7786835 2.1983953 2.1983953 
t12        3.2381161 1.2588231 1.7786835 0.7945437 0.6872180 0.5716050 1.0297869 0.0000000 1.0703373 1.2070784 1.1586745 1.5901977 1.2588231 0.9913169 0.9913169 0.9198342 0.9547243 0.9913169 1.0703373 1.0703373 
t7         2.1983953 1.3144041 1.6785349 1.2070784 0.8239592 1.0297869 1.4396946 1.0703373 0.0000000 0.4529370 1.3744361 0.9913169 1.3144041 1.2588231 1.3744361 1.5901977 0.9913169 1.1132061 1.6785349 1.6785349 
t20        9.0000000 1.0297869 9.0000000 1.1586745 1.1132061 1.1132061 1.8942965 1.2070784 0.4529370 0.0000000 1.6785349 1.4396946 2.4141569 1.5111773 1.4396946 1.5901977 1.3144041 1.6785349 2.1983953 2.1983953 
t2         9.0000000 1.3144041 2.1983953 1.7786835 1.0703373 1.7786835 3.2381161 1.1586745 1.3744361 1.6785349 0.0000000 0.7126442 0.7662384 1.5901977 1.4396946 1.2070784 1.4396946 1.2070784 2.7182557 2.7182557 
t6         9.0000000 1.7786835 1.6785349 1.6785349 0.9913169 1.8942965 1.7786835 1.5901977 0.9913169 1.4396946 0.7126442 0.0000000 0.4172160 2.0310377 1.5111773 1.2588231 1.8942965 1.6785349 2.1983953 2.1983953 
t19        9.0000000 9.0000000 1.2588231 1.5111773 1.2588231 1.5111773 1.7786835 1.2588231 1.3144041 2.4141569 0.7662384 0.4172160 0.0000000 1.8942965 1.6785349 1.6785349 1.8942965 1.4396946 2.4141569 2.4141569 
t9         9.0000000 1.5901977 2.1983953 1.3144041 1.2070784 1.3144041 1.8942965 0.9913169 1.2588231 1.5111773 1.5901977 2.0310377 1.8942965 0.0000000 1.3744361 1.2588231 0.3666350 0.2892469 1.7786835 1.7786835 
t5         9.0000000 1.3744361 2.7182557 1.1586745 0.8545757 0.9913169 1.7786835 0.9913169 1.3744361 1.4396946 1.4396946 1.5111773 1.6785349 1.3744361 0.0000000 0.3831192 1.4396946 1.5901977 1.3744361 1.3744361 
t3         2.0310377 1.6785349 2.1983953 0.9547243 0.9198342 1.2070784 1.3744361 0.9198342 1.5901977 1.5901977 1.2070784 1.2588231 1.6785349 1.2588231 0.3831192 0.0000000 1.4396946 1.5111773 1.5901977 1.5901977 
t8         9.0000000 1.7786835 1.5111773 1.1132061 1.0297869 1.1586745 1.6785349 0.9547243 0.9913169 1.3144041 1.4396946 1.8942965 1.8942965 0.3666350 1.4396946 1.4396946 0.0000000 0.3040988 1.5901977 1.5901977 
t13        2.4141569 1.5111773 1.5901977 1.2588231 1.1132061 1.2588231 1.7786835 0.9913169 1.1132061 1.6785349 1.2070784 1.6785349 1.4396946 0.2892469 1.5901977 1.5111773 0.3040988 0.0000000 1.5111773 1.5111773 
t10        1.8942965 3.2381161 9.0000000 1.4396946 0.8545757 0.9547243 2.1983953 1.0703373 1.6785349 2.1983953 2.7182557 2.1983953 2.4141569 1.7786835 1.3744361 1.5901977 1.5901977 1.5111773 0.0000000 0.0000010 
t15        1.8942965 3.2381161 9.0000000 1.4396946 0.8545757 0.9547243 2.1983953 1.0703373 1.6785349 2.1983953 2.7182557 2.1983953 2.4141569 1.7786835 1.3744361 1.5901977 1.5901977 1.5111773 0.0000010 0.0000000 
