20
t7         0.0000000 9.0000000 1.5901977 2.1983953 9.0000000 1.7786835 9.0000000 3.2381161 2.4141569 1.7786835 9.0000000 2.1983953 1.5901977 9.0000000 3.2381161 2.0310377 2.1983953 3.2381161 1.5901977 1.5901977 
t20        9.0000000 0.0000000 1.8942965 1.3144041 1.4396946 9.0000000 9.0000000 9.0000000 9.0000000 1.4396946 1.6785349 1.7786835 1.5901977 1.8942965 1.6785349 2.1983953 1.8942965 2.4141569 2.0310377 1.8942965 
t1         1.5901977 1.8942965 0.0000000 1.8942965 9.0000000 1.8942965 2.7182557 9.0000000 9.0000000 1.8942965 1.3144041 1.7786835 2.1983953 2.1983953 2.0310377 2.4141569 2.4141569 2.1983953 1.5111773 1.5111773 
t8         2.1983953 1.3144041 1.8942965 0.0000000 0.6157354 1.8942965 2.0310377 2.0310377 2.0310377 2.0310377 0.6626257 1.0703373 0.5933457 1.7786835 1.5111773 2.0310377 0.6388142 0.6157354 0.6626257 0.6872180 
t15        9.0000000 1.4396946 9.0000000 0.6157354 0.0000000 9.0000000 2.1983953 1.8942965 3.2381161 1.5111773 0.8864954 1.2588231 1.0703373 2.4141569 1.7786835 2.0310377 0.8545757 0.8545757 1.0703373 1.1132061 
t2         1.7786835 9.0000000 1.8942965 1.8942965 9.0000000 0.0000000 0.4529370 0.4714565 0.3192509 3.2381161 1.8942965 1.5111773 9.0000000 3.2381161 1.8942965 2.1983953 9.0000000 9.0000000 9.0000000 9.0000000 
t10        9.0000000 9.0000000 2.7182557 2.0310377 2.1983953 0.4529370 0.0000000 0.5716050 0.4714565 1.6785349 1.8942965 1.5901977 9.0000000 2.1983953 1.5111773 1.4396946 2.4141569 3.2381161 9.0000000 9.0000000 
t13        3.2381161 9.0000000 9.0000000 2.0310377 1.8942965 0.4714565 0.5716050 0.0000000 0.3040988 2.4141569 1.5111773 2.0310377 2.4141569 3.2381161 1.7786835 1.7786835 1.5901977 2.7182557 2.7182557 2.7182557 
t12        2.4141569 9.0000000 9.0000000 2.0310377 3.2381161 0.3192509 0.4714565 0.3040988 0.0000000 9.0000000 1.5901977 1.3144041 9.0000000 9.0000000 9.0000000 2.7182557 1.8942965 9.0000000 9.0000000 9.0000000 
t3         1.7786835 1.4396946 1.8942965 2.0310377 1.5111773 3.2381161 1.6785349 2.4141569 9.0000000 0.0000000 1.8942965 2.0310377 1.7786835 0.5933457 0.5299277 0.4904449 1.6785349 2.7182557 1.8942965 1.8942965 
t14        9.0000000 1.6785349 1.3144041 0.6626257 0.8864954 1.8942965 1.8942965 1.5111773 1.5901977 1.8942965 0.0000000 0.4172160 0.8545757 2.1983953 1.5901977 2.0310377 0.4904449 0.4904449 0.8864954 0.8864954 
t6         2.1983953 1.7786835 1.7786835 1.0703373 1.2588231 1.5111773 1.5901977 2.0310377 1.3144041 2.0310377 0.4172160 0.0000000 1.3744361 2.0310377 1.6785349 2.0310377 0.6157354 0.6388142 1.3744361 1.3744361 
t9         1.5901977 1.5901977 2.1983953 0.5933457 1.0703373 9.0000000 9.0000000 2.4141569 9.0000000 1.7786835 0.8545757 1.3744361 0.0000000 1.5111773 1.7786835 1.6785349 0.8545757 0.8864954 0.2058276 0.1927838 
t11        9.0000000 1.8942965 2.1983953 1.7786835 2.4141569 3.2381161 2.1983953 3.2381161 9.0000000 0.5933457 2.1983953 2.0310377 1.5111773 0.0000000 0.1673577 0.1673577 2.4141569 3.2381161 1.5901977 1.5901977 
t5         3.2381161 1.6785349 2.0310377 1.5111773 1.7786835 1.8942965 1.5111773 1.7786835 9.0000000 0.5299277 1.5901977 1.6785349 1.7786835 0.1673577 0.0000000 0.1189538 1.7786835 1.8942965 1.8942965 1.8942965 
t4         2.0310377 2.1983953 2.4141569 2.0310377 2.0310377 2.1983953 1.4396946 1.7786835 2.7182557 0.4904449 2.0310377 2.0310377 1.6785349 0.1673577 0.1189538 0.0000000 1.7786835 2.4141569 1.7786835 1.7786835 
t19        2.1983953 1.8942965 2.4141569 0.6388142 0.8545757 9.0000000 2.4141569 1.5901977 1.8942965 1.6785349 0.4904449 0.6157354 0.8545757 2.4141569 1.7786835 1.7786835 0.0000000 0.2603971 0.8545757 0.8545757 
t18        3.2381161 2.4141569 2.1983953 0.6157354 0.8545757 9.0000000 3.2381161 2.7182557 9.0000000 2.7182557 0.4904449 0.6388142 0.8864954 3.2381161 1.8942965 2.4141569 0.2603971 0.0000000 0.8545757 0.9198342 
t17        1.5901977 2.0310377 1.5111773 0.6626257 1.0703373 9.0000000 9.0000000 2.7182557 9.0000000 1.8942965 0.8864954 1.3744361 0.2058276 1.5901977 1.8942965 1.7786835 0.8545757 0.8545757 0.0000000 0.0202715 
t16        1.5901977 1.8942965 1.5111773 0.6872180 1.1132061 9.0000000 9.0000000 2.7182557 9.0000000 1.8942965 0.8864954 1.3744361 0.1927838 1.5901977 1.8942965 1.7786835 0.8545757 0.9198342 0.0202715 0.0000000 
