20
t18        0.0000000 9.0000000 2.4141569 3.2381161 3.2381161 9.0000000 2.7182557 9.0000000 9.0000000 9.0000000 9.0000000 2.1983953 2.7182557 2.7182557 9.0000000 9.0000000 2.1983953 9.0000000 2.1983953 1.8942965 
t11        9.0000000 0.0000000 1.6785349 1.2588231 1.5901977 1.5901977 9.0000000 1.2588231 1.8942965 2.1983953 1.8942965 2.7182557 3.2381161 0.8864954 2.4141569 2.7182557 9.0000000 3.2381161 1.0297869 0.9198342 
t17        2.4141569 1.6785349 0.0000000 0.5933457 1.5901977 1.7786835 9.0000000 2.1983953 1.6785349 1.8942965 3.2381161 9.0000000 3.2381161 3.2381161 3.2381161 2.7182557 2.1983953 3.2381161 9.0000000 9.0000000 
t5         3.2381161 1.2588231 0.5933457 0.0000000 1.7786835 2.0310377 3.2381161 2.1983953 9.0000000 1.3144041 1.5901977 3.2381161 9.0000000 1.7786835 1.5111773 1.1132061 3.2381161 9.0000000 1.6785349 1.6785349 
t13        3.2381161 1.5901977 1.5901977 1.7786835 0.0000000 0.4904449 3.2381161 1.4396946 1.1132061 1.5111773 2.1983953 1.8942965 2.0310377 1.2588231 2.4141569 2.4141569 2.7182557 3.2381161 1.5111773 1.3144041 
t7         9.0000000 1.5901977 1.7786835 2.0310377 0.4904449 0.0000000 9.0000000 1.5901977 1.0703373 1.6785349 2.1983953 1.8942965 2.1983953 1.6785349 2.0310377 3.2381161 2.1983953 1.8942965 1.6785349 1.6785349 
t9         2.7182557 9.0000000 9.0000000 3.2381161 3.2381161 9.0000000 0.0000000 9.0000000 9.0000000 1.6785349 2.4141569 9.0000000 9.0000000 2.0310377 2.7182557 2.7182557 9.0000000 9.0000000 2.7182557 1.8942965 
t8         9.0000000 1.2588231 2.1983953 2.1983953 1.4396946 1.5901977 9.0000000 0.0000000 0.5299277 2.0310377 1.5111773 9.0000000 3.2381161 1.6785349 1.0703373 1.4396946 9.0000000 9.0000000 2.4141569 2.0310377 
t1         9.0000000 1.8942965 1.6785349 9.0000000 1.1132061 1.0703373 9.0000000 0.5299277 0.0000000 1.7786835 1.5901977 9.0000000 2.4141569 1.3144041 1.3744361 1.5901977 9.0000000 9.0000000 2.1983953 1.7786835 
t20        9.0000000 2.1983953 1.8942965 1.3144041 1.5111773 1.6785349 1.6785349 2.0310377 1.7786835 0.0000000 0.8239592 9.0000000 9.0000000 2.0310377 0.6388142 0.5099265 9.0000000 9.0000000 1.7786835 1.5901977 
t4         9.0000000 1.8942965 3.2381161 1.5901977 2.1983953 2.1983953 2.4141569 1.5111773 1.5901977 0.8239592 0.0000000 9.0000000 9.0000000 9.0000000 0.6872180 0.6872180 9.0000000 9.0000000 9.0000000 9.0000000 
t6         2.1983953 2.7182557 9.0000000 3.2381161 1.8942965 1.8942965 9.0000000 9.0000000 9.0000000 9.0000000 9.0000000 0.0000000 0.4348639 9.0000000 9.0000000 9.0000000 0.4172160 0.4714565 9.0000000 9.0000000 
t15        2.7182557 3.2381161 3.2381161 9.0000000 2.0310377 2.1983953 9.0000000 3.2381161 2.4141569 9.0000000 9.0000000 0.4348639 0.0000000 3.2381161 9.0000000 9.0000000 0.2746833 0.2892469 2.4141569 2.4141569 
t12        2.7182557 0.8864954 3.2381161 1.7786835 1.2588231 1.6785349 2.0310377 1.6785349 1.3144041 2.0310377 9.0000000 9.0000000 3.2381161 0.0000000 9.0000000 3.2381161 9.0000000 9.0000000 0.1927838 0.1189538 
t16        9.0000000 2.4141569 3.2381161 1.5111773 2.4141569 2.0310377 2.7182557 1.0703373 1.3744361 0.6388142 0.6872180 9.0000000 9.0000000 9.0000000 0.0000000 0.4714565 9.0000000 9.0000000 9.0000000 9.0000000 
t3         9.0000000 2.7182557 2.7182557 1.1132061 2.4141569 3.2381161 2.7182557 1.4396946 1.5901977 0.5099265 0.6872180 9.0000000 9.0000000 3.2381161 0.4714565 0.0000000 9.0000000 9.0000000 2.7182557 2.7182557 
t2         2.1983953 9.0000000 2.1983953 3.2381161 2.7182557 2.1983953 9.0000000 9.0000000 9.0000000 9.0000000 9.0000000 0.4172160 0.2746833 9.0000000 9.0000000 9.0000000 0.0000000 0.2191023 9.0000000 3.2381161 
t19        9.0000000 3.2381161 3.2381161 9.0000000 3.2381161 1.8942965 9.0000000 9.0000000 9.0000000 9.0000000 9.0000000 0.4714565 0.2892469 9.0000000 9.0000000 9.0000000 0.2191023 0.0000000 9.0000000 9.0000000 
t14        2.1983953 1.0297869 9.0000000 1.6785349 1.5111773 1.6785349 2.7182557 2.4141569 2.1983953 1.7786835 9.0000000 9.0000000 2.4141569 0.1927838 9.0000000 2.7182557 9.0000000 9.0000000 0.0000000 0.0734853 
t10        1.8942965 0.9198342 9.0000000 1.6785349 1.3144041 1.6785349 1.8942965 2.0310377 1.7786835 1.5901977 9.0000000 9.0000000 2.4141569 0.1189538 9.0000000 2.7182557 3.2381161 9.0000000 0.0734853 0.0000000 
