20
t7         0.0000000 9.0000000 3.2381161 9.0000000 9.0000000 9.0000000 9.0000000 9.0000000 9.0000000 9.0000000 9.0000000 9.0000000 9.0000000 9.0000000 9.0000000 9.0000000 9.0000000 9.0000000 9.0000000 9.0000000 
t20        9.0000000 0.0000000 0.9913169 1.1132061 2.4141569 0.7662384 0.8545757 1.1586745 1.5111773 1.2070784 0.7389627 0.9547243 0.7945437 0.7662384 0.8545757 0.9547243 0.8545757 0.7389627 0.6626257 0.6626257 
t6         3.2381161 0.9913169 0.0000000 2.0310377 2.7182557 1.7786835 1.7786835 1.7786835 2.0310377 2.4141569 1.5901977 2.1983953 1.5111773 1.4396946 1.6785349 2.1983953 1.1586745 1.3144041 1.7786835 1.7786835 
t15        9.0000000 1.1132061 2.0310377 0.0000000 9.0000000 0.9913169 1.0297869 2.4141569 2.7182557 2.0310377 1.3744361 1.5111773 1.0703373 0.9547243 1.1132061 1.2070784 1.3144041 1.3144041 1.4396946 1.4396946 
t1         9.0000000 2.4141569 2.7182557 9.0000000 0.0000000 1.5901977 1.4396946 2.7182557 1.7786835 2.7182557 2.0310377 2.0310377 1.6785349 1.5901977 1.5901977 1.8942965 3.2381161 2.4141569 9.0000000 9.0000000 
t10        9.0000000 0.7662384 1.7786835 0.9913169 1.5901977 0.0000000 0.2058276 0.7126442 1.0703373 0.9913169 0.8864954 0.9913169 0.1799630 0.1549607 0.2892469 0.3999739 0.7126442 0.6388142 0.8864954 0.8864954 
t16        9.0000000 0.8545757 1.7786835 1.0297869 1.4396946 0.2058276 0.0000000 0.8239592 1.2070784 1.1132061 0.9198342 1.0703373 0.2191023 0.1799630 0.3040988 0.4529370 0.8864954 0.7945437 0.9547243 0.9547243 
t9         9.0000000 1.1586745 1.7786835 2.4141569 2.7182557 0.7126442 0.8239592 0.0000000 1.5901977 1.8942965 1.6785349 1.5901977 0.8545757 0.8239592 0.9547243 1.3144041 1.7786835 1.5901977 1.3144041 1.3144041 
t5         9.0000000 1.5111773 2.0310377 2.7182557 1.7786835 1.0703373 1.2070784 1.5901977 0.0000000 0.3505054 2.7182557 2.1983953 1.1132061 1.0297869 1.2070784 1.4396946 1.3744361 1.5111773 2.4141569 2.4141569 
t3         9.0000000 1.2070784 2.4141569 2.0310377 2.7182557 0.9913169 1.1132061 1.8942965 0.3505054 0.0000000 1.8942965 1.5111773 0.9913169 0.9547243 0.9198342 1.0297869 1.2070784 1.1132061 1.3744361 1.3744361 
t14        9.0000000 0.7389627 1.5901977 1.3744361 2.0310377 0.8864954 0.9198342 1.6785349 2.7182557 1.8942965 0.0000000 0.2603971 0.9198342 0.8239592 0.9913169 0.8864954 0.8239592 0.7126442 0.1549607 0.1549607 
t8         9.0000000 0.9547243 2.1983953 1.5111773 2.0310377 0.9913169 1.0703373 1.5901977 2.1983953 1.5111773 0.2603971 0.0000000 0.9913169 0.8864954 1.1586745 1.0703373 0.9913169 0.8239592 0.1927838 0.1927838 
t19        9.0000000 0.7945437 1.5111773 1.0703373 1.6785349 0.1799630 0.2191023 0.8545757 1.1132061 0.9913169 0.9198342 0.9913169 0.0000000 0.0625362 0.3505054 0.4714565 0.8239592 0.7389627 0.9198342 0.9198342 
t11        9.0000000 0.7662384 1.4396946 0.9547243 1.5901977 0.1549607 0.1799630 0.8239592 1.0297869 0.9547243 0.8239592 0.8864954 0.0625362 0.0000000 0.3192509 0.4348639 0.7389627 0.6626257 0.8239592 0.8239592 
t2         9.0000000 0.8545757 1.6785349 1.1132061 1.5901977 0.2892469 0.3040988 0.9547243 1.2070784 0.9198342 0.9913169 1.1586745 0.3505054 0.3192509 0.0000000 0.1673577 0.8239592 0.7662384 0.9198342 0.9198342 
t18        9.0000000 0.9547243 2.1983953 1.2070784 1.8942965 0.3999739 0.4529370 1.3144041 1.4396946 1.0297869 0.8864954 1.0703373 0.4714565 0.4348639 0.1673577 0.0000000 0.9913169 0.8864954 0.9198342 0.9198342 
t4         9.0000000 0.8545757 1.1586745 1.3144041 3.2381161 0.7126442 0.8864954 1.7786835 1.3744361 1.2070784 0.8239592 0.9913169 0.8239592 0.7389627 0.8239592 0.9913169 0.0000000 0.0734853 0.8545757 0.8545757 
t12        9.0000000 0.7389627 1.3144041 1.3144041 2.4141569 0.6388142 0.7945437 1.5901977 1.5111773 1.1132061 0.7126442 0.8239592 0.7389627 0.6626257 0.7662384 0.8864954 0.0734853 0.0000000 0.7389627 0.7389627 
t17        9.0000000 0.6626257 1.7786835 1.4396946 9.0000000 0.8864954 0.9547243 1.3144041 2.4141569 1.3744361 0.1549607 0.1927838 0.9198342 0.8239592 0.9198342 0.9198342 0.8545757 0.7389627 0.0000000 0.0000010 
t13        9.0000000 0.6626257 1.7786835 1.4396946 9.0000000 0.8864954 0.9547243 1.3144041 2.4141569 1.3744361 0.1549607 0.1927838 0.9198342 0.8239592 0.9198342 0.9198342 0.8545757 0.7389627 0.0000010 0.0000000 
