20
t3         0.0000000 0.9913169 1.3144041 1.3744361 1.5901977 1.5901977 1.0297869 1.3744361 2.7182557 1.4396946 1.5111773 9.0000000 1.6785349 1.6785349 1.6785349 1.4396946 1.4396946 1.4396946 1.4396946 1.5111773 
t12        0.9913169 0.0000000 0.8864954 1.5111773 2.1983953 1.2070784 0.7945437 1.0297869 1.8942965 2.7182557 1.5111773 1.7786835 1.4396946 1.7786835 1.5901977 1.4396946 1.4396946 1.3744361 1.2588231 1.3744361 
t20        1.3144041 0.8864954 0.0000000 0.8239592 1.7786835 2.4141569 0.8864954 1.1586745 1.7786835 1.5901977 1.5901977 1.3744361 1.0703373 1.5111773 1.4396946 0.9198342 0.8864954 1.0297869 1.1586745 1.1586745 
t7         1.3744361 1.5111773 0.8239592 0.0000000 1.5111773 1.5901977 0.7126442 1.2070784 9.0000000 1.1132061 1.5901977 1.5111773 1.1132061 1.6785349 1.7786835 0.9198342 1.1132061 0.9547243 0.9913169 0.8864954 
t13        1.5901977 2.1983953 1.7786835 1.5111773 0.0000000 0.9913169 2.0310377 1.3744361 9.0000000 1.7786835 1.7786835 2.7182557 1.6785349 2.0310377 1.7786835 0.9547243 0.9913169 1.0297869 1.4396946 1.3744361 
t11        1.5901977 1.2070784 2.4141569 1.5901977 0.9913169 0.0000000 1.3744361 1.4396946 9.0000000 1.6785349 1.7786835 9.0000000 2.1983953 1.8942965 1.5901977 0.8864954 1.0703373 0.9198342 1.5111773 1.6785349 
t19        1.0297869 0.7945437 0.8864954 0.7126442 2.0310377 1.3744361 0.0000000 1.1132061 1.5111773 0.8864954 0.7126442 1.6785349 1.1132061 0.9547243 0.9547243 1.1132061 1.3744361 1.1132061 1.1132061 1.2070784 
t2         1.3744361 1.0297869 1.1586745 1.2070784 1.3744361 1.4396946 1.1132061 0.0000000 9.0000000 1.5111773 1.7786835 1.1132061 0.6388142 1.8942965 1.8942965 1.0297869 0.9547243 0.9913169 0.2746833 0.2892469 
t4         2.7182557 1.8942965 1.7786835 9.0000000 9.0000000 9.0000000 1.5111773 9.0000000 0.0000000 1.2588231 1.5901977 2.7182557 2.1983953 0.6626257 0.5933457 1.8942965 2.4141569 2.7182557 9.0000000 9.0000000 
t1         1.4396946 2.7182557 1.5901977 1.1132061 1.7786835 1.6785349 0.8864954 1.5111773 1.2588231 0.0000000 1.0703373 2.4141569 1.7786835 0.9913169 0.7662384 2.0310377 2.4141569 2.4141569 1.5901977 1.5901977 
t15        1.5111773 1.5111773 1.5901977 1.5901977 1.7786835 1.7786835 0.7126442 1.7786835 1.5901977 1.0703373 0.0000000 1.4396946 1.3744361 1.0297869 1.0297869 1.7786835 2.1983953 1.8942965 1.6785349 1.7786835 
t18        9.0000000 1.7786835 1.3744361 1.5111773 2.7182557 9.0000000 1.6785349 1.1132061 2.7182557 2.4141569 1.4396946 0.0000000 0.7662384 2.1983953 1.7786835 1.5901977 1.7786835 1.4396946 1.1132061 0.9547243 
t10        1.6785349 1.4396946 1.0703373 1.1132061 1.6785349 2.1983953 1.1132061 0.6388142 2.1983953 1.7786835 1.3744361 0.7662384 0.0000000 2.1983953 1.6785349 1.0703373 1.1586745 0.9913169 0.7389627 0.7389627 
t16        1.6785349 1.7786835 1.5111773 1.6785349 2.0310377 1.8942965 0.9547243 1.8942965 0.6626257 0.9913169 1.0297869 2.1983953 2.1983953 0.0000000 0.0958750 1.2588231 1.8942965 1.5111773 2.1983953 2.4141569 
t8         1.6785349 1.5901977 1.4396946 1.7786835 1.7786835 1.5901977 0.9547243 1.8942965 0.5933457 0.7662384 1.0297869 1.7786835 1.6785349 0.0958750 0.0000000 1.2070784 1.6785349 1.4396946 1.8942965 2.0310377 
t17        1.4396946 1.4396946 0.9198342 0.9198342 0.9547243 0.8864954 1.1132061 1.0297869 1.8942965 2.0310377 1.7786835 1.5901977 1.0703373 1.2588231 1.2070784 0.0000000 0.1307650 0.0517447 0.9913169 0.9547243 
t9         1.4396946 1.4396946 0.8864954 1.1132061 0.9913169 1.0703373 1.3744361 0.9547243 2.4141569 2.4141569 2.1983953 1.7786835 1.1586745 1.8942965 1.6785349 0.1307650 0.0000000 0.1673577 0.9198342 0.9547243 
t6         1.4396946 1.3744361 1.0297869 0.9547243 1.0297869 0.9198342 1.1132061 0.9913169 2.7182557 2.4141569 1.8942965 1.4396946 0.9913169 1.5111773 1.4396946 0.0517447 0.1673577 0.0000000 1.0703373 1.0297869 
t5         1.4396946 1.2588231 1.1586745 0.9913169 1.4396946 1.5111773 1.1132061 0.2746833 9.0000000 1.5901977 1.6785349 1.1132061 0.7389627 2.1983953 1.8942965 0.9913169 0.9198342 1.0703373 0.0000000 0.0845966 
t14        1.5111773 1.3744361 1.1586745 0.8864954 1.3744361 1.6785349 1.2070784 0.2892469 9.0000000 1.5901977 1.7786835 0.9547243 0.7389627 2.4141569 2.0310377 0.9547243 0.9547243 1.0297869 0.0845966 0.0000000 
