20
t15        0.0000000 0.3347153 0.3347153 0.4529370 0.4714565 0.3505054 0.3666350 0.3347153 0.3347153 0.3505054 0.4529370 0.5299277 0.3192509 0.3505054 0.5099265 0.3040988 0.4172160 0.3666350 0.3192509 0.3192509 
t12        0.3347153 0.0000000 0.2191023 0.5099265 0.3831192 0.3192509 0.3040988 0.2603971 0.3831192 0.3831192 0.3505054 0.4904449 0.4904449 0.5716050 0.6157354 0.4529370 0.4904449 0.3999739 0.2746833 0.2892469 
t5         0.3347153 0.2191023 0.0000000 0.4348639 0.2892469 0.2463781 0.2058276 0.2191023 0.3505054 0.3505054 0.2058276 0.2892469 0.3999739 0.4714565 0.5504769 0.3505054 0.3831192 0.3040988 0.2058276 0.2191023 
t6         0.4529370 0.5099265 0.4348639 0.0000000 0.5299277 0.4904449 0.4714565 0.4904449 0.3999739 0.3999739 0.5716050 0.7126442 0.2603971 0.3666350 0.4348639 0.2326162 0.4529370 0.3999739 0.4348639 0.4348639 
t9         0.4714565 0.3831192 0.2892469 0.5299277 0.0000000 0.2191023 0.2058276 0.2191023 0.5299277 0.5504769 0.4714565 0.5933457 0.5299277 0.5933457 0.5933457 0.4172160 0.4904449 0.4172160 0.1927838 0.2058276 
t13        0.3505054 0.3192509 0.2463781 0.4904449 0.2191023 0.0000000 0.1307650 0.1549607 0.4348639 0.3999739 0.3831192 0.4904449 0.4714565 0.5099265 0.6872180 0.4348639 0.4172160 0.3831192 0.1073256 0.1189538 
t3         0.3666350 0.3040988 0.2058276 0.4714565 0.2058276 0.1307650 0.0000000 0.1549607 0.4714565 0.4172160 0.3831192 0.4714565 0.4172160 0.4529370 0.5716050 0.3831192 0.4348639 0.3666350 0.1073256 0.1189538 
t10        0.3347153 0.2603971 0.2191023 0.4904449 0.2191023 0.1549607 0.1549607 0.0000000 0.4348639 0.4172160 0.3505054 0.4172160 0.4714565 0.4904449 0.6388142 0.4172160 0.4529370 0.3666350 0.1307650 0.1427653 
t16        0.3347153 0.3831192 0.3505054 0.3999739 0.5299277 0.4348639 0.4714565 0.4348639 0.0000000 0.1549607 0.4714565 0.5504769 0.3347153 0.3999739 0.5504769 0.3347153 0.3999739 0.3347153 0.3999739 0.3999739 
t7         0.3505054 0.3831192 0.3505054 0.3999739 0.5504769 0.3999739 0.4172160 0.4172160 0.1549607 0.0000000 0.4904449 0.5504769 0.3505054 0.4172160 0.5504769 0.3505054 0.3831192 0.3192509 0.3666350 0.3666350 
t1         0.4529370 0.3505054 0.2058276 0.5716050 0.4714565 0.3831192 0.3831192 0.3505054 0.4714565 0.4904449 0.0000000 0.1799630 0.5299277 0.6626257 0.7389627 0.5299277 0.5099265 0.4172160 0.3666350 0.3831192 
t18        0.5299277 0.4904449 0.2892469 0.7126442 0.5933457 0.4904449 0.4714565 0.4172160 0.5504769 0.5504769 0.1799630 0.0000000 0.6626257 0.7662384 0.7945437 0.6157354 0.5504769 0.4904449 0.4714565 0.4904449 
t14        0.3192509 0.4904449 0.3999739 0.2603971 0.5299277 0.4714565 0.4172160 0.4714565 0.3347153 0.3505054 0.5299277 0.6626257 0.0000000 0.2058276 0.2746833 0.0958750 0.3999739 0.3505054 0.3831192 0.3831192 
t8         0.3505054 0.5716050 0.4714565 0.3666350 0.5933457 0.5099265 0.4529370 0.4904449 0.3999739 0.4172160 0.6626257 0.7662384 0.2058276 0.0000000 0.3831192 0.1673577 0.5504769 0.4714565 0.3999739 0.3999739 
t4         0.5099265 0.6157354 0.5504769 0.4348639 0.5933457 0.6872180 0.5716050 0.6388142 0.5504769 0.5504769 0.7389627 0.7945437 0.2746833 0.3831192 0.0000000 0.1799630 0.5299277 0.4714565 0.5716050 0.5716050 
t20        0.3040988 0.4529370 0.3505054 0.2326162 0.4172160 0.4348639 0.3831192 0.4172160 0.3347153 0.3505054 0.5299277 0.6157354 0.0958750 0.1673577 0.1799630 0.0000000 0.3999739 0.3505054 0.3505054 0.3505054 
t11        0.4172160 0.4904449 0.3831192 0.4529370 0.4904449 0.4172160 0.4348639 0.4529370 0.3999739 0.3831192 0.5099265 0.5504769 0.3999739 0.5504769 0.5299277 0.3999739 0.0000000 0.0734853 0.4714565 0.4714565 
t19        0.3666350 0.3999739 0.3040988 0.3999739 0.4172160 0.3831192 0.3666350 0.3666350 0.3347153 0.3192509 0.4172160 0.4904449 0.3505054 0.4714565 0.4714565 0.3505054 0.0734853 0.0000000 0.3831192 0.3831192 
t17        0.3192509 0.2746833 0.2058276 0.4348639 0.1927838 0.1073256 0.1073256 0.1307650 0.3999739 0.3666350 0.3666350 0.4714565 0.3831192 0.3999739 0.5716050 0.3505054 0.4714565 0.3831192 0.0000000 0.0100673 
t2         0.3192509 0.2892469 0.2191023 0.4348639 0.2058276 0.1189538 0.1189538 0.1427653 0.3999739 0.3666350 0.3831192 0.4904449 0.3831192 0.3999739 0.5716050 0.3505054 0.4714565 0.3831192 0.0100673 0.0000000 
