20
t9         0.0000000 1.0297869 0.9547243 0.4348639 0.7126442 0.4172160 0.4714565 0.5504769 0.5299277 0.7126442 0.5716050 0.4904449 0.7945437 0.7126442 0.2892469 0.3192509 0.5716050 0.6388142 0.6157354 0.6872180 
t6         1.0297869 0.0000000 0.9913169 1.0297869 0.9913169 1.4396946 1.5111773 1.2588231 1.3744361 1.3744361 1.7786835 2.0310377 1.2588231 1.3744361 1.4396946 1.6785349 1.5111773 1.5111773 1.3144041 1.4396946 
t3         0.9547243 0.9913169 0.0000000 1.4396946 1.1586745 1.3144041 1.5111773 9.0000000 1.4396946 1.1586745 1.3744361 1.3744361 1.5901977 1.3144041 1.1586745 1.2588231 1.2588231 1.4396946 1.5111773 1.5901977 
t15        0.4348639 1.0297869 1.4396946 0.0000000 0.6388142 0.4348639 0.4529370 0.5504769 0.5299277 0.7126442 0.7126442 0.6626257 0.4714565 0.3831192 0.4172160 0.4529370 0.5716050 0.6626257 0.6388142 0.7126442 
t4         0.7126442 0.9913169 1.1586745 0.6388142 0.0000000 0.4529370 0.7662384 0.8864954 0.7126442 0.9913169 1.0703373 0.9547243 0.7662384 0.9198342 0.6388142 0.7126442 0.9198342 1.0703373 1.0297869 1.0703373 
t8         0.4172160 1.4396946 1.3144041 0.4348639 0.4529370 0.0000000 0.5504769 0.7389627 0.4529370 0.6157354 0.7945437 0.6872180 0.7126442 0.6626257 0.4348639 0.4529370 0.7126442 0.7662384 0.8239592 0.8545757 
t11        0.4714565 1.5111773 1.5111773 0.4529370 0.7662384 0.5504769 0.0000000 0.4904449 0.5299277 0.6157354 0.7662384 0.6626257 0.6388142 0.6388142 0.4529370 0.4714565 0.7126442 0.7662384 0.7389627 0.8545757 
t10        0.5504769 1.2588231 9.0000000 0.5504769 0.8864954 0.7389627 0.4904449 0.0000000 0.7389627 0.8545757 0.9913169 0.9547243 0.8545757 0.7662384 0.6157354 0.5933457 0.8864954 0.8864954 0.9198342 0.8864954 
t12        0.5299277 1.3744361 1.4396946 0.5299277 0.7126442 0.4529370 0.5299277 0.7389627 0.0000000 0.5716050 0.8864954 0.7945437 0.7662384 0.6626257 0.5716050 0.5716050 0.6157354 0.6872180 0.6388142 0.7126442 
t14        0.7126442 1.3744361 1.1586745 0.7126442 0.9913169 0.6157354 0.6157354 0.8545757 0.5716050 0.0000000 0.9547243 0.8864954 0.9547243 0.9198342 0.6626257 0.6388142 0.9547243 0.9198342 0.8864954 1.0297869 
t1         0.5716050 1.7786835 1.3744361 0.7126442 1.0703373 0.7945437 0.7662384 0.9913169 0.8864954 0.9547243 0.0000000 0.1307650 0.9198342 0.9198342 0.6872180 0.7662384 0.8545757 1.0703373 0.9547243 0.9913169 
t18        0.4904449 2.0310377 1.3744361 0.6626257 0.9547243 0.6872180 0.6626257 0.9547243 0.7945437 0.8864954 0.1307650 0.0000000 0.8864954 0.8545757 0.6388142 0.6388142 0.7126442 0.9547243 0.7945437 0.8239592 
t13        0.7945437 1.2588231 1.5901977 0.4714565 0.7662384 0.7126442 0.6388142 0.8545757 0.7662384 0.9547243 0.9198342 0.8864954 0.0000000 0.1927838 0.8239592 0.8239592 1.0297869 1.0297869 1.0703373 1.2588231 
t20        0.7126442 1.3744361 1.3144041 0.3831192 0.9198342 0.6626257 0.6388142 0.7662384 0.6626257 0.9198342 0.9198342 0.8545757 0.1927838 0.0000000 0.6626257 0.6872180 0.7662384 0.8545757 0.7945437 0.8864954 
t7         0.2892469 1.4396946 1.1586745 0.4172160 0.6388142 0.4348639 0.4529370 0.6157354 0.5716050 0.6626257 0.6872180 0.6388142 0.8239592 0.6626257 0.0000000 0.0845966 0.5716050 0.7126442 0.6388142 0.6872180 
t19        0.3192509 1.6785349 1.2588231 0.4529370 0.7126442 0.4529370 0.4714565 0.5933457 0.5716050 0.6388142 0.7662384 0.6388142 0.8239592 0.6872180 0.0845966 0.0000000 0.5933457 0.6872180 0.6157354 0.6626257 
t5         0.5716050 1.5111773 1.2588231 0.5716050 0.9198342 0.7126442 0.7126442 0.8864954 0.6157354 0.9547243 0.8545757 0.7126442 1.0297869 0.7662384 0.5716050 0.5933457 0.0000000 0.2058276 0.1673577 0.2463781 
t16        0.6388142 1.5111773 1.4396946 0.6626257 1.0703373 0.7662384 0.7662384 0.8864954 0.6872180 0.9198342 1.0703373 0.9547243 1.0297869 0.8545757 0.7126442 0.6872180 0.2058276 0.0000000 0.2746833 0.3666350 
t17        0.6157354 1.3144041 1.5111773 0.6388142 1.0297869 0.8239592 0.7389627 0.9198342 0.6388142 0.8864954 0.9547243 0.7945437 1.0703373 0.7945437 0.6388142 0.6157354 0.1673577 0.2746833 0.0000000 0.0845966 
t2         0.6872180 1.4396946 1.5901977 0.7126442 1.0703373 0.8545757 0.8545757 0.8864954 0.7126442 1.0297869 0.9913169 0.8239592 1.2588231 0.8864954 0.6872180 0.6626257 0.2463781 0.3666350 0.0845966 0.0000000 
