20
t10        0.0000000 0.9547243 1.1586745 1.5901977 1.5901977 1.4396946 0.8239592 1.4396946 1.0703373 0.9547243 0.8864954 1.0297869 1.1132061 1.0703373 0.9547243 1.1586745 1.8942965 2.1983953 0.9913169 1.1132061 
t12        0.9547243 0.0000000 0.9913169 1.1586745 1.1586745 0.8545757 0.3999739 1.0297869 0.6626257 0.6626257 1.1586745 1.1132061 0.8239592 0.7662384 0.5716050 0.7662384 1.2588231 1.2070784 0.8239592 0.8864954 
t15        1.1586745 0.9913169 0.0000000 1.2588231 1.2588231 1.2070784 0.7389627 1.1586745 0.9198342 0.7662384 0.8864954 0.5716050 1.0297869 0.9198342 0.5099265 0.5933457 1.2588231 1.2070784 0.6626257 0.6872180 
t4         1.5901977 1.1586745 1.2588231 0.0000000 0.5099265 1.2070784 0.9198342 2.1983953 1.4396946 1.2070784 1.8942965 1.6785349 1.1132061 1.2588231 1.0297869 1.3144041 1.6785349 1.7786835 1.0703373 1.1132061 
t5         1.5901977 1.1586745 1.2588231 0.5099265 0.0000000 1.5901977 1.0297869 3.2381161 1.0703373 0.9913169 1.4396946 1.1586745 1.1586745 1.1586745 0.8864954 0.9913169 2.7182557 3.2381161 0.8864954 0.9547243 
t1         1.4396946 0.8545757 1.2070784 1.2070784 1.5901977 0.0000000 0.6388142 1.2588231 0.9913169 1.0703373 1.5901977 1.4396946 1.2588231 1.0703373 0.7945437 1.1586745 1.5111773 1.4396946 0.8239592 1.0703373 
t16        0.8239592 0.3999739 0.7389627 0.9198342 1.0297869 0.6388142 0.0000000 1.0703373 0.7662384 0.6626257 1.1132061 0.9547243 0.8239592 0.7389627 0.5504769 0.7945437 1.2070784 1.0703373 0.6872180 0.7662384 
t19        1.4396946 1.0297869 1.1586745 2.1983953 3.2381161 1.2588231 1.0703373 0.0000000 1.1586745 1.2070784 1.5111773 1.5111773 1.2588231 0.9198342 1.2588231 1.1132061 0.3040988 0.3666350 0.9913169 1.1132061 
t8         1.0703373 0.6626257 0.9198342 1.4396946 1.0703373 0.9913169 0.7662384 1.1586745 0.0000000 0.2603971 0.7126442 0.8239592 0.7389627 0.6157354 0.6872180 0.7662384 1.3144041 1.3144041 0.7126442 0.7389627 
t18        0.9547243 0.6626257 0.7662384 1.2070784 0.9913169 1.0703373 0.6626257 1.2070784 0.2603971 0.0000000 0.7389627 0.7662384 0.6388142 0.6157354 0.5716050 0.6388142 1.3144041 1.3144041 0.6626257 0.6157354 
t11        0.8864954 1.1586745 0.8864954 1.8942965 1.4396946 1.5901977 1.1132061 1.5111773 0.7126442 0.7389627 0.0000000 0.3347153 0.9547243 1.1132061 0.9547243 0.9913169 2.0310377 1.8942965 0.6157354 0.6157354 
t6         1.0297869 1.1132061 0.5716050 1.6785349 1.1586745 1.4396946 0.9547243 1.5111773 0.8239592 0.7662384 0.3347153 0.0000000 0.9913169 1.0297869 0.6872180 0.7389627 1.8942965 1.6785349 0.5099265 0.6388142 
t13        1.1132061 0.8239592 1.0297869 1.1132061 1.1586745 1.2588231 0.8239592 1.2588231 0.7389627 0.6388142 0.9547243 0.9913169 0.0000000 0.2746833 0.7389627 0.8545757 1.4396946 1.1132061 0.7662384 0.7389627 
t17        1.0703373 0.7662384 0.9198342 1.2588231 1.1586745 1.0703373 0.7389627 0.9198342 0.6157354 0.6157354 1.1132061 1.0297869 0.2746833 0.0000000 0.6626257 0.7662384 1.2070784 1.0297869 0.6872180 0.6872180 
t2         0.9547243 0.5716050 0.5099265 1.0297869 0.8864954 0.7945437 0.5504769 1.2588231 0.6872180 0.5716050 0.9547243 0.6872180 0.7389627 0.6626257 0.0000000 0.3192509 1.4396946 1.4396946 0.5716050 0.5933457 
t7         1.1586745 0.7662384 0.5933457 1.3144041 0.9913169 1.1586745 0.7945437 1.1132061 0.7662384 0.6388142 0.9913169 0.7389627 0.8545757 0.7662384 0.3192509 0.0000000 1.3144041 1.1586745 0.5933457 0.5504769 
t20        1.8942965 1.2588231 1.2588231 1.6785349 2.7182557 1.5111773 1.2070784 0.3040988 1.3144041 1.3144041 2.0310377 1.8942965 1.4396946 1.2070784 1.4396946 1.3144041 0.0000000 0.2603971 1.0703373 1.2070784 
t9         2.1983953 1.2070784 1.2070784 1.7786835 3.2381161 1.4396946 1.0703373 0.3666350 1.3144041 1.3144041 1.8942965 1.6785349 1.1132061 1.0297869 1.4396946 1.1586745 0.2603971 0.0000000 1.0297869 1.1586745 
t14        0.9913169 0.8239592 0.6626257 1.0703373 0.8864954 0.8239592 0.6872180 0.9913169 0.7126442 0.6626257 0.6157354 0.5099265 0.7662384 0.6872180 0.5716050 0.5933457 1.0703373 1.0297869 0.0000000 0.1549607 
t3         1.1132061 0.8864954 0.6872180 1.1132061 0.9547243 1.0703373 0.7662384 1.1132061 0.7389627 0.6157354 0.6157354 0.6388142 0.7389627 0.6872180 0.5933457 0.5504769 1.2070784 1.1586745 0.1549607 0.0000000 
