20
t12        0.0000000 0.8545757 0.9913169 0.6872180 0.5504769 0.6157354 0.7126442 0.8239592 0.8864954 0.8545757 0.9913169 0.9913169 0.6626257 0.7662384 1.0297869 0.9547243 0.7126442 0.7662384 0.6872180 0.6388142 
t5         0.8545757 0.0000000 0.7126442 0.6872180 0.9547243 0.6388142 0.9913169 0.8864954 0.4172160 0.5099265 1.1132061 0.7389627 0.9547243 1.1132061 0.7945437 0.7389627 0.8864954 0.9198342 0.5933457 0.5933457 
t11        0.9913169 0.7126442 0.0000000 1.0297869 1.1586745 0.7945437 1.1132061 1.4396946 0.6872180 0.9198342 1.0703373 0.5299277 0.8864954 0.9547243 0.4529370 0.5099265 1.0703373 1.1586745 0.7945437 0.7945437 
t19        0.6872180 0.6872180 1.0297869 0.0000000 0.7945437 0.4904449 0.7662384 0.8545757 1.0703373 0.9198342 0.9198342 1.1132061 0.6872180 0.8239592 1.3744361 1.3744361 0.6626257 0.6626257 0.5099265 0.5099265 
t15        0.5504769 0.9547243 1.1586745 0.7945437 0.0000000 0.5299277 0.6388142 0.8239592 1.1132061 0.9547243 0.7662384 1.2070784 0.7662384 0.7662384 1.3744361 1.3144041 0.7662384 0.7945437 0.7126442 0.6388142 
t14        0.6157354 0.6388142 0.7945437 0.4904449 0.5299277 0.0000000 0.6157354 0.8239592 0.7945437 0.8239592 0.8545757 0.7389627 0.7389627 0.7662384 0.7945437 0.9198342 0.6388142 0.6626257 0.6157354 0.5504769 
t7         0.7126442 0.9913169 1.1132061 0.7662384 0.6388142 0.6157354 0.0000000 0.4904449 1.0703373 1.0703373 0.9913169 0.9547243 0.7945437 0.8864954 0.9913169 1.1132061 0.5933457 0.5716050 0.7126442 0.6626257 
t2         0.8239592 0.8864954 1.4396946 0.8545757 0.8239592 0.8239592 0.4904449 0.0000000 1.1586745 1.3144041 1.3744361 1.5111773 0.9547243 1.1132061 1.5111773 1.4396946 0.7662384 0.8545757 0.7945437 0.7389627 
t9         0.8864954 0.4172160 0.6872180 1.0703373 1.1132061 0.7945437 1.0703373 1.1586745 0.0000000 0.4172160 1.3744361 0.6872180 0.9913169 1.2588231 0.8239592 0.8239592 1.1586745 1.2588231 0.9547243 0.9547243 
t4         0.8545757 0.5099265 0.9198342 0.9198342 0.9547243 0.8239592 1.0703373 1.3144041 0.4172160 0.0000000 1.8942965 0.7126442 1.1586745 1.4396946 0.9198342 0.8864954 1.1586745 1.1586745 0.7945437 0.7662384 
t3         0.9913169 1.1132061 1.0703373 0.9198342 0.7662384 0.8545757 0.9913169 1.3744361 1.3744361 1.8942965 0.0000000 1.1586745 0.4348639 0.4529370 0.9547243 1.0703373 0.9198342 0.8545757 0.9198342 0.9198342 
t20        0.9913169 0.7389627 0.5299277 1.1132061 1.2070784 0.7389627 0.9547243 1.5111773 0.6872180 0.7126442 1.1586745 0.0000000 1.1132061 1.0703373 0.2326162 0.2892469 1.2070784 1.2070784 1.2070784 1.2588231 
t1         0.6626257 0.9547243 0.8864954 0.6872180 0.7662384 0.7389627 0.7945437 0.9547243 0.9913169 1.1586745 0.4348639 1.1132061 0.0000000 0.1927838 0.9913169 1.1132061 0.8545757 0.7389627 0.6872180 0.6872180 
t8         0.7662384 1.1132061 0.9547243 0.8239592 0.7662384 0.7662384 0.8864954 1.1132061 1.2588231 1.4396946 0.4529370 1.0703373 0.1927838 0.0000000 1.0297869 1.2070784 0.9198342 0.9198342 0.9913169 0.9547243 
t17        1.0297869 0.7945437 0.4529370 1.3744361 1.3744361 0.7945437 0.9913169 1.5111773 0.8239592 0.9198342 0.9547243 0.2326162 0.9913169 1.0297869 0.0000000 0.1673577 1.2070784 1.3144041 1.0297869 1.0703373 
t13        0.9547243 0.7389627 0.5099265 1.3744361 1.3144041 0.9198342 1.1132061 1.4396946 0.8239592 0.8864954 1.0703373 0.2892469 1.1132061 1.2070784 0.1673577 0.0000000 1.2070784 1.1586745 1.0297869 1.0703373 
t10        0.7126442 0.8864954 1.0703373 0.6626257 0.7662384 0.6388142 0.5933457 0.7662384 1.1586745 1.1586745 0.9198342 1.2070784 0.8545757 0.9198342 1.2070784 1.2070784 0.0000000 0.1073256 0.8239592 0.7662384 
t6         0.7662384 0.9198342 1.1586745 0.6626257 0.7945437 0.6626257 0.5716050 0.8545757 1.2588231 1.1586745 0.8545757 1.2070784 0.7389627 0.9198342 1.3144041 1.1586745 0.1073256 0.0000000 0.7945437 0.7389627 
t16        0.6872180 0.5933457 0.7945437 0.5099265 0.7126442 0.6157354 0.7126442 0.7945437 0.9547243 0.7945437 0.9198342 1.2070784 0.6872180 0.9913169 1.0297869 1.0297869 0.8239592 0.7945437 0.0000000 0.0306165 
t18        0.6388142 0.5933457 0.7945437 0.5099265 0.6388142 0.5504769 0.6626257 0.7389627 0.9547243 0.7662384 0.9198342 1.2588231 0.6872180 0.9547243 1.0703373 1.0703373 0.7662384 0.7389627 0.0306165 0.0000000 
