20
t7         0.0000000 0.4904449 1.5111773 0.8545757 0.7126442 0.4348639 0.7662384 0.5933457 0.8545757 0.9547243 0.9913169 1.1586745 0.5504769 0.5716050 0.8545757 0.7662384 0.5933457 0.6157354 1.0297869 1.0297869 
t10        0.4904449 0.0000000 1.2588231 0.5299277 0.7389627 0.4529370 0.5099265 0.4904449 0.6626257 0.7126442 0.7126442 0.8545757 0.3040988 0.3347153 0.6157354 0.5933457 0.4348639 0.4529370 0.8545757 0.8239592 
t8         1.5111773 1.2588231 0.0000000 1.6785349 2.1983953 1.5111773 1.5901977 1.2588231 2.1983953 2.1983953 2.7182557 2.4141569 1.2588231 1.3144041 1.8942965 1.6785349 1.1132061 1.1586745 1.8942965 1.7786835 
t20        0.8545757 0.5299277 1.6785349 0.0000000 1.0297869 0.6388142 0.8239592 0.8864954 0.6157354 0.6626257 0.9198342 0.9547243 0.5716050 0.6157354 0.5716050 0.5933457 0.6157354 0.6388142 0.3999739 0.3831192 
t15        0.7126442 0.7389627 2.1983953 1.0297869 0.0000000 0.3347153 0.9547243 0.8864954 0.9547243 1.0703373 1.3144041 1.3144041 0.8545757 0.9198342 1.0703373 0.9913169 1.1132061 0.9913169 1.2070784 1.2070784 
t6         0.4348639 0.4529370 1.5111773 0.6388142 0.3347153 0.0000000 0.8545757 0.7662384 0.7389627 0.7945437 1.0703373 1.2070784 0.5099265 0.5716050 0.7945437 0.7945437 0.6872180 0.7389627 0.8239592 0.8239592 
t17        0.7662384 0.5099265 1.5901977 0.8239592 0.9547243 0.8545757 0.0000000 0.1927838 0.9913169 1.1586745 0.9913169 1.2070784 0.6388142 0.5716050 1.0297869 0.9913169 0.7126442 0.6872180 1.0703373 1.0297869 
t14        0.5933457 0.4904449 1.2588231 0.8864954 0.8864954 0.7662384 0.1927838 0.0000000 0.8545757 0.9547243 0.8545757 0.9913169 0.5716050 0.5504769 1.0703373 0.8864954 0.6388142 0.6388142 1.2070784 1.1586745 
t16        0.8545757 0.6626257 2.1983953 0.6157354 0.9547243 0.7389627 0.9913169 0.8545757 0.0000000 0.1427653 1.1132061 1.0703373 0.7389627 0.8545757 0.5099265 0.5099265 0.7945437 0.9547243 0.8545757 0.8545757 
t13        0.9547243 0.7126442 2.1983953 0.6626257 1.0703373 0.7945437 1.1586745 0.9547243 0.1427653 0.0000000 1.3144041 1.3144041 0.7662384 0.9547243 0.5933457 0.5933457 0.9198342 1.0703373 0.9547243 0.9198342 
t12        0.9913169 0.7126442 2.7182557 0.9198342 1.3144041 1.0703373 0.9913169 0.8545757 1.1132061 1.3144041 0.0000000 0.1549607 1.1132061 1.0703373 0.8864954 0.8545757 1.1132061 1.0703373 0.9913169 1.0297869 
t9         1.1586745 0.8545757 2.4141569 0.9547243 1.3144041 1.2070784 1.2070784 0.9913169 1.0703373 1.3144041 0.1549607 0.0000000 1.3144041 1.2070784 0.9913169 0.9913169 1.2070784 1.2588231 1.1132061 1.1586745 
t4         0.5504769 0.3040988 1.2588231 0.5716050 0.8545757 0.5099265 0.6388142 0.5716050 0.7389627 0.7662384 1.1132061 1.3144041 0.0000000 0.1549607 0.7945437 0.7126442 0.3347153 0.3505054 0.8239592 0.7945437 
t18        0.5716050 0.3347153 1.3144041 0.6157354 0.9198342 0.5716050 0.5716050 0.5504769 0.8545757 0.9547243 1.0703373 1.2070784 0.1549607 0.0000000 0.9198342 0.8545757 0.3505054 0.4172160 0.9198342 0.8864954 
t19        0.8545757 0.6157354 1.8942965 0.5716050 1.0703373 0.7945437 1.0297869 1.0703373 0.5099265 0.5933457 0.8864954 0.9913169 0.7945437 0.9198342 0.0000000 0.0845966 0.8545757 1.0297869 0.8545757 0.8864954 
t1         0.7662384 0.5933457 1.6785349 0.5933457 0.9913169 0.7945437 0.9913169 0.8864954 0.5099265 0.5933457 0.8545757 0.9913169 0.7126442 0.8545757 0.0845966 0.0000000 0.7662384 0.8864954 0.9198342 0.8864954 
t5         0.5933457 0.4348639 1.1132061 0.6157354 1.1132061 0.6872180 0.7126442 0.6388142 0.7945437 0.9198342 1.1132061 1.2070784 0.3347153 0.3505054 0.8545757 0.7662384 0.0000000 0.1427653 0.8545757 0.8239592 
t11        0.6157354 0.4529370 1.1586745 0.6388142 0.9913169 0.7389627 0.6872180 0.6388142 0.9547243 1.0703373 1.0703373 1.2588231 0.3505054 0.4172160 1.0297869 0.8864954 0.1427653 0.0000000 0.8239592 0.7945437 
t2         1.0297869 0.8545757 1.8942965 0.3999739 1.2070784 0.8239592 1.0703373 1.2070784 0.8545757 0.9547243 0.9913169 1.1132061 0.8239592 0.9198342 0.8545757 0.9198342 0.8545757 0.8239592 0.0000000 0.0100673 
t3         1.0297869 0.8239592 1.7786835 0.3831192 1.2070784 0.8239592 1.0297869 1.1586745 0.8545757 0.9198342 1.0297869 1.1586745 0.7945437 0.8864954 0.8864954 0.8864954 0.8239592 0.7945437 0.0100673 0.0000000 
