20
t11        0.0000000 0.1427653 0.2746833 0.3192509 0.3505054 0.3040988 0.5099265 0.5933457 0.2892469 0.7662384 0.7945437 0.3666350 0.3040988 0.4529370 0.4348639 0.7662384 0.7662384 0.7662384 0.7662384 0.7662384 
t4         0.1427653 0.0000000 0.4348639 0.4904449 0.5299277 0.4529370 0.6626257 0.7389627 0.4348639 0.9198342 0.9913169 0.5299277 0.4904449 0.6157354 0.5933457 0.8239592 0.8239592 0.8239592 0.9547243 0.9547243 
t8         0.2746833 0.4348639 0.0000000 0.1799630 0.1927838 0.1927838 0.5299277 0.5716050 0.3505054 0.5933457 0.6157354 0.3831192 0.3040988 0.4714565 0.4529370 0.5933457 0.5933457 0.5933457 0.5933457 0.5933457 
t14        0.3192509 0.4904449 0.1799630 0.0000000 0.1799630 0.1427653 0.6626257 0.7662384 0.3831192 0.6388142 0.6626257 0.4529370 0.3999739 0.5504769 0.5299277 0.6626257 0.6626257 0.6626257 0.6388142 0.6388142 
t1         0.3505054 0.5299277 0.1927838 0.1799630 0.0000000 0.1927838 0.6388142 0.6388142 0.4348639 0.6872180 0.7389627 0.4904449 0.4348639 0.5716050 0.5716050 0.7126442 0.7126442 0.7126442 0.7662384 0.7662384 
t3         0.3040988 0.4529370 0.1927838 0.1427653 0.1927838 0.0000000 0.6157354 0.7945437 0.4172160 0.5716050 0.6388142 0.4348639 0.3831192 0.5716050 0.5504769 0.5933457 0.5933457 0.5933457 0.6157354 0.6388142 
t12        0.5099265 0.6626257 0.5299277 0.6626257 0.6388142 0.6157354 0.0000000 0.9198342 0.6388142 1.0297869 1.0703373 0.6872180 0.5933457 0.3040988 0.2892469 1.0703373 1.0703373 1.0703373 1.0297869 1.0297869 
t16        0.5933457 0.7389627 0.5716050 0.7662384 0.6388142 0.7945437 0.9198342 0.0000000 0.4904449 1.1132061 1.1132061 0.7945437 0.7126442 0.8239592 0.7662384 0.9913169 0.9913169 0.9913169 1.0703373 1.0703373 
t15        0.2892469 0.4348639 0.3505054 0.3831192 0.4348639 0.4172160 0.6388142 0.4904449 0.0000000 0.7389627 0.8239592 0.4348639 0.3666350 0.5716050 0.5299277 0.7389627 0.7389627 0.7389627 0.8239592 0.8239592 
t19        0.7662384 0.9198342 0.5933457 0.6388142 0.6872180 0.5716050 1.0297869 1.1132061 0.7389627 0.0000000 0.2326162 0.9198342 0.7945437 0.9198342 0.8864954 0.1073256 0.1189538 0.1073256 0.2326162 0.2463781 
t18        0.7945437 0.9913169 0.6157354 0.6626257 0.7389627 0.6388142 1.0703373 1.1132061 0.8239592 0.2326162 0.0000000 0.8864954 0.8239592 0.9198342 0.8239592 0.2463781 0.2603971 0.2463781 0.0411062 0.0517447 
t7         0.3666350 0.5299277 0.3831192 0.4529370 0.4904449 0.4348639 0.6872180 0.7945437 0.4348639 0.9198342 0.8864954 0.0000000 0.0958750 0.5504769 0.5716050 0.9198342 0.8864954 0.9198342 0.8864954 0.8864954 
t9         0.3040988 0.4904449 0.3040988 0.3999739 0.4348639 0.3831192 0.5933457 0.7126442 0.3666350 0.7945437 0.8239592 0.0958750 0.0000000 0.5099265 0.5299277 0.8239592 0.8239592 0.8239592 0.8239592 0.8239592 
t5         0.4529370 0.6157354 0.4714565 0.5504769 0.5716050 0.5716050 0.3040988 0.8239592 0.5716050 0.9198342 0.9198342 0.5504769 0.5099265 0.0000000 0.0306165 0.8545757 0.8545757 0.8545757 0.8864954 0.8864954 
t2         0.4348639 0.5933457 0.4529370 0.5299277 0.5716050 0.5504769 0.2892469 0.7662384 0.5299277 0.8864954 0.8239592 0.5716050 0.5299277 0.0306165 0.0000000 0.7945437 0.7945437 0.7945437 0.7945437 0.7945437 
t10        0.7662384 0.8239592 0.5933457 0.6626257 0.7126442 0.5933457 1.0703373 0.9913169 0.7389627 0.1073256 0.2463781 0.9198342 0.8239592 0.8545757 0.7945437 0.0000000 0.0100673 0.0000010 0.2326162 0.2463781 
t6         0.7662384 0.8239592 0.5933457 0.6626257 0.7126442 0.5933457 1.0703373 0.9913169 0.7389627 0.1189538 0.2603971 0.8864954 0.8239592 0.8545757 0.7945437 0.0100673 0.0000000 0.0100673 0.2463781 0.2603971 
t17        0.7662384 0.8239592 0.5933457 0.6626257 0.7126442 0.5933457 1.0703373 0.9913169 0.7389627 0.1073256 0.2463781 0.9198342 0.8239592 0.8545757 0.7945437 0.0000010 0.0100673 0.0000000 0.2326162 0.2463781 
t13        0.7662384 0.9547243 0.5933457 0.6388142 0.7662384 0.6157354 1.0297869 1.0703373 0.8239592 0.2326162 0.0411062 0.8864954 0.8239592 0.8864954 0.7945437 0.2326162 0.2463781 0.2326162 0.0000000 0.0100673 
t20        0.7662384 0.9547243 0.5933457 0.6388142 0.7662384 0.6388142 1.0297869 1.0703373 0.8239592 0.2463781 0.0517447 0.8864954 0.8239592 0.8864954 0.7945437 0.2463781 0.2603971 0.2463781 0.0100673 0.0000000 
