20
t5         0.0000000 3.2381161 0.9198342 1.4396946 1.1586745 0.9198342 1.1586745 0.9913169 0.8864954 0.4904449 0.5504769 0.5716050 1.0703373 1.0703373 0.6388142 0.6626257 0.5099265 0.5099265 1.2070784 1.1586745 
t2         3.2381161 0.0000000 2.7182557 1.8942965 9.0000000 3.2381161 9.0000000 1.8942965 1.8942965 2.1983953 2.7182557 2.1983953 9.0000000 9.0000000 2.4141569 2.4141569 2.1983953 2.1983953 9.0000000 9.0000000 
t16        0.9198342 2.7182557 0.0000000 2.0310377 1.6785349 0.9547243 1.0703373 0.6872180 0.5716050 0.7945437 1.5111773 1.7786835 2.0310377 2.1983953 0.5504769 0.5933457 0.6872180 0.6872180 1.6785349 1.6785349 
t7         1.4396946 1.8942965 2.0310377 0.0000000 0.5299277 1.6785349 3.2381161 9.0000000 2.4141569 1.3144041 1.2588231 1.2588231 2.1983953 2.4141569 1.5111773 1.5111773 1.3144041 1.3144041 3.2381161 9.0000000 
t19        1.1586745 9.0000000 1.6785349 0.5299277 0.0000000 1.1586745 1.6785349 1.6785349 1.4396946 1.3144041 1.1586745 1.1132061 1.4396946 1.5901977 1.1586745 1.1132061 1.3144041 1.3144041 2.7182557 3.2381161 
t3         0.9198342 3.2381161 0.9547243 1.6785349 1.1586745 0.0000000 0.6157354 0.6872180 0.6626257 0.7945437 1.2070784 1.1586745 2.4141569 1.8942965 0.4348639 0.3999739 0.7945437 0.7945437 3.2381161 3.2381161 
t1         1.1586745 9.0000000 1.0703373 3.2381161 1.6785349 0.6157354 0.0000000 1.2070784 1.1132061 1.0297869 2.4141569 2.7182557 9.0000000 9.0000000 0.7126442 0.6626257 1.0703373 1.0703373 2.4141569 2.4141569 
t12        0.9913169 1.8942965 0.6872180 9.0000000 1.6785349 0.6872180 1.2070784 0.0000000 0.0845966 0.8239592 1.2070784 1.3144041 3.2381161 2.0310377 0.7126442 0.7126442 0.7662384 0.7662384 9.0000000 9.0000000 
t14        0.8864954 1.8942965 0.5716050 2.4141569 1.4396946 0.6626257 1.1132061 0.0845966 0.0000000 0.7126442 1.1132061 1.1586745 2.7182557 2.0310377 0.6157354 0.6626257 0.6626257 0.6626257 9.0000000 9.0000000 
t4         0.4904449 2.1983953 0.7945437 1.3144041 1.3144041 0.7945437 1.0297869 0.8239592 0.7126442 0.0000000 0.8239592 0.8545757 1.4396946 1.5111773 0.5099265 0.5099265 0.0734853 0.0734853 1.7786835 1.6785349 
t17        0.5504769 2.7182557 1.5111773 1.2588231 1.1586745 1.2070784 2.4141569 1.2070784 1.1132061 0.8239592 0.0000000 0.2191023 1.8942965 1.7786835 0.8545757 0.8545757 0.8239592 0.8239592 1.5901977 1.5901977 
t13        0.5716050 2.1983953 1.7786835 1.2588231 1.1132061 1.1586745 2.7182557 1.3144041 1.1586745 0.8545757 0.2191023 0.0000000 1.6785349 1.6785349 0.7945437 0.7945437 0.8545757 0.8545757 1.5901977 1.5901977 
t8         1.0703373 9.0000000 2.0310377 2.1983953 1.4396946 2.4141569 9.0000000 3.2381161 2.7182557 1.4396946 1.8942965 1.6785349 0.0000000 0.1073256 1.5901977 1.5901977 1.5901977 1.5901977 1.5901977 1.6785349 
t18        1.0703373 9.0000000 2.1983953 2.4141569 1.5901977 1.8942965 9.0000000 2.0310377 2.0310377 1.5111773 1.7786835 1.6785349 0.1073256 0.0000000 1.5111773 1.5111773 1.6785349 1.6785349 1.5111773 1.5901977 
t15        0.6388142 2.4141569 0.5504769 1.5111773 1.1586745 0.4348639 0.7126442 0.7126442 0.6157354 0.5099265 0.8545757 0.7945437 1.5901977 1.5111773 0.0000000 0.0306165 0.4904449 0.4904449 1.8942965 1.6785349 
t10        0.6626257 2.4141569 0.5933457 1.5111773 1.1132061 0.3999739 0.6626257 0.7126442 0.6626257 0.5099265 0.8545757 0.7945437 1.5901977 1.5111773 0.0306165 0.0000000 0.4904449 0.4904449 1.7786835 1.5111773 
t11        0.5099265 2.1983953 0.6872180 1.3144041 1.3144041 0.7945437 1.0703373 0.7662384 0.6626257 0.0734853 0.8239592 0.8545757 1.5901977 1.6785349 0.4904449 0.4904449 0.0000000 0.0000010 1.7786835 1.6785349 
t9         0.5099265 2.1983953 0.6872180 1.3144041 1.3144041 0.7945437 1.0703373 0.7662384 0.6626257 0.0734853 0.8239592 0.8545757 1.5901977 1.6785349 0.4904449 0.4904449 0.0000010 0.0000000 1.7786835 1.6785349 
t6         1.2070784 9.0000000 1.6785349 3.2381161 2.7182557 3.2381161 2.4141569 9.0000000 9.0000000 1.7786835 1.5901977 1.5901977 1.5901977 1.5111773 1.8942965 1.7786835 1.7786835 1.7786835 0.0000000 0.0517447 
t20        1.1586745 9.0000000 1.6785349 9.0000000 3.2381161 3.2381161 2.4141569 9.0000000 9.0000000 1.6785349 1.5901977 1.5901977 1.6785349 1.5901977 1.6785349 1.5111773 1.6785349 1.6785349 0.0517447 0.0000000 
