20
t8         0.0000000 0.4714565 0.9198342 0.6388142 0.5716050 1.0297869 0.6872180 0.6872180 0.7126442 0.7945437 0.6872180 0.3666350 0.3192509 0.4714565 0.4529370 1.1586745 1.0297869 1.0297869 0.6872180 0.6872180 
t14        0.4714565 0.0000000 0.5933457 0.5716050 0.5099265 0.7945437 0.5299277 0.5504769 0.5933457 0.5933457 0.5299277 0.4348639 0.3666350 0.6157354 0.5504769 1.1132061 1.0297869 1.0297869 0.5299277 0.5299277 
t9         0.9198342 0.5933457 0.0000000 1.0297869 0.8545757 1.3144041 0.8864954 0.9913169 1.1132061 0.9198342 0.9198342 0.9913169 0.8864954 0.7126442 0.7389627 1.5901977 1.4396946 1.4396946 0.9198342 0.9198342 
t11        0.6388142 0.5716050 1.0297869 0.0000000 0.4904449 0.9913169 0.5716050 0.4348639 0.6157354 0.6157354 0.4714565 0.7126442 0.6626257 0.6872180 0.6157354 1.0703373 1.0703373 1.0703373 0.5099265 0.5099265 
t20        0.5716050 0.5099265 0.8545757 0.4904449 0.0000000 0.8239592 0.6157354 0.5099265 0.6872180 0.6872180 0.5716050 0.5933457 0.5504769 0.7389627 0.6872180 0.8545757 0.8864954 0.8864954 0.4172160 0.4172160 
t13        1.0297869 0.7945437 1.3144041 0.9913169 0.8239592 0.0000000 0.5504769 0.9547243 0.9198342 0.5504769 0.4904449 0.8239592 0.7662384 1.1586745 1.0703373 1.0297869 1.0703373 1.0703373 0.8864954 0.8864954 
t3         0.6872180 0.5299277 0.8864954 0.5716050 0.6157354 0.5504769 0.0000000 0.6157354 0.6157354 0.2326162 0.1927838 0.5933457 0.5299277 0.8864954 0.8864954 0.8239592 0.7662384 0.7662384 0.5299277 0.5299277 
t16        0.6872180 0.5504769 0.9913169 0.4348639 0.5099265 0.9547243 0.6157354 0.0000000 0.2463781 0.6626257 0.5504769 0.6872180 0.6626257 0.6626257 0.6388142 1.1132061 1.1586745 1.1586745 0.3831192 0.3831192 
t19        0.7126442 0.5933457 1.1132061 0.6157354 0.6872180 0.9198342 0.6157354 0.2463781 0.0000000 0.6388142 0.5933457 0.7126442 0.7126442 0.7662384 0.7389627 1.3744361 1.5111773 1.5111773 0.4904449 0.4904449 
t1         0.7945437 0.5933457 0.9198342 0.6157354 0.6872180 0.5504769 0.2326162 0.6626257 0.6388142 0.0000000 0.1673577 0.7126442 0.6157354 0.8545757 0.8239592 0.8864954 0.8545757 0.8545757 0.5504769 0.5504769 
t18        0.6872180 0.5299277 0.9198342 0.4714565 0.5716050 0.4904449 0.1927838 0.5504769 0.5933457 0.1673577 0.0000000 0.6626257 0.5504769 0.8239592 0.7945437 0.7945437 0.7662384 0.7662384 0.5099265 0.5099265 
t7         0.3666350 0.4348639 0.9913169 0.7126442 0.5933457 0.8239592 0.5933457 0.6872180 0.7126442 0.7126442 0.6626257 0.0000000 0.1307650 0.6157354 0.5504769 1.2070784 1.1132061 1.1132061 0.6388142 0.6388142 
t12        0.3192509 0.3666350 0.8864954 0.6626257 0.5504769 0.7662384 0.5299277 0.6626257 0.7126442 0.6157354 0.5504769 0.1307650 0.0000000 0.6388142 0.5504769 0.9198342 0.8545757 0.8545757 0.5716050 0.5716050 
t17        0.4714565 0.6157354 0.7126442 0.6872180 0.7389627 1.1586745 0.8864954 0.6626257 0.7662384 0.8545757 0.8239592 0.6157354 0.6388142 0.0000000 0.0845966 1.6785349 1.5111773 1.5111773 0.7662384 0.7662384 
t5         0.4529370 0.5504769 0.7389627 0.6157354 0.6872180 1.0703373 0.8864954 0.6388142 0.7389627 0.8239592 0.7945437 0.5504769 0.5504769 0.0845966 0.0000000 1.5901977 1.5901977 1.5901977 0.7389627 0.7389627 
t4         1.1586745 1.1132061 1.5901977 1.0703373 0.8545757 1.0297869 0.8239592 1.1132061 1.3744361 0.8864954 0.7945437 1.2070784 0.9198342 1.6785349 1.5901977 0.0000000 0.0625362 0.0625362 0.9198342 0.9198342 
t10        1.0297869 1.0297869 1.4396946 1.0703373 0.8864954 1.0703373 0.7662384 1.1586745 1.5111773 0.8545757 0.7662384 1.1132061 0.8545757 1.5111773 1.5901977 0.0625362 0.0000000 0.0000010 0.8864954 0.8864954 
t2         1.0297869 1.0297869 1.4396946 1.0703373 0.8864954 1.0703373 0.7662384 1.1586745 1.5111773 0.8545757 0.7662384 1.1132061 0.8545757 1.5111773 1.5901977 0.0625362 0.0000010 0.0000000 0.8864954 0.8864954 
t6         0.6872180 0.5299277 0.9198342 0.5099265 0.4172160 0.8864954 0.5299277 0.3831192 0.4904449 0.5504769 0.5099265 0.6388142 0.5716050 0.7662384 0.7389627 0.9198342 0.8864954 0.8864954 0.0000000 0.0000010 
t15        0.6872180 0.5299277 0.9198342 0.5099265 0.4172160 0.8864954 0.5299277 0.3831192 0.4904449 0.5504769 0.5099265 0.6388142 0.5716050 0.7662384 0.7389627 0.9198342 0.8864954 0.8864954 0.0000010 0.0000000 
