20
t12        0.0000000 0.7126442 0.5299277 0.5299277 0.7662384 0.6626257 0.5716050 0.7126442 0.7662384 0.9547243 0.7662384 0.9547243 0.6872180 0.6388142 0.8545757 0.8864954 0.9198342 0.8864954 0.6626257 0.6157354 
t5         0.7126442 0.0000000 0.6157354 0.7389627 0.8864954 0.7126442 0.5716050 0.6872180 0.6388142 0.7662384 0.6388142 0.7945437 0.8545757 0.8545757 0.6626257 0.6626257 0.5504769 0.5099265 0.5933457 0.6388142 
t10        0.5299277 0.6157354 0.0000000 0.3505054 0.6157354 0.4714565 0.4348639 0.5099265 0.7945437 0.7662384 0.8545757 0.9913169 0.7389627 0.6388142 0.7662384 0.8239592 0.7945437 0.7389627 0.3666350 0.3999739 
t4         0.5299277 0.7389627 0.3505054 0.0000000 0.3505054 0.4529370 0.5299277 0.5504769 0.6872180 0.8239592 0.8239592 0.9198342 0.7662384 0.6388142 0.7945437 0.7945437 0.9198342 0.8545757 0.4904449 0.4904449 
t14        0.7662384 0.8864954 0.6157354 0.3505054 0.0000000 0.5716050 0.6388142 0.6626257 1.0703373 1.0703373 1.0703373 1.2070784 0.8864954 0.8239592 1.0703373 0.8864954 1.0703373 0.9913169 0.6388142 0.6388142 
t20        0.6626257 0.7126442 0.4714565 0.4529370 0.5716050 0.0000000 0.3831192 0.3999739 0.8239592 0.9547243 0.9547243 1.1132061 0.9198342 0.8864954 0.9547243 0.9913169 0.8545757 0.8239592 0.2892469 0.3040988 
t8         0.5716050 0.5716050 0.4348639 0.5299277 0.6388142 0.3831192 0.0000000 0.3347153 0.7126442 0.7662384 0.7662384 0.7662384 0.7662384 0.7126442 0.7662384 0.7662384 0.7126442 0.6388142 0.3831192 0.3999739 
t9         0.7126442 0.6872180 0.5099265 0.5504769 0.6626257 0.3999739 0.3347153 0.0000000 0.8545757 0.9547243 0.7945437 0.9547243 0.7126442 0.6388142 0.7662384 0.8239592 0.7662384 0.7389627 0.3999739 0.4172160 
t16        0.7662384 0.6388142 0.7945437 0.6872180 1.0703373 0.8239592 0.7126442 0.8545757 0.0000000 0.1927838 0.2603971 0.3040988 0.8864954 0.8239592 0.5299277 0.5299277 0.5504769 0.5299277 0.8239592 0.8239592 
t2         0.9547243 0.7662384 0.7662384 0.8239592 1.0703373 0.9547243 0.7662384 0.9547243 0.1927838 0.0000000 0.3505054 0.3192509 0.9913169 1.0297869 0.5299277 0.5716050 0.5716050 0.5504769 0.8545757 0.8864954 
t13        0.7662384 0.6388142 0.8545757 0.8239592 1.0703373 0.9547243 0.7662384 0.7945437 0.2603971 0.3505054 0.0000000 0.1673577 0.8239592 0.7945437 0.5299277 0.5099265 0.5504769 0.5299277 0.7662384 0.7945437 
t15        0.9547243 0.7945437 0.9913169 0.9198342 1.2070784 1.1132061 0.7662384 0.9547243 0.3040988 0.3192509 0.1673577 0.0000000 0.8864954 0.8864954 0.4904449 0.4904449 0.5299277 0.5099265 0.9198342 0.9547243 
t3         0.6872180 0.8545757 0.7389627 0.7662384 0.8864954 0.9198342 0.7662384 0.7126442 0.8864954 0.9913169 0.8239592 0.8864954 0.0000000 0.1307650 0.7945437 0.8864954 0.7662384 0.7662384 0.8239592 0.7662384 
t11        0.6388142 0.8545757 0.6388142 0.6388142 0.8239592 0.8864954 0.7126442 0.6388142 0.8239592 1.0297869 0.7945437 0.8864954 0.1307650 0.0000000 0.7389627 0.8239592 0.7662384 0.7662384 0.7389627 0.6872180 
t17        0.8545757 0.6626257 0.7662384 0.7945437 1.0703373 0.9547243 0.7662384 0.7662384 0.5299277 0.5299277 0.5299277 0.4904449 0.7945437 0.7389627 0.0000000 0.0958750 0.3505054 0.3666350 0.7945437 0.8864954 
t18        0.8864954 0.6626257 0.8239592 0.7945437 0.8864954 0.9913169 0.7662384 0.8239592 0.5299277 0.5716050 0.5099265 0.4904449 0.8864954 0.8239592 0.0958750 0.0000000 0.3831192 0.3999739 0.7945437 0.8864954 
t7         0.9198342 0.5504769 0.7945437 0.9198342 1.0703373 0.8545757 0.7126442 0.7662384 0.5504769 0.5716050 0.5504769 0.5299277 0.7662384 0.7662384 0.3505054 0.3831192 0.0000000 0.0411062 0.7389627 0.7945437 
t1         0.8864954 0.5099265 0.7389627 0.8545757 0.9913169 0.8239592 0.6388142 0.7389627 0.5299277 0.5504769 0.5299277 0.5099265 0.7662384 0.7662384 0.3666350 0.3999739 0.0411062 0.0000000 0.7126442 0.7662384 
t6         0.6626257 0.5933457 0.3666350 0.4904449 0.6388142 0.2892469 0.3831192 0.3999739 0.8239592 0.8545757 0.7662384 0.9198342 0.8239592 0.7389627 0.7945437 0.7945437 0.7389627 0.7126442 0.0000000 0.0517447 
t19        0.6157354 0.6388142 0.3999739 0.4904449 0.6388142 0.3040988 0.3999739 0.4172160 0.8239592 0.8864954 0.7945437 0.9547243 0.7662384 0.6872180 0.8864954 0.8864954 0.7945437 0.7662384 0.0517447 0.0000000 
