20
t18        0.0000000 1.0703373 1.4396946 1.2588231 1.6785349 1.3144041 1.4396946 1.0703373 9.0000000 0.9547243 1.1132061 1.1586745 1.4396946 2.0310377 1.6785349 1.2070784 1.0703373 1.1132061 3.2381161 3.2381161 
t4         1.0703373 0.0000000 1.2588231 1.0297869 1.7786835 0.7389627 0.6157354 0.5504769 0.9913169 0.8545757 1.0297869 0.5716050 0.8864954 1.1586745 0.8239592 0.6626257 0.7389627 0.7662384 2.1983953 2.1983953 
t14        1.4396946 1.2588231 0.0000000 1.4396946 2.7182557 1.0703373 0.9198342 1.1132061 1.2588231 0.9547243 1.1132061 1.5111773 1.1586745 1.2588231 1.0703373 1.3144041 1.1132061 1.3744361 1.4396946 1.4396946 
t13        1.2588231 1.0297869 1.4396946 0.0000000 1.0297869 1.0297869 0.8545757 0.5933457 0.4904449 0.6872180 1.0297869 0.9547243 0.9913169 1.3144041 1.0703373 0.9913169 0.9913169 0.9547243 0.8239592 0.8239592 
t5         1.6785349 1.7786835 2.7182557 1.0297869 0.0000000 2.4141569 1.6785349 0.8545757 1.2588231 1.1132061 1.2070784 1.2588231 2.0310377 2.7182557 1.7786835 1.3144041 1.2588231 1.5111773 1.4396946 1.4396946 
t9         1.3144041 0.7389627 1.0703373 1.0297869 2.4141569 0.0000000 0.5933457 0.8545757 1.4396946 1.0703373 1.3144041 0.9198342 1.1586745 1.1586745 1.1132061 0.8545757 0.8239592 0.9198342 2.0310377 2.0310377 
t8         1.4396946 0.6157354 0.9198342 0.8545757 1.6785349 0.5933457 0.0000000 0.6388142 0.8545757 0.8239592 0.8864954 0.8864954 0.8864954 1.1132061 0.9547243 0.7945437 0.8545757 0.9547243 1.3144041 1.3144041 
t11        1.0703373 0.5504769 1.1132061 0.5933457 0.8545757 0.8545757 0.6388142 0.0000000 0.7126442 0.6872180 0.9198342 0.3999739 0.6626257 0.9913169 0.7126442 0.5933457 0.5299277 0.5933457 1.3144041 1.3144041 
t20        9.0000000 0.9913169 1.2588231 0.4904449 1.2588231 1.4396946 0.8545757 0.7126442 0.0000000 0.7126442 1.1132061 1.1132061 1.2070784 1.5901977 1.1132061 1.0297869 1.1586745 1.1132061 0.5716050 0.5716050 
t19        0.9547243 0.8545757 0.9547243 0.6872180 1.1132061 1.0703373 0.8239592 0.6872180 0.7126442 0.0000000 0.3999739 0.9198342 1.1132061 1.3744361 1.0703373 0.8864954 0.7389627 0.9913169 0.9198342 0.9198342 
t6         1.1132061 1.0297869 1.1132061 1.0297869 1.2070784 1.3144041 0.8864954 0.9198342 1.1132061 0.3999739 0.0000000 1.0297869 1.3744361 1.8942965 1.3144041 1.1132061 1.0297869 1.1586745 1.3744361 1.3744361 
t12        1.1586745 0.5716050 1.5111773 0.9547243 1.2588231 0.9198342 0.8864954 0.3999739 1.1132061 0.9198342 1.0297869 0.0000000 1.1132061 1.3744361 1.0703373 0.2603971 0.2191023 0.2746833 3.2381161 3.2381161 
t17        1.4396946 0.8864954 1.1586745 0.9913169 2.0310377 1.1586745 0.8864954 0.6626257 1.2070784 1.1132061 1.3744361 1.1132061 0.0000000 0.3347153 0.1673577 1.1586745 1.1132061 1.0703373 1.5901977 1.5901977 
t15        2.0310377 1.1586745 1.2588231 1.3144041 2.7182557 1.1586745 1.1132061 0.9913169 1.5901977 1.3744361 1.8942965 1.3744361 0.3347153 0.0000000 0.3666350 1.5111773 1.3144041 1.5111773 1.5111773 1.5111773 
t10        1.6785349 0.8239592 1.0703373 1.0703373 1.7786835 1.1132061 0.9547243 0.7126442 1.1132061 1.0703373 1.3144041 1.0703373 0.1673577 0.3666350 0.0000000 1.2588231 1.2070784 1.2070784 1.6785349 1.6785349 
t16        1.2070784 0.6626257 1.3144041 0.9913169 1.3144041 0.8545757 0.7945437 0.5933457 1.0297869 0.8864954 1.1132061 0.2603971 1.1586745 1.5111773 1.2588231 0.0000000 0.2326162 0.2058276 1.7786835 1.7786835 
t2         1.0703373 0.7389627 1.1132061 0.9913169 1.2588231 0.8239592 0.8545757 0.5299277 1.1586745 0.7389627 1.0297869 0.2191023 1.1132061 1.3144041 1.2070784 0.2326162 0.0000000 0.1549607 1.7786835 1.7786835 
t1         1.1132061 0.7662384 1.3744361 0.9547243 1.5111773 0.9198342 0.9547243 0.5933457 1.1132061 0.9913169 1.1586745 0.2746833 1.0703373 1.5111773 1.2070784 0.2058276 0.1549607 0.0000000 2.0310377 2.0310377 
t7         3.2381161 2.1983953 1.4396946 0.8239592 1.4396946 2.0310377 1.3144041 1.3144041 0.5716050 0.9198342 1.3744361 3.2381161 1.5901977 1.5111773 1.6785349 1.7786835 1.7786835 2.0310377 0.0000000 0.0000010 
t3         3.2381161 2.1983953 1.4396946 0.8239592 1.4396946 2.0310377 1.3144041 1.3144041 0.5716050 0.9198342 1.3744361 3.2381161 1.5901977 1.5111773 1.6785349 1.7786835 1.7786835 2.0310377 0.0000010 0.0000000 
