20
t18        0.0000000 1.2070784 0.9913169 0.8545757 1.5901977 1.2588231 0.7126442 0.8864954 9.0000000 1.6785349 1.5901977 1.8942965 0.7945437 0.7662384 1.8942965 1.7786835 0.8545757 0.9198342 0.8239592 0.8864954 
t20        1.2070784 0.0000000 1.2588231 1.0297869 1.5901977 2.1983953 1.2070784 2.4141569 1.0703373 1.0703373 1.4396946 1.5111773 1.3144041 1.2070784 1.5901977 2.0310377 1.2588231 1.5111773 1.2588231 1.2588231 
t9         0.9913169 1.2588231 0.0000000 0.5299277 1.3744361 0.7389627 0.5299277 0.8545757 1.6785349 1.1132061 1.0703373 1.3144041 0.7662384 0.7662384 2.4141569 1.6785349 0.7945437 0.8239592 0.8239592 0.8545757 
t16        0.8545757 1.0297869 0.5299277 0.0000000 1.4396946 0.7389627 0.6626257 0.7662384 1.3144041 0.9913169 1.1586745 1.6785349 0.8864954 0.8545757 2.0310377 1.6785349 0.7389627 0.8864954 0.7389627 0.7126442 
t13        1.5901977 1.5901977 1.3744361 1.4396946 0.0000000 1.3144041 1.2588231 1.6785349 2.1983953 1.5111773 0.6872180 0.6872180 1.5111773 1.1586745 1.8942965 1.2070784 1.2070784 1.1132061 1.5901977 1.7786835 
t7         1.2588231 2.1983953 0.7389627 0.7389627 1.3144041 0.0000000 0.7126442 1.1132061 2.4141569 1.2070784 1.3144041 1.3144041 1.1586745 1.0703373 1.3144041 1.1586745 1.1586745 1.2070784 0.8239592 0.9198342 
t2         0.7126442 1.2070784 0.5299277 0.6626257 1.2588231 0.7126442 0.0000000 0.8864954 2.1983953 1.1586745 1.1132061 1.2070784 1.0297869 0.7945437 2.7182557 1.6785349 0.9198342 0.9198342 0.7126442 0.7662384 
t14        0.8864954 2.4141569 0.8545757 0.7662384 1.6785349 1.1132061 0.8864954 0.0000000 1.8942965 1.2588231 1.1586745 1.3144041 1.0703373 0.8864954 2.1983953 1.5111773 1.1132061 1.0703373 0.5099265 0.4904449 
t8         9.0000000 1.0703373 1.6785349 1.3144041 2.1983953 2.4141569 2.1983953 1.8942965 0.0000000 0.4904449 1.1586745 1.5111773 1.7786835 1.8942965 1.8942965 1.7786835 3.2381161 2.0310377 1.6785349 2.1983953 
t6         1.6785349 1.0703373 1.1132061 0.9913169 1.5111773 1.2070784 1.1586745 1.2588231 0.4904449 0.0000000 1.1586745 1.1586745 1.2070784 1.3144041 1.5111773 1.4396946 1.2588231 1.2070784 1.1586745 1.2070784 
t15        1.5901977 1.4396946 1.0703373 1.1586745 0.6872180 1.3144041 1.1132061 1.1586745 1.1586745 1.1586745 0.0000000 0.4904449 1.0703373 0.9913169 9.0000000 2.4141569 1.0297869 1.1586745 1.3744361 1.5111773 
t19        1.8942965 1.5111773 1.3144041 1.6785349 0.6872180 1.3144041 1.2070784 1.3144041 1.5111773 1.1586745 0.4904449 0.0000000 1.1132061 0.9913169 2.7182557 2.0310377 1.1586745 1.1586745 1.3144041 1.4396946 
t17        0.7945437 1.3144041 0.7662384 0.8864954 1.5111773 1.1586745 1.0297869 1.0703373 1.7786835 1.2070784 1.0703373 1.1132061 0.0000000 0.3040988 2.1983953 1.6785349 0.3999739 0.4714565 0.9198342 0.9547243 
t11        0.7662384 1.2070784 0.7662384 0.8545757 1.1586745 1.0703373 0.7945437 0.8864954 1.8942965 1.3144041 0.9913169 0.9913169 0.3040988 0.0000000 2.1983953 1.4396946 0.4348639 0.4714565 0.7662384 0.8239592 
t5         1.8942965 1.5901977 2.4141569 2.0310377 1.8942965 1.3144041 2.7182557 2.1983953 1.8942965 1.5111773 9.0000000 2.7182557 2.1983953 2.1983953 0.0000000 0.2603971 1.6785349 9.0000000 1.5901977 1.8942965 
t12        1.7786835 2.0310377 1.6785349 1.6785349 1.2070784 1.1586745 1.6785349 1.5111773 1.7786835 1.4396946 2.4141569 2.0310377 1.6785349 1.4396946 0.2603971 0.0000000 1.6785349 2.0310377 1.3744361 1.5111773 
t4         0.8545757 1.2588231 0.7945437 0.7389627 1.2070784 1.1586745 0.9198342 1.1132061 3.2381161 1.2588231 1.0297869 1.1586745 0.3999739 0.4348639 1.6785349 1.6785349 0.0000000 0.2463781 0.8239592 0.8545757 
t1         0.9198342 1.5111773 0.8239592 0.8864954 1.1132061 1.2070784 0.9198342 1.0703373 2.0310377 1.2070784 1.1586745 1.1586745 0.4714565 0.4714565 9.0000000 2.0310377 0.2463781 0.0000000 0.8545757 0.8864954 
t3         0.8239592 1.2588231 0.8239592 0.7389627 1.5901977 0.8239592 0.7126442 0.5099265 1.6785349 1.1586745 1.3744361 1.3144041 0.9198342 0.7662384 1.5901977 1.3744361 0.8239592 0.8545757 0.0000000 0.0958750 
t10        0.8864954 1.2588231 0.8545757 0.7126442 1.7786835 0.9198342 0.7662384 0.4904449 2.1983953 1.2070784 1.5111773 1.4396946 0.9547243 0.8239592 1.8942965 1.5111773 0.8545757 0.8864954 0.0958750 0.0000000 
