20
t2         0.0000000 0.9198342 0.9198342 0.6157354 0.9198342 1.0703373 0.8864954 0.8545757 0.7662384 0.7389627 0.8239592 0.8864954 1.1586745 0.7662384 0.8239592 0.8239592 0.5933457 0.7662384 1.3744361 0.9198342 
t14        0.9198342 0.0000000 1.0703373 1.0703373 1.6785349 2.1983953 0.8864954 1.5111773 1.3144041 1.0297869 1.1132061 1.3144041 0.8239592 0.9547243 0.9913169 1.0297869 0.9198342 0.9547243 1.0297869 0.7945437 
t15        0.9198342 1.0703373 0.0000000 0.9198342 1.5111773 1.5111773 0.5299277 0.9913169 1.0297869 1.0297869 0.6626257 0.6872180 0.9198342 1.1132061 1.0703373 1.0703373 0.8545757 0.7662384 1.1132061 0.7945437 
t18        0.6157354 1.0703373 0.9198342 0.0000000 1.0297869 1.1132061 1.0703373 0.4714565 0.4529370 0.8239592 0.9547243 0.9198342 1.0703373 0.8864954 0.8545757 0.9913169 0.4529370 0.4904449 1.6785349 1.1586745 
t1         0.9198342 1.6785349 1.5111773 1.0297869 0.0000000 0.5299277 1.0703373 0.9913169 1.0703373 0.9547243 1.2070784 1.5111773 1.1132061 1.0297869 1.2588231 1.0703373 0.7945437 0.8864954 1.5111773 0.9913169 
t4         1.0703373 2.1983953 1.5111773 1.1132061 0.5299277 0.0000000 1.4396946 1.3144041 1.4396946 1.3144041 1.5111773 1.5901977 2.1983953 1.5901977 1.5111773 1.2588231 0.8864954 0.9547243 9.0000000 1.8942965 
t17        0.8864954 0.8864954 0.5299277 1.0703373 1.0703373 1.4396946 0.0000000 1.3744361 0.9913169 0.9547243 0.5504769 0.7389627 0.8545757 1.0703373 0.9913169 0.9913169 0.8239592 0.8239592 1.1586745 0.8864954 
t20        0.8545757 1.5111773 0.9913169 0.4714565 0.9913169 1.3144041 1.3744361 0.0000000 0.3505054 0.9913169 1.5111773 1.1586745 1.2070784 1.1586745 1.1132061 1.0703373 0.5099265 0.6157354 1.7786835 1.2588231 
t8         0.7662384 1.3144041 1.0297869 0.4529370 1.0703373 1.4396946 0.9913169 0.3505054 0.0000000 0.8864954 1.0703373 1.0297869 1.1586745 0.9198342 0.9198342 0.9547243 0.5504769 0.6626257 1.4396946 1.2588231 
t9         0.7389627 1.0297869 1.0297869 0.8239592 0.9547243 1.3144041 0.9547243 0.9913169 0.8864954 0.0000000 0.9198342 1.1132061 1.2588231 0.1673577 0.1427653 0.1927838 0.7945437 0.9547243 1.3744361 1.1132061 
t6         0.8239592 1.1132061 0.6626257 0.9547243 1.2070784 1.5111773 0.5504769 1.5111773 1.0703373 0.9198342 0.0000000 0.3505054 1.0703373 1.1132061 1.0297869 1.0703373 1.0297869 0.8864954 1.2070784 0.9913169 
t3         0.8864954 1.3144041 0.6872180 0.9198342 1.5111773 1.5901977 0.7389627 1.1586745 1.0297869 1.1132061 0.3505054 0.0000000 1.1586745 1.3144041 1.1586745 1.2070784 0.8864954 0.9547243 1.1586745 1.0297869 
t16        1.1586745 0.8239592 0.9198342 1.0703373 1.1132061 2.1983953 0.8545757 1.2070784 1.1586745 1.2588231 1.0703373 1.1586745 0.0000000 1.1586745 1.3144041 1.3144041 0.8864954 0.9547243 0.3505054 0.2058276 
t10        0.7662384 0.9547243 1.1132061 0.8864954 1.0297869 1.5901977 1.0703373 1.1586745 0.9198342 0.1673577 1.1132061 1.3144041 1.1586745 0.0000000 0.2058276 0.2603971 0.8545757 0.9913169 1.3144041 1.0703373 
t13        0.8239592 0.9913169 1.0703373 0.8545757 1.2588231 1.5111773 0.9913169 1.1132061 0.9198342 0.1427653 1.0297869 1.1586745 1.3144041 0.2058276 0.0000000 0.2058276 0.7662384 0.8864954 1.5111773 1.2588231 
t12        0.8239592 1.0297869 1.0703373 0.9913169 1.0703373 1.2588231 0.9913169 1.0703373 0.9547243 0.1927838 1.0703373 1.2070784 1.3144041 0.2603971 0.2058276 0.0000000 0.8864954 1.0297869 1.3144041 1.1586745 
t19        0.5933457 0.9198342 0.8545757 0.4529370 0.7945437 0.8864954 0.8239592 0.5099265 0.5504769 0.7945437 1.0297869 0.8864954 0.8864954 0.8545757 0.7662384 0.8864954 0.0000000 0.1549607 1.1586745 0.8239592 
t7         0.7662384 0.9547243 0.7662384 0.4904449 0.8864954 0.9547243 0.8239592 0.6157354 0.6626257 0.9547243 0.8864954 0.9547243 0.9547243 0.9913169 0.8864954 1.0297869 0.1549607 0.0000000 1.2070784 0.8545757 
t11        1.3744361 1.0297869 1.1132061 1.6785349 1.5111773 9.0000000 1.1586745 1.7786835 1.4396946 1.3744361 1.2070784 1.1586745 0.3505054 1.3144041 1.5111773 1.3144041 1.1586745 1.2070784 0.0000000 0.2603971 
t5         0.9198342 0.7945437 0.7945437 1.1586745 0.9913169 1.8942965 0.8864954 1.2588231 1.2588231 1.1132061 0.9913169 1.0297869 0.2058276 1.0703373 1.2588231 1.1586745 0.8239592 0.8545757 0.2603971 0.0000000 
