20
t4         0.0000000 0.8864954 1.0297869 0.6157354 0.7945437 0.7662384 0.5099265 0.7389627 0.5933457 0.6626257 0.7126442 0.5504769 0.6626257 0.8239592 0.8545757 0.4529370 0.4348639 0.6388142 0.7389627 0.7126442 
t16        0.8864954 0.0000000 1.5111773 0.9913169 1.1586745 0.5716050 0.7945437 0.8239592 0.7945437 0.7389627 0.5099265 0.7389627 0.8545757 1.0297869 1.0297869 0.9547243 1.0703373 0.5099265 0.4904449 0.5099265 
t18        1.0297869 1.5111773 0.0000000 0.5099265 1.3144041 1.3144041 1.2070784 1.2588231 1.0297869 0.9198342 1.1586745 1.0297869 1.1132061 1.2070784 1.3144041 0.8864954 0.8239592 1.2070784 1.3144041 1.2070784 
t12        0.6157354 0.9913169 0.5099265 0.0000000 0.8239592 0.8545757 0.9547243 0.7662384 0.7945437 0.7389627 0.9198342 0.5933457 0.7126442 0.7662384 0.8864954 0.8545757 0.7945437 0.8545757 0.9547243 0.9547243 
t15        0.7945437 1.1586745 1.3144041 0.8239592 0.0000000 0.9547243 0.8545757 0.9198342 0.7389627 0.7945437 0.9198342 0.9198342 1.0703373 0.3040988 0.2892469 0.7662384 0.7389627 0.9913169 1.1586745 1.1132061 
t5         0.7662384 0.5716050 1.3144041 0.8545757 0.9547243 0.0000000 1.0703373 0.9913169 0.6626257 0.8545757 0.3666350 0.8239592 0.9913169 1.0703373 1.1132061 0.8545757 0.9913169 0.2746833 0.3505054 0.3347153 
t14        0.5099265 0.7945437 1.2070784 0.9547243 0.8545757 1.0703373 0.0000000 0.7662384 0.7945437 0.8864954 0.8239592 0.6872180 0.8864954 0.9547243 1.0703373 0.3831192 0.3666350 0.7126442 0.7662384 0.7126442 
t20        0.7389627 0.8239592 1.2588231 0.7662384 0.9198342 0.9913169 0.7662384 0.0000000 0.7945437 0.7945437 0.7945437 0.1927838 0.2746833 0.9913169 0.9547243 0.7945437 0.7945437 0.8239592 0.8864954 0.8545757 
t11        0.5933457 0.7945437 1.0297869 0.7945437 0.7389627 0.6626257 0.7945437 0.7945437 0.0000000 0.2603971 0.7126442 0.6872180 0.8239592 0.7662384 0.6872180 0.7389627 0.8239592 0.6626257 0.7389627 0.7126442 
t13        0.6626257 0.7389627 0.9198342 0.7389627 0.7945437 0.8545757 0.8864954 0.7945437 0.2603971 0.0000000 0.7662384 0.6872180 0.7662384 0.7389627 0.6388142 0.7126442 0.7662384 0.7945437 0.8239592 0.7945437 
t10        0.7126442 0.5099265 1.1586745 0.9198342 0.9198342 0.3666350 0.8239592 0.7945437 0.7126442 0.7662384 0.0000000 0.8239592 0.9913169 1.2070784 1.2070784 0.9547243 0.9547243 0.2191023 0.2892469 0.2603971 
t9         0.5504769 0.7389627 1.0297869 0.5933457 0.9198342 0.8239592 0.6872180 0.1927838 0.6872180 0.6872180 0.8239592 0.0000000 0.1189538 0.8545757 0.8864954 0.7389627 0.7662384 0.7662384 0.8239592 0.8239592 
t8         0.6626257 0.8545757 1.1132061 0.7126442 1.0703373 0.9913169 0.8864954 0.2746833 0.8239592 0.7662384 0.9913169 0.1189538 0.0000000 0.9913169 0.9198342 0.8545757 0.9198342 0.9913169 1.0703373 1.0703373 
t1         0.8239592 1.0297869 1.2070784 0.7662384 0.3040988 1.0703373 0.9547243 0.9913169 0.7662384 0.7389627 1.2070784 0.8545757 0.9913169 0.0000000 0.1307650 0.8864954 0.9547243 1.2588231 1.3744361 1.4396946 
t19        0.8545757 1.0297869 1.3144041 0.8864954 0.2892469 1.1132061 1.0703373 0.9547243 0.6872180 0.6388142 1.2070784 0.8864954 0.9198342 0.1307650 0.0000000 0.9913169 0.9913169 1.3144041 1.4396946 1.5111773 
t6         0.4529370 0.9547243 0.8864954 0.8545757 0.7662384 0.8545757 0.3831192 0.7945437 0.7389627 0.7126442 0.9547243 0.7389627 0.8545757 0.8864954 0.9913169 0.0000000 0.1307650 0.7126442 0.8239592 0.7662384 
t7         0.4348639 1.0703373 0.8239592 0.7945437 0.7389627 0.9913169 0.3666350 0.7945437 0.8239592 0.7662384 0.9547243 0.7662384 0.9198342 0.9547243 0.9913169 0.1307650 0.0000000 0.7126442 0.8239592 0.7662384 
t17        0.6388142 0.5099265 1.2070784 0.8545757 0.9913169 0.2746833 0.7126442 0.8239592 0.6626257 0.7945437 0.2191023 0.7662384 0.9913169 1.2588231 1.3144041 0.7126442 0.7126442 0.0000000 0.0517447 0.0411062 
t3         0.7389627 0.4904449 1.3144041 0.9547243 1.1586745 0.3505054 0.7662384 0.8864954 0.7389627 0.8239592 0.2892469 0.8239592 1.0703373 1.3744361 1.4396946 0.8239592 0.8239592 0.0517447 0.0000000 0.0306165 
t2         0.7126442 0.5099265 1.2070784 0.9547243 1.1132061 0.3347153 0.7126442 0.8545757 0.7126442 0.7945437 0.2603971 0.8239592 1.0703373 1.4396946 1.5111773 0.7662384 0.7662384 0.0411062 0.0306165 0.0000000 
