20
t6         0.0000000 0.7389627 0.9913169 0.9913169 1.0297869 1.1586745 1.2588231 0.5716050 0.6388142 0.6626257 0.7662384 0.7126442 0.8864954 0.6157354 0.6872180 0.7126442 0.7126442 0.6388142 0.6388142 0.5099265 
t20        0.7389627 0.0000000 1.0297869 0.6872180 0.9198342 1.0297869 1.4396946 0.6872180 0.6388142 0.5504769 0.6388142 0.7945437 1.1132061 0.7389627 0.7126442 0.8239592 0.6157354 0.4529370 0.7389627 0.7389627 
t13        0.9913169 1.0297869 0.0000000 0.8864954 0.7662384 1.0703373 1.4396946 0.9547243 0.8545757 0.5933457 0.6388142 0.8864954 1.5111773 0.7662384 1.1132061 0.9198342 0.6388142 0.5933457 0.7662384 1.0703373 
t2         0.9913169 0.6872180 0.8864954 0.0000000 0.6872180 0.8239592 1.1132061 0.9198342 0.7945437 0.6157354 0.7945437 0.9198342 1.1132061 0.6626257 0.5933457 0.6157354 0.6626257 0.6157354 0.7945437 0.9198342 
t12        1.0297869 0.9198342 0.7662384 0.6872180 0.0000000 1.1586745 1.2588231 1.0297869 0.7945437 0.5716050 0.7662384 1.0703373 1.0703373 0.6388142 0.6388142 0.5299277 0.7945437 0.7126442 0.8239592 0.8864954 
t5         1.1586745 1.0297869 1.0703373 0.8239592 1.1586745 0.0000000 1.2070784 1.1132061 0.9547243 0.8545757 0.8239592 0.9547243 1.5901977 1.0297869 1.1132061 1.0703373 1.1586745 0.9198342 0.9913169 1.0297869 
t10        1.2588231 1.4396946 1.4396946 1.1132061 1.2588231 1.2070784 0.0000000 1.5901977 2.1983953 1.0297869 1.1586745 1.3144041 2.1983953 1.4396946 1.5901977 1.5111773 1.1586745 1.0703373 1.4396946 1.5901977 
t8         0.5716050 0.6872180 0.9547243 0.9198342 1.0297869 1.1132061 1.5901977 0.0000000 0.2746833 0.6626257 0.7945437 0.8239592 1.0703373 0.8239592 0.8239592 0.8239592 0.7389627 0.5716050 0.3347153 0.2326162 
t9         0.6388142 0.6388142 0.8545757 0.7945437 0.7945437 0.9547243 2.1983953 0.2746833 0.0000000 0.5716050 0.7945437 0.8239592 1.1586745 0.7126442 0.7662384 0.7662384 0.7662384 0.5933457 0.3831192 0.3192509 
t1         0.6626257 0.5504769 0.5933457 0.6157354 0.5716050 0.8545757 1.0297869 0.6626257 0.5716050 0.0000000 0.4529370 0.6872180 0.9547243 0.5299277 0.6388142 0.6157354 0.2603971 0.1673577 0.5716050 0.6388142 
t19        0.7662384 0.6388142 0.6388142 0.7945437 0.7662384 0.8239592 1.1586745 0.7945437 0.7945437 0.4529370 0.0000000 0.2746833 1.0703373 0.6388142 0.8864954 0.7945437 0.5504769 0.4714565 0.7389627 0.7945437 
t14        0.7126442 0.7945437 0.8864954 0.9198342 1.0703373 0.9547243 1.3144041 0.8239592 0.8239592 0.6872180 0.2746833 0.0000000 0.9198342 0.7389627 0.9913169 0.9547243 0.8239592 0.6626257 0.9913169 0.8864954 
t4         0.8864954 1.1132061 1.5111773 1.1132061 1.0703373 1.5901977 2.1983953 1.0703373 1.1586745 0.9547243 1.0703373 0.9198342 0.0000000 0.3999739 0.8864954 0.6872180 0.9547243 1.0297869 1.0703373 0.9547243 
t16        0.6157354 0.7389627 0.7662384 0.6626257 0.6388142 1.0297869 1.4396946 0.8239592 0.7126442 0.5299277 0.6388142 0.7389627 0.3999739 0.0000000 0.5299277 0.5099265 0.6157354 0.5504769 0.8239592 0.8239592 
t15        0.6872180 0.7126442 1.1132061 0.5933457 0.6388142 1.1132061 1.5901977 0.8239592 0.7662384 0.6388142 0.8864954 0.9913169 0.8864954 0.5299277 0.0000000 0.1673577 0.7389627 0.6626257 0.8864954 0.9198342 
t3         0.7126442 0.8239592 0.9198342 0.6157354 0.5299277 1.0703373 1.5111773 0.8239592 0.7662384 0.6157354 0.7945437 0.9547243 0.6872180 0.5099265 0.1673577 0.0000000 0.6626257 0.6157354 0.7945437 0.7126442 
t11        0.7126442 0.6157354 0.6388142 0.6626257 0.7945437 1.1586745 1.1586745 0.7389627 0.7662384 0.2603971 0.5504769 0.8239592 0.9547243 0.6157354 0.7389627 0.6626257 0.0000000 0.1307650 0.6157354 0.7389627 
t7         0.6388142 0.4529370 0.5933457 0.6157354 0.7126442 0.9198342 1.0703373 0.5716050 0.5933457 0.1673577 0.4714565 0.6626257 1.0297869 0.5504769 0.6626257 0.6157354 0.1307650 0.0000000 0.5299277 0.6157354 
t18        0.6388142 0.7389627 0.7662384 0.7945437 0.8239592 0.9913169 1.4396946 0.3347153 0.3831192 0.5716050 0.7389627 0.9913169 1.0703373 0.8239592 0.8864954 0.7945437 0.6157354 0.5299277 0.0000000 0.2326162 
t17        0.5099265 0.7389627 1.0703373 0.9198342 0.8864954 1.0297869 1.5901977 0.2326162 0.3192509 0.6388142 0.7945437 0.8864954 0.9547243 0.8239592 0.9198342 0.7126442 0.7389627 0.6157354 0.2326162 0.0000000 
