20
t5         0.0000000 1.3744361 0.5504769 0.8545757 0.6626257 0.7945437 0.7389627 0.7126442 0.7389627 0.9913169 0.8239592 0.7662384 0.9913169 0.7126442 0.6388142 0.7662384 0.9547243 0.9198342 0.8239592 0.9198342 
t9         1.3744361 0.0000000 1.0297869 1.2588231 1.2588231 1.1586745 1.3144041 1.2588231 1.3144041 1.1586745 1.0703373 1.2588231 1.5111773 1.3144041 1.3144041 0.9198342 1.7786835 1.3144041 0.8864954 1.0703373 
t4         0.5504769 1.0297869 0.0000000 0.7389627 0.6388142 0.7945437 0.7126442 0.5504769 0.4529370 0.8864954 0.6157354 0.7945437 0.7662384 0.5299277 0.5299277 0.6157354 0.8239592 0.6157354 0.6388142 0.7126442 
t20        0.8545757 1.2588231 0.7389627 0.0000000 0.9913169 1.3144041 1.0703373 1.1586745 0.9198342 1.0703373 1.1132061 0.7126442 1.4396946 1.2070784 1.2070784 0.7389627 1.2588231 1.3144041 0.7126442 0.6872180 
t16        0.6626257 1.2588231 0.6388142 0.9913169 0.0000000 0.8239592 0.6157354 0.5299277 0.5299277 0.8545757 0.5716050 0.9198342 0.8545757 0.6626257 0.6157354 0.6872180 0.7662384 0.7945437 0.7126442 0.7126442 
t11        0.7945437 1.1586745 0.7945437 1.3144041 0.8239592 0.0000000 0.5504769 0.7662384 0.8239592 0.9547243 0.7662384 1.0297869 1.0297869 0.4904449 0.5099265 0.9913169 0.9198342 0.9547243 0.9547243 1.0703373 
t10        0.7389627 1.3144041 0.7126442 1.0703373 0.6157354 0.5504769 0.0000000 0.7662384 0.7126442 0.9913169 0.7945437 0.8545757 1.2070784 0.3666350 0.4348639 0.8545757 1.3144041 1.1132061 0.9198342 0.8864954 
t1         0.7126442 1.2588231 0.5504769 1.1586745 0.5299277 0.7662384 0.7662384 0.0000000 0.2326162 0.6872180 0.5099265 0.9198342 0.7662384 0.6872180 0.6388142 0.8864954 0.7126442 0.7126442 0.8545757 0.8864954 
t17        0.7389627 1.3144041 0.4529370 0.9198342 0.5299277 0.8239592 0.7126442 0.2326162 0.0000000 0.7945437 0.5716050 1.0297869 0.5716050 0.6626257 0.6157354 0.7945437 0.6626257 0.6157354 0.7945437 0.7662384 
t3         0.9913169 1.1586745 0.8864954 1.0703373 0.8545757 0.9547243 0.9913169 0.6872180 0.7945437 0.0000000 0.3040988 1.1586745 0.7945437 0.8545757 0.8545757 1.3744361 0.8239592 0.8864954 0.9913169 1.0703373 
t13        0.8239592 1.0703373 0.6157354 1.1132061 0.5716050 0.7662384 0.7945437 0.5099265 0.5716050 0.3040988 0.0000000 1.0703373 0.6388142 0.6872180 0.6388142 1.0703373 0.5299277 0.5716050 0.8545757 0.8864954 
t7         0.7662384 1.2588231 0.7945437 0.7126442 0.9198342 1.0297869 0.8545757 0.9198342 1.0297869 1.1586745 1.0703373 0.0000000 1.2070784 0.8864954 0.8545757 0.4172160 1.2070784 1.2588231 0.2892469 0.3192509 
t6         0.9913169 1.5111773 0.7662384 1.4396946 0.8545757 1.0297869 1.2070784 0.7662384 0.5716050 0.7945437 0.6388142 1.2070784 0.0000000 1.0297869 0.8864954 1.1586745 0.2191023 0.1307650 1.1132061 1.1132061 
t2         0.7126442 1.3144041 0.5299277 1.2070784 0.6626257 0.4904449 0.3666350 0.6872180 0.6626257 0.8545757 0.6872180 0.8864954 1.0297869 0.0000000 0.1927838 0.7389627 1.0703373 0.9547243 0.6872180 0.7945437 
t15        0.6388142 1.3144041 0.5299277 1.2070784 0.6157354 0.5099265 0.4348639 0.6388142 0.6157354 0.8545757 0.6388142 0.8545757 0.8864954 0.1927838 0.0000000 0.7126442 0.9198342 0.8239592 0.7389627 0.8545757 
t8         0.7662384 0.9198342 0.6157354 0.7389627 0.6872180 0.9913169 0.8545757 0.8864954 0.7945437 1.3744361 1.0703373 0.4172160 1.1586745 0.7389627 0.7126442 0.0000000 1.0703373 0.9547243 0.1307650 0.1673577 
t12        0.9547243 1.7786835 0.8239592 1.2588231 0.7662384 0.9198342 1.3144041 0.7126442 0.6626257 0.8239592 0.5299277 1.2070784 0.2191023 1.0703373 0.9198342 1.0703373 0.0000000 0.1927838 1.1586745 1.0297869 
t18        0.9198342 1.3144041 0.6157354 1.3144041 0.7945437 0.9547243 1.1132061 0.7126442 0.6157354 0.8864954 0.5716050 1.2588231 0.1307650 0.9547243 0.8239592 0.9547243 0.1927838 0.0000000 0.9547243 0.9547243 
t19        0.8239592 0.8864954 0.6388142 0.7126442 0.7126442 0.9547243 0.9198342 0.8545757 0.7945437 0.9913169 0.8545757 0.2892469 1.1132061 0.6872180 0.7389627 0.1307650 1.1586745 0.9547243 0.0000000 0.0734853 
t14        0.9198342 1.0703373 0.7126442 0.6872180 0.7126442 1.0703373 0.8864954 0.8864954 0.7662384 1.0703373 0.8864954 0.3192509 1.1132061 0.7945437 0.8545757 0.1673577 1.0297869 0.9547243 0.0734853 0.0000000 
