20
t1         0.0000000 0.6388142 0.7126442 0.8545757 0.8864954 0.7662384 0.6872180 0.4904449 0.5933457 0.7126442 0.7662384 0.7389627 0.7126442 0.7389627 0.6626257 0.6626257 0.8545757 0.8239592 0.8864954 0.8545757 
t14        0.6388142 0.0000000 0.3831192 0.6388142 0.6388142 0.6872180 0.5933457 0.5099265 0.6388142 0.5716050 0.6872180 0.7945437 0.6388142 0.6388142 0.5299277 0.5716050 0.4904449 0.5099265 0.6872180 0.6872180 
t13        0.7126442 0.3831192 0.0000000 0.7126442 0.7389627 0.7662384 0.7662384 0.6157354 0.7945437 0.5716050 0.7662384 0.7126442 0.7945437 0.7389627 0.5716050 0.6626257 0.3999739 0.3999739 0.8545757 0.8545757 
t19        0.8545757 0.6388142 0.7126442 0.0000000 0.7945437 0.6872180 0.7126442 0.6872180 0.7945437 0.8864954 0.4172160 0.3999739 0.8239592 0.7662384 0.7389627 0.8239592 0.8864954 0.9547243 0.9913169 0.9198342 
t18        0.8864954 0.6388142 0.7389627 0.7945437 0.0000000 0.9198342 0.8239592 0.7662384 0.6872180 0.4714565 0.9198342 0.9547243 0.9198342 0.9198342 0.3831192 0.4529370 0.9913169 0.9913169 1.0297869 1.0297869 
t11        0.7662384 0.6872180 0.7662384 0.6872180 0.9198342 0.0000000 0.2892469 0.6388142 0.8545757 0.9198342 0.8239592 0.8545757 0.3505054 0.3666350 0.7945437 0.8545757 0.8545757 0.8545757 0.5299277 0.4904449 
t7         0.6872180 0.5933457 0.7662384 0.7126442 0.8239592 0.2892469 0.0000000 0.5716050 0.6388142 0.8239592 0.8864954 0.8864954 0.4348639 0.4348639 0.7945437 0.8545757 0.7389627 0.6626257 0.6626257 0.6388142 
t10        0.4904449 0.5099265 0.6157354 0.6872180 0.7662384 0.6388142 0.5716050 0.0000000 0.2058276 0.7662384 0.5716050 0.5933457 0.6388142 0.6388142 0.6157354 0.6872180 0.7945437 0.6872180 0.7126442 0.7126442 
t20        0.5933457 0.6388142 0.7945437 0.7945437 0.6872180 0.8545757 0.6388142 0.2058276 0.0000000 0.7662384 0.6872180 0.6872180 0.7662384 0.7662384 0.6388142 0.6872180 0.9198342 0.7945437 0.7662384 0.7389627 
t4         0.7126442 0.5716050 0.5716050 0.8864954 0.4714565 0.9198342 0.8239592 0.7662384 0.7662384 0.0000000 0.7126442 0.8864954 0.8239592 0.8545757 0.1799630 0.1799630 0.7389627 0.6626257 1.0703373 1.0703373 
t12        0.7662384 0.6872180 0.7662384 0.4172160 0.9198342 0.8239592 0.8864954 0.5716050 0.6872180 0.7126442 0.0000000 0.2191023 0.8545757 0.8239592 0.5933457 0.7389627 0.9198342 0.9547243 0.9547243 0.8864954 
t6         0.7389627 0.7945437 0.7126442 0.3999739 0.9547243 0.8545757 0.8864954 0.5933457 0.6872180 0.8864954 0.2191023 0.0000000 0.8545757 0.8545757 0.7662384 0.9198342 0.9913169 1.0703373 0.9913169 0.9547243 
t17        0.7126442 0.6388142 0.7945437 0.8239592 0.9198342 0.3505054 0.4348639 0.6388142 0.7662384 0.8239592 0.8545757 0.8545757 0.0000000 0.1307650 0.7945437 0.8545757 0.9547243 1.0297869 0.4529370 0.4172160 
t16        0.7389627 0.6388142 0.7389627 0.7662384 0.9198342 0.3666350 0.4348639 0.6388142 0.7662384 0.8545757 0.8239592 0.8545757 0.1307650 0.0000000 0.7945437 0.8545757 0.8239592 0.9198342 0.4714565 0.4348639 
t8         0.6626257 0.5299277 0.5716050 0.7389627 0.3831192 0.7945437 0.7945437 0.6157354 0.6388142 0.1799630 0.5933457 0.7662384 0.7945437 0.7945437 0.0000000 0.1189538 0.7126442 0.6626257 0.8545757 0.8545757 
t9         0.6626257 0.5716050 0.6626257 0.8239592 0.4529370 0.8545757 0.8545757 0.6872180 0.6872180 0.1799630 0.7389627 0.9198342 0.8545757 0.8545757 0.1189538 0.0000000 0.7662384 0.7389627 0.9547243 0.9547243 
t15        0.8545757 0.4904449 0.3999739 0.8864954 0.9913169 0.8545757 0.7389627 0.7945437 0.9198342 0.7389627 0.9198342 0.9913169 0.9547243 0.8239592 0.7126442 0.7662384 0.0000000 0.1307650 1.1586745 1.2070784 
t3         0.8239592 0.5099265 0.3999739 0.9547243 0.9913169 0.8545757 0.6626257 0.6872180 0.7945437 0.6626257 0.9547243 1.0703373 1.0297869 0.9198342 0.6626257 0.7389627 0.1307650 0.0000000 1.2070784 1.2588231 
t2         0.8864954 0.6872180 0.8545757 0.9913169 1.0297869 0.5299277 0.6626257 0.7126442 0.7662384 1.0703373 0.9547243 0.9913169 0.4529370 0.4714565 0.8545757 0.9547243 1.1586745 1.2070784 0.0000000 0.0517447 
t5         0.8545757 0.6872180 0.8545757 0.9198342 1.0297869 0.4904449 0.6388142 0.7126442 0.7389627 1.0703373 0.8864954 0.9547243 0.4172160 0.4348639 0.8545757 0.9547243 1.2070784 1.2588231 0.0517447 0.0000000 
