20
t8         0.0000000 9.0000000 2.7182557 1.5111773 2.0310377 1.5111773 1.5901977 1.2588231 1.6785349 1.2588231 1.5111773 1.6785349 1.4396946 1.2588231 1.7786835 1.3744361 1.2588231 1.2070784 2.7182557 2.0310377 
t9         9.0000000 0.0000000 1.0703373 1.6785349 1.3744361 0.8545757 0.8545757 1.0297869 1.2070784 0.9913169 0.8864954 1.1586745 0.9198342 1.1132061 0.9198342 1.0297869 1.0703373 1.0297869 0.8239592 0.8864954 
t1         2.7182557 1.0703373 0.0000000 1.4396946 1.0703373 0.8239592 0.9913169 1.1132061 1.2070784 0.8545757 0.7945437 1.1132061 0.9198342 0.9547243 0.8545757 0.8239592 0.8864954 0.8864954 0.7662384 0.8239592 
t7         1.5111773 1.6785349 1.4396946 0.0000000 1.5111773 0.8545757 0.7945437 0.8545757 0.9913169 0.6872180 0.9913169 0.9913169 0.9198342 0.7126442 0.7126442 0.6626257 0.8545757 0.7662384 1.0297869 0.9547243 
t19        2.0310377 1.3744361 1.0703373 1.5111773 0.0000000 0.9913169 1.0703373 1.2588231 1.2588231 1.0297869 1.3144041 1.1132061 1.0297869 1.1132061 1.1132061 1.0297869 1.0703373 0.9198342 1.2588231 1.3144041 
t6         1.5111773 0.8545757 0.8239592 0.8545757 0.9913169 0.0000000 0.4714565 0.4904449 0.8864954 0.3999739 0.2191023 0.2463781 0.2191023 0.4529370 0.4348639 0.4172160 0.4714565 0.4348639 0.2326162 0.2058276 
t17        1.5901977 0.8545757 0.9913169 0.7945437 1.0703373 0.4714565 0.0000000 0.1927838 0.8545757 0.3999739 0.6388142 0.8239592 0.6872180 0.3831192 0.4172160 0.4348639 0.5299277 0.5099265 0.6157354 0.6388142 
t10        1.2588231 1.0297869 1.1132061 0.8545757 1.2588231 0.4904449 0.1927838 0.0000000 0.9198342 0.4714565 0.6872180 0.7662384 0.6626257 0.4172160 0.4904449 0.4904449 0.4714565 0.4529370 0.6872180 0.7126442 
t5         1.6785349 1.2070784 1.2070784 0.9913169 1.2588231 0.8864954 0.8545757 0.9198342 0.0000000 0.3831192 1.0297869 1.0297869 1.0703373 0.5504769 0.5099265 0.5099265 0.8864954 0.8239592 0.9913169 0.9913169 
t4         1.2588231 0.9913169 0.8545757 0.6872180 1.0297869 0.3999739 0.3999739 0.4714565 0.3831192 0.0000000 0.6157354 0.6388142 0.5299277 0.1799630 0.1427653 0.1427653 0.4172160 0.3831192 0.6388142 0.6157354 
t14        1.5111773 0.8864954 0.7945437 0.9913169 1.3144041 0.2191023 0.6388142 0.6872180 1.0297869 0.6157354 0.0000000 0.4348639 0.4348639 0.6157354 0.6388142 0.6388142 0.7126442 0.6626257 0.1073256 0.0734853 
t15        1.6785349 1.1586745 1.1132061 0.9913169 1.1132061 0.2463781 0.8239592 0.7662384 1.0297869 0.6388142 0.4348639 0.0000000 0.3999739 0.7126442 0.7389627 0.7389627 0.7389627 0.6388142 0.4529370 0.4172160 
t12        1.4396946 0.9198342 0.9198342 0.9198342 1.0297869 0.2191023 0.6872180 0.6626257 1.0703373 0.5299277 0.4348639 0.3999739 0.0000000 0.6157354 0.5504769 0.5933457 0.6157354 0.5504769 0.4348639 0.4172160 
t20        1.2588231 1.1132061 0.9547243 0.7126442 1.1132061 0.4529370 0.3831192 0.4172160 0.5504769 0.1799630 0.6157354 0.7126442 0.6157354 0.0000000 0.2191023 0.1799630 0.4904449 0.4714565 0.6872180 0.6388142 
t2         1.7786835 0.9198342 0.8545757 0.7126442 1.1132061 0.4348639 0.4172160 0.4904449 0.5099265 0.1427653 0.6388142 0.7389627 0.5504769 0.2191023 0.0000000 0.0845966 0.5504769 0.4904449 0.6626257 0.6157354 
t3         1.3744361 1.0297869 0.8239592 0.6626257 1.0297869 0.4172160 0.4348639 0.4904449 0.5099265 0.1427653 0.6388142 0.7389627 0.5933457 0.1799630 0.0845966 0.0000000 0.4714565 0.4529370 0.6626257 0.6157354 
t11        1.2588231 1.0703373 0.8864954 0.8545757 1.0703373 0.4714565 0.5299277 0.4714565 0.8864954 0.4172160 0.7126442 0.7389627 0.6157354 0.4904449 0.5504769 0.4714565 0.0000000 0.0845966 0.7389627 0.6872180 
t18        1.2070784 1.0297869 0.8864954 0.7662384 0.9198342 0.4348639 0.5099265 0.4529370 0.8239592 0.3831192 0.6626257 0.6388142 0.5504769 0.4714565 0.4904449 0.4529370 0.0845966 0.0000000 0.7126442 0.6388142 
t16        2.7182557 0.8239592 0.7662384 1.0297869 1.2588231 0.2326162 0.6157354 0.6872180 0.9913169 0.6388142 0.1073256 0.4529370 0.4348639 0.6872180 0.6626257 0.6626257 0.7389627 0.7126442 0.0000000 0.0517447 
t13        2.0310377 0.8864954 0.8239592 0.9547243 1.3144041 0.2058276 0.6388142 0.7126442 0.9913169 0.6157354 0.0734853 0.4172160 0.4172160 0.6388142 0.6157354 0.6157354 0.6872180 0.6388142 0.0517447 0.0000000 
