20
t3         0.0000000 0.9547243 1.0297869 0.9913169 0.9198342 0.9547243 1.0297869 0.8545757 0.7945437 0.8545757 0.6626257 0.7389627 0.7662384 0.7662384 0.6872180 0.6157354 1.0703373 0.9913169 0.6872180 0.6872180 
t6         0.9547243 0.0000000 1.1132061 1.5901977 1.4396946 1.5901977 1.3144041 1.3744361 1.0297869 0.9547243 0.6626257 1.1132061 1.0297869 1.0703373 1.0703373 1.2070784 1.2070784 1.3744361 0.7662384 0.7662384 
t14        1.0297869 1.1132061 0.0000000 0.7389627 0.7662384 0.7389627 0.6872180 0.8545757 0.8239592 1.0703373 1.2070784 1.2588231 0.9913169 0.8864954 1.1586745 1.2070784 0.7389627 0.7389627 1.1586745 1.1586745 
t18        0.9913169 1.5901977 0.7389627 0.0000000 0.7126442 0.7126442 0.6388142 0.7389627 1.3144041 1.3744361 0.9913169 1.7786835 1.3744361 1.3744361 1.2588231 1.5111773 0.7126442 0.7389627 1.1586745 1.1586745 
t9         0.9198342 1.4396946 0.7662384 0.7126442 0.0000000 0.4714565 0.7945437 0.8545757 1.2070784 1.2588231 1.0703373 1.0297869 1.2588231 1.2070784 0.9913169 0.9198342 0.4714565 0.4714565 1.1586745 1.1586745 
t16        0.9547243 1.5901977 0.7389627 0.7126442 0.4714565 0.0000000 0.7662384 0.7662384 1.0703373 1.3744361 0.9547243 1.2070784 1.2588231 1.0703373 1.0297869 0.9913169 0.4348639 0.4348639 1.2070784 1.2070784 
t10        1.0297869 1.3144041 0.6872180 0.6388142 0.7945437 0.7662384 0.0000000 0.3347153 0.9913169 1.2070784 1.1132061 1.3144041 1.0703373 0.9198342 1.1586745 1.2070784 0.7662384 0.8545757 1.5111773 1.5111773 
t12        0.8545757 1.3744361 0.8545757 0.7389627 0.8545757 0.7662384 0.3347153 0.0000000 0.9913169 1.1586745 0.9913169 1.0703373 0.9198342 0.8545757 1.0297869 0.9547243 0.8545757 0.9547243 1.0703373 1.0703373 
t8         0.7945437 1.0297869 0.8239592 1.3144041 1.2070784 1.0703373 0.9913169 0.9913169 0.0000000 0.3040988 0.6872180 0.6157354 0.2892469 0.3040988 0.5933457 0.5933457 1.1586745 1.1132061 0.7662384 0.7662384 
t2         0.8545757 0.9547243 1.0703373 1.3744361 1.2588231 1.3744361 1.2070784 1.1586745 0.3040988 0.0000000 0.5933457 0.6872180 0.2746833 0.3040988 0.5716050 0.5933457 1.2588231 1.3144041 0.6157354 0.6157354 
t20        0.6626257 0.6626257 1.2070784 0.9913169 1.0703373 0.9547243 1.1132061 0.9913169 0.6872180 0.5933457 0.0000000 0.6872180 0.6388142 0.6388142 0.5716050 0.7126442 0.9913169 1.0703373 0.2603971 0.2463781 
t13        0.7389627 1.1132061 1.2588231 1.7786835 1.0297869 1.2070784 1.3144041 1.0703373 0.6157354 0.6872180 0.6872180 0.0000000 0.5716050 0.6388142 0.2603971 0.3192509 1.1586745 1.0297869 0.9198342 0.9198342 
t1         0.7662384 1.0297869 0.9913169 1.3744361 1.2588231 1.2588231 1.0703373 0.9198342 0.2892469 0.2746833 0.6388142 0.5716050 0.0000000 0.1673577 0.5299277 0.4529370 1.3144041 1.2588231 0.7126442 0.7126442 
t5         0.7662384 1.0703373 0.8864954 1.3744361 1.2070784 1.0703373 0.9198342 0.8545757 0.3040988 0.3040988 0.6388142 0.6388142 0.1673577 0.0000000 0.5716050 0.4714565 1.3144041 1.2070784 0.7662384 0.7662384 
t15        0.6872180 1.0703373 1.1586745 1.2588231 0.9913169 1.0297869 1.1586745 1.0297869 0.5933457 0.5716050 0.5716050 0.2603971 0.5299277 0.5716050 0.0000000 0.2191023 0.9913169 0.9547243 0.7945437 0.7662384 
t7         0.6157354 1.2070784 1.2070784 1.5111773 0.9198342 0.9913169 1.2070784 0.9547243 0.5933457 0.5933457 0.7126442 0.3192509 0.4529370 0.4714565 0.2191023 0.0000000 1.0703373 1.0703373 0.8239592 0.8239592 
t19        1.0703373 1.2070784 0.7389627 0.7126442 0.4714565 0.4348639 0.7662384 0.8545757 1.1586745 1.2588231 0.9913169 1.1586745 1.3144041 1.3144041 0.9913169 1.0703373 0.0000000 0.0845966 1.3744361 1.3744361 
t11        0.9913169 1.3744361 0.7389627 0.7389627 0.4714565 0.4348639 0.8545757 0.9547243 1.1132061 1.3144041 1.0703373 1.0297869 1.2588231 1.2070784 0.9547243 1.0703373 0.0845966 0.0000000 1.2588231 1.2588231 
t17        0.6872180 0.7662384 1.1586745 1.1586745 1.1586745 1.2070784 1.5111773 1.0703373 0.7662384 0.6157354 0.2603971 0.9198342 0.7126442 0.7662384 0.7945437 0.8239592 1.3744361 1.2588231 0.0000000 0.0100673 
t4         0.6872180 0.7662384 1.1586745 1.1586745 1.1586745 1.2070784 1.5111773 1.0703373 0.7662384 0.6157354 0.2463781 0.9198342 0.7126442 0.7662384 0.7662384 0.8239592 1.3744361 1.2588231 0.0100673 0.0000000 
