20
t19        0.0000000 1.4396946 1.0297869 1.6785349 2.0310377 1.1132061 1.7786835 1.1132061 9.0000000 1.3144041 1.2070784 9.0000000 1.5111773 1.3144041 1.5901977 2.4141569 9.0000000 2.1983953 2.4141569 2.1983953 
t11        1.4396946 0.0000000 1.7786835 3.2381161 2.7182557 9.0000000 2.1983953 1.6785349 9.0000000 2.1983953 2.0310377 9.0000000 2.1983953 2.7182557 9.0000000 9.0000000 9.0000000 2.7182557 9.0000000 9.0000000 
t2         1.0297869 1.7786835 0.0000000 1.3744361 9.0000000 1.5111773 1.1132061 1.1586745 2.4141569 1.3744361 1.3144041 9.0000000 2.0310377 2.0310377 1.3744361 1.5901977 9.0000000 9.0000000 3.2381161 2.7182557 
t18        1.6785349 3.2381161 1.3744361 0.0000000 9.0000000 1.1586745 1.3144041 2.1983953 2.7182557 2.7182557 2.1983953 2.7182557 9.0000000 9.0000000 1.4396946 1.5111773 9.0000000 9.0000000 9.0000000 9.0000000 
t3         2.0310377 2.7182557 9.0000000 9.0000000 0.0000000 2.7182557 9.0000000 3.2381161 1.2588231 9.0000000 9.0000000 2.0310377 9.0000000 9.0000000 9.0000000 2.4141569 3.2381161 2.4141569 2.1983953 2.1983953 
t7         1.1132061 9.0000000 1.5111773 1.1586745 2.7182557 0.0000000 2.0310377 1.2070784 9.0000000 1.6785349 1.5901977 9.0000000 1.5901977 1.3744361 0.5504769 0.7945437 9.0000000 9.0000000 9.0000000 9.0000000 
t20        1.7786835 2.1983953 1.1132061 1.3144041 9.0000000 2.0310377 0.0000000 1.2588231 2.1983953 9.0000000 2.0310377 9.0000000 2.7182557 9.0000000 2.1983953 2.7182557 1.5901977 2.1983953 9.0000000 2.4141569 
t4         1.1132061 1.6785349 1.1586745 2.1983953 3.2381161 1.2070784 1.2588231 0.0000000 9.0000000 1.4396946 1.2588231 9.0000000 1.4396946 2.4141569 1.7786835 3.2381161 9.0000000 9.0000000 9.0000000 9.0000000 
t14        9.0000000 9.0000000 2.4141569 2.7182557 1.2588231 9.0000000 2.1983953 9.0000000 0.0000000 3.2381161 9.0000000 1.6785349 2.7182557 9.0000000 9.0000000 9.0000000 3.2381161 1.3744361 2.4141569 2.7182557 
t12        1.3144041 2.1983953 1.3744361 2.7182557 9.0000000 1.6785349 9.0000000 1.4396946 3.2381161 0.0000000 0.5716050 9.0000000 1.6785349 0.8864954 9.0000000 9.0000000 9.0000000 9.0000000 2.4141569 2.7182557 
t13        1.2070784 2.0310377 1.3144041 2.1983953 9.0000000 1.5901977 2.0310377 1.2588231 9.0000000 0.5716050 0.0000000 9.0000000 1.2588231 0.7945437 2.7182557 9.0000000 9.0000000 9.0000000 2.7182557 3.2381161 
t10        9.0000000 9.0000000 9.0000000 2.7182557 2.0310377 9.0000000 9.0000000 9.0000000 1.6785349 9.0000000 9.0000000 0.0000000 1.4396946 2.1983953 9.0000000 1.8942965 1.0297869 0.9547243 2.0310377 9.0000000 
t5         1.5111773 2.1983953 2.0310377 9.0000000 9.0000000 1.5901977 2.7182557 1.4396946 2.7182557 1.6785349 1.2588231 1.4396946 0.0000000 0.5933457 2.4141569 9.0000000 3.2381161 9.0000000 9.0000000 9.0000000 
t16        1.3144041 2.7182557 2.0310377 9.0000000 9.0000000 1.3744361 9.0000000 2.4141569 9.0000000 0.8864954 0.7945437 2.1983953 0.5933457 0.0000000 2.7182557 9.0000000 9.0000000 3.2381161 9.0000000 9.0000000 
t8         1.5901977 9.0000000 1.3744361 1.4396946 9.0000000 0.5504769 2.1983953 1.7786835 9.0000000 9.0000000 2.7182557 9.0000000 2.4141569 2.7182557 0.0000000 0.5504769 9.0000000 9.0000000 1.7786835 2.4141569 
t6         2.4141569 9.0000000 1.5901977 1.5111773 2.4141569 0.7945437 2.7182557 3.2381161 9.0000000 9.0000000 9.0000000 1.8942965 9.0000000 9.0000000 0.5504769 0.0000000 3.2381161 9.0000000 2.4141569 9.0000000 
t1         9.0000000 9.0000000 9.0000000 9.0000000 3.2381161 9.0000000 1.5901977 9.0000000 3.2381161 9.0000000 9.0000000 1.0297869 3.2381161 9.0000000 9.0000000 3.2381161 0.0000000 0.9198342 9.0000000 3.2381161 
t9         2.1983953 2.7182557 9.0000000 9.0000000 2.4141569 9.0000000 2.1983953 9.0000000 1.3744361 9.0000000 9.0000000 0.9547243 9.0000000 3.2381161 9.0000000 9.0000000 0.9198342 0.0000000 9.0000000 3.2381161 
t17        2.4141569 9.0000000 3.2381161 9.0000000 2.1983953 9.0000000 9.0000000 9.0000000 2.4141569 2.4141569 2.7182557 2.0310377 9.0000000 9.0000000 1.7786835 2.4141569 9.0000000 9.0000000 0.0000000 0.0625362 
t15        2.1983953 9.0000000 2.7182557 9.0000000 2.1983953 9.0000000 2.4141569 9.0000000 2.7182557 2.7182557 3.2381161 9.0000000 9.0000000 9.0000000 2.4141569 9.0000000 3.2381161 3.2381161 0.0625362 0.0000000 
