20
t16        0.0000000 2.1983953 1.3144041 1.2588231 1.4396946 1.1132061 1.2070784 1.8942965 2.0310377 1.6785349 1.5111773 1.2070784 1.5111773 1.4396946 1.2588231 1.3144041 1.2070784 1.3144041 1.0297869 1.1132061 
t1         2.1983953 0.0000000 0.9913169 1.4396946 1.1586745 1.1132061 1.0703373 1.4396946 1.3144041 1.3144041 1.2070784 0.8545757 1.3144041 1.3744361 0.9913169 0.8864954 1.2588231 1.3744361 0.9913169 1.0297869 
t8         1.3144041 0.9913169 0.0000000 0.9547243 0.8545757 0.6388142 0.6626257 1.0703373 0.9547243 1.2588231 1.0703373 0.7662384 1.2588231 1.2070784 0.8239592 0.7662384 0.9198342 0.9913169 0.5933457 0.5933457 
t12        1.2588231 1.4396946 0.9547243 0.0000000 1.1586745 0.7389627 0.8864954 1.5111773 1.3744361 1.4396946 1.0703373 0.8239592 1.1132061 1.1586745 0.8239592 0.9198342 1.4396946 1.4396946 0.7126442 0.7389627 
t4         1.4396946 1.1586745 0.8545757 1.1586745 0.0000000 0.7945437 0.9547243 1.2588231 1.0297869 0.9913169 0.5504769 0.8239592 0.6388142 0.6157354 0.8864954 1.0297869 0.8545757 0.9198342 0.9913169 1.0297869 
t15        1.1132061 1.1132061 0.6388142 0.7389627 0.7945437 0.0000000 0.2326162 1.4396946 1.2070784 1.4396946 0.8864954 0.5299277 0.9547243 1.1586745 0.5299277 0.5099265 0.9198342 0.8239592 0.2463781 0.2463781 
t3         1.2070784 1.0703373 0.6626257 0.8864954 0.9547243 0.2326162 0.0000000 1.3144041 1.2070784 1.2588231 0.9198342 0.5933457 1.1132061 1.2070784 0.6157354 0.5299277 1.3144041 1.1586745 0.1549607 0.1549607 
t13        1.8942965 1.4396946 1.0703373 1.5111773 1.2588231 1.4396946 1.3144041 0.0000000 0.1799630 0.2463781 1.0703373 1.1586745 1.1132061 1.0297869 1.2588231 1.5111773 0.7662384 0.7945437 1.2588231 1.1586745 
t9         2.0310377 1.3144041 0.9547243 1.3744361 1.0297869 1.2070784 1.2070784 0.1799630 0.0000000 0.2326162 1.2588231 1.2070784 1.2588231 1.1586745 1.2588231 1.6785349 0.7126442 0.7389627 1.1586745 1.0703373 
t18        1.6785349 1.3144041 1.2588231 1.4396946 0.9913169 1.4396946 1.2588231 0.2463781 0.2326162 0.0000000 1.3144041 1.2070784 1.4396946 1.2070784 1.2588231 1.5901977 0.7389627 0.8239592 1.3144041 1.2070784 
t17        1.5111773 1.2070784 1.0703373 1.0703373 0.5504769 0.8864954 0.9198342 1.0703373 1.2588231 1.3144041 0.0000000 0.7945437 0.0958750 0.1307650 1.0297869 1.1132061 1.6785349 1.5901977 0.8545757 0.9198342 
t6         1.2070784 0.8545757 0.7662384 0.8239592 0.8239592 0.5299277 0.5933457 1.1586745 1.2070784 1.2070784 0.7945437 0.0000000 0.9198342 1.0297869 0.2058276 0.1927838 0.9547243 1.0703373 0.5504769 0.5504769 
t5         1.5111773 1.3144041 1.2588231 1.1132061 0.6388142 0.9547243 1.1132061 1.1132061 1.2588231 1.4396946 0.0958750 0.9198342 0.0000000 0.1673577 0.9913169 1.0703373 1.4396946 1.3744361 1.0703373 1.1586745 
t20        1.4396946 1.3744361 1.2070784 1.1586745 0.6157354 1.1586745 1.2070784 1.0297869 1.1586745 1.2070784 0.1307650 1.0297869 0.1673577 0.0000000 1.1586745 1.4396946 1.5901977 1.8942965 1.1132061 1.2070784 
t14        1.2588231 0.9913169 0.8239592 0.8239592 0.8864954 0.5299277 0.6157354 1.2588231 1.2588231 1.2588231 1.0297869 0.2058276 0.9913169 1.1586745 0.0000000 0.1799630 0.8239592 0.8864954 0.6157354 0.6157354 
t19        1.3144041 0.8864954 0.7662384 0.9198342 1.0297869 0.5099265 0.5299277 1.5111773 1.6785349 1.5901977 1.1132061 0.1927838 1.0703373 1.4396946 0.1799630 0.0000000 0.9547243 0.9913169 0.5933457 0.5933457 
t10        1.2070784 1.2588231 0.9198342 1.4396946 0.8545757 0.9198342 1.3144041 0.7662384 0.7126442 0.7389627 1.6785349 0.9547243 1.4396946 1.5901977 0.8239592 0.9547243 0.0000000 0.0517447 1.0297869 0.9913169 
t11        1.3144041 1.3744361 0.9913169 1.4396946 0.9198342 0.8239592 1.1586745 0.7945437 0.7389627 0.8239592 1.5901977 1.0703373 1.3744361 1.8942965 0.8864954 0.9913169 0.0517447 0.0000000 0.9198342 0.8864954 
t2         1.0297869 0.9913169 0.5933457 0.7126442 0.9913169 0.2463781 0.1549607 1.2588231 1.1586745 1.3144041 0.8545757 0.5504769 1.0703373 1.1132061 0.6157354 0.5933457 1.0297869 0.9198342 0.0000000 0.0202715 
t7         1.1132061 1.0297869 0.5933457 0.7389627 1.0297869 0.2463781 0.1549607 1.1586745 1.0703373 1.2070784 0.9198342 0.5504769 1.1586745 1.2070784 0.6157354 0.5933457 0.9913169 0.8864954 0.0202715 0.0000000 
