20
t11        0.0000000 3.2381161 1.2588231 3.2381161 0.7662384 1.3744361 1.2070784 1.3144041 1.3744361 1.5111773 1.5901977 0.8864954 1.8942965 0.9547243 0.8864954 0.7389627 0.6388142 0.8864954 1.0297869 1.0297869 
t8         3.2381161 0.0000000 2.1983953 1.8942965 2.0310377 2.1983953 9.0000000 2.0310377 3.2381161 9.0000000 9.0000000 2.1983953 2.1983953 2.1983953 2.4141569 2.7182557 3.2381161 9.0000000 9.0000000 9.0000000 
t20        1.2588231 2.1983953 0.0000000 3.2381161 1.2588231 2.7182557 2.1983953 1.7786835 1.5111773 2.1983953 9.0000000 1.6785349 1.7786835 1.2588231 1.8942965 1.3144041 1.3144041 2.4141569 3.2381161 3.2381161 
t5         3.2381161 1.8942965 3.2381161 0.0000000 2.4141569 3.2381161 1.8942965 2.0310377 2.0310377 9.0000000 9.0000000 1.7786835 2.7182557 2.7182557 2.7182557 9.0000000 2.7182557 2.1983953 2.1983953 2.0310377 
t14        0.7662384 2.0310377 1.2588231 2.4141569 0.0000000 1.7786835 1.1586745 1.3144041 1.1586745 1.5111773 2.0310377 0.7662384 0.7389627 0.6388142 0.8864954 0.6626257 0.5716050 0.7662384 0.7126442 0.7126442 
t12        1.3744361 2.1983953 2.7182557 3.2381161 1.7786835 0.0000000 1.8942965 1.5111773 1.5111773 9.0000000 2.7182557 1.2588231 1.8942965 1.7786835 1.1586745 1.3744361 1.1132061 2.4141569 3.2381161 3.2381161 
t10        1.2070784 9.0000000 2.1983953 1.8942965 1.1586745 1.8942965 0.0000000 1.5901977 1.8942965 0.8864954 0.7945437 1.1586745 1.6785349 1.1586745 1.0297869 1.1132061 0.8239592 1.1132061 1.2588231 1.2070784 
t3         1.3144041 2.0310377 1.7786835 2.0310377 1.3144041 1.5111773 1.5901977 0.0000000 0.5716050 1.5111773 2.1983953 1.6785349 1.4396946 1.4396946 1.4396946 1.2070784 1.4396946 1.1586745 1.2070784 1.1132061 
t15        1.3744361 3.2381161 1.5111773 2.0310377 1.1586745 1.5111773 1.8942965 0.5716050 0.0000000 2.4141569 2.7182557 1.6785349 1.1586745 1.5111773 1.2070784 1.0703373 1.2070784 1.3744361 1.3144041 1.2070784 
t6         1.5111773 9.0000000 2.1983953 9.0000000 1.5111773 9.0000000 0.8864954 1.5111773 2.4141569 0.0000000 0.7945437 1.1586745 1.8942965 1.8942965 1.0703373 1.3744361 1.1132061 1.3144041 1.6785349 1.5901977 
t18        1.5901977 9.0000000 9.0000000 9.0000000 2.0310377 2.7182557 0.7945437 2.1983953 2.7182557 0.7945437 0.0000000 1.5901977 2.4141569 3.2381161 2.0310377 2.1983953 1.8942965 2.0310377 2.1983953 1.8942965 
t7         0.8864954 2.1983953 1.6785349 1.7786835 0.7662384 1.2588231 1.1586745 1.6785349 1.6785349 1.1586745 1.5901977 0.0000000 1.2070784 0.8864954 0.5933457 0.5933457 0.4529370 0.9913169 1.1586745 1.1132061 
t1         1.8942965 2.1983953 1.7786835 2.7182557 0.7389627 1.8942965 1.6785349 1.4396946 1.1586745 1.8942965 2.4141569 1.2070784 0.0000000 0.5504769 1.2588231 0.9198342 1.0297869 1.3744361 1.2070784 1.2070784 
t13        0.9547243 2.1983953 1.2588231 2.7182557 0.6388142 1.7786835 1.1586745 1.4396946 1.5111773 1.8942965 3.2381161 0.8864954 0.5504769 0.0000000 0.9198342 0.7662384 0.6388142 0.8239592 0.8864954 0.8545757 
t2         0.8864954 2.4141569 1.8942965 2.7182557 0.8864954 1.1586745 1.0297869 1.4396946 1.2070784 1.0703373 2.0310377 0.5933457 1.2588231 0.9198342 0.0000000 0.5099265 0.3505054 0.9198342 0.9913169 0.9913169 
t9         0.7389627 2.7182557 1.3144041 9.0000000 0.6626257 1.3744361 1.1132061 1.2070784 1.0703373 1.3744361 2.1983953 0.5933457 0.9198342 0.7662384 0.5099265 0.0000000 0.2746833 1.1586745 1.2070784 1.1586745 
t4         0.6388142 3.2381161 1.3144041 2.7182557 0.5716050 1.1132061 0.8239592 1.4396946 1.2070784 1.1132061 1.8942965 0.4529370 1.0297869 0.6388142 0.3505054 0.2746833 0.0000000 0.8239592 0.9198342 0.8864954 
t16        0.8864954 9.0000000 2.4141569 2.1983953 0.7662384 2.4141569 1.1132061 1.1586745 1.3744361 1.3144041 2.0310377 0.9913169 1.3744361 0.8239592 0.9198342 1.1586745 0.8239592 0.0000000 0.0958750 0.0734853 
t17        1.0297869 9.0000000 3.2381161 2.1983953 0.7126442 3.2381161 1.2588231 1.2070784 1.3144041 1.6785349 2.1983953 1.1586745 1.2070784 0.8864954 0.9913169 1.2070784 0.9198342 0.0958750 0.0000000 0.0202715 
t19        1.0297869 9.0000000 3.2381161 2.0310377 0.7126442 3.2381161 1.2070784 1.1132061 1.2070784 1.5901977 1.8942965 1.1132061 1.2070784 0.8545757 0.9913169 1.1586745 0.8864954 0.0734853 0.0202715 0.0000000 
