20
t20        0.0000000 1.4396946 1.2588231 1.0297869 0.8239592 1.0297869 1.0297869 1.0703373 1.1132061 0.7389627 0.8545757 2.1983953 1.2588231 0.9547243 0.8545757 2.0310377 1.3744361 1.2070784 2.0310377 1.8942965 
t2         1.4396946 0.0000000 0.7662384 0.6157354 1.0297869 1.0703373 0.8864954 0.6388142 0.6626257 0.6157354 0.8239592 1.4396946 0.7389627 1.2588231 0.8864954 1.3744361 0.8239592 0.7945437 1.3744361 1.6785349 
t19        1.2588231 0.7662384 0.0000000 0.5716050 1.1132061 1.1132061 0.5504769 0.6626257 0.7126442 0.5933457 0.7945437 0.9198342 0.5716050 1.0297869 1.0703373 0.7389627 0.9547243 0.8864954 0.7662384 0.9198342 
t6         1.0297869 0.6157354 0.5716050 0.0000000 0.8239592 1.2588231 0.6872180 0.4529370 0.4529370 0.3831192 0.5716050 0.9913169 0.6388142 1.2588231 1.0297869 0.8864954 0.8239592 0.7126442 0.7945437 0.9913169 
t5         0.8239592 1.0297869 1.1132061 0.8239592 0.0000000 0.5299277 1.1586745 0.8864954 0.7945437 0.8239592 0.9913169 1.1132061 1.2070784 0.9547243 0.8545757 1.0703373 1.1132061 1.0297869 1.0703373 1.1586745 
t7         1.0297869 1.0703373 1.1132061 1.2588231 0.5299277 0.0000000 1.2070784 0.8864954 0.8239592 0.9198342 1.2588231 1.3144041 1.3144041 1.0297869 0.7662384 1.3144041 1.1586745 1.2070784 1.3744361 1.3144041 
t10        1.0297869 0.8864954 0.5504769 0.6872180 1.1586745 1.2070784 0.0000000 0.7126442 0.6626257 0.6388142 0.7945437 0.8239592 0.8239592 1.2588231 0.9913169 0.7389627 0.8239592 0.8545757 0.7126442 0.8545757 
t14        1.0703373 0.6388142 0.6626257 0.4529370 0.8864954 0.8864954 0.7126442 0.0000000 0.1427653 0.5504769 0.8239592 0.9198342 0.4529370 0.8864954 0.8545757 0.9913169 0.4714565 0.4904449 1.0297869 1.1132061 
t16        1.1132061 0.6626257 0.7126442 0.4529370 0.7945437 0.8239592 0.6626257 0.1427653 0.0000000 0.5099265 0.7389627 0.8864954 0.3999739 0.9547243 0.9913169 1.0703373 0.4714565 0.4348639 1.0297869 1.0297869 
t13        0.7389627 0.6157354 0.5933457 0.3831192 0.8239592 0.9198342 0.6388142 0.5504769 0.5099265 0.0000000 0.3666350 0.9913169 0.6872180 1.0297869 0.8545757 0.9547243 0.8239592 0.7389627 0.8864954 1.0297869 
t17        0.8545757 0.8239592 0.7945437 0.5716050 0.9913169 1.2588231 0.7945437 0.8239592 0.7389627 0.3666350 0.0000000 1.0703373 0.9547243 1.3144041 0.9913169 1.4396946 1.1132061 1.0703373 1.2070784 1.5111773 
t4         2.1983953 1.4396946 0.9198342 0.9913169 1.1132061 1.3144041 0.8239592 0.9198342 0.8864954 0.9913169 1.0703373 0.0000000 1.2588231 1.7786835 1.6785349 0.4714565 0.8864954 1.0297869 0.4904449 0.7126442 
t12        1.2588231 0.7389627 0.5716050 0.6388142 1.2070784 1.3144041 0.8239592 0.4529370 0.3999739 0.6872180 0.9547243 1.2588231 0.0000000 1.6785349 1.5901977 1.1586745 0.3831192 0.3192509 1.2588231 1.2070784 
t11        0.9547243 1.2588231 1.0297869 1.2588231 0.9547243 1.0297869 1.2588231 0.8864954 0.9547243 1.0297869 1.3144041 1.7786835 1.6785349 0.0000000 0.3040988 1.8942965 1.4396946 1.8942965 2.1983953 2.4141569 
t3         0.8545757 0.8864954 1.0703373 1.0297869 0.8545757 0.7662384 0.9913169 0.8545757 0.9913169 0.8545757 0.9913169 1.6785349 1.5901977 0.3040988 0.0000000 1.6785349 1.5111773 2.1983953 1.8942965 2.1983953 
t1         2.0310377 1.3744361 0.7389627 0.8864954 1.0703373 1.3144041 0.7389627 0.9913169 1.0703373 0.9547243 1.4396946 0.4714565 1.1586745 1.8942965 1.6785349 0.0000000 1.1132061 1.0703373 0.0734853 0.1927838 
t8         1.3744361 0.8239592 0.9547243 0.8239592 1.1132061 1.1586745 0.8239592 0.4714565 0.4714565 0.8239592 1.1132061 0.8864954 0.3831192 1.4396946 1.5111773 1.1132061 0.0000000 0.1189538 1.1132061 1.1132061 
t9         1.2070784 0.7945437 0.8864954 0.7126442 1.0297869 1.2070784 0.8545757 0.4904449 0.4348639 0.7389627 1.0703373 1.0297869 0.3192509 1.8942965 2.1983953 1.0703373 0.1189538 0.0000000 1.0703373 0.9913169 
t18        2.0310377 1.3744361 0.7662384 0.7945437 1.0703373 1.3744361 0.7126442 1.0297869 1.0297869 0.8864954 1.2070784 0.4904449 1.2588231 2.1983953 1.8942965 0.0734853 1.1132061 1.0703373 0.0000000 0.2058276 
t15        1.8942965 1.6785349 0.9198342 0.9913169 1.1586745 1.3144041 0.8545757 1.1132061 1.0297869 1.0297869 1.5111773 0.7126442 1.2070784 2.4141569 2.1983953 0.1927838 1.1132061 0.9913169 0.2058276 0.0000000 
