20
t17        0.0000000 1.3744361 1.0297869 0.5716050 0.7662384 1.2070784 1.0703373 1.7786835 3.2381161 1.1132061 1.0297869 1.5901977 1.8942965 1.5901977 0.9913169 1.1586745 1.5901977 1.7786835 1.3744361 1.3744361 
t1         1.3744361 0.0000000 1.1132061 0.9913169 1.1586745 0.9547243 1.3744361 2.7182557 1.8942965 2.0310377 1.5111773 1.6785349 1.3744361 1.6785349 1.4396946 1.3744361 2.4141569 1.5901977 1.1586745 1.5111773 
t10        1.0297869 1.1132061 0.0000000 0.7945437 1.3744361 1.1586745 1.2070784 2.0310377 2.4141569 1.1132061 1.1586745 1.8942965 1.6785349 1.3744361 1.2588231 1.1586745 1.3144041 1.8942965 1.3144041 1.2588231 
t14        0.5716050 0.9913169 0.7945437 0.0000000 0.4172160 0.5716050 0.7662384 1.6785349 9.0000000 0.8545757 0.9913169 1.5901977 1.4396946 1.5901977 1.1132061 0.9547243 1.0297869 1.0703373 1.1586745 1.5111773 
t2         0.7662384 1.1586745 1.3744361 0.4172160 0.0000000 0.8545757 1.0703373 1.4396946 3.2381161 1.0297869 1.1132061 1.6785349 1.6785349 2.1983953 1.2588231 1.2070784 1.3744361 1.5901977 1.3144041 2.1983953 
t11        1.2070784 0.9547243 1.1586745 0.5716050 0.8545757 0.0000000 1.3144041 1.5901977 1.7786835 1.6785349 1.4396946 1.5111773 1.5111773 1.8942965 1.7786835 1.8942965 1.7786835 1.6785349 1.5111773 2.1983953 
t3         1.0703373 1.3744361 1.2070784 0.7662384 1.0703373 1.3144041 0.0000000 3.2381161 9.0000000 1.2070784 1.1586745 2.7182557 2.4141569 1.6785349 1.4396946 1.5901977 2.1983953 1.6785349 1.5111773 1.8942965 
t16        1.7786835 2.7182557 2.0310377 1.6785349 1.4396946 1.5901977 3.2381161 0.0000000 0.9547243 9.0000000 2.7182557 0.9913169 0.6626257 9.0000000 9.0000000 9.0000000 9.0000000 9.0000000 2.4141569 2.7182557 
t4         3.2381161 1.8942965 2.4141569 9.0000000 3.2381161 1.7786835 9.0000000 0.9547243 0.0000000 3.2381161 9.0000000 1.2588231 0.8239592 9.0000000 3.2381161 2.1983953 9.0000000 2.0310377 1.8942965 9.0000000 
t19        1.1132061 2.0310377 1.1132061 0.8545757 1.0297869 1.6785349 1.2070784 9.0000000 3.2381161 0.0000000 0.6626257 2.1983953 3.2381161 2.1983953 1.5111773 1.6785349 1.1586745 1.5111773 1.5901977 1.5111773 
t13        1.0297869 1.5111773 1.1586745 0.9913169 1.1132061 1.4396946 1.1586745 2.7182557 9.0000000 0.6626257 0.0000000 3.2381161 9.0000000 2.7182557 1.4396946 1.3744361 1.6785349 1.5111773 1.2070784 1.5901977 
t15        1.5901977 1.6785349 1.8942965 1.5901977 1.6785349 1.5111773 2.7182557 0.9913169 1.2588231 2.1983953 3.2381161 0.0000000 0.6388142 2.1983953 1.8942965 1.4396946 1.7786835 2.1983953 2.4141569 1.5111773 
t12        1.8942965 1.3744361 1.6785349 1.4396946 1.6785349 1.5111773 2.4141569 0.6626257 0.8239592 3.2381161 9.0000000 0.6388142 0.0000000 9.0000000 2.4141569 2.4141569 2.4141569 9.0000000 2.4141569 1.5901977 
t9         1.5901977 1.6785349 1.3744361 1.5901977 2.1983953 1.8942965 1.6785349 9.0000000 9.0000000 2.1983953 2.7182557 2.1983953 9.0000000 0.0000000 0.4904449 0.3831192 0.9198342 0.9913169 0.7126442 0.6388142 
t8         0.9913169 1.4396946 1.2588231 1.1132061 1.2588231 1.7786835 1.4396946 9.0000000 3.2381161 1.5111773 1.4396946 1.8942965 2.4141569 0.4904449 0.0000000 0.2463781 0.7126442 0.7126442 0.5504769 0.6872180 
t18        1.1586745 1.3744361 1.1586745 0.9547243 1.2070784 1.8942965 1.5901977 9.0000000 2.1983953 1.6785349 1.3744361 1.4396946 2.4141569 0.3831192 0.2463781 0.0000000 0.5099265 0.5299277 0.4714565 0.5504769 
t20        1.5901977 2.4141569 1.3144041 1.0297869 1.3744361 1.7786835 2.1983953 9.0000000 9.0000000 1.1586745 1.6785349 1.7786835 2.4141569 0.9198342 0.7126442 0.5099265 0.0000000 0.3505054 0.9198342 0.9547243 
t7         1.7786835 1.5901977 1.8942965 1.0703373 1.5901977 1.6785349 1.6785349 9.0000000 2.0310377 1.5111773 1.5111773 2.1983953 9.0000000 0.9913169 0.7126442 0.5299277 0.3505054 0.0000000 0.8864954 0.9547243 
t6         1.3744361 1.1586745 1.3144041 1.1586745 1.3144041 1.5111773 1.5111773 2.4141569 1.8942965 1.5901977 1.2070784 2.4141569 2.4141569 0.7126442 0.5504769 0.4714565 0.9198342 0.8864954 0.0000000 0.4714565 
t5         1.3744361 1.5111773 1.2588231 1.5111773 2.1983953 2.1983953 1.8942965 2.7182557 9.0000000 1.5111773 1.5901977 1.5111773 1.5901977 0.6388142 0.6872180 0.5504769 0.9547243 0.9547243 0.4714565 0.0000000 
