20
t16        0.0000000 0.6157354 1.2588231 0.6157354 1.2588231 2.1983953 1.3744361 1.5111773 0.8545757 2.0310377 9.0000000 1.7786835 2.7182557 1.5901977 1.5901977 2.4141569 0.7126442 0.6872180 9.0000000 9.0000000 
t11        0.6157354 0.0000000 0.6157354 0.5716050 1.2070784 2.0310377 1.2588231 1.1132061 0.7389627 1.3744361 3.2381161 1.2588231 1.3144041 1.5901977 1.5111773 2.7182557 0.5716050 0.5933457 9.0000000 9.0000000 
t18        1.2588231 0.6157354 0.0000000 1.1132061 1.3144041 1.5111773 1.7786835 1.6785349 1.6785349 1.7786835 9.0000000 2.4141569 2.4141569 9.0000000 9.0000000 9.0000000 1.2588231 1.2588231 9.0000000 9.0000000 
t14        0.6157354 0.5716050 1.1132061 0.0000000 1.2070784 2.1983953 1.4396946 0.8864954 0.6626257 3.2381161 9.0000000 1.3744361 1.5111773 2.4141569 2.1983953 9.0000000 0.4714565 0.5716050 9.0000000 9.0000000 
t19        1.2588231 1.2070784 1.3144041 1.2070784 0.0000000 9.0000000 9.0000000 2.0310377 1.5901977 2.4141569 9.0000000 9.0000000 9.0000000 2.7182557 2.4141569 9.0000000 1.2588231 1.3144041 9.0000000 9.0000000 
t15        2.1983953 2.0310377 1.5111773 2.1983953 9.0000000 0.0000000 0.7945437 1.5901977 9.0000000 0.9198342 1.3744361 9.0000000 2.4141569 0.9913169 1.1586745 1.2588231 2.7182557 3.2381161 1.7786835 1.5901977 
t7         1.3744361 1.2588231 1.7786835 1.4396946 9.0000000 0.7945437 0.0000000 1.7786835 1.3144041 0.5099265 2.7182557 1.7786835 1.5111773 0.4348639 0.5933457 0.6872180 1.3744361 1.5111773 0.9198342 0.9198342 
t17        1.5111773 1.1132061 1.6785349 0.8864954 2.0310377 1.5901977 1.7786835 0.0000000 0.7945437 2.1983953 9.0000000 2.1983953 1.8942965 1.7786835 1.6785349 1.5111773 0.9547243 1.0703373 1.3144041 1.4396946 
t20        0.8545757 0.7389627 1.6785349 0.6626257 1.5901977 9.0000000 1.3144041 0.7945437 0.0000000 2.1983953 2.1983953 1.6785349 1.3744361 2.0310377 1.8942965 2.7182557 0.5099265 0.5504769 3.2381161 9.0000000 
t2         2.0310377 1.3744361 1.7786835 3.2381161 2.4141569 0.9198342 0.5099265 2.1983953 2.1983953 0.0000000 2.1983953 2.0310377 2.0310377 0.3347153 0.3999739 0.5099265 2.0310377 1.6785349 0.6388142 0.6626257 
t1         9.0000000 3.2381161 9.0000000 9.0000000 9.0000000 1.3744361 2.7182557 9.0000000 2.1983953 2.1983953 0.0000000 2.4141569 1.3744361 1.8942965 2.0310377 1.5111773 2.4141569 3.2381161 2.4141569 3.2381161 
t6         1.7786835 1.2588231 2.4141569 1.3744361 9.0000000 9.0000000 1.7786835 2.1983953 1.6785349 2.0310377 2.4141569 0.0000000 0.2746833 1.8942965 2.7182557 2.4141569 1.2588231 1.3144041 2.4141569 9.0000000 
t5         2.7182557 1.3144041 2.4141569 1.5111773 9.0000000 2.4141569 1.5111773 1.8942965 1.3744361 2.0310377 1.3744361 0.2746833 0.0000000 2.1983953 1.7786835 2.0310377 1.3744361 1.5111773 1.6785349 2.1983953 
t8         1.5901977 1.5901977 9.0000000 2.4141569 2.7182557 0.9913169 0.4348639 1.7786835 2.0310377 0.3347153 1.8942965 1.8942965 2.1983953 0.0000000 0.1549607 0.3505054 1.6785349 1.7786835 0.4904449 0.4904449 
t12        1.5901977 1.5111773 9.0000000 2.1983953 2.4141569 1.1586745 0.5933457 1.6785349 1.8942965 0.3999739 2.0310377 2.7182557 1.7786835 0.1549607 0.0000000 0.4172160 1.3744361 1.5901977 0.5099265 0.5099265 
t3         2.4141569 2.7182557 9.0000000 9.0000000 9.0000000 1.2588231 0.6872180 1.5111773 2.7182557 0.5099265 1.5111773 2.4141569 2.0310377 0.3505054 0.4172160 0.0000000 2.1983953 2.4141569 0.1927838 0.2463781 
t10        0.7126442 0.5716050 1.2588231 0.4714565 1.2588231 2.7182557 1.3744361 0.9547243 0.5099265 2.0310377 2.4141569 1.2588231 1.3744361 1.6785349 1.3744361 2.1983953 0.0000000 0.0845966 2.4141569 2.7182557 
t4         0.6872180 0.5933457 1.2588231 0.5716050 1.3144041 3.2381161 1.5111773 1.0703373 0.5504769 1.6785349 3.2381161 1.3144041 1.5111773 1.7786835 1.5901977 2.4141569 0.0845966 0.0000000 2.7182557 3.2381161 
t13        9.0000000 9.0000000 9.0000000 9.0000000 9.0000000 1.7786835 0.9198342 1.3144041 3.2381161 0.6388142 2.4141569 2.4141569 1.6785349 0.4904449 0.5099265 0.1927838 2.4141569 2.7182557 0.0000000 0.0517447 
t9         9.0000000 9.0000000 9.0000000 9.0000000 9.0000000 1.5901977 0.9198342 1.4396946 9.0000000 0.6626257 3.2381161 9.0000000 2.1983953 0.4904449 0.5099265 0.2463781 2.7182557 3.2381161 0.0517447 0.0000000 
