20
t9         0.0000000 1.8942965 1.3744361 2.0310377 1.8942965 1.7786835 1.2070784 1.2588231 1.2070784 1.3144041 2.0310377 2.1983953 1.2070784 1.3144041 1.7786835 1.7786835 1.7786835 2.0310377 9.0000000 2.7182557 
t6         1.8942965 0.0000000 1.4396946 0.9198342 1.0297869 1.2588231 0.9547243 1.0703373 0.7389627 0.8545757 0.9198342 1.0703373 1.1586745 1.1132061 1.0703373 1.3144041 1.3744361 1.1132061 1.2070784 1.0703373 
t3         1.3744361 1.4396946 0.0000000 1.0703373 1.3744361 1.5901977 0.8864954 0.9198342 1.1132061 0.7945437 1.1586745 1.3144041 1.4396946 1.1586745 1.3744361 1.1132061 1.2070784 1.4396946 1.7786835 1.5901977 
t7         2.0310377 0.9198342 1.0703373 0.0000000 1.5111773 1.3744361 0.7945437 0.8545757 0.8239592 0.7389627 0.9913169 1.1586745 1.0297869 0.8545757 0.8864954 0.9547243 1.0297869 1.1132061 1.2588231 1.1132061 
t11        1.8942965 1.0297869 1.3744361 1.5111773 0.0000000 1.0297869 1.0703373 1.1132061 0.9198342 0.7945437 0.7662384 1.6785349 1.3144041 0.9913169 0.9547243 1.0703373 1.2070784 0.9547243 0.8864954 0.8545757 
t1         1.7786835 1.2588231 1.5901977 1.3744361 1.0297869 0.0000000 1.2070784 1.2070784 1.0703373 1.0297869 1.0703373 1.3744361 1.0297869 0.9913169 1.3144041 1.2588231 1.3144041 1.3144041 1.6785349 1.4396946 
t2         1.2070784 0.9547243 0.8864954 0.7945437 1.0703373 1.2070784 0.0000000 0.6388142 0.6626257 0.5299277 0.9198342 1.2070784 0.9913169 0.8864954 1.0703373 1.1586745 1.2588231 1.0703373 1.1132061 1.0297869 
t10        1.2588231 1.0703373 0.9198342 0.8545757 1.1132061 1.2070784 0.6388142 0.0000000 0.7126442 0.6872180 0.7389627 1.2070784 0.7945437 0.6388142 0.9198342 0.7662384 0.7662384 0.9547243 1.2070784 1.0703373 
t14        1.2070784 0.7389627 1.1132061 0.8239592 0.9198342 1.0703373 0.6626257 0.7126442 0.0000000 0.6157354 0.6872180 1.1586745 0.9913169 0.8545757 0.9913169 0.9547243 1.0703373 0.9913169 1.1586745 1.0297869 
t4         1.3144041 0.8545757 0.7945437 0.7389627 0.7945437 1.0297869 0.5299277 0.6872180 0.6157354 0.0000000 0.7389627 1.0297869 0.7945437 0.6872180 0.8545757 0.8864954 0.8864954 0.7389627 0.8239592 0.7389627 
t18        2.0310377 0.9198342 1.1586745 0.9913169 0.7662384 1.0703373 0.9198342 0.7389627 0.6872180 0.7389627 0.0000000 1.1132061 0.9198342 0.9198342 0.5504769 0.9547243 1.0297869 0.7945437 0.8864954 0.8864954 
t5         2.1983953 1.0703373 1.3144041 1.1586745 1.6785349 1.3744361 1.2070784 1.2070784 1.1586745 1.0297869 1.1132061 0.0000000 0.8545757 0.7126442 1.2588231 0.7945437 0.7945437 1.1586745 1.1586745 1.1132061 
t16        1.2070784 1.1586745 1.4396946 1.0297869 1.3144041 1.0297869 0.9913169 0.7945437 0.9913169 0.7945437 0.9198342 0.8545757 0.0000000 0.3999739 0.9913169 0.6157354 0.6157354 1.1586745 1.1586745 1.1586745 
t19        1.3144041 1.1132061 1.1586745 0.8545757 0.9913169 0.9913169 0.8864954 0.6388142 0.8545757 0.6872180 0.9198342 0.7126442 0.3999739 0.0000000 0.9913169 0.5716050 0.5504769 1.0703373 1.2588231 1.1586745 
t17        1.7786835 1.0703373 1.3744361 0.8864954 0.9547243 1.3144041 1.0703373 0.9198342 0.9913169 0.8545757 0.5504769 1.2588231 0.9913169 0.9913169 0.0000000 0.9198342 0.9198342 0.2892469 0.3347153 0.3192509 
t15        1.7786835 1.3144041 1.1132061 0.9547243 1.0703373 1.2588231 1.1586745 0.7662384 0.9547243 0.8864954 0.9547243 0.7945437 0.6157354 0.5716050 0.9198342 0.0000000 0.0734853 0.9913169 1.2588231 1.1132061 
t8         1.7786835 1.3744361 1.2070784 1.0297869 1.2070784 1.3144041 1.2588231 0.7662384 1.0703373 0.8864954 1.0297869 0.7945437 0.6157354 0.5504769 0.9198342 0.0734853 0.0000000 0.9198342 1.1586745 1.0297869 
t13        2.0310377 1.1132061 1.4396946 1.1132061 0.9547243 1.3144041 1.0703373 0.9547243 0.9913169 0.7389627 0.7945437 1.1586745 1.1586745 1.0703373 0.2892469 0.9913169 0.9198342 0.0000000 0.1673577 0.1189538 
t12        9.0000000 1.2070784 1.7786835 1.2588231 0.8864954 1.6785349 1.1132061 1.2070784 1.1586745 0.8239592 0.8864954 1.1586745 1.1586745 1.2588231 0.3347153 1.2588231 1.1586745 0.1673577 0.0000000 0.0411062 
t20        2.7182557 1.0703373 1.5901977 1.1132061 0.8545757 1.4396946 1.0297869 1.0703373 1.0297869 0.7389627 0.8864954 1.1132061 1.1586745 1.1586745 0.3192509 1.1132061 1.0297869 0.1189538 0.0411062 0.0000000 
