20
t7         0.0000000 9.0000000 9.0000000 9.0000000 2.7182557 9.0000000 9.0000000 2.7182557 9.0000000 9.0000000 9.0000000 9.0000000 9.0000000 3.2381161 9.0000000 9.0000000 2.4141569 9.0000000 2.0310377 2.0310377 
t15        9.0000000 0.0000000 0.7126442 0.8239592 0.9198342 0.5933457 0.9198342 1.2070784 0.6388142 0.7389627 9.0000000 3.2381161 0.4904449 0.5299277 1.4396946 1.2070784 0.9913169 0.7945437 0.9198342 0.8864954 
t3         9.0000000 0.7126442 0.0000000 0.4714565 0.9547243 0.6626257 1.1132061 1.5111773 0.7389627 0.8545757 9.0000000 9.0000000 0.5933457 0.6157354 3.2381161 2.7182557 1.5111773 0.8864954 0.7389627 0.7126442 
t17        9.0000000 0.8239592 0.4714565 0.0000000 1.0703373 0.9547243 1.0703373 1.5111773 0.8545757 1.0297869 9.0000000 2.4141569 0.8864954 0.8239592 3.2381161 2.7182557 1.5111773 0.9198342 0.6388142 0.6388142 
t14        2.7182557 0.9198342 0.9547243 1.0703373 0.0000000 0.8239592 0.8545757 1.5111773 0.8864954 0.9913169 9.0000000 3.2381161 0.6626257 0.6626257 1.6785349 1.3144041 1.1586745 0.8239592 1.5901977 1.5111773 
t16        9.0000000 0.5933457 0.6626257 0.9547243 0.8239592 0.0000000 0.7126442 1.1586745 0.3831192 0.4904449 9.0000000 9.0000000 0.2603971 0.2746833 1.3744361 1.1132061 0.8545757 0.5299277 1.0297869 1.0703373 
t19        9.0000000 0.9198342 1.1132061 1.0703373 0.8545757 0.7126442 0.0000000 0.7126442 0.9547243 1.1586745 9.0000000 9.0000000 0.8239592 0.8545757 1.1586745 1.2070784 1.4396946 0.8864954 1.3744361 1.2588231 
t12        2.7182557 1.2070784 1.5111773 1.5111773 1.5111773 1.1586745 0.7126442 0.0000000 1.8942965 2.1983953 9.0000000 9.0000000 1.3144041 1.2588231 2.1983953 1.5111773 3.2381161 1.5901977 2.1983953 1.8942965 
t9         9.0000000 0.6388142 0.7389627 0.8545757 0.8864954 0.3831192 0.9547243 1.8942965 0.0000000 0.2326162 9.0000000 9.0000000 0.2746833 0.3040988 1.5111773 1.5111773 0.9547243 0.6388142 0.9198342 0.9547243 
t10        9.0000000 0.7389627 0.8545757 1.0297869 0.9913169 0.4904449 1.1586745 2.1983953 0.2326162 0.0000000 9.0000000 9.0000000 0.3347153 0.3831192 1.5111773 1.3144041 0.9913169 0.7662384 1.3144041 1.3744361 
t6         9.0000000 9.0000000 9.0000000 9.0000000 9.0000000 9.0000000 9.0000000 9.0000000 9.0000000 9.0000000 0.0000000 0.6626257 9.0000000 9.0000000 9.0000000 9.0000000 3.2381161 9.0000000 9.0000000 9.0000000 
t18        9.0000000 3.2381161 9.0000000 2.4141569 3.2381161 9.0000000 9.0000000 9.0000000 9.0000000 9.0000000 0.6626257 0.0000000 9.0000000 9.0000000 9.0000000 9.0000000 2.0310377 9.0000000 3.2381161 2.7182557 
t8         9.0000000 0.4904449 0.5933457 0.8864954 0.6626257 0.2603971 0.8239592 1.3144041 0.2746833 0.3347153 9.0000000 9.0000000 0.0000000 0.0845966 1.4396946 1.3144041 0.7389627 0.5099265 0.9198342 0.9547243 
t13        3.2381161 0.5299277 0.6157354 0.8239592 0.6626257 0.2746833 0.8545757 1.2588231 0.3040988 0.3831192 9.0000000 9.0000000 0.0845966 0.0000000 1.4396946 1.1132061 0.7662384 0.4904449 1.0297869 1.0703373 
t20        9.0000000 1.4396946 3.2381161 3.2381161 1.6785349 1.3744361 1.1586745 2.1983953 1.5111773 1.5111773 9.0000000 9.0000000 1.4396946 1.4396946 0.0000000 0.3192509 1.5111773 1.5901977 9.0000000 9.0000000 
t1         9.0000000 1.2070784 2.7182557 2.7182557 1.3144041 1.1132061 1.2070784 1.5111773 1.5111773 1.3144041 9.0000000 9.0000000 1.3144041 1.1132061 0.3192509 0.0000000 1.2588231 1.3144041 9.0000000 9.0000000 
t11        2.4141569 0.9913169 1.5111773 1.5111773 1.1586745 0.8545757 1.4396946 3.2381161 0.9547243 0.9913169 3.2381161 2.0310377 0.7389627 0.7662384 1.5111773 1.2588231 0.0000000 0.5504769 3.2381161 3.2381161 
t2         9.0000000 0.7945437 0.8864954 0.9198342 0.8239592 0.5299277 0.8864954 1.5901977 0.6388142 0.7662384 9.0000000 9.0000000 0.5099265 0.4904449 1.5901977 1.3144041 0.5504769 0.0000000 1.2070784 1.2070784 
t5         2.0310377 0.9198342 0.7389627 0.6388142 1.5901977 1.0297869 1.3744361 2.1983953 0.9198342 1.3144041 9.0000000 3.2381161 0.9198342 1.0297869 9.0000000 9.0000000 3.2381161 1.2070784 0.0000000 0.0411062 
t4         2.0310377 0.8864954 0.7126442 0.6388142 1.5111773 1.0703373 1.2588231 1.8942965 0.9547243 1.3744361 9.0000000 2.7182557 0.9547243 1.0703373 9.0000000 9.0000000 3.2381161 1.2070784 0.0411062 0.0000000 
