20
t8         0.0000000 0.7945437 0.7662384 0.6157354 1.1132061 0.7662384 1.0297869 1.2070784 0.8864954 0.9547243 0.7945437 0.7662384 0.9547243 0.6626257 0.8545757 0.7389627 0.6626257 0.6626257 0.8864954 0.9198342 
t11        0.7945437 0.0000000 1.3744361 0.7662384 1.4396946 1.1132061 1.0703373 1.0297869 0.9913169 1.0297869 0.8239592 0.8545757 1.0297869 0.9198342 1.1132061 1.0703373 0.9198342 0.9198342 1.0297869 0.9547243 
t6         0.7662384 1.3744361 0.0000000 0.6626257 1.2588231 1.0703373 0.8239592 1.3144041 0.9547243 0.8864954 0.8545757 0.8239592 1.1586745 0.9913169 0.8864954 0.8864954 1.0703373 0.9198342 0.9198342 0.9913169 
t17        0.6157354 0.7662384 0.6626257 0.0000000 0.7945437 0.7126442 0.8545757 0.9547243 0.9198342 0.7389627 0.7126442 0.6626257 0.9913169 0.6872180 0.6872180 0.6626257 0.6388142 0.6388142 0.8864954 0.9198342 
t14        1.1132061 1.4396946 1.2588231 0.7945437 0.0000000 0.3999739 1.1132061 1.8942965 0.9913169 1.0297869 1.1586745 1.0297869 1.0297869 0.9547243 0.3666350 0.4348639 0.7662384 0.8239592 1.0297869 1.0703373 
t4         0.7662384 1.1132061 1.0703373 0.7126442 0.3999739 0.0000000 0.7945437 1.1132061 0.7389627 0.7126442 0.7945437 0.7662384 0.8239592 0.8545757 0.3040988 0.2746833 0.7945437 0.6626257 0.7126442 0.7389627 
t18        1.0297869 1.0703373 0.8239592 0.8545757 1.1132061 0.7945437 0.0000000 0.5716050 0.6626257 0.6388142 0.5933457 0.4348639 0.6157354 0.5504769 0.9547243 0.9547243 1.0703373 0.8239592 0.5099265 0.5299277 
t5         1.2070784 1.0297869 1.3144041 0.9547243 1.8942965 1.1132061 0.5716050 0.0000000 0.7126442 0.7662384 0.7126442 0.5299277 0.7126442 0.6626257 1.5111773 1.2070784 1.3144041 1.1586745 0.7126442 0.7126442 
t12        0.8864954 0.9913169 0.9547243 0.9198342 0.9913169 0.7389627 0.6626257 0.7126442 0.0000000 0.4714565 0.3831192 0.5504769 0.7389627 0.5933457 0.7945437 0.7126442 0.8864954 0.8239592 0.3999739 0.4348639 
t7         0.9547243 1.0297869 0.8864954 0.7389627 1.0297869 0.7126442 0.6388142 0.7662384 0.4714565 0.0000000 0.4904449 0.4348639 0.5933457 0.5299277 0.7945437 0.6872180 0.8239592 0.7126442 0.4529370 0.4348639 
t20        0.7945437 0.8239592 0.8545757 0.7126442 1.1586745 0.7945437 0.5933457 0.7126442 0.3831192 0.4904449 0.0000000 0.4348639 0.5504769 0.4904449 0.9198342 0.7945437 0.8239592 0.8864954 0.3831192 0.3831192 
t15        0.7662384 0.8545757 0.8239592 0.6626257 1.0297869 0.7662384 0.4348639 0.5299277 0.5504769 0.4348639 0.4348639 0.0000000 0.2463781 0.1927838 0.8545757 0.7662384 0.8864954 0.7662384 0.5099265 0.5099265 
t9         0.9547243 1.0297869 1.1586745 0.9913169 1.0297869 0.8239592 0.6157354 0.7126442 0.7389627 0.5933457 0.5504769 0.2463781 0.0000000 0.2603971 0.8864954 0.8545757 1.1132061 0.9547243 0.7389627 0.7389627 
t13        0.6626257 0.9198342 0.9913169 0.6872180 0.9547243 0.8545757 0.5504769 0.6626257 0.5933457 0.5299277 0.4904449 0.1927838 0.2603971 0.0000000 0.9198342 0.7945437 0.8239592 0.7945437 0.5299277 0.5716050 
t3         0.8545757 1.1132061 0.8864954 0.6872180 0.3666350 0.3040988 0.9547243 1.5111773 0.7945437 0.7945437 0.9198342 0.8545757 0.8864954 0.9198342 0.0000000 0.1307650 0.8864954 0.6872180 0.8545757 0.8864954 
t2         0.7389627 1.0703373 0.8864954 0.6626257 0.4348639 0.2746833 0.9547243 1.2070784 0.7126442 0.6872180 0.7945437 0.7662384 0.8545757 0.7945437 0.1307650 0.0000000 0.7662384 0.6388142 0.7945437 0.7945437 
t1         0.6626257 0.9198342 1.0703373 0.6388142 0.7662384 0.7945437 1.0703373 1.3144041 0.8864954 0.8239592 0.8239592 0.8864954 1.1132061 0.8239592 0.8864954 0.7662384 0.0000000 0.1799630 0.8864954 0.8864954 
t16        0.6626257 0.9198342 0.9198342 0.6388142 0.8239592 0.6626257 0.8239592 1.1586745 0.8239592 0.7126442 0.8864954 0.7662384 0.9547243 0.7945437 0.6872180 0.6388142 0.1799630 0.0000000 0.7945437 0.7662384 
t10        0.8864954 1.0297869 0.9198342 0.8864954 1.0297869 0.7126442 0.5099265 0.7126442 0.3999739 0.4529370 0.3831192 0.5099265 0.7389627 0.5299277 0.8545757 0.7945437 0.8864954 0.7945437 0.0000000 0.0411062 
t19        0.9198342 0.9547243 0.9913169 0.9198342 1.0703373 0.7389627 0.5299277 0.7126442 0.4348639 0.4348639 0.3831192 0.5099265 0.7389627 0.5716050 0.8864954 0.7945437 0.8864954 0.7662384 0.0411062 0.0000000 
