20
t13        0.0000000 0.8545757 0.8239592 3.2381161 2.0310377 3.2381161 9.0000000 1.8942965 2.0310377 3.2381161 1.8942965 1.8942965 9.0000000 9.0000000 9.0000000 2.4141569 2.7182557 2.7182557 2.0310377 2.0310377 
t11        0.8545757 0.0000000 0.5716050 2.1983953 1.5901977 2.0310377 2.4141569 2.7182557 2.0310377 1.5901977 2.4141569 1.8942965 9.0000000 9.0000000 9.0000000 3.2381161 2.7182557 2.7182557 3.2381161 3.2381161 
t8         0.8239592 0.5716050 0.0000000 9.0000000 2.7182557 9.0000000 9.0000000 1.8942965 1.6785349 1.5901977 2.7182557 1.8942965 2.1983953 9.0000000 9.0000000 2.4141569 2.1983953 2.1983953 9.0000000 9.0000000 
t14        3.2381161 2.1983953 9.0000000 0.0000000 0.8864954 0.2603971 0.3347153 0.7945437 0.5504769 0.7389627 0.5716050 0.5933457 0.9547243 0.6388142 0.7389627 0.3831192 0.3347153 0.3347153 0.6157354 0.6157354 
t18        2.0310377 1.5901977 2.7182557 0.8864954 0.0000000 0.9547243 0.9913169 0.9913169 0.8239592 1.2588231 0.8864954 1.0703373 2.7182557 1.3144041 1.2588231 1.6785349 1.5111773 1.5111773 0.7662384 0.7662384 
t1         3.2381161 2.0310377 9.0000000 0.2603971 0.9547243 0.0000000 0.2746833 0.9198342 0.6626257 0.9547243 0.7945437 0.7126442 1.2588231 0.8239592 0.8545757 0.6157354 0.5504769 0.5504769 0.7126442 0.7126442 
t17        9.0000000 2.4141569 9.0000000 0.3347153 0.9913169 0.2746833 0.0000000 1.1586745 0.6626257 1.0297869 0.8239592 0.7945437 0.8864954 0.7389627 0.7126442 0.6388142 0.5716050 0.5716050 0.7662384 0.7662384 
t5         1.8942965 2.7182557 1.8942965 0.7945437 0.9913169 0.9198342 1.1586745 0.0000000 1.0703373 1.2070784 0.4714565 0.5099265 1.3744361 1.1586745 1.3744361 0.9913169 0.8864954 0.8864954 0.9913169 0.9913169 
t12        2.0310377 2.0310377 1.6785349 0.5504769 0.8239592 0.6626257 0.6626257 1.0703373 0.0000000 0.4714565 0.7945437 0.7662384 1.1586745 0.8239592 0.8239592 0.8239592 0.8545757 0.8545757 0.6626257 0.6626257 
t3         3.2381161 1.5901977 1.5901977 0.7389627 1.2588231 0.9547243 1.0297869 1.2070784 0.4714565 0.0000000 0.9547243 1.0297869 1.3144041 1.1586745 1.2070784 1.0297869 0.9913169 0.9913169 1.0297869 1.0297869 
t20        1.8942965 2.4141569 2.7182557 0.5716050 0.8864954 0.7945437 0.8239592 0.4714565 0.7945437 0.9547243 0.0000000 0.4172160 1.4396946 0.8545757 1.0297869 1.0703373 0.9547243 0.9547243 0.8239592 0.8239592 
t15        1.8942965 1.8942965 1.8942965 0.5933457 1.0703373 0.7126442 0.7945437 0.5099265 0.7662384 1.0297869 0.4172160 0.0000000 1.1132061 0.8239592 0.9198342 0.9198342 0.8239592 0.8239592 0.5716050 0.5716050 
t2         9.0000000 9.0000000 2.1983953 0.9547243 2.7182557 1.2588231 0.8864954 1.3744361 1.1586745 1.3144041 1.4396946 1.1132061 0.0000000 0.5099265 0.4714565 1.2588231 1.1132061 1.1132061 1.3744361 1.3744361 
t10        9.0000000 9.0000000 9.0000000 0.6388142 1.3144041 0.8239592 0.7389627 1.1586745 0.8239592 1.1586745 0.8545757 0.8239592 0.5099265 0.0000000 0.1549607 0.8864954 0.7945437 0.7945437 0.6626257 0.6626257 
t19        9.0000000 9.0000000 9.0000000 0.7389627 1.2588231 0.8545757 0.7126442 1.3744361 0.8239592 1.2070784 1.0297869 0.9198342 0.4714565 0.1549607 0.0000000 0.9198342 0.8239592 0.8239592 0.6872180 0.6872180 
t7         2.4141569 3.2381161 2.4141569 0.3831192 1.6785349 0.6157354 0.6388142 0.9913169 0.8239592 1.0297869 1.0703373 0.9198342 1.2588231 0.8864954 0.9198342 0.0000000 0.0306165 0.0306165 0.8545757 0.8545757 
t16        2.7182557 2.7182557 2.1983953 0.3347153 1.5111773 0.5504769 0.5716050 0.8864954 0.8545757 0.9913169 0.9547243 0.8239592 1.1132061 0.7945437 0.8239592 0.0306165 0.0000000 0.0000010 0.7662384 0.7662384 
t4         2.7182557 2.7182557 2.1983953 0.3347153 1.5111773 0.5504769 0.5716050 0.8864954 0.8545757 0.9913169 0.9547243 0.8239592 1.1132061 0.7945437 0.8239592 0.0306165 0.0000010 0.0000000 0.7662384 0.7662384 
t9         2.0310377 3.2381161 9.0000000 0.6157354 0.7662384 0.7126442 0.7662384 0.9913169 0.6626257 1.0297869 0.8239592 0.5716050 1.3744361 0.6626257 0.6872180 0.8545757 0.7662384 0.7662384 0.0000000 0.0000010 
t6         2.0310377 3.2381161 9.0000000 0.6157354 0.7662384 0.7126442 0.7662384 0.9913169 0.6626257 1.0297869 0.8239592 0.5716050 1.3744361 0.6626257 0.6872180 0.8545757 0.7662384 0.7662384 0.0000010 0.0000000 
