20
t8         0.0000000 0.5504769 0.7389627 0.5504769 0.5099265 0.5099265 0.5099265 0.6626257 0.6626257 0.9547243 0.9198342 0.5299277 0.5299277 0.8864954 0.8545757 0.4529370 0.7126442 0.7662384 0.3999739 0.3999739 
t20        0.5504769 0.0000000 0.4529370 0.7126442 0.3999739 0.4529370 0.5299277 0.5099265 0.4529370 0.5933457 0.5933457 0.3999739 0.5504769 0.5504769 0.5099265 0.5933457 0.4904449 0.4904449 0.5099265 0.5099265 
t16        0.7389627 0.4529370 0.0000000 0.8239592 0.5504769 0.6872180 0.5933457 0.3347153 0.3666350 0.5933457 0.5099265 0.3505054 0.4904449 0.7389627 0.6872180 0.6388142 0.6626257 0.7126442 0.6157354 0.6157354 
t14        0.5504769 0.7126442 0.8239592 0.0000000 0.5299277 0.5933457 0.5299277 0.8864954 0.7945437 0.8239592 0.8864954 0.6388142 0.6872180 0.9547243 0.8864954 0.5716050 0.8545757 0.9198342 0.5504769 0.5504769 
t3         0.5099265 0.3999739 0.5504769 0.5299277 0.0000000 0.2603971 0.3505054 0.5716050 0.4529370 0.6157354 0.7389627 0.4529370 0.4904449 0.7662384 0.7126442 0.5099265 0.6388142 0.6872180 0.4348639 0.4348639 
t15        0.5099265 0.4529370 0.6872180 0.5933457 0.2603971 0.0000000 0.2746833 0.6626257 0.5504769 0.7389627 0.8545757 0.5504769 0.6388142 0.7945437 0.7389627 0.5933457 0.6388142 0.6872180 0.5716050 0.5716050 
t10        0.5099265 0.5299277 0.5933457 0.5299277 0.3505054 0.2746833 0.0000000 0.6388142 0.6157354 0.7126442 0.8864954 0.5299277 0.5716050 0.8239592 0.7389627 0.5099265 0.6157354 0.6626257 0.4529370 0.4529370 
t13        0.6626257 0.5099265 0.3347153 0.8864954 0.5716050 0.6626257 0.6388142 0.0000000 0.2326162 0.6157354 0.5299277 0.2191023 0.2892469 0.6626257 0.6626257 0.6626257 0.5299277 0.5716050 0.6626257 0.6626257 
t6         0.6626257 0.4529370 0.3666350 0.7945437 0.4529370 0.5504769 0.6157354 0.2326162 0.0000000 0.4904449 0.4348639 0.1927838 0.2603971 0.6388142 0.6157354 0.6157354 0.5299277 0.5716050 0.5933457 0.5933457 
t2         0.9547243 0.5933457 0.5933457 0.8239592 0.6157354 0.7389627 0.7126442 0.6157354 0.4904449 0.0000000 0.1799630 0.5299277 0.5299277 0.9198342 0.8864954 0.6626257 0.8239592 0.8864954 0.6388142 0.6388142 
t19        0.9198342 0.5933457 0.5099265 0.8864954 0.7389627 0.8545757 0.8864954 0.5299277 0.4348639 0.1799630 0.0000000 0.4714565 0.4714565 0.8545757 0.8239592 0.7389627 0.7389627 0.7945437 0.6872180 0.6872180 
t4         0.5299277 0.3999739 0.3505054 0.6388142 0.4529370 0.5504769 0.5299277 0.2191023 0.1927838 0.5299277 0.4714565 0.0000000 0.1307650 0.5933457 0.5504769 0.5299277 0.5099265 0.5504769 0.5099265 0.5099265 
t11        0.5299277 0.5504769 0.4904449 0.6872180 0.4904449 0.6388142 0.5716050 0.2892469 0.2603971 0.5299277 0.4714565 0.1307650 0.0000000 0.7945437 0.7389627 0.6157354 0.6157354 0.6626257 0.5933457 0.5933457 
t9         0.8864954 0.5504769 0.7389627 0.9547243 0.7662384 0.7945437 0.8239592 0.6626257 0.6388142 0.9198342 0.8545757 0.5933457 0.7945437 0.0000000 0.0411062 1.0297869 0.5099265 0.5299277 0.9198342 0.9198342 
t7         0.8545757 0.5099265 0.6872180 0.8864954 0.7126442 0.7389627 0.7389627 0.6626257 0.6157354 0.8864954 0.8239592 0.5504769 0.7389627 0.0411062 0.0000000 0.9913169 0.4714565 0.4904449 0.8864954 0.8864954 
t18        0.4529370 0.5933457 0.6388142 0.5716050 0.5099265 0.5933457 0.5099265 0.6626257 0.6157354 0.6626257 0.7389627 0.5299277 0.6157354 1.0297869 0.9913169 0.0000000 0.8864954 0.9198342 0.0517447 0.0517447 
t1         0.7126442 0.4904449 0.6626257 0.8545757 0.6388142 0.6388142 0.6157354 0.5299277 0.5299277 0.8239592 0.7389627 0.5099265 0.6157354 0.5099265 0.4714565 0.8864954 0.0000000 0.0202715 0.7389627 0.7389627 
t17        0.7662384 0.4904449 0.7126442 0.9198342 0.6872180 0.6872180 0.6626257 0.5716050 0.5716050 0.8864954 0.7945437 0.5504769 0.6626257 0.5299277 0.4904449 0.9198342 0.0202715 0.0000000 0.7945437 0.7945437 
t12        0.3999739 0.5099265 0.6157354 0.5504769 0.4348639 0.5716050 0.4529370 0.6626257 0.5933457 0.6388142 0.6872180 0.5099265 0.5933457 0.9198342 0.8864954 0.0517447 0.7389627 0.7945437 0.0000000 0.0000010 
t5         0.3999739 0.5099265 0.6157354 0.5504769 0.4348639 0.5716050 0.4529370 0.6626257 0.5933457 0.6388142 0.6872180 0.5099265 0.5933457 0.9198342 0.8864954 0.0517447 0.7389627 0.7945437 0.0000010 0.0000000 
