20
t20        0.0000000 1.5111773 1.8942965 0.9198342 1.0297869 0.8239592 1.3744361 1.5901977 0.9198342 1.0703373 1.2588231 1.3744361 1.3144041 1.7786835 2.0310377 2.4141569 9.0000000 0.9913169 1.0297869 0.9913169 
t10        1.5111773 0.0000000 9.0000000 1.7786835 2.7182557 2.1983953 1.5901977 1.7786835 2.7182557 2.1983953 9.0000000 1.8942965 2.1983953 2.7182557 2.7182557 2.4141569 2.7182557 9.0000000 9.0000000 9.0000000 
t13        1.8942965 9.0000000 0.0000000 1.3144041 9.0000000 2.7182557 1.7786835 2.4141569 9.0000000 2.0310377 3.2381161 2.7182557 9.0000000 9.0000000 3.2381161 1.7786835 1.8942965 9.0000000 2.4141569 3.2381161 
t18        0.9198342 1.7786835 1.3144041 0.0000000 2.7182557 1.2588231 0.7662384 0.6626257 1.8942965 1.8942965 1.4396946 1.6785349 1.3744361 2.7182557 2.0310377 2.4141569 2.0310377 1.6785349 1.1132061 1.0703373 
t16        1.0297869 2.7182557 9.0000000 2.7182557 0.0000000 0.9547243 3.2381161 3.2381161 1.6785349 0.8239592 0.9198342 2.0310377 1.6785349 1.7786835 1.6785349 2.7182557 3.2381161 1.1132061 1.3744361 1.3144041 
t8         0.8239592 2.1983953 2.7182557 1.2588231 0.9547243 0.0000000 2.0310377 1.5901977 1.3744361 0.6872180 0.7389627 1.7786835 1.3144041 3.2381161 2.4141569 2.7182557 2.1983953 0.8864954 0.8864954 0.8864954 
t3         1.3744361 1.5901977 1.7786835 0.7662384 3.2381161 2.0310377 0.0000000 0.3347153 1.3144041 1.5901977 1.5901977 1.3744361 1.2588231 9.0000000 9.0000000 2.0310377 2.0310377 2.7182557 1.4396946 1.6785349 
t6         1.5901977 1.7786835 2.4141569 0.6626257 3.2381161 1.5901977 0.3347153 0.0000000 1.8942965 1.5901977 1.5111773 1.4396946 1.3144041 9.0000000 2.1983953 2.7182557 3.2381161 1.6785349 1.2070784 1.3744361 
t5         0.9198342 2.7182557 9.0000000 1.8942965 1.6785349 1.3744361 1.3144041 1.8942965 0.0000000 1.7786835 1.6785349 2.1983953 9.0000000 2.0310377 1.7786835 9.0000000 9.0000000 0.5716050 0.5716050 0.5716050 
t14        1.0703373 2.1983953 2.0310377 1.8942965 0.8239592 0.6872180 1.5901977 1.5901977 1.7786835 0.0000000 0.6388142 1.7786835 1.5901977 9.0000000 3.2381161 9.0000000 2.4141569 1.3744361 0.9547243 0.9547243 
t15        1.2588231 9.0000000 3.2381161 1.4396946 0.9198342 0.7389627 1.5901977 1.5111773 1.6785349 0.6388142 0.0000000 1.7786835 1.4396946 9.0000000 2.7182557 3.2381161 2.0310377 1.0297869 0.8864954 0.9547243 
t17        1.3744361 1.8942965 2.7182557 1.6785349 2.0310377 1.7786835 1.3744361 1.4396946 2.1983953 1.7786835 1.7786835 0.0000000 0.2603971 3.2381161 1.7786835 2.1983953 1.7786835 2.0310377 1.5111773 1.7786835 
t9         1.3144041 2.1983953 9.0000000 1.3744361 1.6785349 1.3144041 1.2588231 1.3144041 9.0000000 1.5901977 1.4396946 0.2603971 0.0000000 9.0000000 2.4141569 2.1983953 2.0310377 1.8942965 1.5111773 1.7786835 
t2         1.7786835 2.7182557 9.0000000 2.7182557 1.7786835 3.2381161 9.0000000 9.0000000 2.0310377 9.0000000 9.0000000 3.2381161 9.0000000 0.0000000 0.4529370 1.5901977 1.5901977 2.0310377 3.2381161 2.1983953 
t1         2.0310377 2.7182557 3.2381161 2.0310377 1.6785349 2.4141569 9.0000000 2.1983953 1.7786835 3.2381161 2.7182557 1.7786835 2.4141569 0.4529370 0.0000000 9.0000000 2.1983953 2.0310377 2.0310377 2.0310377 
t4         2.4141569 2.4141569 1.7786835 2.4141569 2.7182557 2.7182557 2.0310377 2.7182557 9.0000000 9.0000000 3.2381161 2.1983953 2.1983953 1.5901977 9.0000000 0.0000000 0.2892469 9.0000000 9.0000000 9.0000000 
t19        9.0000000 2.7182557 1.8942965 2.0310377 3.2381161 2.1983953 2.0310377 3.2381161 9.0000000 2.4141569 2.0310377 1.7786835 2.0310377 1.5901977 2.1983953 0.2892469 0.0000000 9.0000000 9.0000000 9.0000000 
t11        0.9913169 9.0000000 9.0000000 1.6785349 1.1132061 0.8864954 2.7182557 1.6785349 0.5716050 1.3744361 1.0297869 2.0310377 1.8942965 2.0310377 2.0310377 9.0000000 9.0000000 0.0000000 0.2746833 0.2326162 
t12        1.0297869 9.0000000 2.4141569 1.1132061 1.3744361 0.8864954 1.4396946 1.2070784 0.5716050 0.9547243 0.8864954 1.5111773 1.5111773 3.2381161 2.0310377 9.0000000 9.0000000 0.2746833 0.0000000 0.0734853 
t7         0.9913169 9.0000000 3.2381161 1.0703373 1.3144041 0.8864954 1.6785349 1.3744361 0.5716050 0.9547243 0.9547243 1.7786835 1.7786835 2.1983953 2.0310377 9.0000000 9.0000000 0.2326162 0.0734853 0.0000000 
