20
t3         0.0000000 0.3505054 0.7389627 0.3347153 0.4714565 0.3666350 0.5299277 0.3831192 0.5716050 0.6157354 0.7126442 0.8545757 0.5504769 0.3666350 0.5716050 0.4714565 0.5504769 0.5504769 0.3831192 0.3831192 
t20        0.3505054 0.0000000 0.9198342 0.5099265 0.5933457 0.5099265 0.7945437 0.5933457 0.7945437 0.8545757 1.0297869 1.2070784 0.7662384 0.5099265 0.6626257 0.5716050 0.7662384 0.7945437 0.5299277 0.5299277 
t8         0.7389627 0.9198342 0.0000000 0.7389627 0.9547243 0.7662384 1.0297869 0.7662384 0.8864954 0.9913169 1.0703373 0.9913169 0.9547243 0.8239592 0.7662384 0.7126442 0.9198342 0.9198342 0.8239592 0.8239592 
t14        0.3347153 0.5099265 0.7389627 0.0000000 0.2892469 0.1673577 0.5716050 0.0625362 0.2058276 0.6157354 0.7662384 0.8864954 0.5716050 0.1673577 0.2892469 0.2191023 0.6157354 0.5716050 0.1799630 0.1799630 
t7         0.4714565 0.5933457 0.9547243 0.2892469 0.0000000 0.1799630 0.6157354 0.3347153 0.4529370 0.5933457 0.8239592 0.9913169 0.5933457 0.1927838 0.3666350 0.3040988 0.6626257 0.6157354 0.2058276 0.2058276 
t16        0.3666350 0.5099265 0.7662384 0.1673577 0.1799630 0.0000000 0.5099265 0.2058276 0.3666350 0.5933457 0.7389627 0.8864954 0.5099265 0.0734853 0.2326162 0.1673577 0.5299277 0.4904449 0.0845966 0.0845966 
t10        0.5299277 0.7945437 1.0297869 0.5716050 0.6157354 0.5099265 0.0000000 0.5933457 0.8239592 0.0845966 0.9547243 0.9547243 0.0202715 0.5299277 0.5716050 0.4904449 0.0517447 0.0734853 0.5099265 0.5099265 
t17        0.3831192 0.5933457 0.7662384 0.0625362 0.3347153 0.2058276 0.5933457 0.0000000 0.1549607 0.6388142 0.7945437 0.8864954 0.5933457 0.2058276 0.3040988 0.2603971 0.6388142 0.6157354 0.1927838 0.1927838 
t9         0.5716050 0.7945437 0.8864954 0.2058276 0.4529370 0.3666350 0.8239592 0.1549607 0.0000000 0.8864954 0.9198342 0.9913169 0.8239592 0.3666350 0.4904449 0.4172160 0.8545757 0.8545757 0.3505054 0.3505054 
t18        0.6157354 0.8545757 0.9913169 0.6157354 0.5933457 0.5933457 0.0845966 0.6388142 0.8864954 0.0000000 1.0703373 1.1132061 0.0625362 0.5933457 0.5933457 0.5504769 0.0958750 0.1189538 0.5716050 0.5716050 
t11        0.7126442 1.0297869 1.0703373 0.7662384 0.8239592 0.7389627 0.9547243 0.7945437 0.9198342 1.0703373 0.0000000 0.2463781 0.9198342 0.8239592 0.8239592 0.7662384 0.9547243 0.9198342 0.7389627 0.7389627 
t2         0.8545757 1.2070784 0.9913169 0.8864954 0.9913169 0.8864954 0.9547243 0.8864954 0.9913169 1.1132061 0.2463781 0.0000000 0.9198342 0.9913169 0.9198342 0.9198342 0.9547243 0.8545757 0.8864954 0.8864954 
t13        0.5504769 0.7662384 0.9547243 0.5716050 0.5933457 0.5099265 0.0202715 0.5933457 0.8239592 0.0625362 0.9198342 0.9198342 0.0000000 0.5299277 0.5299277 0.4904449 0.0306165 0.0517447 0.5099265 0.5099265 
t6         0.3666350 0.5099265 0.8239592 0.1673577 0.1927838 0.0734853 0.5299277 0.2058276 0.3666350 0.5933457 0.8239592 0.9913169 0.5299277 0.0000000 0.2326162 0.1673577 0.5933457 0.5504769 0.0734853 0.0734853 
t5         0.5716050 0.6626257 0.7662384 0.2892469 0.3666350 0.2326162 0.5716050 0.3040988 0.4904449 0.5933457 0.8239592 0.9198342 0.5299277 0.2326162 0.0000000 0.0517447 0.5504769 0.5504769 0.2463781 0.2463781 
t1         0.4714565 0.5716050 0.7126442 0.2191023 0.3040988 0.1673577 0.4904449 0.2603971 0.4172160 0.5504769 0.7662384 0.9198342 0.4904449 0.1673577 0.0517447 0.0000000 0.5099265 0.5099265 0.1799630 0.1799630 
t15        0.5504769 0.7662384 0.9198342 0.6157354 0.6626257 0.5299277 0.0517447 0.6388142 0.8545757 0.0958750 0.9547243 0.9547243 0.0306165 0.5933457 0.5504769 0.5099265 0.0000000 0.0411062 0.5716050 0.5716050 
t19        0.5504769 0.7945437 0.9198342 0.5716050 0.6157354 0.4904449 0.0734853 0.6157354 0.8545757 0.1189538 0.9198342 0.8545757 0.0517447 0.5504769 0.5504769 0.5099265 0.0411062 0.0000000 0.5299277 0.5299277 
t12        0.3831192 0.5299277 0.8239592 0.1799630 0.2058276 0.0845966 0.5099265 0.1927838 0.3505054 0.5716050 0.7389627 0.8864954 0.5099265 0.0734853 0.2463781 0.1799630 0.5716050 0.5299277 0.0000000 0.0000010 
t4         0.3831192 0.5299277 0.8239592 0.1799630 0.2058276 0.0845966 0.5099265 0.1927838 0.3505054 0.5716050 0.7389627 0.8864954 0.5099265 0.0734853 0.2463781 0.1799630 0.5716050 0.5299277 0.0000010 0.0000000 
