20
t4         0.0000000 1.8942965 2.1983953 9.0000000 1.6785349 2.4141569 1.8942965 2.1983953 1.7786835 3.2381161 1.5901977 1.4396946 1.5111773 1.6785349 1.7786835 2.0310377 1.4396946 1.4396946 2.4141569 2.1983953 
t9         1.8942965 0.0000000 0.7126442 0.9913169 0.8864954 0.8864954 0.8864954 0.9913169 1.4396946 0.9913169 0.6157354 0.9198342 0.6157354 0.7126442 0.7945437 0.8545757 0.6872180 0.6872180 0.9547243 1.0297869 
t12        2.1983953 0.7126442 0.0000000 0.7126442 0.5504769 0.5099265 0.4904449 0.4714565 1.2070784 0.6626257 0.3347153 0.4904449 0.3192509 0.3666350 0.5299277 0.5099265 0.4172160 0.4172160 0.6872180 0.6388142 
t11        9.0000000 0.9913169 0.7126442 0.0000000 1.0703373 0.4904449 0.4714565 1.1132061 1.4396946 0.9198342 0.4714565 0.6626257 0.3831192 0.4904449 0.4904449 0.4714565 0.4714565 0.4714565 0.7389627 0.7389627 
t10        1.6785349 0.8864954 0.5504769 1.0703373 0.0000000 0.7662384 0.9198342 0.6626257 0.7945437 0.8545757 0.5504769 0.8239592 0.5933457 0.5933457 0.7662384 0.8239592 0.6157354 0.6157354 1.0703373 0.9913169 
t1         2.4141569 0.8864954 0.5099265 0.4904449 0.7662384 0.0000000 0.2326162 0.7126442 1.3144041 0.9547243 0.4348639 0.5504769 0.2892469 0.3505054 0.3347153 0.3505054 0.3666350 0.3666350 0.4904449 0.4529370 
t15        1.8942965 0.8864954 0.4904449 0.4714565 0.9198342 0.2326162 0.0000000 0.7945437 1.2588231 1.0297869 0.5099265 0.5099265 0.2746833 0.3831192 0.3192509 0.3192509 0.3505054 0.3505054 0.4529370 0.3999739 
t7         2.1983953 0.9913169 0.4714565 1.1132061 0.6626257 0.7126442 0.7945437 0.0000000 0.9913169 0.9913169 0.5933457 0.7945437 0.6388142 0.7126442 0.7945437 0.7662384 0.6872180 0.6872180 1.1586745 0.9913169 
t16        1.7786835 1.4396946 1.2070784 1.4396946 0.7945437 1.3144041 1.2588231 0.9913169 0.0000000 1.1132061 0.7662384 1.1586745 1.0297869 1.0297869 1.2070784 1.1586745 1.0297869 1.0297869 1.3144041 1.2588231 
t17        3.2381161 0.9913169 0.6626257 0.9198342 0.8545757 0.9547243 1.0297869 0.9913169 1.1132061 0.0000000 0.4348639 0.9547243 0.6626257 0.6388142 0.8545757 0.8864954 0.7389627 0.7389627 0.9547243 0.8864954 
t13        1.5901977 0.6157354 0.3347153 0.4714565 0.5504769 0.4348639 0.5099265 0.5933457 0.7662384 0.4348639 0.0000000 0.4904449 0.2603971 0.3192509 0.3831192 0.3666350 0.3040988 0.3040988 0.5933457 0.5099265 
t20        1.4396946 0.9198342 0.4904449 0.6626257 0.8239592 0.5504769 0.5099265 0.7945437 1.1586745 0.9547243 0.4904449 0.0000000 0.3040988 0.3505054 0.4904449 0.4348639 0.2326162 0.2326162 0.7126442 0.6388142 
t14        1.5111773 0.6157354 0.3192509 0.3831192 0.5933457 0.2892469 0.2746833 0.6388142 1.0297869 0.6626257 0.2603971 0.3040988 0.0000000 0.0845966 0.2058276 0.1673577 0.1427653 0.1427653 0.4172160 0.3505054 
t8         1.6785349 0.7126442 0.3666350 0.4904449 0.5933457 0.3505054 0.3831192 0.7126442 1.0297869 0.6388142 0.3192509 0.3505054 0.0845966 0.0000000 0.3192509 0.2746833 0.2058276 0.2058276 0.4714565 0.4714565 
t3         1.7786835 0.7945437 0.5299277 0.4904449 0.7662384 0.3347153 0.3192509 0.7945437 1.2070784 0.8545757 0.3831192 0.4904449 0.2058276 0.3192509 0.0000000 0.0845966 0.3040988 0.3040988 0.4714565 0.3666350 
t6         2.0310377 0.8545757 0.5099265 0.4714565 0.8239592 0.3505054 0.3192509 0.7662384 1.1586745 0.8864954 0.3666350 0.4348639 0.1673577 0.2746833 0.0845966 0.0000000 0.2892469 0.2892469 0.4348639 0.3347153 
t2         1.4396946 0.6872180 0.4172160 0.4714565 0.6157354 0.3666350 0.3505054 0.6872180 1.0297869 0.7389627 0.3040988 0.2326162 0.1427653 0.2058276 0.3040988 0.2892469 0.0000000 0.0000010 0.5099265 0.4348639 
t18        1.4396946 0.6872180 0.4172160 0.4714565 0.6157354 0.3666350 0.3505054 0.6872180 1.0297869 0.7389627 0.3040988 0.2326162 0.1427653 0.2058276 0.3040988 0.2892469 0.0000010 0.0000000 0.5099265 0.4348639 
t5         2.4141569 0.9547243 0.6872180 0.7389627 1.0703373 0.4904449 0.4529370 1.1586745 1.3144041 0.9547243 0.5933457 0.7126442 0.4172160 0.4714565 0.4714565 0.4348639 0.5099265 0.5099265 0.0000000 0.0734853 
t19        2.1983953 1.0297869 0.6388142 0.7389627 0.9913169 0.4529370 0.3999739 0.9913169 1.2588231 0.8864954 0.5099265 0.6388142 0.3505054 0.4714565 0.3666350 0.3347153 0.4348639 0.4348639 0.0734853 0.0000000 
