20
t18        0.0000000 0.4529370 0.2892469 0.2892469 0.5933457 0.1799630 0.1927838 0.4904449 0.2463781 0.3505054 0.3999739 0.6872180 0.6388142 0.2058276 0.3192509 0.2892469 0.2746833 0.2603971 0.2058276 0.2191023 
t11        0.4529370 0.0000000 0.6157354 0.4904449 0.7662384 0.4529370 0.4529370 0.7389627 0.4529370 0.4172160 0.3999739 0.9198342 0.9913169 0.3831192 0.5933457 0.5299277 0.5716050 0.5504769 0.3666350 0.3831192 
t2         0.2892469 0.6157354 0.0000000 0.4172160 0.5933457 0.2603971 0.2326162 0.5299277 0.3040988 0.4348639 0.4904449 0.7389627 0.7662384 0.2746833 0.4348639 0.3831192 0.3040988 0.3192509 0.3040988 0.3192509 
t4         0.2892469 0.4904449 0.4172160 0.0000000 0.6626257 0.2326162 0.2191023 0.3999739 0.2892469 0.3831192 0.4348639 0.8239592 0.7945437 0.2746833 0.3347153 0.3040988 0.3192509 0.3040988 0.2746833 0.2603971 
t13        0.5933457 0.7662384 0.5933457 0.6626257 0.0000000 0.5299277 0.5099265 0.6388142 0.5716050 0.5933457 0.6388142 1.1132061 1.3144041 0.4529370 0.7389627 0.7389627 0.5933457 0.5716050 0.5099265 0.5299277 
t14        0.1799630 0.4529370 0.2603971 0.2326162 0.5299277 0.0000000 0.1307650 0.4348639 0.1673577 0.2463781 0.2603971 0.7126442 0.6626257 0.1549607 0.2892469 0.2746833 0.2463781 0.2326162 0.1549607 0.1673577 
t7         0.1927838 0.4529370 0.2326162 0.2191023 0.5099265 0.1307650 0.0000000 0.3347153 0.1927838 0.2746833 0.3192509 0.7389627 0.6872180 0.1673577 0.3192509 0.2746833 0.1427653 0.1427653 0.1427653 0.1549607 
t9         0.4904449 0.7389627 0.5299277 0.3999739 0.6388142 0.4348639 0.3347153 0.0000000 0.4529370 0.5099265 0.5716050 1.0297869 0.9913169 0.4172160 0.5933457 0.5299277 0.3192509 0.3505054 0.4172160 0.3999739 
t6         0.2463781 0.4529370 0.3040988 0.2892469 0.5716050 0.1673577 0.1927838 0.4529370 0.0000000 0.2746833 0.3192509 0.7662384 0.6872180 0.1673577 0.3505054 0.3040988 0.2892469 0.2892469 0.1427653 0.1427653 
t15        0.3505054 0.4172160 0.4348639 0.3831192 0.5933457 0.2463781 0.2746833 0.5099265 0.2746833 0.0000000 0.0845966 0.6626257 0.7126442 0.2463781 0.4529370 0.3999739 0.3505054 0.3505054 0.2326162 0.2463781 
t19        0.3999739 0.3999739 0.4904449 0.4348639 0.6388142 0.2603971 0.3192509 0.5716050 0.3192509 0.0845966 0.0000000 0.8239592 0.7662384 0.3040988 0.5099265 0.4529370 0.3831192 0.3831192 0.2892469 0.3040988 
t10        0.6872180 0.9198342 0.7389627 0.8239592 1.1132061 0.7126442 0.7389627 1.0297869 0.7662384 0.6626257 0.8239592 0.0000000 0.1927838 0.6872180 0.7126442 0.7126442 0.8545757 0.7945437 0.6157354 0.6388142 
t16        0.6388142 0.9913169 0.7662384 0.7945437 1.3144041 0.6626257 0.6872180 0.9913169 0.6872180 0.7126442 0.7662384 0.1927838 0.0000000 0.6626257 0.6626257 0.6388142 0.8545757 0.7662384 0.5933457 0.6157354 
t8         0.2058276 0.3831192 0.2746833 0.2746833 0.4529370 0.1549607 0.1673577 0.4172160 0.1673577 0.2463781 0.3040988 0.6872180 0.6626257 0.0000000 0.2746833 0.2326162 0.2603971 0.2463781 0.0625362 0.0734853 
t5         0.3192509 0.5933457 0.4348639 0.3347153 0.7389627 0.2892469 0.3192509 0.5933457 0.3505054 0.4529370 0.5099265 0.7126442 0.6626257 0.2746833 0.0000000 0.0734853 0.3831192 0.3831192 0.3347153 0.3505054 
t12        0.2892469 0.5299277 0.3831192 0.3040988 0.7389627 0.2746833 0.2746833 0.5299277 0.3040988 0.3999739 0.4529370 0.7126442 0.6388142 0.2326162 0.0734853 0.0000000 0.3347153 0.3347153 0.2892469 0.3040988 
t20        0.2746833 0.5716050 0.3040988 0.3192509 0.5933457 0.2463781 0.1427653 0.3192509 0.2892469 0.3505054 0.3831192 0.8545757 0.8545757 0.2603971 0.3831192 0.3347153 0.0000000 0.0306165 0.2746833 0.2892469 
t1         0.2603971 0.5504769 0.3192509 0.3040988 0.5716050 0.2326162 0.1427653 0.3505054 0.2892469 0.3505054 0.3831192 0.7945437 0.7662384 0.2463781 0.3831192 0.3347153 0.0306165 0.0000000 0.2603971 0.2746833 
t17        0.2058276 0.3666350 0.3040988 0.2746833 0.5099265 0.1549607 0.1427653 0.4172160 0.1427653 0.2326162 0.2892469 0.6157354 0.5933457 0.0625362 0.3347153 0.2892469 0.2746833 0.2603971 0.0000000 0.0100673 
t3         0.2191023 0.3831192 0.3192509 0.2603971 0.5299277 0.1673577 0.1549607 0.3999739 0.1427653 0.2463781 0.3040988 0.6388142 0.6157354 0.0734853 0.3505054 0.3040988 0.2892469 0.2746833 0.0100673 0.0000000 
