20
t7         0.0000000 1.7786835 0.7662384 0.6388142 2.4141569 0.6388142 0.6388142 1.0703373 1.5901977 1.2070784 1.0297869 0.6388142 0.9198342 1.5111773 0.8864954 1.0297869 1.1586745 1.0703373 1.7786835 1.1586745 
t10        1.7786835 0.0000000 1.8942965 9.0000000 9.0000000 1.8942965 9.0000000 2.4141569 1.6785349 2.1983953 1.8942965 9.0000000 9.0000000 3.2381161 9.0000000 2.0310377 9.0000000 2.4141569 9.0000000 2.1983953 
t8         0.7662384 1.8942965 0.0000000 1.0297869 3.2381161 0.9547243 0.8545757 1.5111773 1.5901977 1.1132061 1.0297869 1.0703373 1.0703373 1.0297869 0.7945437 0.7662384 0.8545757 1.4396946 9.0000000 1.4396946 
t17        0.6388142 9.0000000 1.0297869 0.0000000 9.0000000 0.8545757 0.9547243 1.4396946 1.6785349 1.3144041 1.1132061 1.2070784 1.2588231 1.5111773 0.9913169 1.1132061 1.1586745 1.3744361 2.1983953 1.3144041 
t14        2.4141569 9.0000000 3.2381161 9.0000000 0.0000000 1.7786835 2.1983953 9.0000000 9.0000000 9.0000000 2.7182557 1.7786835 2.0310377 9.0000000 2.4141569 9.0000000 2.1983953 9.0000000 1.6785349 9.0000000 
t4         0.6388142 1.8942965 0.9547243 0.8545757 1.7786835 0.0000000 0.5504769 1.1586745 1.3744361 1.0703373 0.9913169 0.8545757 0.8864954 2.0310377 0.9547243 1.1132061 1.1132061 0.8545757 2.4141569 0.9547243 
t5         0.6388142 9.0000000 0.8545757 0.9547243 2.1983953 0.5504769 0.0000000 1.1586745 9.0000000 1.1132061 0.9547243 0.6626257 0.8545757 2.1983953 1.3144041 1.1586745 1.2070784 1.0703373 2.4141569 1.0703373 
t18        1.0703373 2.4141569 1.5111773 1.4396946 9.0000000 1.1586745 1.1586745 0.0000000 1.8942965 1.3744361 1.6785349 1.2588231 1.3744361 2.7182557 1.5901977 1.4396946 1.3744361 1.5901977 9.0000000 1.4396946 
t20        1.5901977 1.6785349 1.5901977 1.6785349 9.0000000 1.3744361 9.0000000 1.8942965 0.0000000 1.7786835 1.6785349 9.0000000 9.0000000 1.2070784 0.6626257 1.2588231 1.3144041 1.5901977 3.2381161 1.7786835 
t16        1.2070784 2.1983953 1.1132061 1.3144041 9.0000000 1.0703373 1.1132061 1.3744361 1.7786835 0.0000000 0.3505054 1.3144041 1.3744361 2.1983953 1.7786835 1.1586745 1.2070784 1.6785349 1.7786835 1.4396946 
t12        1.0297869 1.8942965 1.0297869 1.1132061 2.7182557 0.9913169 0.9547243 1.6785349 1.6785349 0.3505054 0.0000000 1.4396946 1.7786835 1.7786835 1.3744361 1.1586745 1.2588231 1.5901977 1.8942965 1.8942965 
t6         0.6388142 9.0000000 1.0703373 1.2070784 1.7786835 0.8545757 0.6626257 1.2588231 9.0000000 1.3144041 1.4396946 0.0000000 0.4348639 9.0000000 1.4396946 0.9547243 1.2588231 1.3744361 2.4141569 1.4396946 
t9         0.9198342 9.0000000 1.0703373 1.2588231 2.0310377 0.8864954 0.8545757 1.3744361 9.0000000 1.3744361 1.7786835 0.4348639 0.0000000 9.0000000 1.4396946 1.0297869 1.0703373 1.8942965 9.0000000 2.1983953 
t13        1.5111773 3.2381161 1.0297869 1.5111773 9.0000000 2.0310377 2.1983953 2.7182557 1.2070784 2.1983953 1.7786835 9.0000000 9.0000000 0.0000000 0.5099265 2.0310377 1.8942965 1.6785349 3.2381161 2.0310377 
t2         0.8864954 9.0000000 0.7945437 0.9913169 2.4141569 0.9547243 1.3144041 1.5901977 0.6626257 1.7786835 1.3744361 1.4396946 1.4396946 0.5099265 0.0000000 1.1586745 1.2588231 1.3744361 2.4141569 1.5111773 
t3         1.0297869 2.0310377 0.7662384 1.1132061 9.0000000 1.1132061 1.1586745 1.4396946 1.2588231 1.1586745 1.1586745 0.9547243 1.0297869 2.0310377 1.1586745 0.0000000 0.1799630 1.3744361 9.0000000 1.6785349 
t19        1.1586745 9.0000000 0.8545757 1.1586745 2.1983953 1.1132061 1.2070784 1.3744361 1.3144041 1.2070784 1.2588231 1.2588231 1.0703373 1.8942965 1.2588231 0.1799630 0.0000000 1.6785349 9.0000000 1.8942965 
t1         1.0703373 2.4141569 1.4396946 1.3744361 9.0000000 0.8545757 1.0703373 1.5901977 1.5901977 1.6785349 1.5901977 1.3744361 1.8942965 1.6785349 1.3744361 1.3744361 1.6785349 0.0000000 0.6388142 0.1073256 
t11        1.7786835 9.0000000 9.0000000 2.1983953 1.6785349 2.4141569 2.4141569 9.0000000 3.2381161 1.7786835 1.8942965 2.4141569 9.0000000 3.2381161 2.4141569 9.0000000 9.0000000 0.6388142 0.0000000 0.5933457 
t15        1.1586745 2.1983953 1.4396946 1.3144041 9.0000000 0.9547243 1.0703373 1.4396946 1.7786835 1.4396946 1.8942965 1.4396946 2.1983953 2.0310377 1.5111773 1.6785349 1.8942965 0.1073256 0.5933457 0.0000000 
