20
t6         0.0000000 2.4141569 1.0297869 1.1586745 0.7389627 1.5901977 1.1132061 1.0297869 1.5111773 1.2588231 1.0703373 1.5901977 0.8239592 1.1586745 2.0310377 1.4396946 1.2588231 1.2588231 0.9913169 0.9913169 
t12        2.4141569 0.0000000 9.0000000 1.8942965 1.5901977 1.8942965 2.4141569 3.2381161 1.5901977 2.0310377 1.7786835 2.0310377 1.2588231 2.0310377 2.4141569 2.0310377 3.2381161 9.0000000 1.5901977 1.3744361 
t11        1.0297869 9.0000000 0.0000000 1.1132061 0.7126442 1.3744361 1.1586745 1.2588231 1.6785349 1.3744361 1.0703373 1.5901977 1.0703373 1.4396946 1.7786835 1.2588231 1.5111773 1.4396946 1.3144041 1.2070784 
t18        1.1586745 1.8942965 1.1132061 0.0000000 0.6626257 1.1586745 1.2070784 1.0297869 1.5111773 1.6785349 1.1132061 1.5901977 1.3744361 1.5111773 2.0310377 1.3144041 1.4396946 1.4396946 1.2070784 1.4396946 
t14        0.7389627 1.5901977 0.7126442 0.6626257 0.0000000 0.6157354 0.9198342 0.5716050 1.3744361 1.0297869 0.4904449 1.1132061 0.6157354 0.8239592 2.1983953 1.0703373 0.7389627 0.8864954 0.6872180 0.6388142 
t3         1.5901977 1.8942965 1.3744361 1.1586745 0.6157354 0.0000000 1.2588231 0.7945437 2.0310377 0.9198342 0.5299277 1.3144041 0.9547243 1.6785349 2.7182557 1.4396946 1.3744361 1.8942965 1.1586745 1.2070784 
t8         1.1132061 2.4141569 1.1586745 1.2070784 0.9198342 1.2588231 0.0000000 1.0297869 0.3347153 1.3744361 0.8239592 0.5716050 1.0703373 1.5111773 0.7662384 0.3666350 1.3744361 1.3144041 1.1132061 1.2070784 
t15        1.0297869 3.2381161 1.2588231 1.0297869 0.5716050 0.7945437 1.0297869 0.0000000 1.2070784 0.7945437 0.3831192 0.9913169 0.9913169 1.1586745 1.7786835 1.0703373 1.0703373 1.2588231 1.0297869 0.9547243 
t4         1.5111773 1.5901977 1.6785349 1.5111773 1.3744361 2.0310377 0.3347153 1.2070784 0.0000000 2.7182557 1.3744361 0.6872180 1.2070784 1.8942965 0.8239592 0.5504769 2.0310377 1.6785349 1.2588231 1.3744361 
t16        1.2588231 2.0310377 1.3744361 1.6785349 1.0297869 0.9198342 1.3744361 0.7945437 2.7182557 0.0000000 0.6157354 1.6785349 1.5901977 2.0310377 2.1983953 1.7786835 3.2381161 9.0000000 1.5901977 1.7786835 
t1         1.0703373 1.7786835 1.0703373 1.1132061 0.4904449 0.5299277 0.8239592 0.3831192 1.3744361 0.6157354 0.0000000 1.1586745 0.8545757 1.5901977 2.0310377 1.0703373 1.2070784 1.5111773 0.9913169 1.1586745 
t17        1.5901977 2.0310377 1.5901977 1.5901977 1.1132061 1.3144041 0.5716050 0.9913169 0.6872180 1.6785349 1.1586745 0.0000000 2.1983953 2.0310377 0.7389627 0.3666350 1.7786835 2.4141569 1.7786835 1.4396946 
t13        0.8239592 1.2588231 1.0703373 1.3744361 0.6157354 0.9547243 1.0703373 0.9913169 1.2070784 1.5901977 0.8545757 2.1983953 0.0000000 1.1132061 9.0000000 1.5901977 1.1132061 1.4396946 0.2603971 0.3192509 
t19        1.1586745 2.0310377 1.4396946 1.5111773 0.8239592 1.6785349 1.5111773 1.1586745 1.8942965 2.0310377 1.5901977 2.0310377 1.1132061 0.0000000 2.7182557 1.7786835 0.1307650 0.2603971 1.1586745 1.2588231 
t20        2.0310377 2.4141569 1.7786835 2.0310377 2.1983953 2.7182557 0.7662384 1.7786835 0.8239592 2.1983953 2.0310377 0.7389627 9.0000000 2.7182557 0.0000000 0.4904449 2.4141569 2.4141569 9.0000000 9.0000000 
t9         1.4396946 2.0310377 1.2588231 1.3144041 1.0703373 1.4396946 0.3666350 1.0703373 0.5504769 1.7786835 1.0703373 0.3666350 1.5901977 1.7786835 0.4904449 0.0000000 1.7786835 1.8942965 1.5901977 1.6785349 
t10        1.2588231 3.2381161 1.5111773 1.4396946 0.7389627 1.3744361 1.3744361 1.0703373 2.0310377 3.2381161 1.2070784 1.7786835 1.1132061 0.1307650 2.4141569 1.7786835 0.0000000 0.2326162 1.2070784 1.2588231 
t5         1.2588231 9.0000000 1.4396946 1.4396946 0.8864954 1.8942965 1.3144041 1.2588231 1.6785349 9.0000000 1.5111773 2.4141569 1.4396946 0.2603971 2.4141569 1.8942965 0.2326162 0.0000000 1.3744361 1.3144041 
t2         0.9913169 1.5901977 1.3144041 1.2070784 0.6872180 1.1586745 1.1132061 1.0297869 1.2588231 1.5901977 0.9913169 1.7786835 0.2603971 1.1586745 9.0000000 1.5901977 1.2070784 1.3744361 0.0000000 0.1799630 
t7         0.9913169 1.3744361 1.2070784 1.4396946 0.6388142 1.2070784 1.2070784 0.9547243 1.3744361 1.7786835 1.1586745 1.4396946 0.3192509 1.2588231 9.0000000 1.6785349 1.2588231 1.3144041 0.1799630 0.0000000 
