20
t10        0.0000000 2.0310377 1.4396946 0.5716050 1.3744361 1.5901977 1.5111773 1.6785349 0.9913169 0.9913169 0.7126442 1.7786835 2.0310377 1.3144041 1.4396946 1.3144041 0.7662384 0.8239592 0.6872180 0.6157354 
t19        2.0310377 0.0000000 0.7389627 1.5111773 1.2588231 1.7786835 2.4141569 1.5901977 1.0297869 1.3744361 1.1586745 0.9913169 1.0703373 1.0703373 1.1132061 1.2588231 1.1586745 1.5111773 1.2070784 1.2070784 
t3         1.4396946 0.7389627 0.0000000 1.0703373 1.3744361 2.1983953 1.3144041 1.2588231 0.9547243 1.2070784 0.9547243 0.9913169 1.1132061 1.3144041 1.0703373 1.3744361 1.1586745 1.6785349 1.3144041 1.1132061 
t2         0.5716050 1.5111773 1.0703373 0.0000000 1.3744361 1.2070784 2.0310377 2.0310377 1.0297869 0.9913169 0.6626257 1.5901977 1.3744361 1.5111773 1.2070784 1.4396946 0.6626257 0.7662384 0.7662384 0.6626257 
t7         1.3744361 1.2588231 1.3744361 1.3744361 0.0000000 0.6626257 2.4141569 1.6785349 1.3744361 1.6785349 1.2070784 1.4396946 1.8942965 1.2070784 1.2588231 1.0703373 1.1132061 1.2070784 1.2588231 1.1586745 
t15        1.5901977 1.7786835 2.1983953 1.2070784 0.6626257 0.0000000 3.2381161 2.7182557 1.4396946 1.2588231 1.2070784 2.1983953 2.7182557 1.3144041 1.3144041 1.5111773 0.8864954 1.0703373 1.3144041 1.2588231 
t13        1.5111773 2.4141569 1.3144041 2.0310377 2.4141569 3.2381161 0.0000000 0.3040988 1.5111773 1.7786835 1.6785349 1.6785349 2.0310377 1.6785349 1.7786835 2.0310377 1.5901977 3.2381161 2.0310377 1.7786835 
t1         1.6785349 1.5901977 1.2588231 2.0310377 1.6785349 2.7182557 0.3040988 0.0000000 1.6785349 1.6785349 2.4141569 1.2070784 1.4396946 2.1983953 2.0310377 3.2381161 1.6785349 3.2381161 2.4141569 2.1983953 
t14        0.9913169 1.0297869 0.9547243 1.0297869 1.3744361 1.4396946 1.5111773 1.6785349 0.0000000 0.4348639 0.7389627 1.3744361 1.3144041 0.8239592 0.9198342 0.8864954 0.9547243 0.9547243 0.9547243 0.8545757 
t18        0.9913169 1.3744361 1.2070784 0.9913169 1.6785349 1.2588231 1.7786835 1.6785349 0.4348639 0.0000000 1.1132061 2.0310377 1.5111773 0.9547243 0.8545757 0.8864954 1.1132061 1.1586745 1.0297869 0.9198342 
t16        0.7126442 1.1586745 0.9547243 0.6626257 1.2070784 1.2070784 1.6785349 2.4141569 0.7389627 1.1132061 0.0000000 1.3744361 1.3144041 1.2070784 1.0703373 1.2070784 0.3040988 0.3666350 0.5099265 0.3999739 
t6         1.7786835 0.9913169 0.9913169 1.5901977 1.4396946 2.1983953 1.6785349 1.2070784 1.3744361 2.0310377 1.3744361 0.0000000 0.2892469 1.6785349 1.7786835 1.5111773 1.3744361 1.8942965 1.6785349 1.3744361 
t12        2.0310377 1.0703373 1.1132061 1.3744361 1.8942965 2.7182557 2.0310377 1.4396946 1.3144041 1.5111773 1.3144041 0.2892469 0.0000000 1.7786835 1.5901977 1.5111773 1.0297869 1.5901977 1.5111773 1.3144041 
t17        1.3144041 1.0703373 1.3144041 1.5111773 1.2070784 1.3144041 1.6785349 2.1983953 0.8239592 0.9547243 1.2070784 1.6785349 1.7786835 0.0000000 0.2463781 0.2603971 1.8942965 1.6785349 1.5111773 1.1132061 
t8         1.4396946 1.1132061 1.0703373 1.2070784 1.2588231 1.3144041 1.7786835 2.0310377 0.9198342 0.8545757 1.0703373 1.7786835 1.5901977 0.2463781 0.0000000 0.2191023 1.2588231 1.2588231 1.5111773 1.2070784 
t9         1.3144041 1.2588231 1.3744361 1.4396946 1.0703373 1.5111773 2.0310377 3.2381161 0.8864954 0.8864954 1.2070784 1.5111773 1.5111773 0.2603971 0.2191023 0.0000000 1.5111773 1.4396946 1.2588231 1.1586745 
t4         0.7662384 1.1586745 1.1586745 0.6626257 1.1132061 0.8864954 1.5901977 1.6785349 0.9547243 1.1132061 0.3040988 1.3744361 1.0297869 1.8942965 1.2588231 1.5111773 0.0000000 0.2603971 0.5099265 0.4714565 
t11        0.8239592 1.5111773 1.6785349 0.7662384 1.2070784 1.0703373 3.2381161 3.2381161 0.9547243 1.1586745 0.3666350 1.8942965 1.5901977 1.6785349 1.2588231 1.4396946 0.2603971 0.0000000 0.4714565 0.4529370 
t20        0.6872180 1.2070784 1.3144041 0.7662384 1.2588231 1.3144041 2.0310377 2.4141569 0.9547243 1.0297869 0.5099265 1.6785349 1.5111773 1.5111773 1.5111773 1.2588231 0.5099265 0.4714565 0.0000000 0.0845966 
t5         0.6157354 1.2070784 1.1132061 0.6626257 1.1586745 1.2588231 1.7786835 2.1983953 0.8545757 0.9198342 0.3999739 1.3744361 1.3144041 1.1132061 1.2070784 1.1586745 0.4714565 0.4529370 0.0845966 0.0000000 
