20
t1         0.0000000 3.2381161 2.0310377 2.4141569 3.2381161 1.1132061 3.2381161 2.1983953 9.0000000 2.1983953 9.0000000 9.0000000 2.0310377 2.1983953 2.1983953 2.7182557 9.0000000 9.0000000 1.2588231 1.2588231 
t19        3.2381161 0.0000000 1.3144041 1.2070784 1.0703373 1.6785349 1.4396946 1.2588231 1.4396946 1.5111773 1.5901977 1.7786835 2.4141569 2.7182557 1.5111773 1.5901977 1.8942965 2.1983953 1.1586745 1.1132061 
t20        2.0310377 1.3144041 0.0000000 1.3744361 1.1132061 1.3144041 1.0297869 1.2070784 1.1586745 1.1132061 1.2588231 1.0297869 1.5901977 1.8942965 1.0297869 1.1132061 1.8942965 2.0310377 1.2070784 1.1586745 
t18        2.4141569 1.2070784 1.3744361 0.0000000 1.3144041 1.2070784 1.2588231 1.2070784 1.1586745 1.2588231 1.8942965 1.6785349 1.7786835 2.0310377 1.3144041 1.5901977 1.4396946 1.5111773 0.9198342 0.9198342 
t14        3.2381161 1.0703373 1.1132061 1.3144041 0.0000000 1.1132061 1.0703373 1.2070784 0.8864954 0.8545757 0.9547243 0.8239592 1.7786835 1.8942965 0.7945437 0.7945437 2.4141569 2.1983953 0.9913169 0.9547243 
t8         1.1132061 1.6785349 1.3144041 1.2070784 1.1132061 0.0000000 1.0297869 0.9913169 1.1132061 1.0297869 1.3744361 1.0703373 1.2588231 1.3744361 0.9547243 1.0703373 1.7786835 1.5901977 0.3192509 0.3040988 
t3         3.2381161 1.4396946 1.0297869 1.2588231 1.0703373 1.0297869 0.0000000 0.4904449 1.0297869 1.0703373 1.0297869 1.6785349 1.5901977 1.8942965 1.2070784 1.5111773 1.4396946 1.5901977 0.8864954 0.8545757 
t2         2.1983953 1.2588231 1.2070784 1.2070784 1.2070784 0.9913169 0.4904449 0.0000000 1.2070784 1.3144041 1.3144041 2.0310377 1.8942965 2.0310377 1.8942965 2.1983953 1.4396946 1.5901977 1.0297869 0.9913169 
t12        9.0000000 1.4396946 1.1586745 1.1586745 0.8864954 1.1132061 1.0297869 1.2070784 0.0000000 0.3040988 0.3505054 1.5111773 1.7786835 2.0310377 1.7786835 1.6785349 1.2070784 1.3144041 0.9913169 0.9547243 
t6         2.1983953 1.5111773 1.1132061 1.2588231 0.8545757 1.0297869 1.0703373 1.3144041 0.3040988 0.0000000 0.3347153 2.0310377 1.3744361 1.4396946 1.7786835 1.8942965 1.5111773 1.6785349 0.9198342 0.9198342 
t10        9.0000000 1.5901977 1.2588231 1.8942965 0.9547243 1.3744361 1.0297869 1.3144041 0.3505054 0.3347153 0.0000000 1.8942965 1.8942965 2.0310377 2.4141569 2.0310377 1.7786835 1.8942965 1.1586745 1.1132061 
t9         9.0000000 1.7786835 1.0297869 1.6785349 0.8239592 1.0703373 1.6785349 2.0310377 1.5111773 2.0310377 1.8942965 0.0000000 3.2381161 2.7182557 0.2191023 0.2463781 2.0310377 2.7182557 1.2588231 1.2588231 
t16        2.0310377 2.4141569 1.5901977 1.7786835 1.7786835 1.2588231 1.5901977 1.8942965 1.7786835 1.3744361 1.8942965 3.2381161 0.0000000 0.0517447 2.1983953 2.7182557 9.0000000 3.2381161 1.3144041 1.2588231 
t11        2.1983953 2.7182557 1.8942965 2.0310377 1.8942965 1.3744361 1.8942965 2.0310377 2.0310377 1.4396946 2.0310377 2.7182557 0.0517447 0.0000000 2.0310377 2.1983953 9.0000000 3.2381161 1.5111773 1.4396946 
t5         2.1983953 1.5111773 1.0297869 1.3144041 0.7945437 0.9547243 1.2070784 1.8942965 1.7786835 1.7786835 2.4141569 0.2191023 2.1983953 2.0310377 0.0000000 0.1073256 1.8942965 2.1983953 1.0297869 1.0297869 
t13        2.7182557 1.5901977 1.1132061 1.5901977 0.7945437 1.0703373 1.5111773 2.1983953 1.6785349 1.8942965 2.0310377 0.2463781 2.7182557 2.1983953 0.1073256 0.0000000 1.5901977 1.8942965 1.1132061 1.1132061 
t4         9.0000000 1.8942965 1.8942965 1.4396946 2.4141569 1.7786835 1.4396946 1.4396946 1.2070784 1.5111773 1.7786835 2.0310377 9.0000000 9.0000000 1.8942965 1.5901977 0.0000000 0.0625362 1.5901977 1.6785349 
t17        9.0000000 2.1983953 2.0310377 1.5111773 2.1983953 1.5901977 1.5901977 1.5901977 1.3144041 1.6785349 1.8942965 2.7182557 3.2381161 3.2381161 2.1983953 1.8942965 0.0625362 0.0000000 1.4396946 1.5111773 
t15        1.2588231 1.1586745 1.2070784 0.9198342 0.9913169 0.3192509 0.8864954 1.0297869 0.9913169 0.9198342 1.1586745 1.2588231 1.3144041 1.5111773 1.0297869 1.1132061 1.5901977 1.4396946 0.0000000 0.0100673 
t7         1.2588231 1.1132061 1.1586745 0.9198342 0.9547243 0.3040988 0.8545757 0.9913169 0.9547243 0.9198342 1.1132061 1.2588231 1.2588231 1.4396946 1.0297869 1.1132061 1.6785349 1.5111773 0.0100673 0.0000000 
