20
t6         0.0000000 2.4141569 0.7945437 1.4396946 0.8864954 0.6157354 0.8545757 0.9913169 1.2070784 0.9198342 0.6626257 0.7945437 1.1586745 1.0297869 0.7945437 0.7126442 0.9913169 0.7662384 1.6785349 1.6785349 
t5         2.4141569 0.0000000 3.2381161 3.2381161 9.0000000 1.8942965 2.0310377 1.6785349 3.2381161 2.7182557 2.1983953 1.5111773 2.1983953 3.2381161 2.4141569 1.4396946 1.8942965 1.5111773 1.8942965 1.7786835 
t17        0.7945437 3.2381161 0.0000000 2.0310377 0.9198342 0.7126442 0.7662384 0.6872180 0.8864954 2.0310377 0.9198342 0.9198342 1.0297869 1.2588231 1.0297869 0.7126442 0.9547243 0.7389627 1.7786835 1.6785349 
t8         1.4396946 3.2381161 2.0310377 0.0000000 1.2588231 3.2381161 1.4396946 9.0000000 1.5901977 1.7786835 1.5901977 1.6785349 1.4396946 1.5111773 2.1983953 1.5111773 2.1983953 1.4396946 2.7182557 2.7182557 
t13        0.8864954 9.0000000 0.9198342 1.2588231 0.0000000 0.9198342 1.2070784 1.2070784 1.2588231 1.6785349 0.8864954 1.3744361 1.3144041 1.3144041 1.5901977 1.2070784 1.2070784 1.1586745 9.0000000 9.0000000 
t11        0.6157354 1.8942965 0.7126442 3.2381161 0.9198342 0.0000000 1.1586745 1.1132061 1.2588231 1.6785349 0.7662384 0.8864954 1.3144041 1.0703373 1.0297869 0.8545757 1.1586745 1.0703373 1.7786835 1.7786835 
t1         0.8545757 2.0310377 0.7662384 1.4396946 1.2070784 1.1586745 0.0000000 0.6388142 0.8864954 1.6785349 1.1132061 1.1132061 1.1586745 1.2070784 1.2588231 1.0703373 0.7945437 0.7389627 1.6785349 1.5901977 
t4         0.9913169 1.6785349 0.6872180 9.0000000 1.2070784 1.1132061 0.6388142 0.0000000 0.8864954 1.7786835 1.2070784 1.1132061 1.1132061 1.2070784 1.0297869 0.9913169 0.6872180 0.6388142 1.7786835 1.6785349 
t14        1.2070784 3.2381161 0.8864954 1.5901977 1.2588231 1.2588231 0.8864954 0.8864954 0.0000000 1.3144041 1.2070784 1.2588231 0.9198342 1.0297869 1.7786835 1.1586745 0.8864954 0.6872180 9.0000000 9.0000000 
t7         0.9198342 2.7182557 2.0310377 1.7786835 1.6785349 1.6785349 1.6785349 1.7786835 1.3144041 0.0000000 0.6872180 1.3744361 1.4396946 1.7786835 2.1983953 1.4396946 2.0310377 1.4396946 2.0310377 1.8942965 
t9         0.6626257 2.1983953 0.9198342 1.5901977 0.8864954 0.7662384 1.1132061 1.2070784 1.2070784 0.6872180 0.0000000 0.9547243 1.0703373 1.0703373 1.1586745 0.8864954 1.1586745 0.9547243 2.1983953 2.1983953 
t20        0.7945437 1.5111773 0.9198342 1.6785349 1.3744361 0.8864954 1.1132061 1.1132061 1.2588231 1.3744361 0.9547243 0.0000000 1.5901977 1.4396946 0.3347153 0.2463781 1.0703373 0.8239592 1.6785349 1.6785349 
t12        1.1586745 2.1983953 1.0297869 1.4396946 1.3144041 1.3144041 1.1586745 1.1132061 0.9198342 1.4396946 1.0703373 1.5901977 0.0000000 0.5299277 1.6785349 1.3744361 0.8545757 0.7662384 2.0310377 2.4141569 
t10        1.0297869 3.2381161 1.2588231 1.5111773 1.3144041 1.0703373 1.2070784 1.2070784 1.0297869 1.7786835 1.0703373 1.4396946 0.5299277 0.0000000 1.4396946 1.1586745 0.8864954 0.8239592 2.4141569 2.7182557 
t19        0.7945437 2.4141569 1.0297869 2.1983953 1.5901977 1.0297869 1.2588231 1.0297869 1.7786835 2.1983953 1.1586745 0.3347153 1.6785349 1.4396946 0.0000000 0.2326162 1.2588231 1.0703373 3.2381161 3.2381161 
t18        0.7126442 1.4396946 0.7126442 1.5111773 1.2070784 0.8545757 1.0703373 0.9913169 1.1586745 1.4396946 0.8864954 0.2463781 1.3744361 1.1586745 0.2326162 0.0000000 0.9547243 0.7389627 1.6785349 1.5901977 
t2         0.9913169 1.8942965 0.9547243 2.1983953 1.2070784 1.1586745 0.7945437 0.6872180 0.8864954 2.0310377 1.1586745 1.0703373 0.8545757 0.8864954 1.2588231 0.9547243 0.0000000 0.1189538 1.8942965 1.7786835 
t16        0.7662384 1.5111773 0.7389627 1.4396946 1.1586745 1.0703373 0.7389627 0.6388142 0.6872180 1.4396946 0.9547243 0.8239592 0.7662384 0.8239592 1.0703373 0.7389627 0.1189538 0.0000000 1.8942965 1.7786835 
t3         1.6785349 1.8942965 1.7786835 2.7182557 9.0000000 1.7786835 1.6785349 1.7786835 9.0000000 2.0310377 2.1983953 1.6785349 2.0310377 2.4141569 3.2381161 1.6785349 1.8942965 1.8942965 0.0000000 0.0202715 
t15        1.6785349 1.7786835 1.6785349 2.7182557 9.0000000 1.7786835 1.5901977 1.6785349 9.0000000 1.8942965 2.1983953 1.6785349 2.4141569 2.7182557 3.2381161 1.5901977 1.7786835 1.7786835 0.0202715 0.0000000 
