20
t16        0.0000000 2.4141569 0.8864954 1.1586745 9.0000000 1.2070784 1.0297869 1.4396946 0.6872180 0.7126442 1.0703373 1.3744361 1.1586745 1.2588231 0.8864954 0.9913169 0.9547243 1.5901977 1.0297869 1.2070784 
t3         2.4141569 0.0000000 1.5111773 2.1983953 2.7182557 2.4141569 1.7786835 1.8942965 2.7182557 9.0000000 1.8942965 1.8942965 1.3744361 1.6785349 2.0310377 1.8942965 1.7786835 1.6785349 1.5901977 2.4141569 
t7         0.8864954 1.5111773 0.0000000 0.9198342 3.2381161 0.7945437 0.6626257 0.6157354 0.6626257 0.7389627 0.9913169 1.2070784 0.7662384 1.0297869 0.7945437 0.7945437 0.7126442 0.8545757 0.9198342 0.9198342 
t19        1.1586745 2.1983953 0.9198342 0.0000000 1.7786835 1.1132061 1.3744361 1.3744361 1.0297869 1.3144041 1.3144041 1.6785349 0.9198342 1.1132061 1.0297869 1.1132061 1.5901977 1.6785349 1.2070784 1.1132061 
t14        9.0000000 2.7182557 3.2381161 1.7786835 0.0000000 2.1983953 2.4141569 9.0000000 2.1983953 2.0310377 2.0310377 1.8942965 9.0000000 2.1983953 9.0000000 2.7182557 3.2381161 9.0000000 2.7182557 9.0000000 
t15        1.2070784 2.4141569 0.7945437 1.1132061 2.1983953 0.0000000 1.0703373 1.2070784 0.8545757 1.1132061 1.5111773 2.4141569 0.7389627 0.8545757 0.6872180 0.9198342 1.0297869 1.0703373 0.3831192 0.3505054 
t1         1.0297869 1.7786835 0.6626257 1.3744361 2.4141569 1.0703373 0.0000000 0.4904449 1.2588231 1.0703373 1.5901977 1.7786835 1.1586745 1.3144041 0.9913169 1.0703373 0.8239592 1.0703373 1.2070784 1.3744361 
t6         1.4396946 1.8942965 0.6157354 1.3744361 9.0000000 1.2070784 0.4904449 0.0000000 0.9913169 1.1586745 1.4396946 1.8942965 1.0297869 1.1586745 1.0703373 0.9198342 1.0297869 1.3144041 1.3744361 1.6785349 
t13        0.6872180 2.7182557 0.6626257 1.0297869 2.1983953 0.8545757 1.2588231 0.9913169 0.0000000 0.2892469 0.5933457 0.8545757 0.9913169 1.0297869 0.7945437 0.7389627 1.2070784 1.3744361 0.9913169 1.1132061 
t10        0.7126442 9.0000000 0.7389627 1.3144041 2.0310377 1.1132061 1.0703373 1.1586745 0.2892469 0.0000000 0.6872180 0.9547243 1.2070784 1.1586745 0.8864954 0.7662384 0.9547243 1.2588231 1.3144041 1.5901977 
t11        1.0703373 1.8942965 0.9913169 1.3144041 2.0310377 1.5111773 1.5901977 1.4396946 0.5933457 0.6872180 0.0000000 0.5099265 1.5111773 1.4396946 1.2588231 0.9198342 1.3144041 1.5901977 1.5111773 1.4396946 
t4         1.3744361 1.8942965 1.2070784 1.6785349 1.8942965 2.4141569 1.7786835 1.8942965 0.8545757 0.9547243 0.5099265 0.0000000 1.7786835 2.4141569 1.6785349 1.2588231 1.7786835 1.6785349 1.6785349 1.6785349 
t17        1.1586745 1.3744361 0.7662384 0.9198342 9.0000000 0.7389627 1.1586745 1.0297869 0.9913169 1.2070784 1.5111773 1.7786835 0.0000000 0.3999739 0.3666350 0.5716050 1.1586745 1.3744361 0.7662384 0.8864954 
t8         1.2588231 1.6785349 1.0297869 1.1132061 2.1983953 0.8545757 1.3144041 1.1586745 1.0297869 1.1586745 1.4396946 2.4141569 0.3999739 0.0000000 0.4348639 0.6626257 1.2588231 1.2588231 0.9913169 0.9198342 
t12        0.8864954 2.0310377 0.7945437 1.0297869 9.0000000 0.6872180 0.9913169 1.0703373 0.7945437 0.8864954 1.2588231 1.6785349 0.3666350 0.4348639 0.0000000 0.3192509 1.1132061 1.4396946 0.9198342 0.8545757 
t20        0.9913169 1.8942965 0.7945437 1.1132061 2.7182557 0.9198342 1.0703373 0.9198342 0.7389627 0.7662384 0.9198342 1.2588231 0.5716050 0.6626257 0.3192509 0.0000000 1.0703373 1.5111773 1.0297869 0.9547243 
t18        0.9547243 1.7786835 0.7126442 1.5901977 3.2381161 1.0297869 0.8239592 1.0297869 1.2070784 0.9547243 1.3144041 1.7786835 1.1586745 1.2588231 1.1132061 1.0703373 0.0000000 0.3666350 1.1132061 1.2070784 
t2         1.5901977 1.6785349 0.8545757 1.6785349 9.0000000 1.0703373 1.0703373 1.3144041 1.3744361 1.2588231 1.5901977 1.6785349 1.3744361 1.2588231 1.4396946 1.5111773 0.3666350 0.0000000 1.3744361 1.5901977 
t5         1.0297869 1.5901977 0.9198342 1.2070784 2.7182557 0.3831192 1.2070784 1.3744361 0.9913169 1.3144041 1.5111773 1.6785349 0.7662384 0.9913169 0.9198342 1.0297869 1.1132061 1.3744361 0.0000000 0.1307650 
t9         1.2070784 2.4141569 0.9198342 1.1132061 9.0000000 0.3505054 1.3744361 1.6785349 1.1132061 1.5901977 1.4396946 1.6785349 0.8864954 0.9198342 0.8545757 0.9547243 1.2070784 1.5901977 0.1307650 0.0000000 
