20
t12        0.0000000 1.1586745 1.1586745 1.2070784 1.4396946 0.9547243 1.1586745 1.3144041 1.5901977 1.0297869 1.1586745 1.3744361 1.7786835 1.7786835 1.8942965 1.5901977 1.8942965 0.8864954 0.8239592 0.8864954 
t10        1.1586745 0.0000000 0.5299277 0.6872180 0.9198342 0.9198342 0.6626257 1.0703373 1.0297869 0.5299277 0.7126442 0.8545757 0.7945437 1.7786835 1.7786835 0.8864954 0.9198342 0.9547243 0.8864954 0.9198342 
t2         1.1586745 0.5299277 0.0000000 0.7389627 0.7126442 0.7389627 0.7389627 1.0703373 1.0297869 0.5099265 0.6388142 0.9198342 1.0703373 1.4396946 1.5901977 1.1132061 0.9913169 0.7389627 0.6872180 0.7662384 
t9         1.2070784 0.6872180 0.7389627 0.0000000 1.1132061 0.9198342 0.7662384 1.2070784 1.2070784 0.5933457 0.7389627 0.8864954 0.9547243 1.2588231 1.6785349 1.5111773 1.3744361 0.8864954 0.7945437 0.7945437 
t17        1.4396946 0.9198342 0.7126442 1.1132061 0.0000000 0.6626257 0.9198342 1.0703373 1.0703373 0.8864954 0.8864954 1.0297869 1.2070784 1.3144041 1.2070784 1.1132061 1.1586745 1.1132061 1.0703373 1.1586745 
t7         0.9547243 0.9198342 0.7389627 0.9198342 0.6626257 0.0000000 0.6626257 0.8239592 0.8545757 0.6626257 0.7126442 0.7662384 0.8864954 1.0297869 0.8545757 0.8239592 0.9198342 0.8545757 0.8239592 0.8545757 
t4         1.1586745 0.6626257 0.7389627 0.7662384 0.9198342 0.6626257 0.0000000 0.8545757 0.8239592 0.6388142 0.7945437 0.4714565 0.4904449 1.2070784 1.0297869 1.0703373 1.1586745 0.5716050 0.5299277 0.5933457 
t5         1.3144041 1.0703373 1.0703373 1.2070784 1.0703373 0.8239592 0.8545757 0.0000000 0.5933457 0.8239592 0.8545757 1.0297869 1.0703373 1.2588231 1.1132061 0.5933457 0.7389627 0.9198342 0.9198342 0.9913169 
t1         1.5901977 1.0297869 1.0297869 1.2070784 1.0703373 0.8545757 0.8239592 0.5933457 0.0000000 1.0703373 1.0297869 1.1132061 1.2070784 1.5901977 1.5111773 0.4348639 0.4904449 0.7945437 0.8239592 0.8864954 
t18        1.0297869 0.5299277 0.5099265 0.5933457 0.8864954 0.6626257 0.6388142 0.8239592 1.0703373 0.0000000 0.2191023 0.7945437 0.8239592 1.8942965 1.4396946 1.1132061 0.9913169 0.7126442 0.6626257 0.7389627 
t13        1.1586745 0.7126442 0.6388142 0.7389627 0.8864954 0.7126442 0.7945437 0.8545757 1.0297869 0.2191023 0.0000000 0.9913169 0.9547243 1.6785349 1.5111773 1.1586745 0.9547243 0.8864954 0.8239592 0.8864954 
t11        1.3744361 0.8545757 0.9198342 0.8864954 1.0297869 0.7662384 0.4714565 1.0297869 1.1132061 0.7945437 0.9913169 0.0000000 0.4529370 1.3144041 1.1132061 1.2070784 1.6785349 0.9198342 0.7945437 0.8864954 
t8         1.7786835 0.7945437 1.0703373 0.9547243 1.2070784 0.8864954 0.4904449 1.0703373 1.2070784 0.8239592 0.9547243 0.4529370 0.0000000 1.3744361 1.2588231 0.9198342 1.2588231 0.9913169 0.9198342 0.9913169 
t19        1.7786835 1.7786835 1.4396946 1.2588231 1.3144041 1.0297869 1.2070784 1.2588231 1.5901977 1.8942965 1.6785349 1.3144041 1.3744361 0.0000000 0.2463781 2.0310377 9.0000000 1.5111773 1.5901977 1.5901977 
t16        1.8942965 1.7786835 1.5901977 1.6785349 1.2070784 0.8545757 1.0297869 1.1132061 1.5111773 1.4396946 1.5111773 1.1132061 1.2588231 0.2463781 0.0000000 1.4396946 2.1983953 1.3144041 1.3144041 1.4396946 
t15        1.5901977 0.8864954 1.1132061 1.5111773 1.1132061 0.8239592 1.0703373 0.5933457 0.4348639 1.1132061 1.1586745 1.2070784 0.9198342 2.0310377 1.4396946 0.0000000 0.2326162 1.1132061 1.1586745 1.1586745 
t6         1.8942965 0.9198342 0.9913169 1.3744361 1.1586745 0.9198342 1.1586745 0.7389627 0.4904449 0.9913169 0.9547243 1.6785349 1.2588231 9.0000000 2.1983953 0.2326162 0.0000000 1.2070784 1.2588231 1.3144041 
t3         0.8864954 0.9547243 0.7389627 0.8864954 1.1132061 0.8545757 0.5716050 0.9198342 0.7945437 0.7126442 0.8864954 0.9198342 0.9913169 1.5111773 1.3144041 1.1132061 1.2070784 0.0000000 0.0845966 0.1307650 
t20        0.8239592 0.8864954 0.6872180 0.7945437 1.0703373 0.8239592 0.5299277 0.9198342 0.8239592 0.6626257 0.8239592 0.7945437 0.9198342 1.5901977 1.3144041 1.1586745 1.2588231 0.0845966 0.0000000 0.0625362 
t14        0.8864954 0.9198342 0.7662384 0.7945437 1.1586745 0.8545757 0.5933457 0.9913169 0.8864954 0.7389627 0.8864954 0.8864954 0.9913169 1.5901977 1.4396946 1.1586745 1.3144041 0.1307650 0.0625362 0.0000000 
