20
t15        0.0000000 0.3040988 0.3831192 1.0703373 0.2463781 0.3347153 0.3831192 0.2892469 0.4714565 0.5099265 0.3192509 0.3192509 0.3831192 0.4529370 0.3666350 0.4172160 0.3831192 0.3999739 0.4714565 0.4529370 
t14        0.3040988 0.0000000 0.1549607 0.9913169 0.1427653 0.3040988 0.3505054 0.1189538 0.3505054 0.4529370 0.2191023 0.2326162 0.1673577 0.2326162 0.3192509 0.4714565 0.2892469 0.3505054 0.3831192 0.3505054 
t11        0.3831192 0.1549607 0.0000000 1.0703373 0.1927838 0.3347153 0.4172160 0.1799630 0.3347153 0.4529370 0.2746833 0.2746833 0.1927838 0.2463781 0.3831192 0.5299277 0.3505054 0.3831192 0.4172160 0.3999739 
t13        1.0703373 0.9913169 1.0703373 0.0000000 0.9198342 1.2588231 1.4396946 0.9198342 1.8942965 1.3744361 0.9198342 1.0703373 1.1132061 1.1132061 1.5111773 1.0703373 1.2070784 1.3144041 1.2588231 1.2588231 
t5         0.2463781 0.1427653 0.1927838 0.9198342 0.0000000 0.2191023 0.2746833 0.1189538 0.2892469 0.4172160 0.1549607 0.1799630 0.1927838 0.2463781 0.2746833 0.4529370 0.2191023 0.2463781 0.3040988 0.2892469 
t2         0.3347153 0.3040988 0.3347153 1.2588231 0.2191023 0.0000000 0.3040988 0.2892469 0.4904449 0.5099265 0.2892469 0.3347153 0.3666350 0.3999739 0.2463781 0.4529370 0.3831192 0.3347153 0.3505054 0.3666350 
t16        0.3831192 0.3505054 0.4172160 1.4396946 0.2746833 0.3040988 0.0000000 0.3192509 0.4529370 0.2603971 0.3831192 0.3505054 0.4172160 0.5504769 0.3666350 0.5099265 0.3999739 0.4172160 0.1673577 0.1673577 
t10        0.2892469 0.1189538 0.1799630 0.9198342 0.1189538 0.2892469 0.3192509 0.0000000 0.3347153 0.4904449 0.2058276 0.2058276 0.1927838 0.2892469 0.3347153 0.5299277 0.2746833 0.3192509 0.3831192 0.3666350 
t12        0.4714565 0.3505054 0.3347153 1.8942965 0.2892469 0.4904449 0.4529370 0.3347153 0.0000000 0.6157354 0.3999739 0.3666350 0.3347153 0.4529370 0.4904449 0.6872180 0.4529370 0.4904449 0.5933457 0.5716050 
t17        0.5099265 0.4529370 0.4529370 1.3744361 0.4172160 0.5099265 0.2603971 0.4904449 0.6157354 0.0000000 0.5299277 0.5299277 0.5504769 0.6157354 0.4904449 0.5716050 0.5716050 0.5716050 0.1927838 0.1927838 
t18        0.3192509 0.2191023 0.2746833 0.9198342 0.1549607 0.2892469 0.3831192 0.2058276 0.3999739 0.5299277 0.0000000 0.1549607 0.2603971 0.3192509 0.3347153 0.4529370 0.2892469 0.3192509 0.4529370 0.4348639 
t1         0.3192509 0.2326162 0.2746833 1.0703373 0.1799630 0.3347153 0.3505054 0.2058276 0.3666350 0.5299277 0.1549607 0.0000000 0.2603971 0.3505054 0.3347153 0.4714565 0.2892469 0.3831192 0.4172160 0.3999739 
t7         0.3831192 0.1673577 0.1927838 1.1132061 0.1927838 0.3666350 0.4172160 0.1927838 0.3347153 0.5504769 0.2603971 0.2603971 0.0000000 0.1927838 0.3999739 0.5716050 0.3666350 0.4348639 0.4714565 0.4529370 
t6         0.4529370 0.2326162 0.2463781 1.1132061 0.2463781 0.3999739 0.5504769 0.2892469 0.4529370 0.6157354 0.3192509 0.3505054 0.1927838 0.0000000 0.5299277 0.6388142 0.4529370 0.4714565 0.5504769 0.5299277 
t19        0.3666350 0.3192509 0.3831192 1.5111773 0.2746833 0.2463781 0.3666350 0.3347153 0.4904449 0.4904449 0.3347153 0.3347153 0.3999739 0.5299277 0.0000000 0.3831192 0.4529370 0.4529370 0.4172160 0.3999739 
t3         0.4172160 0.4714565 0.5299277 1.0703373 0.4529370 0.4529370 0.5099265 0.5299277 0.6872180 0.5716050 0.4529370 0.4714565 0.5716050 0.6388142 0.3831192 0.0000000 0.5504769 0.6626257 0.5504769 0.5299277 
t9         0.3831192 0.2892469 0.3505054 1.2070784 0.2191023 0.3831192 0.3999739 0.2746833 0.4529370 0.5716050 0.2892469 0.2892469 0.3666350 0.4529370 0.4529370 0.5504769 0.0000000 0.1549607 0.5099265 0.4904449 
t20        0.3999739 0.3505054 0.3831192 1.3144041 0.2463781 0.3347153 0.4172160 0.3192509 0.4904449 0.5716050 0.3192509 0.3831192 0.4348639 0.4714565 0.4529370 0.6626257 0.1549607 0.0000000 0.4904449 0.4714565 
t4         0.4714565 0.3831192 0.4172160 1.2588231 0.3040988 0.3505054 0.1673577 0.3831192 0.5933457 0.1927838 0.4529370 0.4172160 0.4714565 0.5504769 0.4172160 0.5504769 0.5099265 0.4904449 0.0000000 0.0202715 
t8         0.4529370 0.3505054 0.3999739 1.2588231 0.2892469 0.3666350 0.1673577 0.3666350 0.5716050 0.1927838 0.4348639 0.3999739 0.4529370 0.5299277 0.3999739 0.5299277 0.4904449 0.4714565 0.0202715 0.0000000 
