20
t11        0.0000000 0.9198342 0.9913169 1.1586745 0.8545757 0.8545757 0.8545757 1.0703373 0.7945437 0.9547243 0.6388142 0.6626257 0.9547243 0.8864954 0.9547243 0.7662384 0.8864954 0.8545757 0.9198342 0.9198342 
t20        0.9198342 0.0000000 1.2070784 0.9913169 0.6388142 0.7945437 1.1132061 1.5111773 0.9547243 0.9913169 0.6157354 0.6872180 1.1132061 1.1586745 1.1132061 0.9913169 1.0703373 1.1132061 1.1132061 1.1132061 
t10        0.9913169 1.2070784 0.0000000 0.9198342 0.9198342 0.7389627 0.5716050 0.9913169 0.8545757 0.4172160 0.7945437 0.6626257 0.8864954 0.4172160 0.5099265 0.4714565 0.5099265 0.4904449 0.8864954 0.8864954 
t16        1.1586745 0.9913169 0.9198342 0.0000000 1.0297869 0.9547243 0.6626257 1.5111773 1.3744361 0.7945437 0.9547243 0.9547243 0.5504769 0.7389627 0.8545757 0.7662384 0.7126442 0.6388142 0.6626257 0.6626257 
t2         0.8545757 0.6388142 0.9198342 1.0297869 0.0000000 0.6872180 1.2588231 1.2588231 0.9913169 0.7945437 0.4904449 0.5299277 1.1586745 1.0703373 1.1586745 0.9198342 1.2070784 1.1132061 1.3144041 1.3144041 
t17        0.8545757 0.7945437 0.7389627 0.9547243 0.6872180 0.0000000 0.8864954 1.1132061 0.6157354 0.7662384 0.4714565 0.5504769 0.9913169 0.7126442 0.9913169 0.7945437 0.8545757 0.8545757 0.8864954 0.8864954 
t1         0.8545757 1.1132061 0.5716050 0.6626257 1.2588231 0.8864954 0.0000000 1.0297869 0.9913169 0.3666350 0.9547243 0.8239592 0.7945437 0.3666350 0.5299277 0.4172160 0.4348639 0.3666350 0.6626257 0.6626257 
t12        1.0703373 1.5111773 0.9913169 1.5111773 1.2588231 1.1132061 1.0297869 0.0000000 0.5504769 1.0703373 1.1132061 0.8864954 1.2070784 0.9913169 1.2070784 1.0703373 1.2070784 1.0703373 1.5111773 1.5111773 
t3         0.7945437 0.9547243 0.8545757 1.3744361 0.9913169 0.6157354 0.9913169 0.5504769 0.0000000 0.8864954 0.8239592 0.7945437 0.9913169 0.7945437 0.8239592 0.7945437 0.9547243 0.9913169 1.0297869 1.0297869 
t13        0.9547243 0.9913169 0.4172160 0.7945437 0.7945437 0.7662384 0.3666350 1.0703373 0.8864954 0.0000000 0.6388142 0.5933457 0.7126442 0.3192509 0.3999739 0.3505054 0.3666350 0.3347153 0.7945437 0.7945437 
t8         0.6388142 0.6157354 0.7945437 0.9547243 0.4904449 0.4714565 0.9547243 1.1132061 0.8239592 0.6388142 0.0000000 0.2326162 0.8864954 0.7945437 1.0297869 0.7662384 0.7662384 0.7389627 0.8545757 0.8545757 
t5         0.6626257 0.6872180 0.6626257 0.9547243 0.5299277 0.5504769 0.8239592 0.8864954 0.7945437 0.5933457 0.2326162 0.0000000 0.8239592 0.6388142 0.8239592 0.6626257 0.6872180 0.6872180 0.8239592 0.8239592 
t14        0.9547243 1.1132061 0.8864954 0.5504769 1.1586745 0.9913169 0.7945437 1.2070784 0.9913169 0.7126442 0.8864954 0.8239592 0.0000000 0.6872180 0.7389627 0.6872180 0.6157354 0.5716050 0.2058276 0.2058276 
t6         0.8864954 1.1586745 0.4172160 0.7389627 1.0703373 0.7126442 0.3666350 0.9913169 0.7945437 0.3192509 0.7945437 0.6388142 0.6872180 0.0000000 0.2746833 0.3347153 0.3831192 0.3347153 0.6626257 0.6626257 
t4         0.9547243 1.1132061 0.5099265 0.8545757 1.1586745 0.9913169 0.5299277 1.2070784 0.8239592 0.3999739 1.0297869 0.8239592 0.7389627 0.2746833 0.0000000 0.3831192 0.4529370 0.3999739 0.7126442 0.7126442 
t15        0.7662384 0.9913169 0.4714565 0.7662384 0.9198342 0.7945437 0.4172160 1.0703373 0.7945437 0.3505054 0.7662384 0.6626257 0.6872180 0.3347153 0.3831192 0.0000000 0.1673577 0.1189538 0.6388142 0.6388142 
t9         0.8864954 1.0703373 0.5099265 0.7126442 1.2070784 0.8545757 0.4348639 1.2070784 0.9547243 0.3666350 0.7662384 0.6872180 0.6157354 0.3831192 0.4529370 0.1673577 0.0000000 0.1307650 0.6626257 0.6626257 
t7         0.8545757 1.1132061 0.4904449 0.6388142 1.1132061 0.8545757 0.3666350 1.0703373 0.9913169 0.3347153 0.7389627 0.6872180 0.5716050 0.3347153 0.3999739 0.1189538 0.1307650 0.0000000 0.5933457 0.5933457 
t19        0.9198342 1.1132061 0.8864954 0.6626257 1.3144041 0.8864954 0.6626257 1.5111773 1.0297869 0.7945437 0.8545757 0.8239592 0.2058276 0.6626257 0.7126442 0.6388142 0.6626257 0.5933457 0.0000000 0.0000010 
t18        0.9198342 1.1132061 0.8864954 0.6626257 1.3144041 0.8864954 0.6626257 1.5111773 1.0297869 0.7945437 0.8545757 0.8239592 0.2058276 0.6626257 0.7126442 0.6388142 0.6626257 0.5933457 0.0000010 0.0000000 
