20
t3         0.0000000 0.8239592 1.2588231 1.1586745 1.2070784 1.3144041 1.0297869 0.8864954 0.9913169 1.2588231 1.3144041 0.6157354 0.7662384 1.0703373 1.0297869 0.7389627 0.9198342 0.9198342 1.3144041 1.4396946 
t4         0.8239592 0.0000000 0.8864954 1.4396946 2.1983953 1.5111773 1.1132061 1.1586745 1.2070784 1.5901977 1.4396946 0.7945437 0.9913169 0.9913169 0.8239592 0.8545757 0.9913169 1.0703373 1.6785349 1.8942965 
t1         1.2588231 0.8864954 0.0000000 1.2070784 1.3144041 2.1983953 1.3744361 1.3744361 1.5111773 1.8942965 2.4141569 1.0297869 1.5111773 1.6785349 1.3144041 0.9913169 1.5111773 1.5901977 3.2381161 9.0000000 
t17        1.1586745 1.4396946 1.2070784 0.0000000 0.8864954 1.0297869 0.8864954 1.8942965 1.2070784 1.3144041 1.7786835 1.4396946 1.4396946 1.6785349 1.5901977 1.5901977 1.8942965 9.0000000 1.7786835 1.7786835 
t13        1.2070784 2.1983953 1.3144041 0.8864954 0.0000000 0.9913169 0.9547243 1.2588231 0.8864954 1.2070784 1.1586745 1.2588231 1.3144041 1.7786835 1.5901977 1.5901977 1.6785349 1.8942965 1.3144041 1.2070784 
t10        1.3144041 1.5111773 2.1983953 1.0297869 0.9913169 0.0000000 0.7126442 1.3744361 1.1586745 1.4396946 1.2588231 1.4396946 1.4396946 1.5111773 1.6785349 1.5901977 1.7786835 1.6785349 1.4396946 1.4396946 
t19        1.0297869 1.1132061 1.3744361 0.8864954 0.9547243 0.7126442 0.0000000 1.0703373 0.9198342 1.3744361 1.1132061 1.0703373 1.2070784 1.1132061 1.2070784 1.0703373 1.2070784 1.4396946 1.0703373 1.0297869 
t20        0.8864954 1.1586745 1.3744361 1.8942965 1.2588231 1.3744361 1.0703373 0.0000000 1.5901977 1.3744361 1.5901977 0.6157354 0.6157354 0.6626257 0.8545757 0.6872180 0.6388142 0.7662384 1.3744361 1.4396946 
t9         0.9913169 1.2070784 1.5111773 1.2070784 0.8864954 1.1586745 0.9198342 1.5901977 0.0000000 0.4904449 0.5504769 1.2588231 1.2588231 1.8942965 2.4141569 1.4396946 2.0310377 2.0310377 0.7662384 0.7662384 
t15        1.2588231 1.5901977 1.8942965 1.3144041 1.2070784 1.4396946 1.3744361 1.3744361 0.4904449 0.0000000 0.6388142 1.2588231 1.5901977 2.7182557 9.0000000 2.0310377 2.0310377 2.4141569 0.8239592 0.8239592 
t14        1.3144041 1.4396946 2.4141569 1.7786835 1.1586745 1.2588231 1.1132061 1.5901977 0.5504769 0.6388142 0.0000000 1.1586745 1.5901977 2.0310377 2.7182557 1.8942965 1.7786835 1.5901977 0.5299277 0.4904449 
t12        0.6157354 0.7945437 1.0297869 1.4396946 1.2588231 1.4396946 1.0703373 0.6157354 1.2588231 1.2588231 1.1586745 0.0000000 0.4172160 0.9913169 0.9198342 0.7389627 0.7662384 0.8239592 1.1586745 1.2070784 
t8         0.7662384 0.9913169 1.5111773 1.4396946 1.3144041 1.4396946 1.2070784 0.6157354 1.2588231 1.5901977 1.5901977 0.4172160 0.0000000 0.9913169 0.9547243 0.7945437 0.9547243 1.1132061 1.3744361 1.4396946 
t6         1.0703373 0.9913169 1.6785349 1.6785349 1.7786835 1.5111773 1.1132061 0.6626257 1.8942965 2.7182557 2.0310377 0.9913169 0.9913169 0.0000000 0.6872180 0.4904449 0.2463781 0.2603971 2.0310377 1.8942965 
t11        1.0297869 0.8239592 1.3144041 1.5901977 1.5901977 1.6785349 1.2070784 0.8545757 2.4141569 9.0000000 2.7182557 0.9198342 0.9547243 0.6872180 0.0000000 0.2326162 0.5933457 0.6626257 3.2381161 9.0000000 
t18        0.7389627 0.8545757 0.9913169 1.5901977 1.5901977 1.5901977 1.0703373 0.6872180 1.4396946 2.0310377 1.8942965 0.7389627 0.7945437 0.4904449 0.2326162 0.0000000 0.5299277 0.4172160 1.8942965 2.1983953 
t5         0.9198342 0.9913169 1.5111773 1.8942965 1.6785349 1.7786835 1.2070784 0.6388142 2.0310377 2.0310377 1.7786835 0.7662384 0.9547243 0.2463781 0.5933457 0.5299277 0.0000000 0.1799630 1.7786835 2.0310377 
t7         0.9198342 1.0703373 1.5901977 9.0000000 1.8942965 1.6785349 1.4396946 0.7662384 2.0310377 2.4141569 1.5901977 0.8239592 1.1132061 0.2603971 0.6626257 0.4172160 0.1799630 0.0000000 1.8942965 2.1983953 
t2         1.3144041 1.6785349 3.2381161 1.7786835 1.3144041 1.4396946 1.0703373 1.3744361 0.7662384 0.8239592 0.5299277 1.1586745 1.3744361 2.0310377 3.2381161 1.8942965 1.7786835 1.8942965 0.0000000 0.0202715 
t16        1.4396946 1.8942965 9.0000000 1.7786835 1.2070784 1.4396946 1.0297869 1.4396946 0.7662384 0.8239592 0.4904449 1.2070784 1.4396946 1.8942965 9.0000000 2.1983953 2.0310377 2.1983953 0.0202715 0.0000000 
