20
t13        0.0000000 1.4396946 1.5901977 1.8942965 2.0310377 2.4141569 3.2381161 1.2588231 1.4396946 1.2588231 1.2588231 1.3144041 1.4396946 1.1132061 1.2588231 1.3144041 9.0000000 9.0000000 1.2588231 1.2588231 
t7         1.4396946 0.0000000 1.4396946 0.9198342 1.0703373 1.5111773 1.5111773 0.8864954 1.0297869 0.9198342 1.3744361 1.8942965 1.2588231 1.1132061 0.6872180 0.8864954 1.2588231 1.2588231 0.6388142 0.6626257 
t15        1.5901977 1.4396946 0.0000000 1.2588231 1.1132061 1.2588231 1.1586745 1.0703373 0.6872180 0.7945437 1.1586745 1.1586745 1.3144041 1.1132061 1.2588231 1.1132061 1.5901977 1.5111773 1.0703373 1.0297869 
t8         1.8942965 0.9198342 1.2588231 0.0000000 1.1586745 1.5111773 1.2588231 0.7662384 1.2588231 0.9913169 1.5901977 1.3744361 1.4396946 1.6785349 0.7126442 0.8864954 1.2070784 1.4396946 0.5504769 0.5504769 
t16        2.0310377 1.0703373 1.1132061 1.1586745 0.0000000 2.0310377 2.4141569 1.1586745 0.9547243 1.2070784 9.0000000 2.7182557 1.4396946 1.3744361 0.7126442 0.8864954 1.2588231 1.3744361 0.7126442 0.7945437 
t12        2.4141569 1.5111773 1.2588231 1.5111773 2.0310377 0.0000000 0.7389627 1.4396946 1.2588231 1.5111773 2.0310377 1.2588231 1.7786835 1.2588231 1.7786835 1.6785349 0.7945437 0.7389627 1.5111773 1.5901977 
t2         3.2381161 1.5111773 1.1586745 1.2588231 2.4141569 0.7389627 0.0000000 1.1132061 1.2588231 1.1586745 1.5901977 1.5901977 1.1132061 1.0297869 1.6785349 1.5111773 0.8545757 0.7945437 1.4396946 1.4396946 
t20        1.2588231 0.8864954 1.0703373 0.7662384 1.1586745 1.4396946 1.1132061 0.0000000 1.0297869 0.9198342 1.5901977 1.3144041 1.1132061 1.1132061 0.5716050 0.7945437 1.1586745 1.3144041 0.4714565 0.4529370 
t9         1.4396946 1.0297869 0.6872180 1.2588231 0.9547243 1.2588231 1.2588231 1.0297869 0.0000000 0.4348639 1.3744361 1.2588231 1.0703373 0.9913169 1.2070784 1.4396946 1.6785349 1.5111773 1.1132061 0.9198342 
t11        1.2588231 0.9198342 0.7945437 0.9913169 1.2070784 1.5111773 1.1586745 0.9198342 0.4348639 0.0000000 1.6785349 1.3744361 1.2070784 1.2070784 0.8864954 1.1132061 2.1983953 2.0310377 1.0703373 0.9547243 
t10        1.2588231 1.3744361 1.1586745 1.5901977 9.0000000 2.0310377 1.5901977 1.5901977 1.3744361 1.6785349 0.0000000 0.3505054 1.1586745 1.1586745 9.0000000 2.4141569 1.7786835 2.1983953 1.4396946 1.6785349 
t19        1.3144041 1.8942965 1.1586745 1.3744361 2.7182557 1.2588231 1.5901977 1.3144041 1.2588231 1.3744361 0.3505054 0.0000000 2.0310377 1.7786835 2.4141569 2.0310377 1.5901977 1.8942965 1.2588231 1.4396946 
t17        1.4396946 1.2588231 1.3144041 1.4396946 1.4396946 1.7786835 1.1132061 1.1132061 1.0703373 1.2070784 1.1586745 2.0310377 0.0000000 0.2463781 1.0703373 1.2070784 1.4396946 1.6785349 0.9913169 0.9913169 
t18        1.1132061 1.1132061 1.1132061 1.6785349 1.3744361 1.2588231 1.0297869 1.1132061 0.9913169 1.2070784 1.1586745 1.7786835 0.2463781 0.0000000 1.0703373 1.0703373 1.5901977 1.8942965 1.0297869 0.9547243 
t1         1.2588231 0.6872180 1.2588231 0.7126442 0.7126442 1.7786835 1.6785349 0.5716050 1.2070784 0.8864954 9.0000000 2.4141569 1.0703373 1.0703373 0.0000000 0.2191023 1.3144041 1.4396946 0.6157354 0.6388142 
t5         1.3144041 0.8864954 1.1132061 0.8864954 0.8864954 1.6785349 1.5111773 0.7945437 1.4396946 1.1132061 2.4141569 2.0310377 1.2070784 1.0703373 0.2191023 0.0000000 1.5901977 2.1983953 0.8864954 0.9198342 
t4         9.0000000 1.2588231 1.5901977 1.2070784 1.2588231 0.7945437 0.8545757 1.1586745 1.6785349 2.1983953 1.7786835 1.5901977 1.4396946 1.5901977 1.3144041 1.5901977 0.0000000 0.1673577 1.1132061 1.0703373 
t6         9.0000000 1.2588231 1.5111773 1.4396946 1.3744361 0.7389627 0.7945437 1.3144041 1.5111773 2.0310377 2.1983953 1.8942965 1.6785349 1.8942965 1.4396946 2.1983953 0.1673577 0.0000000 1.3144041 1.3144041 
t14        1.2588231 0.6388142 1.0703373 0.5504769 0.7126442 1.5111773 1.4396946 0.4714565 1.1132061 1.0703373 1.4396946 1.2588231 0.9913169 1.0297869 0.6157354 0.8864954 1.1132061 1.3144041 0.0000000 0.1189538 
t3         1.2588231 0.6626257 1.0297869 0.5504769 0.7945437 1.5901977 1.4396946 0.4529370 0.9198342 0.9547243 1.6785349 1.4396946 0.9913169 0.9547243 0.6388142 0.9198342 1.0703373 1.3144041 0.1189538 0.0000000 
