20
t5         0.0000000 9.0000000 1.3744361 1.8942965 1.3744361 1.4396946 1.8942965 1.6785349 1.6785349 1.7786835 9.0000000 2.7182557 9.0000000 2.4141569 2.4141569 2.7182557 1.1132061 1.1586745 2.1983953 2.7182557 
t9         9.0000000 0.0000000 9.0000000 9.0000000 2.7182557 1.5901977 1.6785349 1.4396946 1.6785349 1.5111773 1.5111773 1.5901977 0.7945437 0.8545757 0.8545757 0.9198342 2.1983953 1.7786835 1.8942965 1.8942965 
t2         1.3744361 9.0000000 0.0000000 1.5111773 1.7786835 1.7786835 1.4396946 1.5901977 1.7786835 1.7786835 2.7182557 2.1983953 3.2381161 9.0000000 2.0310377 2.4141569 0.6626257 0.6626257 1.8942965 1.7786835 
t15        1.8942965 9.0000000 1.5111773 0.0000000 0.6872180 2.7182557 9.0000000 9.0000000 1.8942965 1.7786835 9.0000000 2.7182557 9.0000000 9.0000000 9.0000000 9.0000000 1.3144041 1.5111773 1.5901977 1.7786835 
t8         1.3744361 2.7182557 1.7786835 0.6872180 0.0000000 1.3144041 9.0000000 1.7786835 1.3144041 1.3744361 2.0310377 1.5111773 2.7182557 9.0000000 2.0310377 9.0000000 1.3144041 1.3144041 1.2588231 1.4396946 
t6         1.4396946 1.5901977 1.7786835 2.7182557 1.3144041 0.0000000 1.0297869 0.9198342 1.7786835 1.3744361 0.6626257 0.6388142 1.8942965 1.6785349 1.8942965 1.8942965 2.4141569 1.7786835 1.8942965 2.0310377 
t14        1.8942965 1.6785349 1.4396946 9.0000000 9.0000000 1.0297869 0.0000000 0.3831192 2.0310377 1.6785349 0.9198342 0.9913169 2.1983953 2.4141569 9.0000000 9.0000000 2.4141569 3.2381161 1.6785349 1.7786835 
t20        1.6785349 1.4396946 1.5901977 9.0000000 1.7786835 0.9198342 0.3831192 0.0000000 1.5111773 1.3144041 1.1132061 0.9198342 2.0310377 2.1983953 3.2381161 2.4141569 1.4396946 1.8942965 1.2070784 1.3144041 
t16        1.6785349 1.6785349 1.7786835 1.8942965 1.3144041 1.7786835 2.0310377 1.5111773 0.0000000 0.3347153 1.5901977 1.7786835 1.5111773 1.8942965 2.0310377 1.6785349 1.4396946 1.8942965 0.3999739 0.6157354 
t12        1.7786835 1.5111773 1.7786835 1.7786835 1.3744361 1.3744361 1.6785349 1.3144041 0.3347153 0.0000000 1.3744361 1.2588231 1.4396946 1.1586745 1.7786835 1.5901977 1.5901977 2.0310377 0.2603971 0.3666350 
t7         9.0000000 1.5111773 2.7182557 9.0000000 2.0310377 0.6626257 0.9198342 1.1132061 1.5901977 1.3744361 0.0000000 0.4348639 1.8942965 2.7182557 9.0000000 9.0000000 3.2381161 2.0310377 1.6785349 2.0310377 
t19        2.7182557 1.5901977 2.1983953 2.7182557 1.5111773 0.6388142 0.9913169 0.9198342 1.7786835 1.2588231 0.4348639 0.0000000 1.8942965 2.7182557 9.0000000 3.2381161 2.0310377 1.6785349 1.4396946 2.0310377 
t1         9.0000000 0.7945437 3.2381161 9.0000000 2.7182557 1.8942965 2.1983953 2.0310377 1.5111773 1.4396946 1.8942965 1.8942965 0.0000000 0.3831192 0.7662384 0.8239592 1.5901977 1.4396946 1.6785349 1.5111773 
t4         2.4141569 0.8545757 9.0000000 9.0000000 9.0000000 1.6785349 2.4141569 2.1983953 1.8942965 1.1586745 2.7182557 2.7182557 0.3831192 0.0000000 0.6388142 0.6388142 2.7182557 1.8942965 1.5111773 1.2070784 
t17        2.4141569 0.8545757 2.0310377 9.0000000 2.0310377 1.8942965 9.0000000 3.2381161 2.0310377 1.7786835 9.0000000 9.0000000 0.7662384 0.6388142 0.0000000 0.2603971 2.0310377 1.4396946 2.4141569 1.5111773 
t18        2.7182557 0.9198342 2.4141569 9.0000000 9.0000000 1.8942965 9.0000000 2.4141569 1.6785349 1.5901977 9.0000000 3.2381161 0.8239592 0.6388142 0.2603971 0.0000000 2.0310377 1.5111773 2.0310377 1.4396946 
t13        1.1132061 2.1983953 0.6626257 1.3144041 1.3144041 2.4141569 2.4141569 1.4396946 1.4396946 1.5901977 3.2381161 2.0310377 1.5901977 2.7182557 2.0310377 2.0310377 0.0000000 0.1799630 1.5111773 1.3744361 
t10        1.1586745 1.7786835 0.6626257 1.5111773 1.3144041 1.7786835 3.2381161 1.8942965 1.8942965 2.0310377 2.0310377 1.6785349 1.4396946 1.8942965 1.4396946 1.5111773 0.1799630 0.0000000 2.1983953 1.8942965 
t11        2.1983953 1.8942965 1.8942965 1.5901977 1.2588231 1.8942965 1.6785349 1.2070784 0.3999739 0.2603971 1.6785349 1.4396946 1.6785349 1.5111773 2.4141569 2.0310377 1.5111773 2.1983953 0.0000000 0.2746833 
t3         2.7182557 1.8942965 1.7786835 1.7786835 1.4396946 2.0310377 1.7786835 1.3144041 0.6157354 0.3666350 2.0310377 2.0310377 1.5111773 1.2070784 1.5111773 1.4396946 1.3744361 1.8942965 0.2746833 0.0000000 
