20
t11        0.0000000 0.9913169 0.9198342 0.9913169 1.1132061 1.0703373 1.4396946 1.1132061 0.9913169 1.1586745 1.1586745 1.2588231 1.3744361 1.2070784 1.5111773 1.3744361 1.3144041 1.3744361 1.1132061 1.0703373 
t14        0.9913169 0.0000000 1.0703373 1.0703373 0.9547243 1.4396946 1.3744361 1.1132061 0.6626257 0.7126442 0.7662384 1.0703373 0.8239592 0.7945437 1.1586745 1.2070784 1.5111773 1.3144041 1.1586745 1.0297869 
t19        0.9198342 1.0703373 0.0000000 1.0297869 0.6388142 1.0297869 1.2588231 0.5716050 0.9198342 1.0703373 0.9913169 0.7126442 1.2588231 1.2588231 0.5933457 0.5716050 0.7945437 0.7662384 0.6872180 0.6388142 
t18        0.9913169 1.0703373 1.0297869 0.0000000 1.0703373 0.5504769 0.6157354 0.9198342 1.0703373 1.0297869 1.0297869 0.9913169 1.1586745 1.0703373 0.9547243 0.8864954 1.0703373 1.1132061 1.1132061 1.0703373 
t6         1.1132061 0.9547243 0.6388142 1.0703373 0.0000000 1.0297869 1.1586745 0.6157354 0.7945437 1.1132061 1.2070784 0.7389627 1.1132061 0.9913169 0.6626257 0.6388142 0.8545757 0.8239592 0.7662384 0.6872180 
t3         1.0703373 1.4396946 1.0297869 0.5504769 1.0297869 0.0000000 0.4348639 0.8545757 1.3744361 1.3144041 1.6785349 1.1132061 1.6785349 1.5901977 0.8864954 0.8239592 1.3144041 1.3744361 1.0703373 1.0297869 
t15        1.4396946 1.3744361 1.2588231 0.6157354 1.1586745 0.4348639 0.0000000 0.8864954 1.3744361 1.4396946 1.4396946 1.0297869 1.5901977 1.4396946 0.8864954 0.8545757 1.3144041 1.3744361 0.9547243 0.9547243 
t5         1.1132061 1.1132061 0.5716050 0.9198342 0.6157354 0.8545757 0.8864954 0.0000000 0.9198342 0.9198342 0.7945437 0.6626257 1.2588231 1.1132061 0.3831192 0.3505054 0.6388142 0.6388142 0.5933457 0.5504769 
t8         0.9913169 0.6626257 0.9198342 1.0703373 0.7945437 1.3744361 1.3744361 0.9198342 0.0000000 0.2892469 0.5716050 0.8239592 0.6157354 0.6388142 0.9547243 1.0297869 0.9198342 0.8864954 0.9198342 0.8545757 
t4         1.1586745 0.7126442 1.0703373 1.0297869 1.1132061 1.3144041 1.4396946 0.9198342 0.2892469 0.0000000 0.6157354 1.0297869 0.6872180 0.6626257 1.1586745 1.1586745 1.2070784 1.1586745 1.2070784 1.0297869 
t1         1.1586745 0.7662384 0.9913169 1.0297869 1.2070784 1.6785349 1.4396946 0.7945437 0.5716050 0.6157354 0.0000000 0.8239592 0.6157354 0.5099265 0.9198342 0.8239592 0.9913169 0.9198342 0.9913169 0.9547243 
t17        1.2588231 1.0703373 0.7126442 0.9913169 0.7389627 1.1132061 1.0297869 0.6626257 0.8239592 1.0297869 0.8239592 0.0000000 1.1132061 1.1586745 0.6626257 0.6388142 0.9913169 0.9913169 0.2892469 0.2603971 
t10        1.3744361 0.8239592 1.2588231 1.1586745 1.1132061 1.6785349 1.5901977 1.2588231 0.6157354 0.6872180 0.6157354 1.1132061 0.0000000 0.1189538 1.0703373 1.0703373 1.1132061 1.0297869 1.2588231 1.1132061 
t13        1.2070784 0.7945437 1.2588231 1.0703373 0.9913169 1.5901977 1.4396946 1.1132061 0.6388142 0.6626257 0.5099265 1.1586745 0.1189538 0.0000000 1.1132061 1.1586745 1.1586745 1.0297869 1.2070784 1.0703373 
t9         1.5111773 1.1586745 0.5933457 0.9547243 0.6626257 0.8864954 0.8864954 0.3831192 0.9547243 1.1586745 0.9198342 0.6626257 1.0703373 1.1132061 0.0000000 0.0734853 0.5299277 0.5504769 0.7389627 0.7126442 
t20        1.3744361 1.2070784 0.5716050 0.8864954 0.6388142 0.8239592 0.8545757 0.3505054 1.0297869 1.1586745 0.8239592 0.6388142 1.0703373 1.1586745 0.0734853 0.0000000 0.4529370 0.4714565 0.6872180 0.6872180 
t12        1.3144041 1.5111773 0.7945437 1.0703373 0.8545757 1.3144041 1.3144041 0.6388142 0.9198342 1.2070784 0.9913169 0.9913169 1.1132061 1.1586745 0.5299277 0.4529370 0.0000000 0.0958750 0.8239592 0.7389627 
t2         1.3744361 1.3144041 0.7662384 1.1132061 0.8239592 1.3744361 1.3744361 0.6388142 0.8864954 1.1586745 0.9198342 0.9913169 1.0297869 1.0297869 0.5504769 0.4714565 0.0958750 0.0000000 0.8239592 0.7389627 
t16        1.1132061 1.1586745 0.6872180 1.1132061 0.7662384 1.0703373 0.9547243 0.5933457 0.9198342 1.2070784 0.9913169 0.2892469 1.2588231 1.2070784 0.7389627 0.6872180 0.8239592 0.8239592 0.0000000 0.0625362 
t7         1.0703373 1.0297869 0.6388142 1.0703373 0.6872180 1.0297869 0.9547243 0.5504769 0.8545757 1.0297869 0.9547243 0.2603971 1.1132061 1.0703373 0.7126442 0.6872180 0.7389627 0.7389627 0.0625362 0.0000000 
