20
t19        0.0000000 1.5111773 1.0703373 2.7182557 2.4141569 1.8942965 1.2588231 1.0297869 1.6785349 1.5901977 1.6785349 1.3144041 0.8864954 0.8545757 1.0703373 1.2070784 0.9547243 0.9547243 2.1983953 2.1983953 
t14        1.5111773 0.0000000 1.0703373 2.0310377 1.5111773 0.9198342 1.1132061 1.0703373 1.5901977 1.5901977 1.5111773 1.6785349 1.2070784 1.5111773 1.6785349 1.6785349 0.7389627 0.8239592 2.0310377 1.6785349 
t12        1.0703373 1.0703373 0.0000000 3.2381161 1.2588231 0.9547243 1.0297869 0.8864954 1.2070784 1.0703373 0.8545757 0.9198342 0.8239592 0.7662384 0.9547243 0.8864954 0.4904449 0.5504769 1.4396946 1.3744361 
t4         2.7182557 2.0310377 3.2381161 0.0000000 2.0310377 1.7786835 1.7786835 9.0000000 9.0000000 3.2381161 2.7182557 9.0000000 9.0000000 9.0000000 9.0000000 2.7182557 1.8942965 1.8942965 1.3144041 1.3744361 
t9         2.4141569 1.5111773 1.2588231 2.0310377 0.0000000 0.9547243 1.4396946 2.0310377 1.7786835 2.1983953 1.7786835 2.7182557 1.7786835 2.0310377 2.7182557 1.6785349 1.3744361 1.2588231 1.5901977 1.4396946 
t11        1.8942965 0.9198342 0.9547243 1.7786835 0.9547243 0.0000000 0.6626257 1.3744361 1.5111773 1.5901977 2.0310377 3.2381161 1.1586745 1.1586745 1.5111773 2.0310377 0.7945437 0.8864954 1.3144041 1.2588231 
t8         1.2588231 1.1132061 1.0297869 1.7786835 1.4396946 0.6626257 0.0000000 1.1586745 1.7786835 1.2588231 1.5901977 1.6785349 1.4396946 1.3144041 1.5901977 1.1132061 0.8864954 0.8864954 1.5901977 1.5901977 
t2         1.0297869 1.0703373 0.8864954 9.0000000 2.0310377 1.3744361 1.1586745 0.0000000 2.0310377 1.5111773 1.4396946 1.5111773 1.0703373 1.0703373 1.3744361 1.1132061 0.3505054 0.3505054 1.5111773 1.6785349 
t15        1.6785349 1.5901977 1.2070784 9.0000000 1.7786835 1.5111773 1.7786835 2.0310377 0.0000000 0.5299277 1.5111773 1.7786835 1.5111773 1.4396946 1.7786835 1.7786835 1.3144041 1.3144041 1.7786835 1.7786835 
t3         1.5901977 1.5901977 1.0703373 3.2381161 2.1983953 1.5901977 1.2588231 1.5111773 0.5299277 0.0000000 1.6785349 2.0310377 1.1132061 0.9913169 1.5111773 1.6785349 1.1132061 1.0297869 1.6785349 1.5901977 
t10        1.6785349 1.5111773 0.8545757 2.7182557 1.7786835 2.0310377 1.5901977 1.4396946 1.5111773 1.6785349 0.0000000 0.1927838 1.3144041 1.4396946 0.4714565 0.4714565 0.8864954 0.9547243 1.4396946 1.4396946 
t6         1.3144041 1.6785349 0.9198342 9.0000000 2.7182557 3.2381161 1.6785349 1.5111773 1.7786835 2.0310377 0.1927838 0.0000000 1.4396946 1.5111773 0.4904449 0.3999739 0.9913169 1.0297869 1.3744361 1.4396946 
t16        0.8864954 1.2070784 0.8239592 9.0000000 1.7786835 1.1586745 1.4396946 1.0703373 1.5111773 1.1132061 1.3144041 1.4396946 0.0000000 0.1427653 1.4396946 1.4396946 0.6626257 0.6388142 3.2381161 3.2381161 
t18        0.8545757 1.5111773 0.7662384 9.0000000 2.0310377 1.1586745 1.3144041 1.0703373 1.4396946 0.9913169 1.4396946 1.5111773 0.1427653 0.0000000 1.4396946 1.3744361 0.6626257 0.6626257 1.8942965 1.8942965 
t1         1.0703373 1.6785349 0.9547243 9.0000000 2.7182557 1.5111773 1.5901977 1.3744361 1.7786835 1.5111773 0.4714565 0.4904449 1.4396946 1.4396946 0.0000000 0.4904449 0.8545757 0.8864954 1.2070784 1.2070784 
t7         1.2070784 1.6785349 0.8864954 2.7182557 1.6785349 2.0310377 1.1132061 1.1132061 1.7786835 1.6785349 0.4714565 0.3999739 1.4396946 1.3744361 0.4904449 0.0000000 0.7662384 0.8239592 1.1586745 1.1586745 
t17        0.9547243 0.7389627 0.4904449 1.8942965 1.3744361 0.7945437 0.8864954 0.3505054 1.3144041 1.1132061 0.8864954 0.9913169 0.6626257 0.6626257 0.8545757 0.7662384 0.0000000 0.0958750 1.2588231 1.2588231 
t13        0.9547243 0.8239592 0.5504769 1.8942965 1.2588231 0.8864954 0.8864954 0.3505054 1.3144041 1.0297869 0.9547243 1.0297869 0.6388142 0.6626257 0.8864954 0.8239592 0.0958750 0.0000000 1.2070784 1.2070784 
t20        2.1983953 2.0310377 1.4396946 1.3144041 1.5901977 1.3144041 1.5901977 1.5111773 1.7786835 1.6785349 1.4396946 1.3744361 3.2381161 1.8942965 1.2070784 1.1586745 1.2588231 1.2070784 0.0000000 0.0306165 
t5         2.1983953 1.6785349 1.3744361 1.3744361 1.4396946 1.2588231 1.5901977 1.6785349 1.7786835 1.5901977 1.4396946 1.4396946 3.2381161 1.8942965 1.2070784 1.1586745 1.2588231 1.2070784 0.0306165 0.0000000 
