20
t6         0.0000000 1.2070784 0.7662384 0.7945437 0.7662384 0.9198342 0.5504769 0.7662384 0.7945437 1.0703373 0.5504769 0.5504769 0.8545757 0.8545757 1.0703373 1.0703373 0.8545757 0.7945437 0.3347153 0.3347153 
t8         1.2070784 0.0000000 1.3144041 1.1132061 1.1132061 1.5111773 1.1132061 1.2070784 1.6785349 0.9913169 0.5099265 0.5504769 0.8864954 0.7662384 1.7786835 1.7786835 1.2070784 1.2070784 0.7389627 0.7389627 
t17        0.7662384 1.3144041 0.0000000 0.8864954 1.0703373 0.5299277 0.3999739 0.3192509 0.3999739 1.3144041 0.9198342 0.8864954 1.5111773 1.5111773 1.1586745 1.2070784 0.4348639 0.3999739 0.4348639 0.4348639 
t3         0.7945437 1.1132061 0.8864954 0.0000000 0.3347153 0.9913169 0.7126442 0.8545757 0.8864954 1.1586745 0.8239592 0.8545757 0.9913169 1.0297869 1.2070784 1.2588231 0.8239592 0.7662384 0.4714565 0.4714565 
t18        0.7662384 1.1132061 1.0703373 0.3347153 0.0000000 1.0703373 0.7945437 1.0703373 1.1132061 1.2588231 0.7662384 0.8864954 0.9198342 0.9198342 1.1586745 1.2070784 0.9547243 0.9547243 0.5716050 0.5716050 
t16        0.9198342 1.5111773 0.5299277 0.9913169 1.0703373 0.0000000 0.4904449 0.5299277 0.5299277 1.6785349 1.2070784 1.2070784 1.1586745 1.3744361 1.0703373 1.0297869 0.5933457 0.5716050 0.6388142 0.6388142 
t4         0.5504769 1.1132061 0.3999739 0.7126442 0.7945437 0.4904449 0.0000000 0.3040988 0.2892469 1.2070784 0.7126442 0.7389627 1.0297869 1.0297869 0.7389627 0.7126442 0.3505054 0.3505054 0.3192509 0.3192509 
t9         0.7662384 1.2070784 0.3192509 0.8545757 1.0703373 0.5299277 0.3040988 0.0000000 0.2463781 1.1586745 0.7662384 0.7662384 1.0703373 0.9913169 0.9547243 0.9913169 0.3666350 0.3347153 0.3831192 0.3831192 
t1         0.7945437 1.6785349 0.3999739 0.8864954 1.1132061 0.5299277 0.2892469 0.2463781 0.0000000 1.3144041 0.9913169 1.0297869 1.2588231 1.3744361 0.7662384 0.7945437 0.4714565 0.4348639 0.4172160 0.4172160 
t11        1.0703373 0.9913169 1.3144041 1.1586745 1.2588231 1.6785349 1.2070784 1.1586745 1.3144041 0.0000000 0.5716050 0.5933457 0.7389627 0.5504769 1.4396946 1.3744361 1.2070784 1.2070784 0.8864954 0.8864954 
t20        0.5504769 0.5099265 0.9198342 0.8239592 0.7662384 1.2070784 0.7126442 0.7662384 0.9913169 0.5716050 0.0000000 0.0734853 0.4529370 0.3831192 0.8864954 0.9198342 0.9198342 0.8545757 0.3999739 0.3999739 
t5         0.5504769 0.5504769 0.8864954 0.8545757 0.8864954 1.2070784 0.7389627 0.7662384 1.0297869 0.5933457 0.0734853 0.0000000 0.5504769 0.4714565 1.1132061 1.0703373 0.9547243 0.8864954 0.4172160 0.4172160 
t10        0.8545757 0.8864954 1.5111773 0.9913169 0.9198342 1.1586745 1.0297869 1.0703373 1.2588231 0.7389627 0.4529370 0.5504769 0.0000000 0.1927838 1.0703373 0.9913169 0.9547243 0.9198342 0.6626257 0.6626257 
t7         0.8545757 0.7662384 1.5111773 1.0297869 0.9198342 1.3744361 1.0297869 0.9913169 1.3744361 0.5504769 0.3831192 0.4714565 0.1927838 0.0000000 1.1132061 1.0297869 1.0297869 0.9913169 0.6872180 0.6872180 
t19        1.0703373 1.7786835 1.1586745 1.2070784 1.1586745 1.0703373 0.7389627 0.9547243 0.7662384 1.4396946 0.8864954 1.1132061 1.0703373 1.1132061 0.0000000 0.0845966 0.9913169 0.9547243 0.7126442 0.7126442 
t13        1.0703373 1.7786835 1.2070784 1.2588231 1.2070784 1.0297869 0.7126442 0.9913169 0.7945437 1.3744361 0.9198342 1.0703373 0.9913169 1.0297869 0.0845966 0.0000000 0.9913169 0.9547243 0.7389627 0.7389627 
t12        0.8545757 1.2070784 0.4348639 0.8239592 0.9547243 0.5933457 0.3505054 0.3666350 0.4714565 1.2070784 0.9198342 0.9547243 0.9547243 1.0297869 0.9913169 0.9913169 0.0000000 0.0202715 0.4714565 0.4714565 
t14        0.7945437 1.2070784 0.3999739 0.7662384 0.9547243 0.5716050 0.3505054 0.3347153 0.4348639 1.2070784 0.8545757 0.8864954 0.9198342 0.9913169 0.9547243 0.9547243 0.0202715 0.0000000 0.4348639 0.4348639 
t2         0.3347153 0.7389627 0.4348639 0.4714565 0.5716050 0.6388142 0.3192509 0.3831192 0.4172160 0.8864954 0.3999739 0.4172160 0.6626257 0.6872180 0.7126442 0.7389627 0.4714565 0.4348639 0.0000000 0.0000010 
t15        0.3347153 0.7389627 0.4348639 0.4714565 0.5716050 0.6388142 0.3192509 0.3831192 0.4172160 0.8864954 0.3999739 0.4172160 0.6626257 0.6872180 0.7126442 0.7389627 0.4714565 0.4348639 0.0000010 0.0000000 
