20
t4         0.0000000 2.7182557 2.7182557 2.4141569 2.7182557 2.0310377 2.0310377 2.4141569 2.4141569 1.4396946 1.6785349 2.4141569 1.6785349 1.7786835 2.1983953 2.4141569 3.2381161 3.2381161 2.7182557 2.7182557 
t9         2.7182557 0.0000000 1.4396946 1.3744361 1.4396946 1.4396946 1.5901977 3.2381161 2.7182557 1.4396946 1.4396946 1.3744361 1.5901977 1.8942965 1.5901977 1.8942965 1.4396946 1.5111773 1.7786835 1.6785349 
t16        2.7182557 1.4396946 0.0000000 0.9547243 1.5111773 0.9547243 0.7945437 1.0297869 1.3144041 1.2588231 1.0297869 1.7786835 0.6388142 0.6872180 1.1586745 1.0703373 1.7786835 1.8942965 1.2070784 1.2070784 
t3         2.4141569 1.3744361 0.9547243 0.0000000 1.2070784 1.5111773 1.1132061 1.5901977 1.8942965 0.9547243 0.8239592 1.3144041 0.7126442 0.7126442 1.1586745 1.3144041 1.2588231 1.3144041 1.6785349 1.5901977 
t7         2.7182557 1.4396946 1.5111773 1.2070784 0.0000000 1.6785349 1.2588231 1.0297869 0.9913169 1.5901977 1.5111773 0.5716050 1.2588231 1.2070784 1.2070784 1.1586745 0.5099265 0.5716050 1.8942965 1.8942965 
t15        2.0310377 1.4396946 0.9547243 1.5111773 1.6785349 0.0000000 0.9913169 1.0703373 1.2588231 1.2588231 1.1132061 1.5111773 0.9913169 1.1132061 1.0703373 1.1586745 1.4396946 1.5111773 0.8239592 0.8864954 
t11        2.0310377 1.5901977 0.7945437 1.1132061 1.2588231 0.9913169 0.0000000 0.8864954 1.0703373 1.3144041 1.1132061 1.7786835 0.7389627 0.8864954 0.4714565 0.4714565 1.6785349 1.7786835 1.1132061 1.1132061 
t13        2.4141569 3.2381161 1.0297869 1.5901977 1.0297869 1.0703373 0.8864954 0.0000000 0.3040988 1.2588231 1.3144041 1.3144041 0.9198342 1.0703373 0.9913169 1.0703373 1.3144041 1.4396946 1.8942965 1.8942965 
t2         2.4141569 2.7182557 1.3144041 1.8942965 0.9913169 1.2588231 1.0703373 0.3040988 0.0000000 1.5111773 1.3744361 1.2588231 1.1586745 1.2588231 1.4396946 1.5111773 1.1132061 1.1586745 2.4141569 2.4141569 
t10        1.4396946 1.4396946 1.2588231 0.9547243 1.5901977 1.2588231 1.3144041 1.2588231 1.5111773 0.0000000 0.1799630 1.8942965 0.6388142 0.7126442 1.3744361 1.5111773 1.7786835 2.4141569 1.5901977 1.5901977 
t19        1.6785349 1.4396946 1.0297869 0.8239592 1.5111773 1.1132061 1.1132061 1.3144041 1.3744361 0.1799630 0.0000000 1.5111773 0.5933457 0.5504769 1.3144041 1.3744361 1.3744361 1.5901977 1.3144041 1.3144041 
t20        2.4141569 1.3744361 1.7786835 1.3144041 0.5716050 1.5111773 1.7786835 1.3144041 1.2588231 1.8942965 1.5111773 0.0000000 1.6785349 1.5901977 1.6785349 1.7786835 0.1799630 0.2191023 1.3144041 1.4396946 
t6         1.6785349 1.5901977 0.6388142 0.7126442 1.2588231 0.9913169 0.7389627 0.9198342 1.1586745 0.6388142 0.5933457 1.6785349 0.0000000 0.1799630 0.7662384 0.7126442 1.5111773 1.6785349 1.0703373 1.1132061 
t14        1.7786835 1.8942965 0.6872180 0.7126442 1.2070784 1.1132061 0.8864954 1.0703373 1.2588231 0.7126442 0.5504769 1.5901977 0.1799630 0.0000000 0.9913169 0.8864954 1.3744361 1.4396946 1.0297869 1.0703373 
t8         2.1983953 1.5901977 1.1586745 1.1586745 1.2070784 1.0703373 0.4714565 0.9913169 1.4396946 1.3744361 1.3144041 1.6785349 0.7662384 0.9913169 0.0000000 0.1189538 1.6785349 1.7786835 1.3144041 1.2588231 
t18        2.4141569 1.8942965 1.0703373 1.3144041 1.1586745 1.1586745 0.4714565 1.0703373 1.5111773 1.5111773 1.3744361 1.7786835 0.7126442 0.8864954 0.1189538 0.0000000 1.7786835 1.8942965 1.4396946 1.3744361 
t17        3.2381161 1.4396946 1.7786835 1.2588231 0.5099265 1.4396946 1.6785349 1.3144041 1.1132061 1.7786835 1.3744361 0.1799630 1.5111773 1.3744361 1.6785349 1.7786835 0.0000000 0.0734853 1.2588231 1.2588231 
t12        3.2381161 1.5111773 1.8942965 1.3144041 0.5716050 1.5111773 1.7786835 1.4396946 1.1586745 2.4141569 1.5901977 0.2191023 1.6785349 1.4396946 1.7786835 1.8942965 0.0734853 0.0000000 1.2588231 1.2588231 
t1         2.7182557 1.7786835 1.2070784 1.6785349 1.8942965 0.8239592 1.1132061 1.8942965 2.4141569 1.5901977 1.3144041 1.3144041 1.0703373 1.0297869 1.3144041 1.4396946 1.2588231 1.2588231 0.0000000 0.0306165 
t5         2.7182557 1.6785349 1.2070784 1.5901977 1.8942965 0.8864954 1.1132061 1.8942965 2.4141569 1.5901977 1.3144041 1.4396946 1.1132061 1.0703373 1.2588231 1.3744361 1.2588231 1.2588231 0.0306165 0.0000000 
