20
t3         0.0000000 0.7126442 0.7389627 0.9913169 0.9198342 0.7389627 0.9198342 0.8239592 0.6388142 0.9198342 0.7662384 0.8239592 0.7389627 0.6626257 0.9913169 0.9547243 0.9547243 0.9913169 0.7945437 0.7945437 
t14        0.7126442 0.0000000 0.4348639 0.5504769 0.6872180 0.5933457 0.5099265 0.4348639 0.4348639 0.5933457 0.5933457 0.5504769 0.4529370 0.4348639 0.7662384 0.5933457 0.5099265 0.5504769 0.6872180 0.6872180 
t17        0.7389627 0.4348639 0.0000000 0.5933457 0.6626257 0.5933457 0.7389627 0.5933457 0.5099265 0.7126442 0.6872180 0.5933457 0.5099265 0.4529370 0.6626257 0.6388142 0.6157354 0.6388142 0.6626257 0.6626257 
t11        0.9913169 0.5504769 0.5933457 0.0000000 0.6872180 0.5099265 0.9198342 0.7389627 0.6626257 0.6388142 0.4714565 0.5099265 0.6872180 0.6626257 0.7126442 0.6626257 0.7945437 0.7662384 0.6626257 0.6626257 
t19        0.9198342 0.6872180 0.6626257 0.6872180 0.0000000 0.4348639 0.8239592 0.7945437 0.7662384 0.7126442 0.6388142 0.5299277 0.7389627 0.6872180 0.6157354 0.5933457 0.8239592 0.9913169 0.5933457 0.5933457 
t16        0.7389627 0.5933457 0.5933457 0.5099265 0.4348639 0.0000000 0.6626257 0.7389627 0.5299277 0.3192509 0.2326162 0.2326162 0.5504769 0.4714565 0.3192509 0.2892469 0.7945437 0.8545757 0.5099265 0.5099265 
t7         0.9198342 0.5099265 0.7389627 0.9198342 0.8239592 0.6626257 0.0000000 0.3347153 0.4714565 0.8239592 0.7945437 0.8545757 0.5299277 0.5716050 0.8864954 0.7662384 0.4904449 0.5099265 0.8864954 0.8864954 
t12        0.8239592 0.4348639 0.5933457 0.7389627 0.7945437 0.7389627 0.3347153 0.0000000 0.4348639 0.8545757 0.8239592 0.7945437 0.4714565 0.4714565 0.8545757 0.7126442 0.2326162 0.2603971 0.7662384 0.7662384 
t15        0.6388142 0.4348639 0.5099265 0.6626257 0.7662384 0.5299277 0.4714565 0.4348639 0.0000000 0.5933457 0.5933457 0.5716050 0.3040988 0.2892469 0.6626257 0.5933457 0.5299277 0.5716050 0.7389627 0.7389627 
t4         0.9198342 0.5933457 0.7126442 0.6388142 0.7126442 0.3192509 0.8239592 0.8545757 0.5933457 0.0000000 0.4904449 0.4172160 0.6872180 0.5933457 0.2326162 0.1673577 0.9913169 1.0297869 0.5716050 0.5716050 
t6         0.7662384 0.5933457 0.6872180 0.4714565 0.6388142 0.2326162 0.7945437 0.8239592 0.5933457 0.4904449 0.0000000 0.1427653 0.6388142 0.5716050 0.4529370 0.4348639 0.8864954 0.9547243 0.5299277 0.5299277 
t9         0.8239592 0.5504769 0.5933457 0.5099265 0.5299277 0.2326162 0.8545757 0.7945437 0.5716050 0.4172160 0.1427653 0.0000000 0.6626257 0.5716050 0.3666350 0.3192509 0.8545757 0.9198342 0.5099265 0.5099265 
t8         0.7389627 0.4529370 0.5099265 0.6872180 0.7389627 0.5504769 0.5299277 0.4714565 0.3040988 0.6872180 0.6388142 0.6626257 0.0000000 0.1189538 0.7126442 0.6626257 0.5716050 0.6157354 0.7126442 0.7126442 
t20        0.6626257 0.4348639 0.4529370 0.6626257 0.6872180 0.4714565 0.5716050 0.4714565 0.2892469 0.5933457 0.5716050 0.5716050 0.1189538 0.0000000 0.6626257 0.5716050 0.5716050 0.6157354 0.5933457 0.5933457 
t1         0.9913169 0.7662384 0.6626257 0.7126442 0.6157354 0.3192509 0.8864954 0.8545757 0.6626257 0.2326162 0.4529370 0.3666350 0.7126442 0.6626257 0.0000000 0.1073256 0.9547243 1.0703373 0.5504769 0.5504769 
t2         0.9547243 0.5933457 0.6388142 0.6626257 0.5933457 0.2892469 0.7662384 0.7126442 0.5933457 0.1673577 0.4348639 0.3192509 0.6626257 0.5716050 0.1073256 0.0000000 0.8239592 0.8864954 0.5099265 0.5099265 
t5         0.9547243 0.5099265 0.6157354 0.7945437 0.8239592 0.7945437 0.4904449 0.2326162 0.5299277 0.9913169 0.8864954 0.8545757 0.5716050 0.5716050 0.9547243 0.8239592 0.0000000 0.0845966 0.8239592 0.8239592 
t13        0.9913169 0.5504769 0.6388142 0.7662384 0.9913169 0.8545757 0.5099265 0.2603971 0.5716050 1.0297869 0.9547243 0.9198342 0.6157354 0.6157354 1.0703373 0.8864954 0.0845966 0.0000000 0.8545757 0.8545757 
t18        0.7945437 0.6872180 0.6626257 0.6626257 0.5933457 0.5099265 0.8864954 0.7662384 0.7389627 0.5716050 0.5299277 0.5099265 0.7126442 0.5933457 0.5504769 0.5099265 0.8239592 0.8545757 0.0000000 0.0000010 
t10        0.7945437 0.6872180 0.6626257 0.6626257 0.5933457 0.5099265 0.8864954 0.7662384 0.7389627 0.5716050 0.5299277 0.5099265 0.7126442 0.5933457 0.5504769 0.5099265 0.8239592 0.8545757 0.0000010 0.0000000 
