20
t18        0.0000000 0.8545757 0.5933457 0.4172160 0.4348639 0.5299277 0.7389627 0.7662384 1.1132061 0.7662384 0.9198342 0.9913169 0.5299277 0.4714565 0.4529370 0.5504769 0.6872180 0.7126442 0.5299277 0.5299277 
t11        0.8545757 0.0000000 1.1132061 0.7945437 0.9913169 1.1132061 1.2588231 0.9547243 1.2588231 1.1586745 1.2588231 0.9913169 0.9547243 0.8239592 0.8239592 0.9913169 0.7945437 0.8864954 0.7389627 0.7126442 
t3         0.5933457 1.1132061 0.0000000 0.6388142 0.5933457 0.9547243 1.1586745 1.3744361 1.3744361 0.9913169 1.2588231 1.5901977 0.6872180 0.6388142 0.6626257 0.8239592 1.1586745 1.2588231 0.5716050 0.5933457 
t9         0.4172160 0.7945437 0.6388142 0.0000000 0.5299277 0.5504769 0.6872180 0.7389627 1.0703373 0.9198342 1.3744361 1.0297869 0.4714565 0.4348639 0.5504769 0.5099265 0.6872180 0.7662384 0.5504769 0.5716050 
t15        0.4348639 0.9913169 0.5933457 0.5299277 0.0000000 0.6872180 0.8545757 0.7662384 1.2588231 0.7945437 0.9198342 0.9913169 0.4529370 0.4529370 0.4172160 0.6388142 0.7126442 0.7126442 0.5099265 0.4904449 
t2         0.5299277 1.1132061 0.9547243 0.5504769 0.6872180 0.0000000 0.7945437 0.8545757 1.0297869 0.8239592 1.5111773 1.3144041 0.6626257 0.6157354 0.5933457 0.7662384 1.0703373 1.1586745 0.7662384 0.7945437 
t7         0.7389627 1.2588231 1.1586745 0.6872180 0.8545757 0.7945437 0.0000000 1.2588231 1.4396946 1.2070784 1.6785349 1.8942965 0.6626257 0.6157354 0.7126442 0.7126442 1.1132061 1.2588231 0.6157354 0.6388142 
t19        0.7662384 0.9547243 1.3744361 0.7389627 0.7662384 0.8545757 1.2588231 0.0000000 1.6785349 1.3144041 0.7389627 0.4714565 0.7662384 0.8239592 0.9913169 0.9547243 0.4172160 0.4172160 0.7662384 0.7662384 
t13        1.1132061 1.2588231 1.3744361 1.0703373 1.2588231 1.0297869 1.4396946 1.6785349 0.0000000 0.3999739 2.4141569 2.4141569 1.2588231 1.2070784 0.9913169 1.0297869 1.7786835 1.8942965 1.3744361 1.4396946 
t17        0.7662384 1.1586745 0.9913169 0.9198342 0.7945437 0.8239592 1.2070784 1.3144041 0.3999739 0.0000000 1.4396946 1.8942965 1.0297869 0.9198342 0.7389627 0.8864954 1.3144041 1.3744361 0.9913169 1.0297869 
t1         0.9198342 1.2588231 1.2588231 1.3744361 0.9198342 1.5111773 1.6785349 0.7389627 2.4141569 1.4396946 0.0000000 0.6626257 1.2070784 1.5111773 1.1586745 1.1132061 0.9198342 1.0297869 1.2588231 1.3144041 
t10        0.9913169 0.9913169 1.5901977 1.0297869 0.9913169 1.3144041 1.8942965 0.4714565 2.4141569 1.8942965 0.6626257 0.0000000 0.8864954 1.1132061 1.1586745 0.9547243 0.5716050 0.6157354 0.9913169 1.0297869 
t6         0.5299277 0.9547243 0.6872180 0.4714565 0.4529370 0.6626257 0.6626257 0.7662384 1.2588231 1.0297869 1.2070784 0.8864954 0.0000000 0.2463781 0.5504769 0.5933457 0.6872180 0.7389627 0.2603971 0.2746833 
t20        0.4714565 0.8239592 0.6388142 0.4348639 0.4529370 0.6157354 0.6157354 0.8239592 1.2070784 0.9198342 1.5111773 1.1132061 0.2463781 0.0000000 0.4904449 0.6157354 0.8239592 0.8545757 0.2746833 0.2603971 
t4         0.4529370 0.8239592 0.6626257 0.5504769 0.4172160 0.5933457 0.7126442 0.9913169 0.9913169 0.7389627 1.1586745 1.1586745 0.5504769 0.4904449 0.0000000 0.4348639 0.8545757 0.9913169 0.5504769 0.5716050 
t14        0.5504769 0.9913169 0.8239592 0.5099265 0.6388142 0.7662384 0.7126442 0.9547243 1.0297869 0.8864954 1.1132061 0.9547243 0.5933457 0.6157354 0.4348639 0.0000000 0.8545757 0.9547243 0.6872180 0.7126442 
t5         0.6872180 0.7945437 1.1586745 0.6872180 0.7126442 1.0703373 1.1132061 0.4172160 1.7786835 1.3144041 0.9198342 0.5716050 0.6872180 0.8239592 0.8545757 0.8545757 0.0000000 0.0625362 0.6157354 0.6388142 
t8         0.7126442 0.8864954 1.2588231 0.7662384 0.7126442 1.1586745 1.2588231 0.4172160 1.8942965 1.3744361 1.0297869 0.6157354 0.7389627 0.8545757 0.9913169 0.9547243 0.0625362 0.0000000 0.6626257 0.6626257 
t12        0.5299277 0.7389627 0.5716050 0.5504769 0.5099265 0.7662384 0.6157354 0.7662384 1.3744361 0.9913169 1.2588231 0.9913169 0.2603971 0.2746833 0.5504769 0.6872180 0.6157354 0.6626257 0.0000000 0.0100673 
t16        0.5299277 0.7126442 0.5933457 0.5716050 0.4904449 0.7945437 0.6388142 0.7662384 1.4396946 1.0297869 1.3144041 1.0297869 0.2746833 0.2603971 0.5716050 0.7126442 0.6388142 0.6626257 0.0100673 0.0000000 
