20
t13        0.0000000 9.0000000 9.0000000 9.0000000 3.2381161 9.0000000 9.0000000 2.0310377 2.1983953 2.1983953 2.1983953 9.0000000 3.2381161 9.0000000 2.0310377 3.2381161 9.0000000 9.0000000 9.0000000 2.7182557 
t10        9.0000000 0.0000000 9.0000000 1.2588231 1.6785349 1.5111773 1.5901977 9.0000000 2.4141569 9.0000000 2.7182557 9.0000000 9.0000000 3.2381161 1.8942965 1.8942965 1.8942965 1.7786835 3.2381161 9.0000000 
t8         9.0000000 9.0000000 0.0000000 9.0000000 9.0000000 9.0000000 9.0000000 9.0000000 9.0000000 1.1132061 1.0703373 1.8942965 1.5111773 1.2588231 0.7945437 0.9198342 2.1983953 3.2381161 1.3744361 1.7786835 
t14        9.0000000 1.2588231 9.0000000 0.0000000 1.4396946 1.1586745 1.1586745 1.8942965 2.0310377 9.0000000 2.0310377 1.5901977 1.6785349 2.7182557 2.1983953 1.5111773 1.1132061 1.1586745 2.0310377 2.4141569 
t15        3.2381161 1.6785349 9.0000000 1.4396946 0.0000000 1.3144041 1.5901977 9.0000000 9.0000000 2.7182557 2.7182557 2.0310377 9.0000000 9.0000000 2.7182557 2.0310377 2.1983953 2.4141569 9.0000000 9.0000000 
t6         9.0000000 1.5111773 9.0000000 1.1586745 1.3144041 0.0000000 0.6388142 1.8942965 9.0000000 1.8942965 9.0000000 9.0000000 9.0000000 9.0000000 9.0000000 9.0000000 1.3744361 1.4396946 9.0000000 9.0000000 
t16        9.0000000 1.5901977 9.0000000 1.1586745 1.5901977 0.6388142 0.0000000 3.2381161 9.0000000 9.0000000 9.0000000 1.8942965 9.0000000 9.0000000 9.0000000 9.0000000 1.0703373 1.2588231 9.0000000 2.7182557 
t18        2.0310377 9.0000000 9.0000000 1.8942965 9.0000000 1.8942965 3.2381161 0.0000000 0.3831192 3.2381161 9.0000000 2.7182557 2.4141569 2.4141569 9.0000000 9.0000000 3.2381161 9.0000000 3.2381161 9.0000000 
t3         2.1983953 2.4141569 9.0000000 2.0310377 9.0000000 9.0000000 9.0000000 0.3831192 0.0000000 9.0000000 9.0000000 9.0000000 2.1983953 3.2381161 9.0000000 9.0000000 9.0000000 9.0000000 9.0000000 2.7182557 
t11        2.1983953 9.0000000 1.1132061 9.0000000 2.7182557 1.8942965 9.0000000 3.2381161 9.0000000 0.0000000 0.8864954 9.0000000 2.1983953 1.7786835 1.1586745 1.5111773 9.0000000 3.2381161 1.5901977 1.5901977 
t12        2.1983953 2.7182557 1.0703373 2.0310377 2.7182557 9.0000000 9.0000000 9.0000000 9.0000000 0.8864954 0.0000000 9.0000000 1.6785349 1.8942965 1.0297869 1.0297869 9.0000000 2.7182557 2.1983953 2.0310377 
t17        9.0000000 9.0000000 1.8942965 1.5901977 2.0310377 9.0000000 1.8942965 2.7182557 9.0000000 9.0000000 9.0000000 0.0000000 2.1983953 1.8942965 9.0000000 2.0310377 0.9913169 1.0703373 2.7182557 2.4141569 
t19        3.2381161 9.0000000 1.5111773 1.6785349 9.0000000 9.0000000 9.0000000 2.4141569 2.1983953 2.1983953 1.6785349 2.1983953 0.0000000 0.5504769 1.2070784 1.1586745 9.0000000 9.0000000 0.9547243 0.6388142 
t2         9.0000000 3.2381161 1.2588231 2.7182557 9.0000000 9.0000000 9.0000000 2.4141569 3.2381161 1.7786835 1.8942965 1.8942965 0.5504769 0.0000000 1.5901977 1.5901977 9.0000000 2.7182557 1.2070784 0.7945437 
t9         2.0310377 1.8942965 0.7945437 2.1983953 2.7182557 9.0000000 9.0000000 9.0000000 9.0000000 1.1586745 1.0297869 9.0000000 1.2070784 1.5901977 0.0000000 0.3999739 9.0000000 9.0000000 1.4396946 1.6785349 
t1         3.2381161 1.8942965 0.9198342 1.5111773 2.0310377 9.0000000 9.0000000 9.0000000 9.0000000 1.5111773 1.0297869 2.0310377 1.1586745 1.5901977 0.3999739 0.0000000 2.0310377 2.7182557 2.4141569 1.8942965 
t20        9.0000000 1.8942965 2.1983953 1.1132061 2.1983953 1.3744361 1.0703373 3.2381161 9.0000000 9.0000000 9.0000000 0.9913169 9.0000000 9.0000000 9.0000000 2.0310377 0.0000000 0.1427653 9.0000000 1.6785349 
t5         9.0000000 1.7786835 3.2381161 1.1586745 2.4141569 1.4396946 1.2588231 9.0000000 9.0000000 3.2381161 2.7182557 1.0703373 9.0000000 2.7182557 9.0000000 2.7182557 0.1427653 0.0000000 2.7182557 1.3144041 
t4         9.0000000 3.2381161 1.3744361 2.0310377 9.0000000 9.0000000 9.0000000 3.2381161 9.0000000 1.5901977 2.1983953 2.7182557 0.9547243 1.2070784 1.4396946 2.4141569 9.0000000 2.7182557 0.0000000 0.7662384 
t7         2.7182557 9.0000000 1.7786835 2.4141569 9.0000000 9.0000000 2.7182557 9.0000000 2.7182557 1.5901977 2.0310377 2.4141569 0.6388142 0.7945437 1.6785349 1.8942965 1.6785349 1.3144041 0.7662384 0.0000000 
