20
t15        0.0000000 1.2588231 1.4396946 0.7126442 1.5111773 9.0000000 1.4396946 0.9913169 9.0000000 2.1983953 0.7945437 0.8239592 0.9913169 1.0703373 0.8239592 0.7945437 0.8545757 1.6785349 1.4396946 1.4396946 
t16        1.2588231 0.0000000 1.2588231 0.9198342 2.7182557 2.7182557 1.3144041 1.0297869 9.0000000 9.0000000 0.9198342 0.7662384 0.8545757 1.1586745 1.1132061 1.1586745 1.6785349 1.6785349 1.6785349 1.7786835 
t1         1.4396946 1.2588231 0.0000000 0.9198342 3.2381161 2.0310377 1.7786835 1.2070784 9.0000000 2.7182557 1.5111773 1.4396946 1.3144041 1.4396946 1.4396946 1.4396946 1.5111773 1.8942965 2.1983953 2.0310377 
t17        0.7126442 0.9198342 0.9198342 0.0000000 1.3144041 9.0000000 1.5901977 0.6157354 2.7182557 1.8942965 0.6872180 0.6872180 0.5299277 0.7126442 0.7945437 0.6157354 0.6872180 1.3744361 1.4396946 1.3144041 
t10        1.5111773 2.7182557 3.2381161 1.3144041 0.0000000 2.7182557 3.2381161 1.7786835 9.0000000 9.0000000 1.5901977 1.4396946 1.5901977 1.5111773 1.4396946 1.3744361 1.3744361 1.3144041 9.0000000 9.0000000 
t8         9.0000000 2.7182557 2.0310377 9.0000000 2.7182557 0.0000000 9.0000000 9.0000000 9.0000000 9.0000000 9.0000000 9.0000000 9.0000000 9.0000000 9.0000000 9.0000000 9.0000000 9.0000000 9.0000000 9.0000000 
t3         1.4396946 1.3144041 1.7786835 1.5901977 3.2381161 9.0000000 0.0000000 1.3144041 9.0000000 9.0000000 2.0310377 1.6785349 1.3744361 1.6785349 2.4141569 2.4141569 1.7786835 9.0000000 1.5111773 1.7786835 
t19        0.9913169 1.0297869 1.2070784 0.6157354 1.7786835 9.0000000 1.3144041 0.0000000 9.0000000 1.8942965 1.1586745 1.1132061 0.2463781 0.3347153 1.1586745 1.2070784 0.8239592 1.4396946 1.3744361 1.5901977 
t9         9.0000000 9.0000000 9.0000000 2.7182557 9.0000000 9.0000000 9.0000000 9.0000000 0.0000000 0.7389627 9.0000000 3.2381161 9.0000000 9.0000000 9.0000000 3.2381161 1.8942965 1.7786835 9.0000000 9.0000000 
t20        2.1983953 9.0000000 2.7182557 1.8942965 9.0000000 9.0000000 9.0000000 1.8942965 0.7389627 0.0000000 1.2070784 1.2070784 1.7786835 2.1983953 1.3744361 1.4396946 1.3744361 1.4396946 9.0000000 2.4141569 
t11        0.7945437 0.9198342 1.5111773 0.6872180 1.5901977 9.0000000 2.0310377 1.1586745 9.0000000 1.2070784 0.0000000 0.1549607 1.0297869 1.0297869 0.3192509 0.3192509 1.0297869 2.0310377 2.7182557 9.0000000 
t12        0.8239592 0.7662384 1.4396946 0.6872180 1.4396946 9.0000000 1.6785349 1.1132061 3.2381161 1.2070784 0.1549607 0.0000000 1.0297869 1.1132061 0.3505054 0.3666350 1.1132061 2.1983953 2.1983953 9.0000000 
t7         0.9913169 0.8545757 1.3144041 0.5299277 1.5901977 9.0000000 1.3744361 0.2463781 9.0000000 1.7786835 1.0297869 1.0297869 0.0000000 0.2191023 1.1132061 1.1586745 0.8545757 1.3744361 1.3144041 1.3144041 
t2         1.0703373 1.1586745 1.4396946 0.7126442 1.5111773 9.0000000 1.6785349 0.3347153 9.0000000 2.1983953 1.0297869 1.1132061 0.2191023 0.0000000 1.1132061 1.1132061 1.1132061 1.6785349 1.4396946 1.7786835 
t14        0.8239592 1.1132061 1.4396946 0.7945437 1.4396946 9.0000000 2.4141569 1.1586745 9.0000000 1.3744361 0.3192509 0.3505054 1.1132061 1.1132061 0.0000000 0.1799630 0.9913169 2.0310377 3.2381161 9.0000000 
t4         0.7945437 1.1586745 1.4396946 0.6157354 1.3744361 9.0000000 2.4141569 1.2070784 3.2381161 1.4396946 0.3192509 0.3666350 1.1586745 1.1132061 0.1799630 0.0000000 0.9547243 1.5901977 2.1983953 3.2381161 
t5         0.8545757 1.6785349 1.5111773 0.6872180 1.3744361 9.0000000 1.7786835 0.8239592 1.8942965 1.3744361 1.0297869 1.1132061 0.8545757 1.1132061 0.9913169 0.9547243 0.0000000 1.2070784 1.3744361 1.2588231 
t6         1.6785349 1.6785349 1.8942965 1.3744361 1.3144041 9.0000000 9.0000000 1.4396946 1.7786835 1.4396946 2.0310377 2.1983953 1.3744361 1.6785349 2.0310377 1.5901977 1.2070784 0.0000000 2.1983953 2.1983953 
t13        1.4396946 1.6785349 2.1983953 1.4396946 9.0000000 9.0000000 1.5111773 1.3744361 9.0000000 9.0000000 2.7182557 2.1983953 1.3144041 1.4396946 3.2381161 2.1983953 1.3744361 2.1983953 0.0000000 0.1073256 
t18        1.4396946 1.7786835 2.0310377 1.3144041 9.0000000 9.0000000 1.7786835 1.5901977 9.0000000 2.4141569 9.0000000 9.0000000 1.3144041 1.7786835 9.0000000 3.2381161 1.2588231 2.1983953 0.1073256 0.0000000 
