20
t17        0.0000000 0.2326162 0.3192509 1.8942965 0.2746833 0.2191023 0.4172160 0.3666350 0.2058276 0.2191023 0.2892469 0.2463781 0.1549607 0.1799630 0.4529370 0.2746833 1.2070784 1.1132061 0.2058276 0.2191023 
t13        0.2326162 0.0000000 0.3192509 2.0310377 0.3040988 0.2892469 0.3831192 0.4529370 0.2603971 0.2191023 0.2746833 0.3347153 0.1427653 0.1427653 0.4904449 0.3040988 1.3144041 1.1586745 0.2603971 0.2746833 
t9         0.3192509 0.3192509 0.0000000 2.7182557 0.3831192 0.2892469 0.4904449 0.4904449 0.3192509 0.3505054 0.3666350 0.3831192 0.2603971 0.2746833 0.5299277 0.3999739 1.2588231 1.1586745 0.2463781 0.2603971 
t8         1.8942965 2.0310377 2.7182557 0.0000000 2.1983953 2.0310377 1.6785349 2.0310377 2.1983953 2.1983953 2.7182557 2.7182557 2.1983953 2.1983953 9.0000000 2.0310377 2.4141569 1.8942965 1.8942965 1.7786835 
t6         0.2746833 0.3040988 0.3831192 2.1983953 0.0000000 0.2058276 0.4714565 0.3831192 0.2326162 0.3505054 0.4348639 0.2463781 0.2463781 0.2603971 0.4348639 0.2892469 1.2070784 1.1132061 0.2892469 0.3040988 
t3         0.2191023 0.2892469 0.2892469 2.0310377 0.2058276 0.0000000 0.4904449 0.2892469 0.1549607 0.2892469 0.3192509 0.2326162 0.1927838 0.2058276 0.3666350 0.2326162 0.8545757 0.7945437 0.2058276 0.2191023 
t5         0.4172160 0.3831192 0.4904449 1.6785349 0.4714565 0.4904449 0.0000000 0.5933457 0.4714565 0.2603971 0.3999739 0.4714565 0.2603971 0.2892469 0.6157354 0.4904449 1.2588231 1.1586745 0.4172160 0.4348639 
t7         0.3666350 0.4529370 0.4904449 2.0310377 0.3831192 0.2892469 0.5933457 0.0000000 0.3040988 0.3831192 0.3831192 0.3505054 0.3347153 0.3347153 0.4172160 0.2746833 1.3144041 1.2588231 0.4172160 0.4172160 
t2         0.2058276 0.2603971 0.3192509 2.1983953 0.2326162 0.1549607 0.4714565 0.3040988 0.0000000 0.2603971 0.3347153 0.1307650 0.1927838 0.2058276 0.3040988 0.1549607 1.1586745 1.0703373 0.2326162 0.2463781 
t12        0.2191023 0.2191023 0.3505054 2.1983953 0.3505054 0.2892469 0.2603971 0.3831192 0.2603971 0.0000000 0.1927838 0.2892469 0.1073256 0.1307650 0.4714565 0.3347153 1.2588231 1.1586745 0.2603971 0.2746833 
t16        0.2892469 0.2746833 0.3666350 2.7182557 0.4348639 0.3192509 0.3999739 0.3831192 0.3347153 0.1927838 0.0000000 0.3505054 0.1799630 0.2058276 0.5099265 0.3505054 1.2070784 1.2588231 0.3347153 0.3505054 
t19        0.2463781 0.3347153 0.3831192 2.7182557 0.2463781 0.2326162 0.4714565 0.3505054 0.1307650 0.2892469 0.3505054 0.0000000 0.2326162 0.2463781 0.3192509 0.1549607 1.3144041 1.2588231 0.2746833 0.2892469 
t10        0.1549607 0.1427653 0.2603971 2.1983953 0.2463781 0.1927838 0.2603971 0.3347153 0.1927838 0.1073256 0.1799630 0.2326162 0.0000000 0.0411062 0.3999739 0.2463781 1.0703373 1.0297869 0.1549607 0.1673577 
t18        0.1799630 0.1427653 0.2746833 2.1983953 0.2603971 0.2058276 0.2892469 0.3347153 0.2058276 0.1307650 0.2058276 0.2463781 0.0411062 0.0000000 0.3831192 0.2326162 1.0297869 0.9913169 0.1799630 0.1927838 
t14        0.4529370 0.4904449 0.5299277 9.0000000 0.4348639 0.3666350 0.6157354 0.4172160 0.3040988 0.4714565 0.5099265 0.3192509 0.3999739 0.3831192 0.0000000 0.2191023 1.5111773 1.3744361 0.4529370 0.4529370 
t15        0.2746833 0.3040988 0.3999739 2.0310377 0.2892469 0.2326162 0.4904449 0.2746833 0.1549607 0.3347153 0.3505054 0.1549607 0.2463781 0.2326162 0.2191023 0.0000000 1.2588231 1.1586745 0.2892469 0.2892469 
t4         1.2070784 1.3144041 1.2588231 2.4141569 1.2070784 0.8545757 1.2588231 1.3144041 1.1586745 1.2588231 1.2070784 1.3144041 1.0703373 1.0297869 1.5111773 1.2588231 0.0000000 0.1073256 1.1132061 1.1586745 
t1         1.1132061 1.1586745 1.1586745 1.8942965 1.1132061 0.7945437 1.1586745 1.2588231 1.0703373 1.1586745 1.2588231 1.2588231 1.0297869 0.9913169 1.3744361 1.1586745 0.1073256 0.0000000 1.0703373 1.1132061 
t11        0.2058276 0.2603971 0.2463781 1.8942965 0.2892469 0.2058276 0.4172160 0.4172160 0.2326162 0.2603971 0.3347153 0.2746833 0.1549607 0.1799630 0.4529370 0.2892469 1.1132061 1.0703373 0.0000000 0.0100673 
t20        0.2191023 0.2746833 0.2603971 1.7786835 0.3040988 0.2191023 0.4348639 0.4172160 0.2463781 0.2746833 0.3505054 0.2892469 0.1673577 0.1927838 0.4529370 0.2892469 1.1586745 1.1132061 0.0100673 0.0000000 
