20
t11        0.0000000 1.1132061 0.9547243 1.2070784 1.1586745 1.4396946 1.7786835 1.0703373 1.0703373 1.2588231 0.9198342 1.3744361 1.3744361 1.1132061 1.0297869 1.1132061 1.0297869 1.0703373 1.1132061 1.0703373 
t6         1.1132061 0.0000000 0.9913169 1.0703373 0.8239592 1.0703373 1.2070784 1.0703373 0.9547243 1.2070784 0.5299277 0.9913169 1.1586745 1.3744361 1.2588231 1.3144041 0.7126442 0.5299277 0.9913169 1.0297869 
t1         0.9547243 0.9913169 0.0000000 0.8864954 0.7945437 1.3144041 1.1132061 1.1132061 1.0703373 1.2070784 0.9913169 1.3144041 1.4396946 0.9913169 0.7389627 0.7945437 1.1586745 0.9913169 1.2070784 1.1586745 
t17        1.2070784 1.0703373 0.8864954 0.0000000 0.4904449 1.0297869 1.1132061 1.2070784 0.9198342 1.1132061 1.2588231 0.9198342 1.1132061 1.4396946 1.1132061 1.0703373 1.1586745 1.1586745 1.1586745 1.1132061 
t7         1.1586745 0.8239592 0.7945437 0.4904449 0.0000000 1.1132061 1.0703373 1.1132061 1.1132061 1.1132061 0.9913169 0.9547243 1.0297869 1.5901977 1.2070784 1.2070784 1.0297869 0.9198342 0.9198342 0.9198342 
t10        1.4396946 1.0703373 1.3144041 1.0297869 1.1132061 0.0000000 0.5933457 1.2070784 1.2070784 1.6785349 1.1586745 1.1586745 0.8864954 1.5111773 1.3744361 1.3744361 1.4396946 1.1586745 0.8864954 0.8545757 
t13        1.7786835 1.2070784 1.1132061 1.1132061 1.0703373 0.5933457 0.0000000 1.0703373 1.3744361 1.5111773 1.3144041 1.2070784 0.8545757 3.2381161 2.0310377 1.8942965 1.3144041 1.0297869 0.8545757 0.7945437 
t16        1.0703373 1.0703373 1.1132061 1.2070784 1.1132061 1.2070784 1.0703373 0.0000000 0.4348639 0.7945437 0.9198342 1.4396946 1.6785349 1.6785349 1.2070784 1.2588231 1.2070784 1.2588231 1.1586745 1.1132061 
t18        1.0703373 0.9547243 1.0703373 0.9198342 1.1132061 1.2070784 1.3744361 0.4348639 0.0000000 0.5504769 0.8864954 1.5111773 1.3144041 1.6785349 1.3744361 1.3744361 0.9198342 1.0297869 1.1132061 1.0703373 
t14        1.2588231 1.2070784 1.2070784 1.1132061 1.1132061 1.6785349 1.5111773 0.7945437 0.5504769 0.0000000 1.1586745 1.3744361 1.7786835 2.4141569 1.4396946 1.5111773 1.2070784 1.1586745 1.4396946 1.4396946 
t3         0.9198342 0.5299277 0.9913169 1.2588231 0.9913169 1.1586745 1.3144041 0.9198342 0.8864954 1.1586745 0.0000000 1.2070784 1.4396946 1.1132061 0.9547243 1.0703373 0.4714565 0.4348639 1.2588231 1.3144041 
t2         1.3744361 0.9913169 1.3144041 0.9198342 0.9547243 1.1586745 1.2070784 1.4396946 1.5111773 1.3744361 1.2070784 0.0000000 0.5299277 1.4396946 1.3144041 1.3144041 1.5111773 1.2588231 0.8239592 0.7662384 
t8         1.3744361 1.1586745 1.4396946 1.1132061 1.0297869 0.8864954 0.8545757 1.6785349 1.3144041 1.7786835 1.4396946 0.5299277 0.0000000 2.1983953 1.8942965 1.7786835 1.6785349 1.5111773 0.9198342 0.8545757 
t12        1.1132061 1.3744361 0.9913169 1.4396946 1.5901977 1.5111773 3.2381161 1.6785349 1.6785349 2.4141569 1.1132061 1.4396946 2.1983953 0.0000000 0.1927838 0.2463781 1.5111773 1.5901977 1.3144041 1.2588231 
t4         1.0297869 1.2588231 0.7389627 1.1132061 1.2070784 1.3744361 2.0310377 1.2070784 1.3744361 1.4396946 0.9547243 1.3144041 1.8942965 0.1927838 0.0000000 0.0625362 1.5901977 1.4396946 1.2588231 1.2070784 
t19        1.1132061 1.3144041 0.7945437 1.0703373 1.2070784 1.3744361 1.8942965 1.2588231 1.3744361 1.5111773 1.0703373 1.3144041 1.7786835 0.2463781 0.0625362 0.0000000 1.3744361 1.3144041 1.2588231 1.2070784 
t9         1.0297869 0.7126442 1.1586745 1.1586745 1.0297869 1.4396946 1.3144041 1.2070784 0.9198342 1.2070784 0.4714565 1.5111773 1.6785349 1.5111773 1.5901977 1.3744361 0.0000000 0.1799630 1.3744361 1.4396946 
t15        1.0703373 0.5299277 0.9913169 1.1586745 0.9198342 1.1586745 1.0297869 1.2588231 1.0297869 1.1586745 0.4348639 1.2588231 1.5111773 1.5901977 1.4396946 1.3144041 0.1799630 0.0000000 1.0297869 1.0703373 
t20        1.1132061 0.9913169 1.2070784 1.1586745 0.9198342 0.8864954 0.8545757 1.1586745 1.1132061 1.4396946 1.2588231 0.8239592 0.9198342 1.3144041 1.2588231 1.2588231 1.3744361 1.0297869 0.0000000 0.0202715 
t5         1.0703373 1.0297869 1.1586745 1.1132061 0.9198342 0.8545757 0.7945437 1.1132061 1.0703373 1.4396946 1.3144041 0.7662384 0.8545757 1.2588231 1.2070784 1.2070784 1.4396946 1.0703373 0.0202715 0.0000000 
