20
t19        0.0000000 0.7389627 0.8239592 0.7662384 0.7945437 0.8864954 0.9913169 0.7389627 0.7662384 0.7945437 0.8864954 0.6872180 0.7662384 0.7662384 0.9198342 0.9913169 0.8239592 0.7662384 0.9198342 0.9198342 
t14        0.7389627 0.0000000 1.0297869 0.7945437 0.8545757 0.9547243 1.0703373 0.7945437 0.6626257 0.9198342 0.8239592 0.7389627 0.6626257 0.7662384 1.1132061 1.2070784 0.8239592 0.7126442 1.1132061 1.1132061 
t6         0.8239592 1.0297869 0.0000000 0.3831192 0.5099265 0.4529370 0.5504769 0.3666350 0.3831192 0.5716050 0.4904449 0.3505054 0.4348639 0.4348639 0.6157354 0.6626257 0.3666350 0.3040988 0.5099265 0.5099265 
t4         0.7662384 0.7945437 0.3831192 0.0000000 0.6157354 0.6388142 0.6872180 0.3831192 0.3666350 0.6157354 0.6157354 0.3347153 0.4348639 0.4172160 0.7389627 0.6872180 0.4172160 0.3505054 0.6157354 0.5716050 
t13        0.7945437 0.8545757 0.5099265 0.6157354 0.0000000 0.1427653 0.2326162 0.5099265 0.4714565 0.1427653 0.1427653 0.4529370 0.5099265 0.5299277 0.7662384 0.8239592 0.4348639 0.4172160 0.3999739 0.3999739 
t11        0.8864954 0.9547243 0.4529370 0.6388142 0.1427653 0.0000000 0.2191023 0.5504769 0.4904449 0.1927838 0.2191023 0.4904449 0.5299277 0.5933457 0.6872180 0.7945437 0.4529370 0.4172160 0.4714565 0.4714565 
t5         0.9913169 1.0703373 0.5504769 0.6872180 0.2326162 0.2191023 0.0000000 0.5504769 0.5716050 0.2892469 0.3192509 0.4904449 0.5933457 0.6157354 0.7945437 0.7945437 0.5099265 0.5099265 0.5099265 0.5099265 
t3         0.7389627 0.7945437 0.3666350 0.3831192 0.5099265 0.5504769 0.5504769 0.0000000 0.1307650 0.5099265 0.5099265 0.2603971 0.1549607 0.1549607 0.6157354 0.6388142 0.2892469 0.2326162 0.5716050 0.5716050 
t2         0.7662384 0.6626257 0.3831192 0.3666350 0.4714565 0.4904449 0.5716050 0.1307650 0.0000000 0.4348639 0.4714565 0.2603971 0.1189538 0.1307650 0.5933457 0.5933457 0.2746833 0.2191023 0.5504769 0.5504769 
t12        0.7945437 0.9198342 0.5716050 0.6157354 0.1427653 0.1927838 0.2892469 0.5099265 0.4348639 0.0000000 0.1189538 0.4904449 0.5299277 0.4904449 0.8545757 0.8864954 0.5099265 0.5099265 0.4904449 0.4904449 
t18        0.8864954 0.8239592 0.4904449 0.6157354 0.1427653 0.2191023 0.3192509 0.5099265 0.4714565 0.1189538 0.0000000 0.4904449 0.5099265 0.4904449 0.8239592 0.8545757 0.4904449 0.4529370 0.4714565 0.4714565 
t1         0.6872180 0.7389627 0.3505054 0.3347153 0.4529370 0.4904449 0.4904449 0.2603971 0.2603971 0.4904449 0.4904449 0.0000000 0.2892469 0.2892469 0.5299277 0.6388142 0.1799630 0.1427653 0.5099265 0.5099265 
t16        0.7662384 0.6626257 0.4348639 0.4348639 0.5099265 0.5299277 0.5933457 0.1549607 0.1189538 0.5299277 0.5099265 0.2892469 0.0000000 0.1073256 0.6157354 0.6626257 0.3192509 0.2603971 0.6626257 0.6626257 
t15        0.7662384 0.7662384 0.4348639 0.4172160 0.5299277 0.5933457 0.6157354 0.1549607 0.1307650 0.4904449 0.4904449 0.2892469 0.1073256 0.0000000 0.6626257 0.6872180 0.3505054 0.2892469 0.6157354 0.6157354 
t10        0.9198342 1.1132061 0.6157354 0.7389627 0.7662384 0.6872180 0.7945437 0.6157354 0.5933457 0.8545757 0.8239592 0.5299277 0.6157354 0.6626257 0.0000000 0.1073256 0.6626257 0.5716050 0.8239592 0.7945437 
t17        0.9913169 1.2070784 0.6626257 0.6872180 0.8239592 0.7945437 0.7945437 0.6388142 0.5933457 0.8864954 0.8545757 0.6388142 0.6626257 0.6872180 0.1073256 0.0000000 0.7389627 0.6388142 0.8545757 0.8239592 
t20        0.8239592 0.8239592 0.3666350 0.4172160 0.4348639 0.4529370 0.5099265 0.2892469 0.2746833 0.5099265 0.4904449 0.1799630 0.3192509 0.3505054 0.6626257 0.7389627 0.0000000 0.0411062 0.4904449 0.4904449 
t8         0.7662384 0.7126442 0.3040988 0.3505054 0.4172160 0.4172160 0.5099265 0.2326162 0.2191023 0.5099265 0.4529370 0.1427653 0.2603971 0.2892469 0.5716050 0.6388142 0.0411062 0.0000000 0.4904449 0.4904449 
t7         0.9198342 1.1132061 0.5099265 0.6157354 0.3999739 0.4714565 0.5099265 0.5716050 0.5504769 0.4904449 0.4714565 0.5099265 0.6626257 0.6157354 0.8239592 0.8545757 0.4904449 0.4904449 0.0000000 0.0306165 
t9         0.9198342 1.1132061 0.5099265 0.5716050 0.3999739 0.4714565 0.5099265 0.5716050 0.5504769 0.4904449 0.4714565 0.5099265 0.6626257 0.6157354 0.7945437 0.8239592 0.4904449 0.4904449 0.0306165 0.0000000 
