20
t17        0.0000000 0.7945437 0.7662384 0.8545757 0.8545757 0.8239592 0.8239592 0.8864954 0.7389627 0.6388142 0.8545757 0.8864954 1.0297869 1.0297869 0.9913169 1.0297869 0.8864954 0.8239592 1.1132061 1.0297869 
t1         0.7945437 0.0000000 0.1427653 0.4904449 0.2746833 0.1673577 0.1799630 0.2058276 0.4172160 0.2463781 0.1799630 0.2326162 0.3192509 0.3040988 0.2326162 0.2746833 0.2463781 0.2603971 0.3999739 0.3505054 
t19        0.7662384 0.1427653 0.0000000 0.4714565 0.2746833 0.1927838 0.2058276 0.2058276 0.3831192 0.2603971 0.1673577 0.2191023 0.2746833 0.2603971 0.2463781 0.2892469 0.2746833 0.2746833 0.4348639 0.3831192 
t12        0.8545757 0.4904449 0.4714565 0.0000000 0.2892469 0.3999739 0.4348639 0.4904449 0.6626257 0.5299277 0.4172160 0.4529370 0.5716050 0.5933457 0.4714565 0.4904449 0.3347153 0.3347153 0.5716050 0.5504769 
t6         0.8545757 0.2746833 0.2746833 0.2892469 0.0000000 0.2058276 0.2191023 0.2463781 0.4904449 0.3347153 0.2191023 0.2463781 0.3666350 0.3831192 0.2191023 0.2746833 0.1927838 0.2058276 0.3999739 0.3505054 
t18        0.8239592 0.1673577 0.1927838 0.3999739 0.2058276 0.0000000 0.0306165 0.1673577 0.4172160 0.2326162 0.1427653 0.1673577 0.2191023 0.2326162 0.1673577 0.1927838 0.2326162 0.2463781 0.2746833 0.2326162 
t11        0.8239592 0.1799630 0.2058276 0.4348639 0.2191023 0.0306165 0.0000000 0.1799630 0.4348639 0.2191023 0.1427653 0.1799630 0.2326162 0.2463781 0.1799630 0.2058276 0.2463781 0.2603971 0.2892469 0.2463781 
t3         0.8864954 0.2058276 0.2058276 0.4904449 0.2463781 0.1673577 0.1799630 0.0000000 0.4172160 0.2463781 0.1189538 0.1427653 0.2746833 0.2892469 0.1427653 0.2058276 0.2746833 0.2892469 0.3347153 0.3040988 
t8         0.7389627 0.4172160 0.3831192 0.6626257 0.4904449 0.4172160 0.4348639 0.4172160 0.0000000 0.2191023 0.3831192 0.3999739 0.6388142 0.6388142 0.4529370 0.4904449 0.5716050 0.5933457 0.6872180 0.5933457 
t2         0.6388142 0.2463781 0.2603971 0.5299277 0.3347153 0.2326162 0.2191023 0.2463781 0.2191023 0.0000000 0.2326162 0.2463781 0.4172160 0.4172160 0.2746833 0.2892469 0.3347153 0.3505054 0.4172160 0.3666350 
t9         0.8545757 0.1799630 0.1673577 0.4172160 0.2191023 0.1427653 0.1427653 0.1189538 0.3831192 0.2326162 0.0000000 0.1307650 0.2892469 0.3040988 0.1307650 0.1799630 0.2326162 0.2463781 0.3505054 0.3040988 
t10        0.8864954 0.2326162 0.2191023 0.4529370 0.2463781 0.1673577 0.1799630 0.1427653 0.3999739 0.2463781 0.1307650 0.0000000 0.3040988 0.3192509 0.1307650 0.1799630 0.2892469 0.3040988 0.3347153 0.2892469 
t15        1.0297869 0.3192509 0.2746833 0.5716050 0.3666350 0.2191023 0.2326162 0.2746833 0.6388142 0.4172160 0.2892469 0.3040988 0.0000000 0.0517447 0.3040988 0.3347153 0.3999739 0.3999739 0.3831192 0.3505054 
t7         1.0297869 0.3040988 0.2603971 0.5933457 0.3831192 0.2326162 0.2463781 0.2892469 0.6388142 0.4172160 0.3040988 0.3192509 0.0517447 0.0000000 0.3192509 0.3505054 0.4172160 0.4172160 0.3831192 0.3505054 
t14        0.9913169 0.2326162 0.2463781 0.4714565 0.2191023 0.1673577 0.1799630 0.1427653 0.4529370 0.2746833 0.1307650 0.1307650 0.3040988 0.3192509 0.0000000 0.0734853 0.3040988 0.3192509 0.2603971 0.2463781 
t20        1.0297869 0.2746833 0.2892469 0.4904449 0.2746833 0.1927838 0.2058276 0.2058276 0.4904449 0.2892469 0.1799630 0.1799630 0.3347153 0.3505054 0.0734853 0.0000000 0.3192509 0.3347153 0.2746833 0.2892469 
t5         0.8864954 0.2463781 0.2746833 0.3347153 0.1927838 0.2326162 0.2463781 0.2746833 0.5716050 0.3347153 0.2326162 0.2892469 0.3999739 0.4172160 0.3040988 0.3192509 0.0000000 0.0306165 0.3666350 0.3505054 
t13        0.8239592 0.2603971 0.2746833 0.3347153 0.2058276 0.2463781 0.2603971 0.2892469 0.5933457 0.3505054 0.2463781 0.3040988 0.3999739 0.4172160 0.3192509 0.3347153 0.0306165 0.0000000 0.3999739 0.3831192 
t16        1.1132061 0.3999739 0.4348639 0.5716050 0.3999739 0.2746833 0.2892469 0.3347153 0.6872180 0.4172160 0.3505054 0.3347153 0.3831192 0.3831192 0.2603971 0.2746833 0.3666350 0.3999739 0.0000000 0.0517447 
t4         1.0297869 0.3505054 0.3831192 0.5504769 0.3505054 0.2326162 0.2463781 0.3040988 0.5933457 0.3666350 0.3040988 0.2892469 0.3505054 0.3505054 0.2463781 0.2892469 0.3505054 0.3831192 0.0517447 0.0000000 
