20
t12        0.0000000 0.8864954 0.8864954 1.1586745 1.1132061 0.9547243 1.1132061 0.7662384 0.9547243 0.7662384 1.0297869 1.0297869 0.9547243 1.0297869 0.7389627 0.7126442 0.9547243 0.9547243 1.1132061 1.1132061 
t19        0.8864954 0.0000000 1.2588231 1.3144041 0.9913169 1.0297869 0.9913169 0.9198342 1.1586745 1.3744361 1.1586745 1.0703373 1.0297869 0.9547243 1.1586745 0.8864954 1.2070784 1.3144041 1.1586745 1.1586745 
t9         0.8864954 1.2588231 0.0000000 1.3144041 1.3744361 0.9913169 1.2070784 0.7945437 1.2070784 1.1132061 1.1586745 1.6785349 1.7786835 1.4396946 0.9547243 0.9198342 0.9547243 1.1586745 1.1586745 1.0703373 
t8         1.1586745 1.3144041 1.3144041 0.0000000 1.2070784 0.9198342 1.0297869 1.0297869 0.8864954 0.7662384 2.0310377 0.6626257 0.6872180 0.6157354 1.0297869 1.3744361 0.9547243 0.9913169 1.7786835 1.8942965 
t11        1.1132061 0.9913169 1.3744361 1.2070784 0.0000000 0.9547243 1.2588231 0.8545757 1.0297869 0.8864954 0.6157354 1.2070784 1.2588231 1.2070784 1.1132061 1.1132061 0.9198342 0.9547243 0.6872180 0.7126442 
t13        0.9547243 1.0297869 0.9913169 0.9198342 0.9547243 0.0000000 0.8864954 0.5716050 0.7662384 0.8545757 1.2070784 1.0297869 0.9547243 1.2588231 0.8864954 0.9198342 0.4904449 0.5299277 1.1132061 1.0297869 
t3         1.1132061 0.9913169 1.2070784 1.0297869 1.2588231 0.8864954 0.0000000 0.5933457 1.2070784 1.4396946 1.5111773 1.2070784 1.1132061 1.0297869 1.1132061 1.0297869 0.9547243 0.9547243 1.3744361 1.3744361 
t4         0.7662384 0.9198342 0.7945437 1.0297869 0.8545757 0.5716050 0.5933457 0.0000000 1.0297869 0.9913169 1.0703373 0.9198342 0.9547243 1.1586745 0.7662384 0.7126442 0.7126442 0.7389627 1.0703373 1.0703373 
t2         0.9547243 1.1586745 1.2070784 0.8864954 1.0297869 0.7662384 1.2070784 1.0297869 0.0000000 0.3505054 1.4396946 1.0703373 1.1586745 1.3144041 1.0703373 1.1586745 1.0703373 1.2588231 1.2070784 1.3144041 
t14        0.7662384 1.3744361 1.1132061 0.7662384 0.8864954 0.8545757 1.4396946 0.9913169 0.3505054 0.0000000 1.0703373 0.9547243 0.9547243 0.8864954 0.8545757 1.0703373 0.9198342 0.9547243 0.9913169 1.0703373 
t1         1.0297869 1.1586745 1.1586745 2.0310377 0.6157354 1.2070784 1.5111773 1.0703373 1.4396946 1.0703373 0.0000000 1.5111773 1.7786835 1.5901977 1.1132061 1.2070784 1.4396946 1.3144041 0.4529370 0.4529370 
t20        1.0297869 1.0703373 1.6785349 0.6626257 1.2070784 1.0297869 1.2070784 0.9198342 1.0703373 0.9547243 1.5111773 0.0000000 0.2463781 0.2603971 1.1586745 1.3144041 1.3144041 1.2070784 1.3744361 1.5901977 
t6         0.9547243 1.0297869 1.7786835 0.6872180 1.2588231 0.9547243 1.1132061 0.9547243 1.1586745 0.9547243 1.7786835 0.2463781 0.0000000 0.2746833 1.1132061 1.0703373 1.2070784 1.1586745 1.4396946 1.6785349 
t15        1.0297869 0.9547243 1.4396946 0.6157354 1.2070784 1.2588231 1.0297869 1.1586745 1.3144041 0.8864954 1.5901977 0.2603971 0.2746833 0.0000000 1.0297869 1.2070784 1.3144041 1.0703373 1.4396946 1.6785349 
t10        0.7389627 1.1586745 0.9547243 1.0297869 1.1132061 0.8864954 1.1132061 0.7662384 1.0703373 0.8545757 1.1132061 1.1586745 1.1132061 1.0297869 0.0000000 0.2463781 1.1586745 1.2588231 0.9913169 0.9547243 
t7         0.7126442 0.8864954 0.9198342 1.3744361 1.1132061 0.9198342 1.0297869 0.7126442 1.1586745 1.0703373 1.2070784 1.3144041 1.0703373 1.2070784 0.2463781 0.0000000 1.0297869 1.1132061 1.0297869 0.9913169 
t16        0.9547243 1.2070784 0.9547243 0.9547243 0.9198342 0.4904449 0.9547243 0.7126442 1.0703373 0.9198342 1.4396946 1.3144041 1.2070784 1.3144041 1.1586745 1.0297869 0.0000000 0.0734853 1.3144041 1.2588231 
t5         0.9547243 1.3144041 1.1586745 0.9913169 0.9547243 0.5299277 0.9547243 0.7389627 1.2588231 0.9547243 1.3144041 1.2070784 1.1586745 1.0703373 1.2588231 1.1132061 0.0734853 0.0000000 1.2070784 1.1586745 
t17        1.1132061 1.1586745 1.1586745 1.7786835 0.6872180 1.1132061 1.3744361 1.0703373 1.2070784 0.9913169 0.4529370 1.3744361 1.4396946 1.4396946 0.9913169 1.0297869 1.3144041 1.2070784 0.0000000 0.0411062 
t18        1.1132061 1.1586745 1.0703373 1.8942965 0.7126442 1.0297869 1.3744361 1.0703373 1.3144041 1.0703373 0.4529370 1.5901977 1.6785349 1.6785349 0.9547243 0.9913169 1.2588231 1.1586745 0.0411062 0.0000000 
