20
t12        0.0000000 9.0000000 2.1983953 3.2381161 9.0000000 2.7182557 2.7182557 1.6785349 9.0000000 2.7182557 9.0000000 9.0000000 9.0000000 9.0000000 9.0000000 9.0000000 9.0000000 9.0000000 9.0000000 9.0000000 
t18        9.0000000 0.0000000 2.1983953 1.8942965 2.4141569 3.2381161 1.5111773 1.4396946 2.4141569 2.4141569 1.8942965 2.4141569 2.1983953 2.1983953 1.3744361 1.3144041 3.2381161 2.4141569 1.7786835 1.8942965 
t3         2.1983953 2.1983953 0.0000000 1.3744361 1.5111773 0.9198342 1.3744361 1.1586745 1.2588231 1.3144041 1.5901977 1.2070784 1.3744361 1.3744361 1.2588231 1.3144041 1.5111773 1.3744361 1.4396946 1.3144041 
t6         3.2381161 1.8942965 1.3744361 0.0000000 1.3144041 1.3144041 1.8942965 1.3144041 0.7389627 2.0310377 2.1983953 0.5504769 0.7389627 0.7126442 1.2070784 1.1586745 0.6626257 0.6626257 0.6626257 0.6626257 
t16        9.0000000 2.4141569 1.5111773 1.3144041 0.0000000 0.5933457 1.1586745 1.1586745 1.1586745 1.5901977 1.8942965 1.4396946 1.3744361 1.2070784 0.9547243 1.1132061 1.6785349 1.6785349 1.6785349 1.5901977 
t1         2.7182557 3.2381161 0.9198342 1.3144041 0.5933457 0.0000000 1.0297869 1.1132061 1.4396946 1.3144041 1.3144041 1.3144041 1.3744361 1.6785349 1.0703373 1.1586745 1.5111773 1.5111773 1.6785349 1.5111773 
t10        2.7182557 1.5111773 1.3744361 1.8942965 1.1586745 1.0297869 0.0000000 0.3666350 1.5901977 1.5111773 1.5901977 1.5901977 2.1983953 2.4141569 0.9198342 1.0297869 1.8942965 1.8942965 1.7786835 1.6785349 
t15        1.6785349 1.4396946 1.1586745 1.3144041 1.1586745 1.1132061 0.3666350 0.0000000 1.3144041 1.2070784 1.2070784 1.2070784 1.5111773 1.3744361 0.7945437 0.8864954 1.2588231 1.2588231 1.5111773 1.3744361 
t17        9.0000000 2.4141569 1.2588231 0.7389627 1.1586745 1.4396946 1.5901977 1.3144041 0.0000000 2.1983953 2.4141569 0.3040988 0.3999739 0.3192509 1.1586745 1.2070784 0.4172160 0.4172160 0.3831192 0.3831192 
t14        2.7182557 2.4141569 1.3144041 2.0310377 1.5901977 1.3144041 1.5111773 1.2070784 2.1983953 0.0000000 0.2463781 1.2070784 1.5901977 1.8942965 1.5111773 1.5901977 1.5901977 1.5901977 1.7786835 1.5901977 
t7         9.0000000 1.8942965 1.5901977 2.1983953 1.8942965 1.3144041 1.5901977 1.2070784 2.4141569 0.2463781 0.0000000 1.5111773 2.1983953 2.4141569 1.6785349 1.6785349 1.5111773 1.4396946 2.4141569 2.0310377 
t11        9.0000000 2.4141569 1.2070784 0.5504769 1.4396946 1.3144041 1.5901977 1.2070784 0.3040988 1.2070784 1.5111773 0.0000000 0.3666350 0.3505054 1.1132061 1.1132061 0.4904449 0.4714565 0.1799630 0.1799630 
t5         9.0000000 2.1983953 1.3744361 0.7389627 1.3744361 1.3744361 2.1983953 1.5111773 0.3999739 1.5901977 2.1983953 0.3666350 0.0000000 0.1673577 1.2588231 1.3144041 0.5716050 0.5716050 0.4714565 0.4348639 
t4         9.0000000 2.1983953 1.3744361 0.7126442 1.2070784 1.6785349 2.4141569 1.3744361 0.3192509 1.8942965 2.4141569 0.3505054 0.1673577 0.0000000 1.5111773 1.4396946 0.4904449 0.4904449 0.4348639 0.3999739 
t13        9.0000000 1.3744361 1.2588231 1.2070784 0.9547243 1.0703373 0.9198342 0.7945437 1.1586745 1.5111773 1.6785349 1.1132061 1.2588231 1.5111773 0.0000000 0.0625362 1.3744361 1.3744361 1.2588231 1.1586745 
t8         9.0000000 1.3144041 1.3144041 1.1586745 1.1132061 1.1586745 1.0297869 0.8864954 1.2070784 1.5901977 1.6785349 1.1132061 1.3144041 1.4396946 0.0625362 0.0000000 1.3144041 1.3144041 1.2588231 1.1586745 
t9         9.0000000 3.2381161 1.5111773 0.6626257 1.6785349 1.5111773 1.8942965 1.2588231 0.4172160 1.5901977 1.5111773 0.4904449 0.5716050 0.4904449 1.3744361 1.3144041 0.0000000 0.0306165 0.4714565 0.4714565 
t20        9.0000000 2.4141569 1.3744361 0.6626257 1.6785349 1.5111773 1.8942965 1.2588231 0.4172160 1.5901977 1.4396946 0.4714565 0.5716050 0.4904449 1.3744361 1.3144041 0.0306165 0.0000000 0.4904449 0.4904449 
t19        9.0000000 1.7786835 1.4396946 0.6626257 1.6785349 1.6785349 1.7786835 1.5111773 0.3831192 1.7786835 2.4141569 0.1799630 0.4714565 0.4348639 1.2588231 1.2588231 0.4714565 0.4904449 0.0000000 0.0202715 
t2         9.0000000 1.8942965 1.3144041 0.6626257 1.5901977 1.5111773 1.6785349 1.3744361 0.3831192 1.5901977 2.0310377 0.1799630 0.4348639 0.3999739 1.1586745 1.1586745 0.4714565 0.4904449 0.0202715 0.0000000 
