20
t3         0.0000000 0.5716050 0.5299277 0.7126442 0.5299277 0.6388142 0.6157354 0.5504769 0.6872180 0.7662384 0.8864954 0.5933457 0.8864954 0.7662384 0.8545757 0.8239592 0.6157354 0.6872180 1.0703373 1.1132061 
t5         0.5716050 0.0000000 0.4172160 0.4904449 0.4904449 0.4714565 0.3831192 0.4714565 0.6872180 0.7945437 0.8864954 0.4172160 0.5933457 0.6157354 0.7389627 0.6388142 0.4904449 0.4904449 0.7945437 0.9198342 
t20        0.5299277 0.4172160 0.0000000 0.3666350 0.3040988 0.4348639 0.4529370 0.2603971 0.4348639 0.7389627 0.8545757 0.4714565 0.5716050 0.6157354 0.7389627 0.7126442 0.4714565 0.4904449 0.7662384 0.8239592 
t6         0.7126442 0.4904449 0.3666350 0.0000000 0.2603971 0.2603971 0.4714565 0.4348639 0.5933457 0.7126442 0.8545757 0.5099265 0.7945437 0.7126442 0.6626257 0.6626257 0.5933457 0.6388142 0.8239592 0.7945437 
t16        0.5299277 0.4904449 0.3040988 0.2603971 0.0000000 0.2191023 0.3999739 0.3831192 0.5299277 0.5716050 0.7126442 0.4348639 0.6872180 0.6157354 0.5933457 0.6388142 0.4904449 0.5099265 0.7389627 0.7945437 
t7         0.6388142 0.4714565 0.4348639 0.2603971 0.2191023 0.0000000 0.4714565 0.5299277 0.6388142 0.6388142 0.7126442 0.4714565 0.7126442 0.6157354 0.7662384 0.7662384 0.5716050 0.5933457 0.8545757 0.8545757 
t4         0.6157354 0.3831192 0.4529370 0.4714565 0.3999739 0.4714565 0.0000000 0.6157354 0.6157354 0.7945437 0.9198342 0.1927838 0.6872180 0.5933457 0.5299277 0.5716050 0.2326162 0.2746833 0.7662384 0.8239592 
t13        0.5504769 0.4714565 0.2603971 0.4348639 0.3831192 0.5299277 0.6157354 0.0000000 0.2603971 0.7126442 0.8545757 0.5933457 0.7389627 0.7126442 0.7945437 0.7945437 0.6626257 0.5933457 0.9198342 0.9547243 
t11        0.6872180 0.6872180 0.4348639 0.5933457 0.5299277 0.6388142 0.6157354 0.2603971 0.0000000 0.9547243 1.0703373 0.7126442 1.0297869 0.8239592 0.8545757 0.9547243 0.6626257 0.7662384 1.1132061 1.1586745 
t17        0.7662384 0.7945437 0.7389627 0.7126442 0.5716050 0.6388142 0.7945437 0.7126442 0.9547243 0.0000000 0.2326162 0.7662384 0.9547243 0.9198342 1.1132061 1.0703373 0.8545757 0.8864954 1.1586745 1.2588231 
t8         0.8864954 0.8864954 0.8545757 0.8545757 0.7126442 0.7126442 0.9198342 0.8545757 1.0703373 0.2326162 0.0000000 0.9198342 1.1586745 1.1132061 1.5901977 1.3744361 0.9913169 0.9913169 1.3144041 1.2070784 
t1         0.5933457 0.4172160 0.4714565 0.5099265 0.4348639 0.4714565 0.1927838 0.5933457 0.7126442 0.7662384 0.9198342 0.0000000 0.6872180 0.6388142 0.7389627 0.6872180 0.0845966 0.1073256 0.7945437 0.8864954 
t9         0.8864954 0.5933457 0.5716050 0.7945437 0.6872180 0.7126442 0.6872180 0.7389627 1.0297869 0.9547243 1.1586745 0.6872180 0.0000000 0.1927838 0.8545757 0.7662384 0.6872180 0.6626257 0.6388142 0.6626257 
t10        0.7662384 0.6157354 0.6157354 0.7126442 0.6157354 0.6157354 0.5933457 0.7126442 0.8239592 0.9198342 1.1132061 0.6388142 0.1927838 0.0000000 0.6872180 0.6626257 0.6388142 0.6872180 0.6388142 0.6626257 
t2         0.8545757 0.7389627 0.7389627 0.6626257 0.5933457 0.7662384 0.5299277 0.7945437 0.8545757 1.1132061 1.5901977 0.7389627 0.8545757 0.6872180 0.0000000 0.1307650 0.7389627 0.7662384 0.9198342 0.9198342 
t15        0.8239592 0.6388142 0.7126442 0.6626257 0.6388142 0.7662384 0.5716050 0.7945437 0.9547243 1.0703373 1.3744361 0.6872180 0.7662384 0.6626257 0.1307650 0.0000000 0.7389627 0.7389627 1.0297869 1.0297869 
t19        0.6157354 0.4904449 0.4714565 0.5933457 0.4904449 0.5716050 0.2326162 0.6626257 0.6626257 0.8545757 0.9913169 0.0845966 0.6872180 0.6388142 0.7389627 0.7389627 0.0000000 0.0845966 0.7389627 0.7662384 
t14        0.6872180 0.4904449 0.4904449 0.6388142 0.5099265 0.5933457 0.2746833 0.5933457 0.7662384 0.8864954 0.9913169 0.1073256 0.6626257 0.6872180 0.7662384 0.7389627 0.0845966 0.0000000 0.8239592 0.8864954 
t18        1.0703373 0.7945437 0.7662384 0.8239592 0.7389627 0.8545757 0.7662384 0.9198342 1.1132061 1.1586745 1.3144041 0.7945437 0.6388142 0.6388142 0.9198342 1.0297869 0.7389627 0.8239592 0.0000000 0.1927838 
t12        1.1132061 0.9198342 0.8239592 0.7945437 0.7945437 0.8545757 0.8239592 0.9547243 1.1586745 1.2588231 1.2070784 0.8864954 0.6626257 0.6626257 0.9198342 1.0297869 0.7662384 0.8864954 0.1927838 0.0000000 
