20
t6         0.0000000 1.3744361 1.5111773 1.6785349 1.2070784 0.8864954 1.1586745 1.3144041 1.5111773 1.1586745 1.2070784 1.2588231 1.3144041 1.1586745 1.2070784 1.2588231 0.9547243 0.9913169 1.3744361 1.3744361 
t9         1.3744361 0.0000000 1.2070784 1.5111773 1.0703373 0.9547243 1.1132061 1.0703373 1.0703373 1.0703373 1.2070784 1.4396946 0.9547243 0.8545757 0.9547243 0.9198342 0.8545757 0.9913169 0.9913169 0.9913169 
t17        1.5111773 1.2070784 0.0000000 1.1586745 0.8239592 1.5901977 1.0297869 0.6626257 0.7662384 1.5111773 1.0703373 1.3144041 1.1586745 1.2070784 1.4396946 1.2588231 1.3144041 1.3144041 1.1586745 1.1586745 
t5         1.6785349 1.5111773 1.1586745 0.0000000 1.0703373 1.3144041 0.7126442 1.2070784 1.1132061 0.7662384 0.7389627 0.8864954 0.6626257 0.6626257 0.7126442 0.6872180 1.1586745 1.1132061 0.7945437 0.7945437 
t2         1.2070784 1.0703373 0.8239592 1.0703373 0.0000000 1.3744361 1.2070784 0.4348639 0.4714565 1.3744361 1.0297869 0.9913169 1.1586745 0.8864954 0.9913169 1.0297869 1.3144041 1.4396946 1.2070784 1.2070784 
t19        0.8864954 0.9547243 1.5901977 1.3144041 1.3744361 0.0000000 1.4396946 1.3744361 1.1586745 1.4396946 1.3744361 1.1586745 1.3144041 1.2588231 1.3744361 1.3744361 0.4348639 0.4714565 1.3144041 1.3144041 
t15        1.1586745 1.1132061 1.0297869 0.7126442 1.2070784 1.4396946 0.0000000 1.0703373 0.9547243 0.4529370 0.4172160 0.5299277 0.4172160 0.3666350 0.4529370 0.4172160 1.2070784 1.3744361 0.4172160 0.4172160 
t20        1.3144041 1.0703373 0.6626257 1.2070784 0.4348639 1.3744361 1.0703373 0.0000000 0.2603971 1.2588231 0.9547243 0.9913169 1.2070784 1.1586745 0.9913169 1.0703373 1.1586745 1.3744361 1.0297869 1.0297869 
t1         1.5111773 1.0703373 0.7662384 1.1132061 0.4714565 1.1586745 0.9547243 0.2603971 0.0000000 1.3144041 0.9547243 1.0297869 0.9913169 0.9198342 1.0703373 0.8864954 1.3144041 1.4396946 0.9547243 0.9547243 
t13        1.1586745 1.0703373 1.5111773 0.7662384 1.3744361 1.4396946 0.4529370 1.2588231 1.3144041 0.0000000 0.3831192 0.6388142 0.6157354 0.5716050 0.5933457 0.5933457 1.3744361 1.5111773 0.5933457 0.5933457 
t10        1.2070784 1.2070784 1.0703373 0.7389627 1.0297869 1.3744361 0.4172160 0.9547243 0.9547243 0.3831192 0.0000000 0.5299277 0.4348639 0.4172160 0.5099265 0.4529370 1.1586745 1.2588231 0.5099265 0.5099265 
t3         1.2588231 1.4396946 1.3144041 0.8864954 0.9913169 1.1586745 0.5299277 0.9913169 1.0297869 0.6388142 0.5299277 0.0000000 0.5933457 0.5716050 0.3505054 0.3192509 1.4396946 1.5111773 0.3666350 0.3666350 
t18        1.3144041 0.9547243 1.1586745 0.6626257 1.1586745 1.3144041 0.4172160 1.2070784 0.9913169 0.6157354 0.4348639 0.5933457 0.0000000 0.1927838 0.4172160 0.4529370 1.1586745 0.9913169 0.4904449 0.4904449 
t12        1.1586745 0.8545757 1.2070784 0.6626257 0.8864954 1.2588231 0.3666350 1.1586745 0.9198342 0.5716050 0.4172160 0.5716050 0.1927838 0.0000000 0.3831192 0.3999739 0.9913169 1.0703373 0.3831192 0.3831192 
t11        1.2070784 0.9547243 1.4396946 0.7126442 0.9913169 1.3744361 0.4529370 0.9913169 1.0703373 0.5933457 0.5099265 0.3505054 0.4172160 0.3831192 0.0000000 0.2326162 1.3744361 1.5901977 0.2746833 0.2746833 
t7         1.2588231 0.9198342 1.2588231 0.6872180 1.0297869 1.3744361 0.4172160 1.0703373 0.8864954 0.5933457 0.4529370 0.3192509 0.4529370 0.3999739 0.2326162 0.0000000 1.3744361 1.5901977 0.1799630 0.1799630 
t4         0.9547243 0.8545757 1.3144041 1.1586745 1.3144041 0.4348639 1.2070784 1.1586745 1.3144041 1.3744361 1.1586745 1.4396946 1.1586745 0.9913169 1.3744361 1.3744361 0.0000000 0.0517447 1.3744361 1.3744361 
t16        0.9913169 0.9913169 1.3144041 1.1132061 1.4396946 0.4714565 1.3744361 1.3744361 1.4396946 1.5111773 1.2588231 1.5111773 0.9913169 1.0703373 1.5901977 1.5901977 0.0517447 0.0000000 1.5901977 1.5901977 
t8         1.3744361 0.9913169 1.1586745 0.7945437 1.2070784 1.3144041 0.4172160 1.0297869 0.9547243 0.5933457 0.5099265 0.3666350 0.4904449 0.3831192 0.2746833 0.1799630 1.3744361 1.5901977 0.0000000 0.0000010 
t14        1.3744361 0.9913169 1.1586745 0.7945437 1.2070784 1.3144041 0.4172160 1.0297869 0.9547243 0.5933457 0.5099265 0.3666350 0.4904449 0.3831192 0.2746833 0.1799630 1.3744361 1.5901977 0.0000010 0.0000000 
