20
t6         0.0000000 1.4396946 1.5901977 3.2381161 1.4396946 2.0310377 2.7182557 1.7786835 1.8942965 1.3144041 1.3744361 1.6785349 1.4396946 1.7786835 1.2588231 1.8942965 2.0310377 2.7182557 1.7786835 1.3744361 
t15        1.4396946 0.0000000 0.9547243 1.3744361 1.2588231 1.7786835 1.2588231 1.3144041 1.5901977 1.4396946 1.3144041 1.2070784 1.0703373 1.5901977 1.2588231 1.3744361 1.3144041 1.5901977 1.4396946 1.3144041 
t9         1.5901977 0.9547243 0.0000000 1.4396946 1.2070784 1.2588231 1.0703373 1.1132061 1.2588231 1.0703373 1.5901977 1.0297869 0.9913169 1.1132061 1.2588231 1.2588231 1.5111773 1.2070784 1.6785349 1.6785349 
t2         3.2381161 1.3744361 1.4396946 0.0000000 1.3744361 1.4396946 1.5901977 1.5901977 1.5111773 1.6785349 1.5901977 1.4396946 1.4396946 0.9913169 1.2588231 1.5111773 1.2588231 1.3144041 1.6785349 1.6785349 
t8         1.4396946 1.2588231 1.2070784 1.3744361 0.0000000 0.4172160 0.6157354 0.6626257 1.2588231 1.2588231 1.1132061 0.6626257 0.4529370 1.4396946 1.3144041 1.8942965 2.0310377 1.6785349 1.4396946 1.5901977 
t3         2.0310377 1.7786835 1.2588231 1.4396946 0.4172160 0.0000000 0.6157354 0.7945437 1.2588231 1.4396946 1.5901977 0.7126442 0.4904449 1.8942965 1.5901977 1.7786835 2.1983953 2.0310377 2.4141569 2.4141569 
t10        2.7182557 1.2588231 1.0703373 1.5901977 0.6157354 0.6157354 0.0000000 0.8239592 1.3744361 1.6785349 1.5901977 0.7662384 0.7126442 1.4396946 1.5111773 2.4141569 2.0310377 2.0310377 1.8942965 2.4141569 
t11        1.7786835 1.3144041 1.1132061 1.5901977 0.6626257 0.7945437 0.8239592 0.0000000 2.1983953 2.1983953 1.5901977 0.4172160 0.3666350 1.3144041 1.3744361 2.1983953 2.4141569 2.0310377 1.7786835 1.7786835 
t17        1.8942965 1.5901977 1.2588231 1.5111773 1.2588231 1.2588231 1.3744361 2.1983953 0.0000000 0.3666350 0.4904449 1.5111773 1.3144041 1.6785349 1.4396946 1.3144041 1.2070784 1.3144041 0.5299277 0.5933457 
t12        1.3144041 1.4396946 1.0703373 1.6785349 1.2588231 1.4396946 1.6785349 2.1983953 0.3666350 0.0000000 0.4529370 2.1983953 1.5901977 2.7182557 1.4396946 1.2588231 1.3144041 1.2588231 0.5299277 0.4904449 
t19        1.3744361 1.3144041 1.5901977 1.5901977 1.1132061 1.5901977 1.5901977 1.5901977 0.4904449 0.4529370 0.0000000 1.7786835 1.5111773 1.2070784 1.1132061 0.9198342 1.0703373 1.3144041 0.2463781 0.2892469 
t18        1.6785349 1.2070784 1.0297869 1.4396946 0.6626257 0.7126442 0.7662384 0.4172160 1.5111773 2.1983953 1.7786835 0.0000000 0.3040988 1.3144041 1.6785349 3.2381161 2.7182557 9.0000000 2.0310377 1.8942965 
t20        1.4396946 1.0703373 0.9913169 1.4396946 0.4529370 0.4904449 0.7126442 0.3666350 1.3144041 1.5901977 1.5111773 0.3040988 0.0000000 1.2588231 1.1586745 1.8942965 1.8942965 2.0310377 1.5901977 1.6785349 
t5         1.7786835 1.5901977 1.1132061 0.9913169 1.4396946 1.8942965 1.4396946 1.3144041 1.6785349 2.7182557 1.2070784 1.3144041 1.2588231 0.0000000 0.2746833 1.3144041 1.5111773 1.7786835 1.2588231 1.3144041 
t4         1.2588231 1.2588231 1.2588231 1.2588231 1.3144041 1.5901977 1.5111773 1.3744361 1.4396946 1.4396946 1.1132061 1.6785349 1.1586745 0.2746833 0.0000000 1.1586745 1.2070784 1.3744361 1.1586745 1.2070784 
t7         1.8942965 1.3744361 1.2588231 1.5111773 1.8942965 1.7786835 2.4141569 2.1983953 1.3144041 1.2588231 0.9198342 3.2381161 1.8942965 1.3144041 1.1586745 0.0000000 0.2326162 0.2892469 0.9198342 0.9913169 
t13        2.0310377 1.3144041 1.5111773 1.2588231 2.0310377 2.1983953 2.0310377 2.4141569 1.2070784 1.3144041 1.0703373 2.7182557 1.8942965 1.5111773 1.2070784 0.2326162 0.0000000 0.2746833 1.0297869 1.1132061 
t1         2.7182557 1.5901977 1.2070784 1.3144041 1.6785349 2.0310377 2.0310377 2.0310377 1.3144041 1.2588231 1.3144041 9.0000000 2.0310377 1.7786835 1.3744361 0.2892469 0.2746833 0.0000000 1.1132061 1.2588231 
t14        1.7786835 1.4396946 1.6785349 1.6785349 1.4396946 2.4141569 1.8942965 1.7786835 0.5299277 0.5299277 0.2463781 2.0310377 1.5901977 1.2588231 1.1586745 0.9198342 1.0297869 1.1132061 0.0000000 0.1427653 
t16        1.3744361 1.3144041 1.6785349 1.6785349 1.5901977 2.4141569 2.4141569 1.7786835 0.5933457 0.4904449 0.2892469 1.8942965 1.6785349 1.3144041 1.2070784 0.9913169 1.1132061 1.2588231 0.1427653 0.0000000 
