20
t14        0.0000000 2.7182557 2.4141569 3.2381161 9.0000000 2.4141569 1.5111773 2.1983953 2.4141569 1.8942965 2.0310377 2.4141569 9.0000000 9.0000000 1.6785349 2.1983953 2.4141569 9.0000000 1.8942965 2.1983953 
t9         2.7182557 0.0000000 0.6626257 2.0310377 2.1983953 2.4141569 2.4141569 2.1983953 1.6785349 1.7786835 9.0000000 3.2381161 2.7182557 3.2381161 2.1983953 1.5901977 9.0000000 2.7182557 2.1983953 1.8942965 
t18        2.4141569 0.6626257 0.0000000 9.0000000 9.0000000 9.0000000 3.2381161 1.6785349 1.5111773 1.6785349 9.0000000 3.2381161 9.0000000 2.4141569 2.7182557 3.2381161 9.0000000 2.1983953 1.7786835 2.0310377 
t2         3.2381161 2.0310377 9.0000000 0.0000000 1.6785349 2.4141569 2.7182557 9.0000000 9.0000000 9.0000000 1.5901977 1.8942965 2.1983953 2.4141569 9.0000000 9.0000000 1.5111773 0.7389627 9.0000000 9.0000000 
t19        9.0000000 2.1983953 9.0000000 1.6785349 0.0000000 2.4141569 3.2381161 1.7786835 9.0000000 3.2381161 2.7182557 9.0000000 0.7126442 0.7662384 2.7182557 1.3144041 2.7182557 2.0310377 9.0000000 3.2381161 
t5         2.4141569 2.4141569 9.0000000 2.4141569 2.4141569 0.0000000 0.6626257 1.7786835 1.4396946 1.5111773 1.4396946 1.5901977 2.4141569 1.8942965 1.8942965 2.0310377 9.0000000 3.2381161 1.8942965 1.8942965 
t10        1.5111773 2.4141569 3.2381161 2.7182557 3.2381161 0.6626257 0.0000000 1.7786835 1.3144041 1.0703373 1.5111773 1.6785349 3.2381161 2.4141569 1.8942965 2.1983953 9.0000000 2.4141569 1.5111773 1.6785349 
t4         2.1983953 2.1983953 1.6785349 9.0000000 1.7786835 1.7786835 1.7786835 0.0000000 0.7389627 0.6626257 1.0703373 1.1132061 3.2381161 2.4141569 0.3999739 0.5716050 9.0000000 2.7182557 1.3744361 1.2588231 
t15        2.4141569 1.6785349 1.5111773 9.0000000 9.0000000 1.4396946 1.3144041 0.7389627 0.0000000 0.2058276 1.3744361 1.4396946 2.4141569 1.5901977 0.6872180 0.9547243 2.4141569 1.7786835 1.2588231 1.2588231 
t20        1.8942965 1.7786835 1.6785349 9.0000000 3.2381161 1.5111773 1.0703373 0.6626257 0.2058276 0.0000000 1.1132061 1.2588231 2.4141569 1.6785349 0.8545757 0.9198342 9.0000000 1.4396946 1.1586745 1.1132061 
t7         2.0310377 9.0000000 9.0000000 1.5901977 2.7182557 1.4396946 1.5111773 1.0703373 1.3744361 1.1132061 0.0000000 0.1799630 9.0000000 2.7182557 1.2588231 1.4396946 2.1983953 1.7786835 2.1983953 1.8942965 
t11        2.4141569 3.2381161 3.2381161 1.8942965 9.0000000 1.5901977 1.6785349 1.1132061 1.4396946 1.2588231 0.1799630 0.0000000 9.0000000 9.0000000 1.3744361 1.5901977 2.1983953 1.5901977 2.0310377 1.7786835 
t16        9.0000000 2.7182557 9.0000000 2.1983953 0.7126442 2.4141569 3.2381161 3.2381161 2.4141569 2.4141569 9.0000000 9.0000000 0.0000000 0.1307650 9.0000000 2.7182557 9.0000000 2.0310377 9.0000000 9.0000000 
t1         9.0000000 3.2381161 2.4141569 2.4141569 0.7662384 1.8942965 2.4141569 2.4141569 1.5901977 1.6785349 2.7182557 9.0000000 0.1307650 0.0000000 9.0000000 2.4141569 9.0000000 1.6785349 2.4141569 2.7182557 
t17        1.6785349 2.1983953 2.7182557 9.0000000 2.7182557 1.8942965 1.8942965 0.3999739 0.6872180 0.8545757 1.2588231 1.3744361 9.0000000 9.0000000 0.0000000 0.7662384 9.0000000 9.0000000 1.8942965 1.8942965 
t8         2.1983953 1.5901977 3.2381161 9.0000000 1.3144041 2.0310377 2.1983953 0.5716050 0.9547243 0.9198342 1.4396946 1.5901977 2.7182557 2.4141569 0.7662384 0.0000000 9.0000000 1.8942965 1.5901977 1.3144041 
t13        2.4141569 9.0000000 9.0000000 1.5111773 2.7182557 9.0000000 9.0000000 9.0000000 2.4141569 9.0000000 2.1983953 2.1983953 9.0000000 9.0000000 9.0000000 9.0000000 0.0000000 0.7126442 3.2381161 3.2381161 
t6         9.0000000 2.7182557 2.1983953 0.7389627 2.0310377 3.2381161 2.4141569 2.7182557 1.7786835 1.4396946 1.7786835 1.5901977 2.0310377 1.6785349 9.0000000 1.8942965 0.7126442 0.0000000 1.8942965 1.7786835 
t3         1.8942965 2.1983953 1.7786835 9.0000000 9.0000000 1.8942965 1.5111773 1.3744361 1.2588231 1.1586745 2.1983953 2.0310377 9.0000000 2.4141569 1.8942965 1.5901977 3.2381161 1.8942965 0.0000000 0.1073256 
t12        2.1983953 1.8942965 2.0310377 9.0000000 3.2381161 1.8942965 1.6785349 1.2588231 1.2588231 1.1132061 1.8942965 1.7786835 9.0000000 2.7182557 1.8942965 1.3144041 3.2381161 1.7786835 0.1073256 0.0000000 
