20
t2         0.0000000 1.3744361 0.7389627 1.2070784 1.2070784 0.8545757 1.1586745 0.7662384 0.9913169 1.1132061 0.9198342 3.2381161 1.4396946 1.2070784 0.9547243 0.7662384 1.7786835 1.5111773 1.7786835 1.5901977 
t16        1.3744361 0.0000000 1.5111773 1.5901977 1.5111773 2.0310377 9.0000000 1.3144041 1.5111773 1.3144041 1.8942965 2.1983953 1.5901977 1.3744361 1.0703373 0.9547243 9.0000000 3.2381161 9.0000000 2.7182557 
t12        0.7389627 1.5111773 0.0000000 1.5901977 2.1983953 1.2588231 1.3744361 0.9547243 1.1586745 1.4396946 1.1132061 9.0000000 1.2588231 0.9547243 1.0703373 1.1132061 2.4141569 2.4141569 2.7182557 2.7182557 
t6         1.2070784 1.5901977 1.5901977 0.0000000 1.7786835 2.0310377 1.2588231 1.2588231 1.4396946 1.6785349 1.2588231 1.8942965 1.3144041 1.2070784 1.4396946 1.3144041 1.5111773 1.7786835 3.2381161 3.2381161 
t5         1.2070784 1.5111773 2.1983953 1.7786835 0.0000000 2.0310377 2.7182557 1.3144041 1.8942965 1.5111773 2.4141569 9.0000000 9.0000000 3.2381161 1.7786835 1.3744361 2.7182557 9.0000000 9.0000000 3.2381161 
t8         0.8545757 2.0310377 1.2588231 2.0310377 2.0310377 0.0000000 1.5901977 1.3144041 1.3744361 1.1132061 1.4396946 9.0000000 9.0000000 3.2381161 1.3144041 0.9547243 9.0000000 2.7182557 2.7182557 2.7182557 
t7         1.1586745 9.0000000 1.3744361 1.2588231 2.7182557 1.5901977 0.0000000 1.0703373 1.3144041 1.6785349 2.1983953 2.7182557 3.2381161 1.8942965 1.3144041 1.6785349 3.2381161 9.0000000 2.4141569 1.8942965 
t20        0.7662384 1.3144041 0.9547243 1.2588231 1.3144041 1.3144041 1.0703373 0.0000000 1.1132061 0.9913169 1.5111773 2.7182557 2.4141569 1.8942965 0.7126442 0.6388142 2.0310377 2.4141569 1.5901977 1.4396946 
t11        0.9913169 1.5111773 1.1586745 1.4396946 1.8942965 1.3744361 1.3144041 1.1132061 0.0000000 1.7786835 0.6872180 9.0000000 1.0297869 0.7126442 1.2588231 1.4396946 2.7182557 9.0000000 9.0000000 9.0000000 
t3         1.1132061 1.3144041 1.4396946 1.6785349 1.5111773 1.1132061 1.6785349 0.9913169 1.7786835 0.0000000 2.4141569 2.4141569 3.2381161 2.1983953 0.5099265 0.4904449 9.0000000 9.0000000 2.4141569 2.0310377 
t17        0.9198342 1.8942965 1.1132061 1.2588231 2.4141569 1.4396946 2.1983953 1.5111773 0.6872180 2.4141569 0.0000000 9.0000000 1.0297869 0.8239592 1.2070784 1.5111773 9.0000000 9.0000000 3.2381161 2.7182557 
t10        3.2381161 2.1983953 9.0000000 1.8942965 9.0000000 9.0000000 2.7182557 2.7182557 9.0000000 2.4141569 9.0000000 0.0000000 9.0000000 9.0000000 3.2381161 2.7182557 0.3831192 0.8239592 9.0000000 9.0000000 
t4         1.4396946 1.5901977 1.2588231 1.3144041 9.0000000 9.0000000 3.2381161 2.4141569 1.0297869 3.2381161 1.0297869 9.0000000 0.0000000 0.2746833 2.1983953 2.0310377 9.0000000 2.7182557 9.0000000 9.0000000 
t9         1.2070784 1.3744361 0.9547243 1.2070784 3.2381161 3.2381161 1.8942965 1.8942965 0.7126442 2.1983953 0.8239592 9.0000000 0.2746833 0.0000000 1.5111773 1.8942965 2.7182557 1.8942965 9.0000000 9.0000000 
t18        0.9547243 1.0703373 1.0703373 1.4396946 1.7786835 1.3144041 1.3144041 0.7126442 1.2588231 0.5099265 1.2070784 3.2381161 2.1983953 1.5111773 0.0000000 0.3040988 9.0000000 9.0000000 2.4141569 2.0310377 
t19        0.7662384 0.9547243 1.1132061 1.3144041 1.3744361 0.9547243 1.6785349 0.6388142 1.4396946 0.4904449 1.5111773 2.7182557 2.0310377 1.8942965 0.3040988 0.0000000 9.0000000 9.0000000 1.7786835 2.0310377 
t14        1.7786835 9.0000000 2.4141569 1.5111773 2.7182557 9.0000000 3.2381161 2.0310377 2.7182557 9.0000000 9.0000000 0.3831192 9.0000000 2.7182557 9.0000000 9.0000000 0.0000000 0.4172160 9.0000000 9.0000000 
t1         1.5111773 3.2381161 2.4141569 1.7786835 9.0000000 2.7182557 9.0000000 2.4141569 9.0000000 9.0000000 9.0000000 0.8239592 2.7182557 1.8942965 9.0000000 9.0000000 0.4172160 0.0000000 9.0000000 9.0000000 
t13        1.7786835 9.0000000 2.7182557 3.2381161 9.0000000 2.7182557 2.4141569 1.5901977 9.0000000 2.4141569 3.2381161 9.0000000 9.0000000 9.0000000 2.4141569 1.7786835 9.0000000 9.0000000 0.0000000 0.0845966 
t15        1.5901977 2.7182557 2.7182557 3.2381161 3.2381161 2.7182557 1.8942965 1.4396946 9.0000000 2.0310377 2.7182557 9.0000000 9.0000000 9.0000000 2.0310377 2.0310377 9.0000000 9.0000000 0.0845966 0.0000000 
