20
t16        0.0000000 0.9913169 1.7786835 1.3144041 1.1586745 1.0703373 1.3144041 0.9547243 0.9547243 1.2070784 1.2588231 1.2070784 1.1132061 1.2070784 0.8864954 0.9547243 1.5111773 1.8942965 1.2588231 1.2070784 
t4         0.9913169 0.0000000 1.5111773 1.1586745 0.5933457 0.8239592 0.8239592 0.5933457 0.7389627 1.2588231 1.1586745 0.9198342 0.9913169 0.9198342 0.8864954 0.9198342 1.0703373 1.1586745 0.7945437 0.7945437 
t1         1.7786835 1.5111773 0.0000000 0.9547243 1.5901977 1.5111773 2.0310377 1.1586745 0.9913169 1.1586745 1.2588231 1.2070784 1.3144041 1.3144041 1.1132061 1.2070784 1.5111773 1.3144041 1.0703373 1.0297869 
t17        1.3144041 1.1586745 0.9547243 0.0000000 0.8864954 1.2588231 1.2070784 1.0297869 0.9913169 1.3144041 1.3144041 1.0297869 0.9913169 0.9547243 1.0297869 1.1132061 0.9547243 1.1132061 0.8239592 0.8545757 
t3         1.1586745 0.5933457 1.5901977 0.8864954 0.0000000 0.6872180 0.3831192 0.5299277 0.6388142 0.7945437 0.7389627 0.6872180 0.7662384 0.7662384 0.7662384 0.8239592 0.9547243 1.1586745 0.6872180 0.7126442 
t12        1.0703373 0.8239592 1.5111773 1.2588231 0.6872180 0.0000000 0.7126442 0.6626257 0.8239592 1.0297869 0.8545757 0.9547243 0.9198342 1.0703373 0.7126442 0.8239592 1.2070784 1.1586745 0.8239592 0.8239592 
t8         1.3144041 0.8239592 2.0310377 1.2070784 0.3831192 0.7126442 0.0000000 0.5504769 0.8239592 1.0297869 0.7945437 0.7389627 0.7126442 0.7389627 0.9198342 0.9547243 0.9913169 1.1132061 0.8864954 0.8864954 
t13        0.9547243 0.5933457 1.1586745 1.0297869 0.5299277 0.6626257 0.5504769 0.0000000 0.7389627 0.9913169 0.9547243 0.7126442 0.7945437 0.8545757 0.7389627 0.7389627 0.9547243 1.0703373 0.7945437 0.7662384 
t10        0.9547243 0.7389627 0.9913169 0.9913169 0.6388142 0.8239592 0.8239592 0.7389627 0.0000000 0.6872180 0.6626257 0.6388142 0.8239592 0.7662384 0.3192509 0.3040988 0.9547243 1.0703373 0.6872180 0.6626257 
t7         1.2070784 1.2588231 1.1586745 1.3144041 0.7945437 1.0297869 1.0297869 0.9913169 0.6872180 0.0000000 0.3347153 1.0297869 0.9913169 1.1132061 0.7662384 0.8239592 1.5111773 1.3744361 0.8864954 0.9547243 
t6         1.2588231 1.1586745 1.2588231 1.3144041 0.7389627 0.8545757 0.7945437 0.9547243 0.6626257 0.3347153 0.0000000 0.8545757 0.9198342 0.9913169 0.5933457 0.6388142 1.2070784 1.0703373 0.9198342 0.9547243 
t19        1.2070784 0.9198342 1.2070784 1.0297869 0.6872180 0.9547243 0.7389627 0.7126442 0.6388142 1.0297869 0.8545757 0.0000000 0.1427653 0.1673577 0.7389627 0.7389627 0.4714565 0.5299277 0.7945437 0.7945437 
t5         1.1132061 0.9913169 1.3144041 0.9913169 0.7662384 0.9198342 0.7126442 0.7945437 0.8239592 0.9913169 0.9198342 0.1427653 0.0000000 0.1427653 0.8239592 0.9198342 0.5099265 0.5933457 0.9198342 0.9198342 
t20        1.2070784 0.9198342 1.3144041 0.9547243 0.7662384 1.0703373 0.7389627 0.8545757 0.7662384 1.1132061 0.9913169 0.1673577 0.1427653 0.0000000 0.8239592 0.9198342 0.5099265 0.5933457 1.0297869 1.0703373 
t18        0.8864954 0.8864954 1.1132061 1.0297869 0.7662384 0.7126442 0.9198342 0.7389627 0.3192509 0.7662384 0.5933457 0.7389627 0.8239592 0.8239592 0.0000000 0.0958750 0.9198342 0.9913169 0.7126442 0.7389627 
t15        0.9547243 0.9198342 1.2070784 1.1132061 0.8239592 0.8239592 0.9547243 0.7389627 0.3040988 0.8239592 0.6388142 0.7389627 0.9198342 0.9198342 0.0958750 0.0000000 0.9913169 1.0703373 0.7126442 0.7389627 
t14        1.5111773 1.0703373 1.5111773 0.9547243 0.9547243 1.2070784 0.9913169 0.9547243 0.9547243 1.5111773 1.2070784 0.4714565 0.5099265 0.5099265 0.9198342 0.9913169 0.0000000 0.1549607 0.9913169 1.0297869 
t2         1.8942965 1.1586745 1.3144041 1.1132061 1.1586745 1.1586745 1.1132061 1.0703373 1.0703373 1.3744361 1.0703373 0.5299277 0.5933457 0.5933457 0.9913169 1.0703373 0.1549607 0.0000000 0.9198342 0.9547243 
t11        1.2588231 0.7945437 1.0703373 0.8239592 0.6872180 0.8239592 0.8864954 0.7945437 0.6872180 0.8864954 0.9198342 0.7945437 0.9198342 1.0297869 0.7126442 0.7126442 0.9913169 0.9198342 0.0000000 0.0306165 
t9         1.2070784 0.7945437 1.0297869 0.8545757 0.7126442 0.8239592 0.8864954 0.7662384 0.6626257 0.9547243 0.9547243 0.7945437 0.9198342 1.0703373 0.7389627 0.7389627 1.0297869 0.9547243 0.0306165 0.0000000 
