20
t9         0.0000000 1.5111773 0.9198342 1.2070784 2.0310377 1.3744361 1.6785349 1.3744361 1.3144041 1.3144041 1.5901977 1.6785349 1.3144041 1.3144041 1.7786835 1.3144041 1.2588231 1.1586745 1.2070784 1.2070784 
t8         1.5111773 0.0000000 1.5901977 1.1586745 2.4141569 1.5111773 1.6785349 1.5901977 1.4396946 2.7182557 1.7786835 2.7182557 2.1983953 2.0310377 1.5111773 2.0310377 1.5901977 1.7786835 1.8942965 1.8942965 
t12        0.9198342 1.5901977 0.0000000 0.4714565 0.8864954 0.7126442 0.9198342 0.8239592 0.6388142 1.0297869 0.8239592 0.7662384 1.0297869 0.8864954 0.7945437 0.7662384 0.8239592 0.8239592 0.4714565 0.4714565 
t20        1.2070784 1.1586745 0.4714565 0.0000000 1.0297869 0.8864954 1.2588231 1.1132061 0.8545757 1.0297869 0.8239592 0.6872180 0.9913169 0.9547243 0.7662384 0.9198342 0.9547243 1.2070784 0.5716050 0.5716050 
t15        2.0310377 2.4141569 0.8864954 1.0297869 0.0000000 0.4529370 0.6388142 0.6388142 1.2588231 1.6785349 1.3144041 1.2588231 1.2588231 1.3744361 1.1586745 1.2588231 1.0297869 1.0297869 0.8864954 0.8864954 
t18        1.3744361 1.5111773 0.7126442 0.8864954 0.4529370 0.0000000 0.5933457 0.5933457 1.1132061 1.3144041 1.1132061 1.0297869 1.1586745 1.2588231 1.1132061 1.1132061 1.2588231 1.2588231 0.7945437 0.7945437 
t5         1.6785349 1.6785349 0.9198342 1.2588231 0.6388142 0.5933457 0.0000000 0.3192509 1.5111773 2.4141569 1.5111773 1.4396946 1.3744361 1.5111773 1.5901977 1.4396946 1.3144041 1.2070784 1.2588231 1.2588231 
t1         1.3744361 1.5901977 0.8239592 1.1132061 0.6388142 0.5933457 0.3192509 0.0000000 1.5901977 3.2381161 1.4396946 1.4396946 1.5901977 1.5901977 1.4396946 1.3144041 1.4396946 1.6785349 1.1586745 1.1586745 
t16        1.3144041 1.4396946 0.6388142 0.8545757 1.2588231 1.1132061 1.5111773 1.5901977 0.0000000 0.6388142 1.1586745 1.1586745 0.7662384 0.7126442 0.7389627 0.7945437 1.1132061 1.1132061 0.5933457 0.5933457 
t11        1.3144041 2.7182557 1.0297869 1.0297869 1.6785349 1.3144041 2.4141569 3.2381161 0.6388142 0.0000000 1.1586745 1.4396946 1.2588231 1.2588231 1.3144041 1.5111773 1.3744361 1.4396946 0.9913169 0.9913169 
t4         1.5901977 1.7786835 0.8239592 0.8239592 1.3144041 1.1132061 1.5111773 1.4396946 1.1586745 1.1586745 0.0000000 0.3999739 1.5111773 1.6785349 1.1586745 1.1586745 1.4396946 1.5901977 1.0297869 1.0297869 
t13        1.6785349 2.7182557 0.7662384 0.6872180 1.2588231 1.0297869 1.4396946 1.4396946 1.1586745 1.4396946 0.3999739 0.0000000 1.2588231 1.4396946 1.2070784 1.4396946 1.5111773 1.4396946 1.1586745 1.1586745 
t19        1.3144041 2.1983953 1.0297869 0.9913169 1.2588231 1.1586745 1.3744361 1.5901977 0.7662384 1.2588231 1.5111773 1.2588231 0.0000000 0.1307650 0.8864954 0.9913169 1.2070784 1.3744361 0.7389627 0.7389627 
t3         1.3144041 2.0310377 0.8864954 0.9547243 1.3744361 1.2588231 1.5111773 1.5901977 0.7126442 1.2588231 1.6785349 1.4396946 0.1307650 0.0000000 0.8864954 0.9547243 1.2070784 1.2588231 0.7126442 0.7126442 
t17        1.7786835 1.5111773 0.7945437 0.7662384 1.1586745 1.1132061 1.5901977 1.4396946 0.7389627 1.3144041 1.1586745 1.2070784 0.8864954 0.8864954 0.0000000 0.5299277 1.4396946 1.4396946 0.3192509 0.3192509 
t14        1.3144041 2.0310377 0.7662384 0.9198342 1.2588231 1.1132061 1.4396946 1.3144041 0.7945437 1.5111773 1.1586745 1.4396946 0.9913169 0.9547243 0.5299277 0.0000000 1.1132061 1.2588231 0.3999739 0.3999739 
t7         1.2588231 1.5901977 0.8239592 0.9547243 1.0297869 1.2588231 1.3144041 1.4396946 1.1132061 1.3744361 1.4396946 1.5111773 1.2070784 1.2070784 1.4396946 1.1132061 0.0000000 0.2463781 1.0703373 1.0703373 
t2         1.1586745 1.7786835 0.8239592 1.2070784 1.0297869 1.2588231 1.2070784 1.6785349 1.1132061 1.4396946 1.5901977 1.4396946 1.3744361 1.2588231 1.4396946 1.2588231 0.2463781 0.0000000 1.1132061 1.1132061 
t6         1.2070784 1.8942965 0.4714565 0.5716050 0.8864954 0.7945437 1.2588231 1.1586745 0.5933457 0.9913169 1.0297869 1.1586745 0.7389627 0.7126442 0.3192509 0.3999739 1.0703373 1.1132061 0.0000000 0.0000010 
t10        1.2070784 1.8942965 0.4714565 0.5716050 0.8864954 0.7945437 1.2588231 1.1586745 0.5933457 0.9913169 1.0297869 1.1586745 0.7389627 0.7126442 0.3192509 0.3999739 1.0703373 1.1132061 0.0000010 0.0000000 
