20
t18        0.0000000 1.5111773 1.7786835 1.8942965 1.5111773 3.2381161 2.0310377 3.2381161 2.7182557 3.2381161 2.4141569 2.1983953 1.8942965 3.2381161 1.5111773 1.6785349 2.1983953 2.7182557 1.7786835 1.5901977 
t6         1.5111773 0.0000000 1.2588231 1.5111773 1.0297869 1.7786835 2.0310377 2.1983953 1.3744361 1.5901977 2.4141569 2.1983953 2.4141569 1.5111773 1.1586745 1.2070784 1.2588231 1.2070784 1.2070784 1.1132061 
t12        1.7786835 1.2588231 0.0000000 1.3144041 1.4396946 1.3144041 3.2381161 3.2381161 1.2588231 1.1586745 1.4396946 2.0310377 1.8942965 1.1586745 0.9913169 0.9198342 1.1132061 1.4396946 0.9913169 0.9547243 
t5         1.8942965 1.5111773 1.3144041 0.0000000 1.0703373 1.1132061 1.3144041 9.0000000 0.8545757 1.1586745 1.3144041 1.5901977 1.8942965 1.0297869 0.8239592 0.8545757 0.7126442 0.8239592 0.7945437 0.8239592 
t20        1.5111773 1.0297869 1.4396946 1.0703373 0.0000000 1.1586745 9.0000000 9.0000000 1.3744361 1.2070784 1.8942965 9.0000000 2.4141569 1.5111773 1.1586745 1.5901977 1.4396946 1.3144041 1.1586745 1.0297869 
t8         3.2381161 1.7786835 1.3144041 1.1132061 1.1586745 0.0000000 9.0000000 3.2381161 1.7786835 1.3744361 2.0310377 1.5111773 2.1983953 1.2070784 1.2588231 1.4396946 1.1586745 1.3744361 1.4396946 1.4396946 
t19        2.0310377 2.0310377 3.2381161 1.3144041 9.0000000 9.0000000 0.0000000 1.6785349 9.0000000 9.0000000 1.3744361 1.6785349 1.0297869 2.4141569 1.7786835 2.0310377 3.2381161 2.1983953 2.7182557 3.2381161 
t10        3.2381161 2.1983953 3.2381161 9.0000000 9.0000000 3.2381161 1.6785349 0.0000000 2.1983953 2.7182557 1.5111773 1.1586745 1.0703373 3.2381161 2.7182557 9.0000000 2.7182557 1.8942965 9.0000000 9.0000000 
t9         2.7182557 1.3744361 1.2588231 0.8545757 1.3744361 1.7786835 9.0000000 2.1983953 0.0000000 0.9547243 2.1983953 2.0310377 2.7182557 1.1586745 1.2588231 1.1132061 0.7945437 1.0297869 0.5933457 0.6872180 
t2         3.2381161 1.5901977 1.1586745 1.1586745 1.2070784 1.3744361 9.0000000 2.7182557 0.9547243 0.0000000 1.8942965 1.7786835 2.0310377 0.8864954 1.0703373 0.9547243 0.9913169 0.9198342 0.6388142 0.7126442 
t7         2.4141569 2.4141569 1.4396946 1.3144041 1.8942965 2.0310377 1.3744361 1.5111773 2.1983953 1.8942965 0.0000000 0.7945437 0.6626257 1.5111773 1.2070784 1.4396946 1.3744361 1.5901977 1.3744361 1.4396946 
t11        2.1983953 2.1983953 2.0310377 1.5901977 9.0000000 1.5111773 1.6785349 1.1586745 2.0310377 1.7786835 0.7945437 0.0000000 0.6157354 1.8942965 1.3744361 1.5111773 1.4396946 1.5111773 1.7786835 1.6785349 
t13        1.8942965 2.4141569 1.8942965 1.8942965 2.4141569 2.1983953 1.0297869 1.0703373 2.7182557 2.0310377 0.6626257 0.6157354 0.0000000 1.7786835 1.5901977 1.5901977 1.3144041 1.5111773 2.1983953 2.1983953 
t16        3.2381161 1.5111773 1.1586745 1.0297869 1.5111773 1.2070784 2.4141569 3.2381161 1.1586745 0.8864954 1.5111773 1.8942965 1.7786835 0.0000000 0.3347153 0.4348639 0.4172160 0.4714565 0.7662384 0.7126442 
t15        1.5111773 1.1586745 0.9913169 0.8239592 1.1586745 1.2588231 1.7786835 2.7182557 1.2588231 1.0703373 1.2070784 1.3744361 1.5901977 0.3347153 0.0000000 0.2892469 0.3192509 0.2892469 0.7389627 0.7126442 
t14        1.6785349 1.2070784 0.9198342 0.8545757 1.5901977 1.4396946 2.0310377 9.0000000 1.1132061 0.9547243 1.4396946 1.5111773 1.5901977 0.4348639 0.2892469 0.0000000 0.2892469 0.3040988 0.6388142 0.6157354 
t17        2.1983953 1.2588231 1.1132061 0.7126442 1.4396946 1.1586745 3.2381161 2.7182557 0.7945437 0.9913169 1.3744361 1.4396946 1.3144041 0.4172160 0.3192509 0.2892469 0.0000000 0.1307650 0.6626257 0.6872180 
t1         2.7182557 1.2070784 1.4396946 0.8239592 1.3144041 1.3744361 2.1983953 1.8942965 1.0297869 0.9198342 1.5901977 1.5111773 1.5111773 0.4714565 0.2892469 0.3040988 0.1307650 0.0000000 0.6872180 0.7126442 
t4         1.7786835 1.2070784 0.9913169 0.7945437 1.1586745 1.4396946 2.7182557 9.0000000 0.5933457 0.6388142 1.3744361 1.7786835 2.1983953 0.7662384 0.7389627 0.6388142 0.6626257 0.6872180 0.0000000 0.0958750 
t3         1.5901977 1.1132061 0.9547243 0.8239592 1.0297869 1.4396946 3.2381161 9.0000000 0.6872180 0.7126442 1.4396946 1.6785349 2.1983953 0.7126442 0.7126442 0.6157354 0.6872180 0.7126442 0.0958750 0.0000000 
