20
t1         0.0000000 2.0310377 1.2588231 1.4396946 1.2588231 1.6785349 1.8942965 1.2588231 1.5111773 3.2381161 1.7786835 1.1132061 1.0297869 1.1132061 1.1586745 1.0297869 1.0703373 1.1586745 1.5111773 1.5901977 
t3         2.0310377 0.0000000 1.7786835 1.2070784 1.0703373 1.2070784 1.2588231 0.6872180 0.8239592 1.1132061 1.1132061 1.3144041 1.3144041 1.3144041 1.3144041 1.3144041 1.3744361 1.2070784 1.3144041 1.2588231 
t18        1.2588231 1.7786835 0.0000000 2.1983953 1.5901977 1.8942965 1.8942965 1.7786835 1.5901977 2.0310377 1.4396946 2.0310377 1.7786835 0.5504769 0.6626257 0.5933457 1.8942965 2.0310377 2.4141569 2.7182557 
t7         1.4396946 1.2070784 2.1983953 0.0000000 1.3744361 0.4172160 0.4714565 1.1132061 1.2070784 0.6157354 0.4529370 1.4396946 1.3744361 1.5901977 1.2588231 1.5901977 1.3144041 1.4396946 1.3144041 1.3744361 
t9         1.2588231 1.0703373 1.5901977 1.3744361 0.0000000 1.5111773 1.5901977 0.9198342 1.0297869 1.5901977 1.3744361 0.4172160 0.4348639 1.5111773 1.4396946 1.5111773 0.4172160 0.3999739 1.8942965 1.7786835 
t2         1.6785349 1.2070784 1.8942965 0.4172160 1.5111773 0.0000000 0.2191023 1.2588231 1.3144041 0.3831192 0.2892469 1.6785349 1.5111773 1.3744361 1.2588231 1.3144041 1.5901977 1.8942965 1.3144041 1.3744361 
t12        1.8942965 1.2588231 1.8942965 0.4714565 1.5901977 0.2191023 0.0000000 1.3144041 1.5111773 0.4348639 0.3192509 1.7786835 1.5111773 1.5901977 1.4396946 1.5111773 1.5901977 1.6785349 1.5111773 1.5111773 
t6         1.2588231 0.6872180 1.7786835 1.1132061 0.9198342 1.2588231 1.3144041 0.0000000 0.2746833 1.3144041 1.1132061 1.2070784 1.1132061 1.7786835 1.6785349 1.7786835 1.2070784 1.0297869 1.2588231 1.2070784 
t20        1.5111773 0.8239592 1.5901977 1.2070784 1.0297869 1.3144041 1.5111773 0.2746833 0.0000000 1.6785349 1.4396946 1.1586745 1.1132061 1.3744361 1.3744361 1.5111773 1.1132061 0.9913169 1.2070784 1.1586745 
t15        3.2381161 1.1132061 2.0310377 0.6157354 1.5901977 0.3831192 0.4348639 1.3144041 1.6785349 0.0000000 0.1799630 1.5901977 1.5901977 1.4396946 1.3144041 1.3744361 1.5111773 1.5901977 1.7786835 1.8942965 
t19        1.7786835 1.1132061 1.4396946 0.4529370 1.3744361 0.2892469 0.3192509 1.1132061 1.4396946 0.1799630 0.0000000 1.5901977 1.4396946 1.2588231 1.3144041 1.3744361 1.5111773 1.5901977 1.2588231 1.3144041 
t4         1.1132061 1.3144041 2.0310377 1.4396946 0.4172160 1.6785349 1.7786835 1.2070784 1.1586745 1.5901977 1.5901977 0.0000000 0.0845966 1.2588231 1.3144041 1.3744361 0.1073256 0.0845966 1.5901977 1.5111773 
t11        1.0297869 1.3144041 1.7786835 1.3744361 0.4348639 1.5111773 1.5111773 1.1132061 1.1132061 1.5901977 1.4396946 0.0845966 0.0000000 1.5111773 1.5901977 1.6785349 0.0958750 0.0734853 1.5111773 1.5111773 
t13        1.1132061 1.3144041 0.5504769 1.5901977 1.5111773 1.3744361 1.5901977 1.7786835 1.3744361 1.4396946 1.2588231 1.2588231 1.5111773 0.0000000 0.0734853 0.0411062 1.3744361 1.4396946 1.4396946 1.5111773 
t16        1.1586745 1.3144041 0.6626257 1.2588231 1.4396946 1.2588231 1.4396946 1.6785349 1.3744361 1.3144041 1.3144041 1.3144041 1.5901977 0.0734853 0.0000000 0.0734853 1.2588231 1.5111773 1.5111773 1.5901977 
t14        1.0297869 1.3144041 0.5933457 1.5901977 1.5111773 1.3144041 1.5111773 1.7786835 1.5111773 1.3744361 1.3744361 1.3744361 1.6785349 0.0411062 0.0734853 0.0000000 1.3744361 1.5901977 1.5901977 1.6785349 
t8         1.0703373 1.3744361 1.8942965 1.3144041 0.4172160 1.5901977 1.5901977 1.2070784 1.1132061 1.5111773 1.5111773 0.1073256 0.0958750 1.3744361 1.2588231 1.3744361 0.0000000 0.0958750 1.5111773 1.4396946 
t5         1.1586745 1.2070784 2.0310377 1.4396946 0.3999739 1.8942965 1.6785349 1.0297869 0.9913169 1.5901977 1.5901977 0.0845966 0.0734853 1.4396946 1.5111773 1.5901977 0.0958750 0.0000000 1.3144041 1.2588231 
t17        1.5111773 1.3144041 2.4141569 1.3144041 1.8942965 1.3144041 1.5111773 1.2588231 1.2070784 1.7786835 1.2588231 1.5901977 1.5111773 1.4396946 1.5111773 1.5901977 1.5111773 1.3144041 0.0000000 0.0100673 
t10        1.5901977 1.2588231 2.7182557 1.3744361 1.7786835 1.3744361 1.5111773 1.2070784 1.1586745 1.8942965 1.3144041 1.5111773 1.5111773 1.5111773 1.5901977 1.6785349 1.4396946 1.2588231 0.0100673 0.0000000 
