20
t18        0.0000000 1.6785349 1.6785349 1.3144041 1.2070784 2.0310377 1.8942965 1.5901977 1.5111773 1.5111773 1.7786835 1.5901977 1.8942965 1.3744361 1.3144041 1.6785349 1.4396946 1.3744361 1.2070784 1.2070784 
t11        1.6785349 0.0000000 0.8864954 1.2070784 0.7945437 0.9547243 0.7945437 0.7662384 0.9198342 0.7945437 1.2070784 0.8545757 0.9198342 0.9547243 0.6626257 0.7945437 0.8864954 0.8239592 1.4396946 1.7786835 
t6         1.6785349 0.8864954 0.0000000 1.4396946 1.0703373 1.1586745 0.9547243 1.1132061 1.1586745 1.1586745 1.1132061 1.0297869 0.9913169 0.8239592 0.9913169 1.0703373 1.1132061 0.9547243 1.1586745 1.2070784 
t14        1.3144041 1.2070784 1.4396946 0.0000000 1.1132061 1.0703373 1.0297869 1.3744361 1.3744361 1.2588231 1.1586745 0.9198342 1.1586745 1.8942965 1.1586745 1.3744361 1.3144041 1.2588231 0.5099265 0.5716050 
t7         1.2070784 0.7945437 1.0703373 1.1132061 0.0000000 0.9913169 0.8545757 0.5299277 0.8239592 0.6626257 1.2070784 1.1132061 1.3744361 0.6872180 0.4714565 0.5099265 0.6157354 0.5099265 1.0703373 1.0703373 
t2         2.0310377 0.9547243 1.1586745 1.0703373 0.9913169 0.0000000 0.7389627 1.1132061 1.1586745 1.0703373 0.9547243 1.1132061 0.9913169 0.8864954 1.1586745 1.2588231 1.0297869 0.9198342 1.1586745 1.3144041 
t20        1.8942965 0.7945437 0.9547243 1.0297869 0.8545757 0.7389627 0.0000000 0.8545757 0.9547243 0.9198342 0.7389627 0.7662384 0.5099265 1.1132061 0.9198342 1.0703373 1.3744361 1.0297869 1.2070784 1.2070784 
t5         1.5901977 0.7662384 1.1132061 1.3744361 0.5299277 1.1132061 0.8545757 0.0000000 0.8864954 0.7126442 1.2588231 0.8239592 1.1586745 0.5504769 0.3666350 0.4714565 0.4904449 0.3999739 1.0703373 1.2588231 
t10        1.5111773 0.9198342 1.1586745 1.3744361 0.8239592 1.1586745 0.9547243 0.8864954 0.0000000 0.5504769 1.0703373 0.9547243 1.1586745 0.9198342 0.9913169 0.8239592 0.9547243 0.8545757 1.2588231 1.4396946 
t16        1.5111773 0.7945437 1.1586745 1.2588231 0.6626257 1.0703373 0.9198342 0.7126442 0.5504769 0.0000000 1.3744361 1.1586745 1.3144041 0.8239592 0.7945437 0.8864954 0.8545757 0.7126442 1.1132061 1.3744361 
t19        1.7786835 1.2070784 1.1132061 1.1586745 1.2070784 0.9547243 0.7389627 1.2588231 1.0703373 1.3744361 0.0000000 0.9198342 0.8239592 1.0297869 1.1132061 1.1586745 1.1132061 1.1586745 1.3744361 1.2070784 
t12        1.5901977 0.8545757 1.0297869 0.9198342 1.1132061 1.1132061 0.7662384 0.8239592 0.9547243 1.1586745 0.9198342 0.0000000 0.7126442 1.2070784 0.9198342 1.0297869 1.2070784 1.0297869 1.2588231 1.4396946 
t13        1.8942965 0.9198342 0.9913169 1.1586745 1.3744361 0.9913169 0.5099265 1.1586745 1.1586745 1.3144041 0.8239592 0.7126442 0.0000000 1.2070784 0.9913169 1.0703373 1.3144041 1.2070784 1.7786835 2.0310377 
t17        1.3744361 0.9547243 0.8239592 1.8942965 0.6872180 0.8864954 1.1132061 0.5504769 0.9198342 0.8239592 1.0297869 1.2070784 1.2070784 0.0000000 0.6626257 0.7945437 0.5504769 0.4172160 1.3144041 1.5111773 
t8         1.3144041 0.6626257 0.9913169 1.1586745 0.4714565 1.1586745 0.9198342 0.3666350 0.9913169 0.7945437 1.1132061 0.9198342 0.9913169 0.6626257 0.0000000 0.2746833 0.5299277 0.4904449 1.0703373 1.2070784 
t4         1.6785349 0.7945437 1.0703373 1.3744361 0.5099265 1.2588231 1.0703373 0.4714565 0.8239592 0.8864954 1.1586745 1.0297869 1.0703373 0.7945437 0.2746833 0.0000000 0.6157354 0.6157354 1.0703373 1.2588231 
t3         1.4396946 0.8864954 1.1132061 1.3144041 0.6157354 1.0297869 1.3744361 0.4904449 0.9547243 0.8545757 1.1132061 1.2070784 1.3144041 0.5504769 0.5299277 0.6157354 0.0000000 0.1073256 1.0703373 1.0703373 
t1         1.3744361 0.8239592 0.9547243 1.2588231 0.5099265 0.9198342 1.0297869 0.3999739 0.8545757 0.7126442 1.1586745 1.0297869 1.2070784 0.4172160 0.4904449 0.6157354 0.1073256 0.0000000 0.9198342 1.0297869 
t15        1.2070784 1.4396946 1.1586745 0.5099265 1.0703373 1.1586745 1.2070784 1.0703373 1.2588231 1.1132061 1.3744361 1.2588231 1.7786835 1.3144041 1.0703373 1.0703373 1.0703373 0.9198342 0.0000000 0.0958750 
t9         1.2070784 1.7786835 1.2070784 0.5716050 1.0703373 1.3144041 1.2070784 1.2588231 1.4396946 1.3744361 1.2070784 1.4396946 2.0310377 1.5111773 1.2070784 1.2588231 1.0703373 1.0297869 0.0958750 0.0000000 
