20
t7         0.0000000 0.9913169 2.7182557 2.7182557 1.8942965 9.0000000 1.6785349 1.2588231 1.5901977 1.3744361 1.7786835 1.8942965 1.4396946 1.7786835 9.0000000 9.0000000 2.0310377 2.7182557 2.0310377 1.8942965 
t4         0.9913169 0.0000000 9.0000000 3.2381161 1.5901977 2.4141569 1.4396946 1.3144041 2.4141569 1.6785349 2.7182557 3.2381161 1.8942965 1.2070784 9.0000000 9.0000000 1.5901977 1.4396946 2.1983953 2.1983953 
t20        2.7182557 9.0000000 0.0000000 9.0000000 1.5901977 9.0000000 2.1983953 9.0000000 1.6785349 2.4141569 2.4141569 2.1983953 9.0000000 9.0000000 9.0000000 2.4141569 2.7182557 3.2381161 2.4141569 9.0000000 
t15        2.7182557 3.2381161 9.0000000 0.0000000 1.4396946 1.5901977 1.6785349 1.3144041 2.0310377 1.5111773 3.2381161 9.0000000 1.4396946 1.1586745 9.0000000 9.0000000 1.5901977 1.1586745 1.5111773 1.3744361 
t5         1.8942965 1.5901977 1.5901977 1.4396946 0.0000000 1.5901977 0.9547243 0.7126442 0.9547243 0.7126442 0.8545757 1.5901977 0.8864954 0.7662384 1.5901977 1.1586745 1.2588231 0.9547243 1.3144041 1.3744361 
t8         9.0000000 2.4141569 9.0000000 1.5901977 1.5901977 0.0000000 1.7786835 1.3744361 1.8942965 2.1983953 1.7786835 3.2381161 1.6785349 2.1983953 9.0000000 2.7182557 2.4141569 2.7182557 1.7786835 1.6785349 
t13        1.6785349 1.4396946 2.1983953 1.6785349 0.9547243 1.7786835 0.0000000 0.6388142 1.3744361 0.8864954 1.3144041 2.0310377 1.1132061 0.7126442 2.1983953 1.5901977 1.0703373 1.1132061 1.7786835 1.7786835 
t10        1.2588231 1.3144041 9.0000000 1.3144041 0.7126442 1.3744361 0.6388142 0.0000000 0.9913169 0.6626257 1.0703373 1.1132061 0.6157354 0.5099265 1.3144041 1.1586745 0.8239592 0.7945437 1.2070784 1.1586745 
t14        1.5901977 2.4141569 1.6785349 2.0310377 0.9547243 1.8942965 1.3744361 0.9913169 0.0000000 0.8239592 1.2588231 0.9198342 0.5504769 1.5901977 9.0000000 1.8942965 1.6785349 1.5901977 2.0310377 1.6785349 
t19        1.3744361 1.6785349 2.4141569 1.5111773 0.7126442 2.1983953 0.8864954 0.6626257 0.8239592 0.0000000 0.4714565 0.9198342 0.4904449 0.7126442 1.3144041 1.1586745 1.1586745 0.9547243 0.9913169 0.9198342 
t12        1.7786835 2.7182557 2.4141569 3.2381161 0.8545757 1.7786835 1.3144041 1.0703373 1.2588231 0.4714565 0.0000000 1.2070784 0.8239592 0.9547243 1.3744361 1.6785349 1.7786835 1.5901977 1.3144041 1.3744361 
t11        1.8942965 3.2381161 2.1983953 9.0000000 1.5901977 3.2381161 2.0310377 1.1132061 0.9198342 0.9198342 1.2070784 0.0000000 0.6157354 1.5901977 2.4141569 9.0000000 1.7786835 1.6785349 2.4141569 2.4141569 
t17        1.4396946 1.8942965 9.0000000 1.4396946 0.8864954 1.6785349 1.1132061 0.6157354 0.5504769 0.4904449 0.8239592 0.6157354 0.0000000 0.9198342 1.5901977 1.2070784 0.9198342 0.9198342 1.4396946 1.2588231 
t2         1.7786835 1.2070784 9.0000000 1.1586745 0.7662384 2.1983953 0.7126442 0.5099265 1.5901977 0.7126442 0.9547243 1.5901977 0.9198342 0.0000000 1.4396946 1.2070784 0.5504769 0.4714565 0.9913169 0.9913169 
t1         9.0000000 9.0000000 9.0000000 9.0000000 1.5901977 9.0000000 2.1983953 1.3144041 9.0000000 1.3144041 1.3744361 2.4141569 1.5901977 1.4396946 0.0000000 0.1927838 1.8942965 1.5111773 2.4141569 2.4141569 
t6         9.0000000 9.0000000 2.4141569 9.0000000 1.1586745 2.7182557 1.5901977 1.1586745 1.8942965 1.1586745 1.6785349 9.0000000 1.2070784 1.2070784 0.1927838 0.0000000 1.4396946 1.2588231 2.0310377 2.4141569 
t18        2.0310377 1.5901977 2.7182557 1.5901977 1.2588231 2.4141569 1.0703373 0.8239592 1.6785349 1.1586745 1.7786835 1.7786835 0.9198342 0.5504769 1.8942965 1.4396946 0.0000000 0.2326162 1.2070784 1.4396946 
t3         2.7182557 1.4396946 3.2381161 1.1586745 0.9547243 2.7182557 1.1132061 0.7945437 1.5901977 0.9547243 1.5901977 1.6785349 0.9198342 0.4714565 1.5111773 1.2588231 0.2326162 0.0000000 1.4396946 1.7786835 
t9         2.0310377 2.1983953 2.4141569 1.5111773 1.3144041 1.7786835 1.7786835 1.2070784 2.0310377 0.9913169 1.3144041 2.4141569 1.4396946 0.9913169 2.4141569 2.0310377 1.2070784 1.4396946 0.0000000 0.0734853 
t16        1.8942965 2.1983953 9.0000000 1.3744361 1.3744361 1.6785349 1.7786835 1.1586745 1.6785349 0.9198342 1.3744361 2.4141569 1.2588231 0.9913169 2.4141569 2.4141569 1.4396946 1.7786835 0.0734853 0.0000000 
