20
t15        0.0000000 0.2892469 0.5299277 0.7662384 0.8239592 0.5099265 0.5716050 0.7389627 0.8239592 0.4348639 0.5099265 0.5099265 0.3505054 0.5299277 0.7389627 0.7662384 0.7126442 0.7662384 0.4529370 0.4529370 
t8         0.2892469 0.0000000 0.3505054 0.5099265 0.5716050 0.3505054 0.3505054 0.4714565 0.6626257 0.2603971 0.3347153 0.2892469 0.1549607 0.3192509 0.4714565 0.5099265 0.5504769 0.6157354 0.3505054 0.3505054 
t1         0.5299277 0.3505054 0.0000000 0.6157354 0.5933457 0.3831192 0.4348639 0.5504769 0.7662384 0.2892469 0.3831192 0.3831192 0.2191023 0.3505054 0.5299277 0.5299277 0.6872180 0.7662384 0.3192509 0.3192509 
t12        0.7662384 0.5099265 0.6157354 0.0000000 0.1549607 0.6626257 0.6872180 0.1189538 0.2191023 0.5099265 0.6157354 0.6157354 0.4904449 0.6626257 0.1549607 0.1549607 0.3040988 0.3666350 0.5504769 0.5504769 
t14        0.8239592 0.5716050 0.5933457 0.1549607 0.0000000 0.5933457 0.6388142 0.1549607 0.2892469 0.5504769 0.5716050 0.5933457 0.4904449 0.6872180 0.2058276 0.2058276 0.3347153 0.3831192 0.5099265 0.5099265 
t19        0.5099265 0.3505054 0.3831192 0.6626257 0.5933457 0.0000000 0.2603971 0.5933457 0.8239592 0.3347153 0.2058276 0.2191023 0.2463781 0.3666350 0.6388142 0.6872180 0.6157354 0.6872180 0.2892469 0.2892469 
t17        0.5716050 0.3505054 0.4348639 0.6872180 0.6388142 0.2603971 0.0000000 0.5933457 0.7662384 0.3040988 0.2463781 0.2463781 0.2603971 0.3831192 0.5933457 0.6388142 0.6388142 0.6157354 0.2603971 0.2603971 
t7         0.7389627 0.4714565 0.5504769 0.1189538 0.1549607 0.5933457 0.5933457 0.0000000 0.1927838 0.4529370 0.5716050 0.5933457 0.4348639 0.5504769 0.1073256 0.1073256 0.3192509 0.3831192 0.4904449 0.4904449 
t3         0.8239592 0.6626257 0.7662384 0.2191023 0.2892469 0.8239592 0.7662384 0.1927838 0.0000000 0.6388142 0.7126442 0.7945437 0.6388142 0.7126442 0.2603971 0.2463781 0.5099265 0.5716050 0.6388142 0.6388142 
t13        0.4348639 0.2603971 0.2892469 0.5099265 0.5504769 0.3347153 0.3040988 0.4529370 0.6388142 0.0000000 0.2892469 0.3192509 0.1073256 0.2326162 0.4904449 0.5299277 0.5504769 0.6157354 0.2191023 0.2191023 
t2         0.5099265 0.3347153 0.3831192 0.6157354 0.5716050 0.2058276 0.2463781 0.5716050 0.7126442 0.2892469 0.0000000 0.1427653 0.2463781 0.3347153 0.6388142 0.6872180 0.6388142 0.6872180 0.2191023 0.2191023 
t9         0.5099265 0.2892469 0.3831192 0.6157354 0.5933457 0.2191023 0.2463781 0.5933457 0.7945437 0.3192509 0.1427653 0.0000000 0.2191023 0.3831192 0.5933457 0.6388142 0.6626257 0.7389627 0.2603971 0.2603971 
t20        0.3505054 0.1549607 0.2191023 0.4904449 0.4904449 0.2463781 0.2603971 0.4348639 0.6388142 0.1073256 0.2463781 0.2191023 0.0000000 0.1549607 0.4714565 0.5099265 0.5099265 0.5716050 0.2746833 0.2746833 
t4         0.5299277 0.3192509 0.3505054 0.6626257 0.6872180 0.3666350 0.3831192 0.5504769 0.7126442 0.2326162 0.3347153 0.3831192 0.1549607 0.0000000 0.6626257 0.6872180 0.6872180 0.7662384 0.4348639 0.4348639 
t16        0.7389627 0.4714565 0.5299277 0.1549607 0.2058276 0.6388142 0.5933457 0.1073256 0.2603971 0.4904449 0.6388142 0.5933457 0.4714565 0.6626257 0.0000000 0.0202715 0.3347153 0.3831192 0.5099265 0.5099265 
t6         0.7662384 0.5099265 0.5299277 0.1549607 0.2058276 0.6872180 0.6388142 0.1073256 0.2463781 0.5299277 0.6872180 0.6388142 0.5099265 0.6872180 0.0202715 0.0000000 0.3347153 0.3831192 0.5504769 0.5504769 
t11        0.7126442 0.5504769 0.6872180 0.3040988 0.3347153 0.6157354 0.6388142 0.3192509 0.5099265 0.5504769 0.6388142 0.6626257 0.5099265 0.6872180 0.3347153 0.3347153 0.0000000 0.0625362 0.6388142 0.6388142 
t18        0.7662384 0.6157354 0.7662384 0.3666350 0.3831192 0.6872180 0.6157354 0.3831192 0.5716050 0.6157354 0.6872180 0.7389627 0.5716050 0.7662384 0.3831192 0.3831192 0.0625362 0.0000000 0.7126442 0.7126442 
t5         0.4529370 0.3505054 0.3192509 0.5504769 0.5099265 0.2892469 0.2603971 0.4904449 0.6388142 0.2191023 0.2191023 0.2603971 0.2746833 0.4348639 0.5099265 0.5504769 0.6388142 0.7126442 0.0000000 0.0000010 
t10        0.4529370 0.3505054 0.3192509 0.5504769 0.5099265 0.2892469 0.2603971 0.4904449 0.6388142 0.2191023 0.2191023 0.2603971 0.2746833 0.4348639 0.5099265 0.5504769 0.6388142 0.7126442 0.0000010 0.0000000 
