20
t12        0.0000000 0.7126442 1.1132061 1.7786835 0.5716050 2.1983953 1.3144041 0.5933457 0.9913169 0.5933457 1.2070784 1.0297869 0.6872180 0.6872180 0.8864954 0.7126442 0.8545757 0.8864954 1.2070784 1.1586745 
t10        0.7126442 0.0000000 0.6872180 1.5901977 0.2892469 9.0000000 2.0310377 0.6388142 1.2070784 0.6626257 1.2588231 1.4396946 0.7126442 0.6626257 0.6157354 0.5099265 0.6872180 0.7389627 2.0310377 1.8942965 
t5         1.1132061 0.6872180 0.0000000 1.4396946 0.6388142 2.7182557 1.5901977 0.8239592 1.3744361 1.0703373 1.4396946 1.7786835 1.1132061 1.0703373 0.9198342 0.7662384 0.8239592 0.8545757 1.8942965 1.8942965 
t17        1.7786835 1.5901977 1.4396946 0.0000000 1.5111773 9.0000000 9.0000000 1.5901977 1.3144041 1.3744361 2.7182557 2.1983953 2.1983953 2.0310377 1.8942965 1.3744361 1.5111773 1.7786835 2.4141569 2.1983953 
t9         0.5716050 0.2892469 0.6388142 1.5111773 0.0000000 2.0310377 1.2070784 0.3999739 0.7662384 0.4529370 0.9547243 1.0703373 0.4714565 0.4529370 0.3666350 0.2603971 0.6157354 0.6626257 1.1132061 1.0703373 
t16        2.1983953 9.0000000 2.7182557 9.0000000 2.0310377 0.0000000 2.7182557 3.2381161 9.0000000 2.1983953 3.2381161 9.0000000 2.4141569 2.7182557 9.0000000 9.0000000 1.5901977 1.8942965 1.4396946 1.4396946 
t13        1.3144041 2.0310377 1.5901977 9.0000000 1.2070784 2.7182557 0.0000000 1.6785349 2.4141569 1.3144041 1.6785349 2.7182557 1.8942965 2.4141569 2.7182557 1.5901977 1.6785349 1.7786835 9.0000000 9.0000000 
t15        0.5933457 0.6388142 0.8239592 1.5901977 0.3999739 3.2381161 1.6785349 0.0000000 0.4529370 0.5099265 0.9913169 0.8239592 0.8239592 0.8239592 0.7662384 0.7126442 0.8239592 0.9198342 1.1586745 1.0703373 
t1         0.9913169 1.2070784 1.3744361 1.3144041 0.7662384 9.0000000 2.4141569 0.4529370 0.0000000 0.8864954 1.3144041 0.9913169 1.2070784 1.1132061 1.4396946 1.1586745 1.1132061 1.2588231 1.2588231 1.2070784 
t19        0.5933457 0.6626257 1.0703373 1.3744361 0.4529370 2.1983953 1.3144041 0.5099265 0.8864954 0.0000000 0.5933457 0.6157354 0.8239592 0.8239592 0.7662384 0.6157354 0.8545757 0.9547243 0.7945437 0.7389627 
t8         1.2070784 1.2588231 1.4396946 2.7182557 0.9547243 3.2381161 1.6785349 0.9913169 1.3144041 0.5933457 0.0000000 1.2070784 1.3144041 1.3744361 1.3744361 1.2070784 1.4396946 1.6785349 1.2588231 1.2070784 
t6         1.0297869 1.4396946 1.7786835 2.1983953 1.0703373 9.0000000 2.7182557 0.8239592 0.9913169 0.6157354 1.2070784 0.0000000 1.3744361 1.3144041 1.3744361 1.3144041 1.5111773 1.6785349 0.6388142 0.6157354 
t11        0.6872180 0.7126442 1.1132061 2.1983953 0.4714565 2.4141569 1.8942965 0.8239592 1.2070784 0.8239592 1.3144041 1.3744361 0.0000000 0.0306165 0.7389627 0.6157354 0.7945437 0.8239592 1.4396946 1.3744361 
t2         0.6872180 0.6626257 1.0703373 2.0310377 0.4529370 2.7182557 2.4141569 0.8239592 1.1132061 0.8239592 1.3744361 1.3144041 0.0306165 0.0000000 0.7662384 0.6388142 0.7662384 0.7945437 1.4396946 1.3744361 
t14        0.8864954 0.6157354 0.9198342 1.8942965 0.3666350 9.0000000 2.7182557 0.7662384 1.4396946 0.7662384 1.3744361 1.3744361 0.7389627 0.7662384 0.0000000 0.1799630 0.7662384 0.7945437 1.3144041 1.2588231 
t20        0.7126442 0.5099265 0.7662384 1.3744361 0.2603971 9.0000000 1.5901977 0.7126442 1.1586745 0.6157354 1.2070784 1.3144041 0.6157354 0.6388142 0.1799630 0.0000000 0.7126442 0.7662384 1.2070784 1.1586745 
t7         0.8545757 0.6872180 0.8239592 1.5111773 0.6157354 1.5901977 1.6785349 0.8239592 1.1132061 0.8545757 1.4396946 1.5111773 0.7945437 0.7662384 0.7662384 0.7126442 0.0000000 0.0625362 1.3144041 1.3744361 
t4         0.8864954 0.7389627 0.8545757 1.7786835 0.6626257 1.8942965 1.7786835 0.9198342 1.2588231 0.9547243 1.6785349 1.6785349 0.8239592 0.7945437 0.7945437 0.7662384 0.0625362 0.0000000 1.4396946 1.5111773 
t18        1.2070784 2.0310377 1.8942965 2.4141569 1.1132061 1.4396946 9.0000000 1.1586745 1.2588231 0.7945437 1.2588231 0.6388142 1.4396946 1.4396946 1.3144041 1.2070784 1.3144041 1.4396946 0.0000000 0.0306165 
t3         1.1586745 1.8942965 1.8942965 2.1983953 1.0703373 1.4396946 9.0000000 1.0703373 1.2070784 0.7389627 1.2070784 0.6157354 1.3744361 1.3744361 1.2588231 1.1586745 1.3744361 1.5111773 0.0306165 0.0000000 
