20
t11        0.0000000 0.4714565 0.7389627 1.2588231 0.6872180 0.7126442 0.9913169 0.9913169 0.8239592 0.8239592 0.7945437 1.5111773 0.9913169 0.7945437 1.4396946 1.4396946 1.4396946 1.2588231 1.0703373 1.0703373 
t12        0.4714565 0.0000000 0.8545757 1.3144041 0.6157354 0.4904449 0.6388142 0.8864954 0.7389627 0.6626257 0.6626257 1.4396946 0.9547243 0.7389627 1.3744361 1.3144041 1.3744361 1.3144041 1.1586745 1.1586745 
t4         0.7389627 0.8545757 0.0000000 1.3144041 0.5099265 0.9913169 1.2070784 0.7389627 0.6388142 1.3144041 1.1586745 0.8239592 0.5933457 0.3505054 0.7662384 0.7389627 0.9913169 1.1132061 1.1586745 1.1586745 
t9         1.2588231 1.3144041 1.3144041 0.0000000 0.8864954 1.5111773 1.2588231 1.5901977 0.9547243 2.4141569 2.0310377 1.5901977 1.2070784 1.0703373 2.1983953 2.4141569 1.6785349 1.5111773 1.5111773 1.5111773 
t6         0.6872180 0.6157354 0.5099265 0.8864954 0.0000000 0.8239592 0.8239592 0.9547243 0.5933457 0.9547243 0.8545757 1.1132061 0.6388142 0.4714565 0.9913169 1.0703373 0.9547243 1.0297869 1.0297869 1.0297869 
t13        0.7126442 0.4904449 0.9913169 1.5111773 0.8239592 0.0000000 0.4904449 1.0297869 1.2070784 0.6388142 0.5933457 3.2381161 1.1132061 0.8545757 2.7182557 2.7182557 1.5901977 1.1586745 1.0703373 1.0703373 
t3         0.9913169 0.6388142 1.2070784 1.2588231 0.8239592 0.4904449 0.0000000 1.2070784 1.2070784 0.9198342 0.8239592 9.0000000 1.3144041 1.2588231 9.0000000 9.0000000 1.2588231 1.2070784 1.1132061 1.1132061 
t15        0.9913169 0.8864954 0.7389627 1.5901977 0.9547243 1.0297869 1.2070784 0.0000000 0.8864954 1.3144041 1.3744361 1.6785349 0.9198342 0.8239592 1.4396946 1.3144041 1.7786835 1.6785349 1.7786835 1.7786835 
t1         0.8239592 0.7389627 0.6388142 0.9547243 0.5933457 1.2070784 1.2070784 0.8864954 0.0000000 1.3744361 1.1586745 1.3144041 0.6872180 0.5716050 1.2588231 1.1586745 0.6872180 0.8239592 2.0310377 2.0310377 
t7         0.8239592 0.6626257 1.3144041 2.4141569 0.9547243 0.6388142 0.9198342 1.3144041 1.3744361 0.0000000 0.0411062 1.8942965 1.2588231 1.1132061 1.6785349 1.8942965 1.3144041 1.2588231 0.7389627 0.7389627 
t19        0.7945437 0.6626257 1.1586745 2.0310377 0.8545757 0.5933457 0.8239592 1.3744361 1.1586745 0.0411062 0.0000000 2.4141569 1.1132061 1.0297869 1.7786835 2.0310377 1.2070784 1.1586745 0.7126442 0.7126442 
t16        1.5111773 1.4396946 0.8239592 1.5901977 1.1132061 3.2381161 9.0000000 1.6785349 1.3144041 1.8942965 2.4141569 0.0000000 0.9913169 0.6626257 0.1799630 0.1673577 1.5111773 1.6785349 2.1983953 2.1983953 
t5         0.9913169 0.9547243 0.5933457 1.2070784 0.6388142 1.1132061 1.3144041 0.9198342 0.6872180 1.2588231 1.1132061 0.9913169 0.0000000 0.3505054 0.9198342 0.9547243 1.1586745 1.3144041 1.1586745 1.1586745 
t2         0.7945437 0.7389627 0.3505054 1.0703373 0.4714565 0.8545757 1.2588231 0.8239592 0.5716050 1.1132061 1.0297869 0.6626257 0.3505054 0.0000000 0.5716050 0.5933457 1.0703373 1.1586745 1.2588231 1.2588231 
t18        1.4396946 1.3744361 0.7662384 2.1983953 0.9913169 2.7182557 9.0000000 1.4396946 1.2588231 1.6785349 1.7786835 0.1799630 0.9198342 0.5716050 0.0000000 0.0734853 1.4396946 1.5901977 2.1983953 2.1983953 
t14        1.4396946 1.3144041 0.7389627 2.4141569 1.0703373 2.7182557 9.0000000 1.3144041 1.1586745 1.8942965 2.0310377 0.1673577 0.9547243 0.5933457 0.0734853 0.0000000 1.5111773 1.5901977 2.1983953 2.1983953 
t8         1.4396946 1.3744361 0.9913169 1.6785349 0.9547243 1.5901977 1.2588231 1.7786835 0.6872180 1.3144041 1.2070784 1.5111773 1.1586745 1.0703373 1.4396946 1.5111773 0.0000000 0.1189538 1.5111773 1.5111773 
t10        1.2588231 1.3144041 1.1132061 1.5111773 1.0297869 1.1586745 1.2070784 1.6785349 0.8239592 1.2588231 1.1586745 1.6785349 1.3144041 1.1586745 1.5901977 1.5901977 0.1189538 0.0000000 1.4396946 1.4396946 
t20        1.0703373 1.1586745 1.1586745 1.5111773 1.0297869 1.0703373 1.1132061 1.7786835 2.0310377 0.7389627 0.7126442 2.1983953 1.1586745 1.2588231 2.1983953 2.1983953 1.5111773 1.4396946 0.0000000 0.0000010 
t17        1.0703373 1.1586745 1.1586745 1.5111773 1.0297869 1.0703373 1.1132061 1.7786835 2.0310377 0.7389627 0.7126442 2.1983953 1.1586745 1.2588231 2.1983953 2.1983953 1.5111773 1.4396946 0.0000010 0.0000000 
