20
t2         0.0000000 1.4396946 1.5111773 1.4396946 1.2588231 1.1586745 1.6785349 1.4396946 1.8942965 1.0297869 1.1132061 1.0703373 1.5901977 1.2070784 1.3144041 1.1586745 1.1586745 1.3744361 1.3144041 1.3744361 
t19        1.4396946 0.0000000 1.1586745 2.1983953 1.3144041 1.7786835 1.0703373 1.1586745 2.1983953 1.0703373 0.8545757 1.1132061 0.9913169 0.9198342 1.0703373 1.1132061 1.0297869 1.0297869 1.0297869 1.0297869 
t8         1.5111773 1.1586745 0.0000000 2.0310377 1.2070784 0.7945437 1.0703373 1.1586745 0.6388142 0.5504769 0.9198342 0.9198342 0.7945437 0.6626257 0.8545757 0.8545757 0.7662384 0.9913169 0.9913169 1.0297869 
t15        1.4396946 2.1983953 2.0310377 0.0000000 1.7786835 3.2381161 2.4141569 1.3144041 1.7786835 1.6785349 1.3744361 1.6785349 2.1983953 2.0310377 9.0000000 2.4141569 2.1983953 9.0000000 9.0000000 9.0000000 
t3         1.2588231 1.3144041 1.2070784 1.7786835 0.0000000 1.3744361 0.6157354 0.5933457 1.4396946 0.9913169 0.6157354 0.7662384 1.1586745 1.0297869 1.5111773 1.2070784 0.9547243 1.4396946 1.5111773 1.5901977 
t7         1.1586745 1.7786835 0.7945437 3.2381161 1.3744361 0.0000000 0.9547243 1.1132061 1.0297869 0.8545757 1.0297869 1.0703373 1.1132061 0.9547243 0.5504769 0.9913169 0.8864954 0.5933457 0.5933457 0.5716050 
t17        1.6785349 1.0703373 1.0703373 2.4141569 0.6157354 0.9547243 0.0000000 0.3999739 1.2588231 0.7662384 0.5716050 0.6872180 0.8864954 0.7945437 0.8239592 0.8545757 0.7662384 0.7662384 0.7389627 0.7945437 
t16        1.4396946 1.1586745 1.1586745 1.3144041 0.5933457 1.1132061 0.3999739 0.0000000 1.0703373 0.7662384 0.6388142 0.6872180 1.0703373 0.9547243 0.9198342 0.9913169 0.8864954 0.9547243 0.9198342 0.9547243 
t1         1.8942965 2.1983953 0.6388142 1.7786835 1.4396946 1.0297869 1.2588231 1.0703373 0.0000000 0.4172160 0.9913169 0.9547243 0.9913169 0.7662384 1.0703373 0.9547243 0.8545757 1.0297869 1.0297869 1.1132061 
t11        1.0297869 1.0703373 0.5504769 1.6785349 0.9913169 0.8545757 0.7662384 0.7662384 0.4172160 0.0000000 0.6626257 0.6872180 0.5716050 0.4529370 0.7945437 0.5099265 0.4714565 0.8864954 0.8864954 0.8864954 
t10        1.1132061 0.8545757 0.9198342 1.3744361 0.6157354 1.0297869 0.5716050 0.6388142 0.9913169 0.6626257 0.0000000 0.1427653 0.9198342 0.7389627 0.8545757 0.8239592 0.7662384 0.9547243 0.9547243 0.9913169 
t4         1.0703373 1.1132061 0.9198342 1.6785349 0.7662384 1.0703373 0.6872180 0.6872180 0.9547243 0.6872180 0.1427653 0.0000000 0.9198342 0.7389627 0.8545757 0.9198342 0.8545757 0.9547243 0.9547243 0.9913169 
t20        1.5901977 0.9913169 0.7945437 2.1983953 1.1586745 1.1132061 0.8864954 1.0703373 0.9913169 0.5716050 0.9198342 0.9198342 0.0000000 0.1307650 1.0703373 0.3999739 0.3831192 1.1132061 1.0703373 1.1586745 
t9         1.2070784 0.9198342 0.6626257 2.0310377 1.0297869 0.9547243 0.7945437 0.9547243 0.7662384 0.4529370 0.7389627 0.7389627 0.1307650 0.0000000 0.8864954 0.2746833 0.2463781 0.8864954 0.8545757 0.9198342 
t5         1.3144041 1.0703373 0.8545757 9.0000000 1.5111773 0.5504769 0.8239592 0.9198342 1.0703373 0.7945437 0.8545757 0.8545757 1.0703373 0.8864954 0.0000000 0.9913169 1.0297869 0.1189538 0.1073256 0.1307650 
t18        1.1586745 1.1132061 0.8545757 2.4141569 1.2070784 0.9913169 0.8545757 0.9913169 0.9547243 0.5099265 0.8239592 0.9198342 0.3999739 0.2746833 0.9913169 0.0000000 0.0845966 1.0703373 1.0297869 1.1132061 
t14        1.1586745 1.0297869 0.7662384 2.1983953 0.9547243 0.8864954 0.7662384 0.8864954 0.8545757 0.4714565 0.7662384 0.8545757 0.3831192 0.2463781 1.0297869 0.0845966 0.0000000 1.0703373 1.0297869 1.1132061 
t12        1.3744361 1.0297869 0.9913169 9.0000000 1.4396946 0.5933457 0.7662384 0.9547243 1.0297869 0.8864954 0.9547243 0.9547243 1.1132061 0.8864954 0.1189538 1.0703373 1.0703373 0.0000000 0.0202715 0.0306165 
t13        1.3144041 1.0297869 0.9913169 9.0000000 1.5111773 0.5933457 0.7389627 0.9198342 1.0297869 0.8864954 0.9547243 0.9547243 1.0703373 0.8545757 0.1073256 1.0297869 1.0297869 0.0202715 0.0000000 0.0306165 
t6         1.3744361 1.0297869 1.0297869 9.0000000 1.5901977 0.5716050 0.7945437 0.9547243 1.1132061 0.8864954 0.9913169 0.9913169 1.1586745 0.9198342 0.1307650 1.1132061 1.1132061 0.0306165 0.0306165 0.0000000 
