20
t5         0.0000000 0.6872180 0.6626257 0.8864954 0.5099265 0.6626257 0.7389627 0.7126442 0.6872180 0.7662384 0.8864954 0.5099265 0.5933457 0.7389627 0.6626257 0.7389627 2.7182557 2.0310377 0.8864954 0.8864954 
t3         0.6872180 0.0000000 0.5716050 0.7389627 0.4529370 0.6388142 0.6626257 0.8864954 0.7126442 0.5504769 0.8545757 0.4348639 0.4904449 0.7126442 0.7389627 0.7389627 1.6785349 1.7786835 0.6872180 0.6388142 
t19        0.6626257 0.5716050 0.0000000 0.4714565 0.2746833 0.4904449 0.5299277 0.7126442 0.5933457 0.3666350 0.5099265 0.2746833 0.3666350 0.3831192 0.3505054 0.3666350 1.5901977 1.5901977 0.4904449 0.5099265 
t6         0.8864954 0.7389627 0.4714565 0.0000000 0.5933457 0.8239592 0.8239592 0.9198342 1.1586745 0.5933457 0.9547243 0.5099265 0.6157354 0.6872180 0.6626257 0.6626257 1.5111773 1.4396946 0.8864954 0.9198342 
t20        0.5099265 0.4529370 0.2746833 0.5933457 0.0000000 0.3831192 0.4348639 0.5716050 0.4172160 0.3040988 0.5716050 0.2058276 0.2603971 0.3505054 0.3192509 0.3347153 2.0310377 1.5901977 0.4172160 0.3999739 
t2         0.6626257 0.6388142 0.4904449 0.8239592 0.3831192 0.0000000 0.6872180 0.6872180 0.7389627 0.5504769 0.9547243 0.4172160 0.4529370 0.5099265 0.5504769 0.5933457 1.6785349 1.3144041 0.7389627 0.7389627 
t12        0.7389627 0.6626257 0.5299277 0.8239592 0.4348639 0.6872180 0.0000000 0.7389627 0.6872180 0.5299277 0.9547243 0.4904449 0.5299277 0.5504769 0.4714565 0.4904449 2.0310377 1.7786835 0.6872180 0.6872180 
t10        0.7126442 0.8864954 0.7126442 0.9198342 0.5716050 0.6872180 0.7389627 0.0000000 0.7126442 0.8239592 0.9913169 0.5716050 0.5933457 0.6157354 0.5933457 0.5933457 9.0000000 2.1983953 0.7389627 0.7126442 
t15        0.6872180 0.7126442 0.5933457 1.1586745 0.4172160 0.7389627 0.6872180 0.7126442 0.0000000 0.6872180 0.3505054 0.5299277 0.5716050 0.6626257 0.6157354 0.6626257 9.0000000 2.7182557 0.1799630 0.1799630 
t17        0.7662384 0.5504769 0.3666350 0.5933457 0.3040988 0.5504769 0.5299277 0.8239592 0.6872180 0.0000000 0.7945437 0.3347153 0.3999739 0.4714565 0.4348639 0.4529370 1.3744361 1.4396946 0.6157354 0.6157354 
t9         0.8864954 0.8545757 0.5099265 0.9547243 0.5716050 0.9547243 0.9547243 0.9913169 0.3505054 0.7945437 0.0000000 0.6157354 0.6626257 0.7662384 0.7126442 0.7389627 3.2381161 9.0000000 0.2746833 0.2746833 
t1         0.5099265 0.4348639 0.2746833 0.5099265 0.2058276 0.4172160 0.4904449 0.5716050 0.5299277 0.3347153 0.6157354 0.0000000 0.0734853 0.4172160 0.3831192 0.4172160 1.8942965 1.7786835 0.4529370 0.4529370 
t18        0.5933457 0.4904449 0.3666350 0.6157354 0.2603971 0.4529370 0.5299277 0.5933457 0.5716050 0.3999739 0.6626257 0.0734853 0.0000000 0.5099265 0.4529370 0.5099265 1.7786835 1.6785349 0.5099265 0.4904449 
t4         0.7389627 0.7126442 0.3831192 0.6872180 0.3505054 0.5099265 0.5504769 0.6157354 0.6626257 0.4714565 0.7662384 0.4172160 0.5099265 0.0000000 0.2326162 0.2058276 1.8942965 1.5901977 0.5716050 0.5716050 
t8         0.6626257 0.7389627 0.3505054 0.6626257 0.3192509 0.5504769 0.4714565 0.5933457 0.6157354 0.4348639 0.7126442 0.3831192 0.4529370 0.2326162 0.0000000 0.0958750 9.0000000 2.4141569 0.6157354 0.6157354 
t7         0.7389627 0.7389627 0.3666350 0.6626257 0.3347153 0.5933457 0.4904449 0.5933457 0.6626257 0.4529370 0.7389627 0.4172160 0.5099265 0.2058276 0.0958750 0.0000000 2.4141569 1.8942965 0.5716050 0.5716050 
t11        2.7182557 1.6785349 1.5901977 1.5111773 2.0310377 1.6785349 2.0310377 9.0000000 9.0000000 1.3744361 3.2381161 1.8942965 1.7786835 1.8942965 9.0000000 2.4141569 0.0000000 0.0734853 2.7182557 2.7182557 
t16        2.0310377 1.7786835 1.5901977 1.4396946 1.5901977 1.3144041 1.7786835 2.1983953 2.7182557 1.4396946 9.0000000 1.7786835 1.6785349 1.5901977 2.4141569 1.8942965 0.0734853 0.0000000 2.0310377 2.0310377 
t13        0.8864954 0.6872180 0.4904449 0.8864954 0.4172160 0.7389627 0.6872180 0.7389627 0.1799630 0.6157354 0.2746833 0.4529370 0.5099265 0.5716050 0.6157354 0.5716050 2.7182557 2.0310377 0.0000000 0.0202715 
t14        0.8864954 0.6388142 0.5099265 0.9198342 0.3999739 0.7389627 0.6872180 0.7126442 0.1799630 0.6157354 0.2746833 0.4529370 0.4904449 0.5716050 0.6157354 0.5716050 2.7182557 2.0310377 0.0202715 0.0000000 
