20
t19        0.0000000 1.5901977 1.4396946 1.4396946 1.5111773 1.5111773 1.5901977 2.0310377 1.5111773 1.5111773 2.7182557 1.3744361 1.8942965 1.5111773 2.4141569 1.5901977 1.4396946 1.3144041 1.7786835 1.5901977 
t4         1.5901977 0.0000000 0.1673577 0.1799630 0.1927838 0.4529370 0.4529370 0.4348639 0.4529370 0.4714565 0.7389627 0.3831192 0.5933457 0.4904449 0.5299277 0.4529370 0.4348639 0.3831192 0.3666350 0.3999739 
t16        1.4396946 0.1673577 0.0000000 0.0517447 0.0625362 0.3666350 0.3040988 0.2746833 0.3831192 0.3192509 0.5504769 0.2892469 0.4714565 0.3040988 0.4172160 0.3666350 0.3831192 0.2892469 0.2058276 0.2326162 
t17        1.4396946 0.1799630 0.0517447 0.0000000 0.0100673 0.3505054 0.2746833 0.2746833 0.3505054 0.3192509 0.5716050 0.2746833 0.4529370 0.3192509 0.3999739 0.3666350 0.3666350 0.2746833 0.1927838 0.2191023 
t3         1.5111773 0.1927838 0.0625362 0.0100673 0.0000000 0.3666350 0.2892469 0.2892469 0.3666350 0.3347153 0.5716050 0.2892469 0.4714565 0.3347153 0.3999739 0.3831192 0.3831192 0.2892469 0.2058276 0.2326162 
t20        1.5111773 0.4529370 0.3666350 0.3505054 0.3666350 0.0000000 0.2603971 0.5099265 0.5933457 0.2463781 0.4529370 0.2191023 0.5299277 0.3999739 0.3831192 0.3040988 0.3347153 0.2326162 0.4714565 0.5099265 
t2         1.5901977 0.4529370 0.3040988 0.2746833 0.2892469 0.2603971 0.0000000 0.4904449 0.5504769 0.1927838 0.5099265 0.1673577 0.5716050 0.4172160 0.3347153 0.2603971 0.2463781 0.1799630 0.3505054 0.3831192 
t15        2.0310377 0.4348639 0.2746833 0.2746833 0.2892469 0.5099265 0.4904449 0.0000000 0.4714565 0.5099265 0.7662384 0.4904449 0.5099265 0.4904449 0.6157354 0.5504769 0.5099265 0.4529370 0.4172160 0.4529370 
t1         1.5111773 0.4529370 0.3831192 0.3505054 0.3666350 0.5933457 0.5504769 0.4714565 0.0000000 0.6388142 0.8239592 0.6388142 0.6872180 0.5099265 0.8545757 0.6626257 0.6388142 0.5933457 0.4172160 0.4714565 
t9         1.5111773 0.4714565 0.3192509 0.3192509 0.3347153 0.2463781 0.1927838 0.5099265 0.6388142 0.0000000 0.3999739 0.1307650 0.5504769 0.4348639 0.2463781 0.1673577 0.2058276 0.1427653 0.3999739 0.4529370 
t18        2.7182557 0.7389627 0.5504769 0.5716050 0.5716050 0.4529370 0.5099265 0.7662384 0.8239592 0.3999739 0.0000000 0.3999739 0.8545757 0.5504769 0.4529370 0.4529370 0.5716050 0.4348639 0.5933457 0.6626257 
t10        1.3744361 0.3831192 0.2892469 0.2746833 0.2892469 0.2191023 0.1673577 0.4904449 0.6388142 0.1307650 0.3999739 0.0000000 0.5299277 0.3831192 0.2463781 0.1673577 0.1549607 0.0958750 0.3831192 0.4172160 
t13        1.8942965 0.5933457 0.4714565 0.4529370 0.4714565 0.5299277 0.5716050 0.5099265 0.6872180 0.5504769 0.8545757 0.5299277 0.0000000 0.3347153 0.6388142 0.5504769 0.6157354 0.5099265 0.6157354 0.6388142 
t7         1.5111773 0.4904449 0.3040988 0.3192509 0.3347153 0.3999739 0.4172160 0.4904449 0.5099265 0.4348639 0.5504769 0.3831192 0.3347153 0.0000000 0.5716050 0.3999739 0.5299277 0.4172160 0.4529370 0.4714565 
t5         2.4141569 0.5299277 0.4172160 0.3999739 0.3999739 0.3831192 0.3347153 0.6157354 0.8545757 0.2463781 0.4529370 0.2463781 0.6388142 0.5716050 0.0000000 0.3040988 0.3666350 0.2746833 0.4714565 0.5099265 
t6         1.5901977 0.4529370 0.3666350 0.3666350 0.3831192 0.3040988 0.2603971 0.5504769 0.6626257 0.1673577 0.4529370 0.1673577 0.5504769 0.3999739 0.3040988 0.0000000 0.2892469 0.2058276 0.4529370 0.4714565 
t14        1.4396946 0.4348639 0.3831192 0.3666350 0.3831192 0.3347153 0.2463781 0.5099265 0.6388142 0.2058276 0.5716050 0.1549607 0.6157354 0.5299277 0.3666350 0.2892469 0.0000000 0.1189538 0.4348639 0.4714565 
t8         1.3144041 0.3831192 0.2892469 0.2746833 0.2892469 0.2326162 0.1799630 0.4529370 0.5933457 0.1427653 0.4348639 0.0958750 0.5099265 0.4172160 0.2746833 0.2058276 0.1189538 0.0000000 0.3505054 0.3831192 
t12        1.7786835 0.3666350 0.2058276 0.1927838 0.2058276 0.4714565 0.3505054 0.4172160 0.4172160 0.3999739 0.5933457 0.3831192 0.6157354 0.4529370 0.4714565 0.4529370 0.4348639 0.3505054 0.0000000 0.0517447 
t11        1.5901977 0.3999739 0.2326162 0.2191023 0.2326162 0.5099265 0.3831192 0.4529370 0.4714565 0.4529370 0.6626257 0.4172160 0.6388142 0.4714565 0.5099265 0.4714565 0.4714565 0.3831192 0.0517447 0.0000000 
