20
t6         0.0000000 0.6388142 0.4714565 0.8864954 0.8239592 0.8545757 0.5099265 0.5299277 0.8545757 1.1132061 0.7389627 0.9547243 1.0703373 0.7945437 0.7126442 0.7126442 0.6626257 0.6626257 0.8239592 0.8239592 
t7         0.6388142 0.0000000 0.3999739 0.7662384 0.7662384 0.8239592 0.3831192 0.4172160 0.7389627 1.0297869 0.6872180 0.7126442 0.6626257 0.6872180 0.7126442 0.7126442 0.6872180 0.7126442 0.7126442 0.7126442 
t19        0.4714565 0.3999739 0.0000000 0.7945437 0.6388142 0.7389627 0.2463781 0.2892469 0.7662384 0.9547243 0.6157354 0.7662384 0.7945437 0.6626257 0.6388142 0.6626257 0.7126442 0.7389627 0.7945437 0.7945437 
t10        0.8864954 0.7662384 0.7945437 0.0000000 0.7945437 0.4348639 0.7662384 0.8239592 0.4904449 0.5504769 0.3040988 0.4529370 0.4348639 0.3192509 1.0703373 1.0297869 0.9198342 0.9547243 0.3347153 0.3347153 
t14        0.8239592 0.7662384 0.6388142 0.7945437 0.0000000 0.6626257 0.5504769 0.5933457 0.8239592 0.8864954 0.6157354 0.6388142 0.6872180 0.6388142 0.9913169 0.9913169 0.3831192 0.3999739 0.7389627 0.7389627 
t13        0.8545757 0.8239592 0.7389627 0.4348639 0.6626257 0.0000000 0.7389627 0.7945437 0.3666350 0.3347153 0.3666350 0.2058276 0.2326162 0.3192509 0.8545757 0.7389627 0.7945437 0.7662384 0.3999739 0.3999739 
t9         0.5099265 0.3831192 0.2463781 0.7662384 0.5504769 0.7389627 0.0000000 0.1427653 0.6872180 0.8864954 0.6157354 0.7662384 0.8239592 0.6626257 0.5099265 0.5299277 0.5933457 0.6157354 0.6872180 0.6872180 
t12        0.5299277 0.4172160 0.2892469 0.8239592 0.5933457 0.7945437 0.1427653 0.0000000 0.7389627 0.8545757 0.6872180 0.8545757 0.9198342 0.6872180 0.5504769 0.6388142 0.6157354 0.6388142 0.7662384 0.7662384 
t16        0.8545757 0.7389627 0.7662384 0.4904449 0.8239592 0.3666350 0.6872180 0.7389627 0.0000000 0.2326162 0.4172160 0.3347153 0.3040988 0.3666350 0.9198342 0.8239592 0.9198342 0.9547243 0.4714565 0.4714565 
t2         1.1132061 1.0297869 0.9547243 0.5504769 0.8864954 0.3347153 0.8864954 0.8545757 0.2326162 0.0000000 0.4529370 0.3347153 0.3347153 0.4172160 1.0297869 0.9547243 0.9547243 0.9198342 0.5299277 0.5299277 
t11        0.7389627 0.6872180 0.6157354 0.3040988 0.6157354 0.3666350 0.6157354 0.6872180 0.4172160 0.4529370 0.0000000 0.3666350 0.3831192 0.2058276 0.7945437 0.7126442 0.7126442 0.7389627 0.2326162 0.2326162 
t1         0.9547243 0.7126442 0.7662384 0.4529370 0.6388142 0.2058276 0.7662384 0.8545757 0.3347153 0.3347153 0.3666350 0.0000000 0.0517447 0.3040988 0.7945437 0.7662384 0.9198342 0.9198342 0.3999739 0.3999739 
t4         1.0703373 0.6626257 0.7945437 0.4348639 0.6872180 0.2326162 0.8239592 0.9198342 0.3040988 0.3347153 0.3831192 0.0517447 0.0000000 0.3040988 0.8864954 0.8545757 0.9913169 1.0297869 0.4172160 0.4172160 
t18        0.7945437 0.6872180 0.6626257 0.3192509 0.6388142 0.3192509 0.6626257 0.6872180 0.3666350 0.4172160 0.2058276 0.3040988 0.3040988 0.0000000 0.8239592 0.7662384 0.7389627 0.7662384 0.1799630 0.1799630 
t8         0.7126442 0.7126442 0.6388142 1.0703373 0.9913169 0.8545757 0.5099265 0.5504769 0.9198342 1.0297869 0.7945437 0.7945437 0.8864954 0.8239592 0.0000000 0.1189538 0.6872180 0.7389627 0.8239592 0.8239592 
t17        0.7126442 0.7126442 0.6626257 1.0297869 0.9913169 0.7389627 0.5299277 0.6388142 0.8239592 0.9547243 0.7126442 0.7662384 0.8545757 0.7662384 0.1189538 0.0000000 0.6157354 0.6626257 0.7945437 0.7945437 
t5         0.6626257 0.6872180 0.7126442 0.9198342 0.3831192 0.7945437 0.5933457 0.6157354 0.9198342 0.9547243 0.7126442 0.9198342 0.9913169 0.7389627 0.6872180 0.6157354 0.0000000 0.0306165 0.7126442 0.7126442 
t15        0.6626257 0.7126442 0.7389627 0.9547243 0.3999739 0.7662384 0.6157354 0.6388142 0.9547243 0.9198342 0.7389627 0.9198342 1.0297869 0.7662384 0.7389627 0.6626257 0.0306165 0.0000000 0.7389627 0.7389627 
t20        0.8239592 0.7126442 0.7945437 0.3347153 0.7389627 0.3999739 0.6872180 0.7662384 0.4714565 0.5299277 0.2326162 0.3999739 0.4172160 0.1799630 0.8239592 0.7945437 0.7126442 0.7389627 0.0000000 0.0000010 
t3         0.8239592 0.7126442 0.7945437 0.3347153 0.7389627 0.3999739 0.6872180 0.7662384 0.4714565 0.5299277 0.2326162 0.3999739 0.4172160 0.1799630 0.8239592 0.7945437 0.7126442 0.7389627 0.0000010 0.0000000 
