20
t18        0.0000000 1.7786835 2.7182557 9.0000000 1.5901977 2.0310377 2.4141569 1.8942965 2.4141569 1.8942965 9.0000000 2.0310377 2.0310377 9.0000000 2.1983953 1.8942965 1.3744361 1.2588231 2.1983953 2.1983953 
t9         1.7786835 0.0000000 1.0703373 1.7786835 0.6872180 0.6872180 0.7662384 2.4141569 1.5111773 0.9547243 1.3744361 1.0297869 2.1983953 1.7786835 1.4396946 1.5111773 0.9913169 1.1132061 1.1132061 1.2070784 
t12        2.7182557 1.0703373 0.0000000 1.8942965 1.2588231 1.3144041 1.3744361 1.8942965 2.0310377 1.1132061 9.0000000 1.1132061 2.1983953 9.0000000 1.6785349 1.7786835 1.3144041 1.3144041 1.2588231 1.3744361 
t13        9.0000000 1.7786835 1.8942965 0.0000000 1.2588231 1.3144041 1.0297869 1.4396946 1.4396946 1.1586745 1.5901977 0.9547243 2.0310377 2.0310377 1.2070784 1.4396946 1.1132061 1.3144041 1.3144041 1.3144041 
t2         1.5901977 0.6872180 1.2588231 1.2588231 0.0000000 0.2191023 0.3192509 1.6785349 0.7126442 0.4348639 1.2070784 0.3999739 1.7786835 2.7182557 0.8239592 0.8864954 0.5299277 0.5504769 0.4348639 0.4714565 
t7         2.0310377 0.6872180 1.3144041 1.3144041 0.2191023 0.0000000 0.3040988 1.5901977 0.6626257 0.4348639 1.2588231 0.3831192 1.5901977 1.6785349 0.9547243 0.9547243 0.6626257 0.7126442 0.5099265 0.5099265 
t14        2.4141569 0.7662384 1.3744361 1.0297869 0.3192509 0.3040988 0.0000000 2.7182557 0.9198342 0.5504769 1.3144041 0.4529370 1.8942965 1.4396946 0.8864954 0.9198342 0.6388142 0.6388142 0.5504769 0.5299277 
t5         1.8942965 2.4141569 1.8942965 1.4396946 1.6785349 1.5901977 2.7182557 0.0000000 0.9913169 1.2588231 2.7182557 1.1132061 1.6785349 2.1983953 2.1983953 2.0310377 1.1132061 0.9913169 1.3744361 1.5901977 
t8         2.4141569 1.5111773 2.0310377 1.4396946 0.7126442 0.6626257 0.9198342 0.9913169 0.0000000 0.5716050 1.3144041 0.6626257 2.1983953 9.0000000 1.5111773 1.2070784 1.0703373 0.9913169 0.8239592 0.9547243 
t3         1.8942965 0.9547243 1.1132061 1.1586745 0.4348639 0.4348639 0.5504769 1.2588231 0.5716050 0.0000000 1.1586745 0.2746833 1.6785349 2.4141569 0.8545757 0.8864954 0.5504769 0.5299277 0.3666350 0.4529370 
t20        9.0000000 1.3744361 9.0000000 1.5901977 1.2070784 1.2588231 1.3144041 2.7182557 1.3144041 1.1586745 0.0000000 0.9913169 1.4396946 2.0310377 1.5111773 1.5901977 1.5111773 1.5111773 1.3744361 1.4396946 
t19        2.0310377 1.0297869 1.1132061 0.9547243 0.3999739 0.3831192 0.4529370 1.1132061 0.6626257 0.2746833 0.9913169 0.0000000 1.2588231 1.3744361 0.5933457 0.6157354 0.4172160 0.4714565 0.2603971 0.3192509 
t11        2.0310377 2.1983953 2.1983953 2.0310377 1.7786835 1.5901977 1.8942965 1.6785349 2.1983953 1.6785349 1.4396946 1.2588231 0.0000000 0.4348639 1.5901977 1.5901977 1.5901977 2.0310377 1.6785349 1.5901977 
t17        9.0000000 1.7786835 9.0000000 2.0310377 2.7182557 1.6785349 1.4396946 2.1983953 9.0000000 2.4141569 2.0310377 1.3744361 0.4348639 0.0000000 2.1983953 2.4141569 1.6785349 2.1983953 2.0310377 1.8942965 
t15        2.1983953 1.4396946 1.6785349 1.2070784 0.8239592 0.9547243 0.8864954 2.1983953 1.5111773 0.8545757 1.5111773 0.5933457 1.5901977 2.1983953 0.0000000 0.1073256 0.7662384 0.8864954 0.7389627 0.7662384 
t10        1.8942965 1.5111773 1.7786835 1.4396946 0.8864954 0.9547243 0.9198342 2.0310377 1.2070784 0.8864954 1.5901977 0.6157354 1.5901977 2.4141569 0.1073256 0.0000000 0.7662384 0.8864954 0.7389627 0.7945437 
t1         1.3744361 0.9913169 1.3144041 1.1132061 0.5299277 0.6626257 0.6388142 1.1132061 1.0703373 0.5504769 1.5111773 0.4172160 1.5901977 1.6785349 0.7662384 0.7662384 0.0000000 0.0845966 0.4348639 0.4904449 
t6         1.2588231 1.1132061 1.3144041 1.3144041 0.5504769 0.7126442 0.6388142 0.9913169 0.9913169 0.5299277 1.5111773 0.4714565 2.0310377 2.1983953 0.8864954 0.8864954 0.0845966 0.0000000 0.5099265 0.5504769 
t16        2.1983953 1.1132061 1.2588231 1.3144041 0.4348639 0.5099265 0.5504769 1.3744361 0.8239592 0.3666350 1.3744361 0.2603971 1.6785349 2.0310377 0.7389627 0.7389627 0.4348639 0.5099265 0.0000000 0.1073256 
t4         2.1983953 1.2070784 1.3744361 1.3144041 0.4714565 0.5099265 0.5299277 1.5901977 0.9547243 0.4529370 1.4396946 0.3192509 1.5901977 1.8942965 0.7662384 0.7945437 0.4904449 0.5504769 0.1073256 0.0000000 
