20
t14        0.0000000 1.1132061 1.0703373 1.3744361 1.1132061 1.3144041 1.3144041 1.6785349 1.5901977 1.0297869 1.1586745 1.0703373 1.1132061 2.7182557 1.8942965 1.1586745 1.4396946 1.4396946 1.1586745 1.1586745 
t1         1.1132061 0.0000000 0.5504769 0.7389627 0.5099265 0.9913169 0.5504769 0.6157354 0.6872180 0.5933457 0.5299277 0.4348639 0.4529370 0.6872180 0.7389627 0.5504769 0.5504769 0.5504769 0.5504769 0.5504769 
t16        1.0703373 0.5504769 0.0000000 0.7389627 0.6872180 0.7945437 1.0297869 1.1132061 1.1132061 0.7126442 0.7126442 0.3999739 0.4172160 1.1132061 1.1132061 0.6872180 1.2588231 1.2588231 0.7389627 0.7389627 
t8         1.3744361 0.7389627 0.7389627 0.0000000 0.6157354 0.7945437 1.1586745 1.2070784 1.2070784 0.7662384 0.8239592 0.5099265 0.5099265 1.1586745 1.1586745 0.7662384 1.2070784 1.2070784 0.8239592 0.8239592 
t9         1.1132061 0.5099265 0.6872180 0.6157354 0.0000000 0.4904449 1.0297869 1.1132061 1.2070784 0.5504769 0.5933457 0.4348639 0.4529370 1.0703373 0.9913169 0.5299277 0.9547243 0.9547243 0.5299277 0.5299277 
t3         1.3144041 0.9913169 0.7945437 0.7945437 0.4904449 0.0000000 0.9547243 1.1586745 1.0703373 0.6626257 0.7126442 0.6157354 0.5933457 1.6785349 1.5111773 0.6872180 1.5901977 1.5901977 0.6872180 0.6872180 
t12        1.3144041 0.5504769 1.0297869 1.1586745 1.0297869 0.9547243 0.0000000 0.0958750 0.2191023 1.0297869 1.1132061 0.7945437 0.8239592 1.3144041 1.1586745 1.1132061 0.6872180 0.6872180 1.1132061 1.1132061 
t19        1.6785349 0.6157354 1.1132061 1.2070784 1.1132061 1.1586745 0.0958750 0.0000000 0.1927838 1.1586745 1.2588231 0.8239592 0.8545757 1.3144041 1.1586745 1.0703373 0.7126442 0.7126442 1.1586745 1.1586745 
t2         1.5901977 0.6872180 1.1132061 1.2070784 1.2070784 1.0703373 0.2191023 0.1927838 0.0000000 1.1132061 1.1586745 0.9547243 0.9913169 1.2070784 1.0703373 1.1132061 0.8864954 0.8864954 1.1132061 1.1132061 
t5         1.0297869 0.5933457 0.7126442 0.7662384 0.5504769 0.6626257 1.0297869 1.1586745 1.1132061 0.0000000 0.1073256 0.4714565 0.4904449 1.6785349 1.4396946 0.0734853 0.8545757 0.8545757 0.1073256 0.1073256 
t11        1.1586745 0.5299277 0.7126442 0.8239592 0.5933457 0.7126442 1.1132061 1.2588231 1.1586745 0.1073256 0.0000000 0.5099265 0.5299277 1.4396946 1.2588231 0.0958750 0.8864954 0.8864954 0.1307650 0.1307650 
t15        1.0703373 0.4348639 0.3999739 0.5099265 0.4348639 0.6157354 0.7945437 0.8239592 0.9547243 0.4714565 0.5099265 0.0000000 0.0100673 1.0297869 0.9547243 0.4348639 0.8239592 0.8239592 0.4714565 0.4714565 
t4         1.1132061 0.4529370 0.4172160 0.5099265 0.4529370 0.5933457 0.8239592 0.8545757 0.9913169 0.4904449 0.5299277 0.0100673 0.0000000 0.9913169 0.9913169 0.4529370 0.8545757 0.8545757 0.4904449 0.4904449 
t20        2.7182557 0.6872180 1.1132061 1.1586745 1.0703373 1.6785349 1.3144041 1.3144041 1.2070784 1.6785349 1.4396946 1.0297869 0.9913169 0.0000000 0.0845966 1.5901977 1.4396946 1.4396946 1.5901977 1.5901977 
t7         1.8942965 0.7389627 1.1132061 1.1586745 0.9913169 1.5111773 1.1586745 1.1586745 1.0703373 1.4396946 1.2588231 0.9547243 0.9913169 0.0845966 0.0000000 1.3744361 1.2588231 1.2588231 1.2588231 1.2588231 
t18        1.1586745 0.5504769 0.6872180 0.7662384 0.5299277 0.6872180 1.1132061 1.0703373 1.1132061 0.0734853 0.0958750 0.4348639 0.4529370 1.5901977 1.3744361 0.0000000 0.8545757 0.8545757 0.0517447 0.0517447 
t13        1.4396946 0.5504769 1.2588231 1.2070784 0.9547243 1.5901977 0.6872180 0.7126442 0.8864954 0.8545757 0.8864954 0.8239592 0.8545757 1.4396946 1.2588231 0.8545757 0.0000000 0.0000010 0.8545757 0.8545757 
t10        1.4396946 0.5504769 1.2588231 1.2070784 0.9547243 1.5901977 0.6872180 0.7126442 0.8864954 0.8545757 0.8864954 0.8239592 0.8545757 1.4396946 1.2588231 0.8545757 0.0000010 0.0000000 0.8545757 0.8545757 
t6         1.1586745 0.5504769 0.7389627 0.8239592 0.5299277 0.6872180 1.1132061 1.1586745 1.1132061 0.1073256 0.1307650 0.4714565 0.4904449 1.5901977 1.2588231 0.0517447 0.8545757 0.8545757 0.0000000 0.0000010 
t17        1.1586745 0.5504769 0.7389627 0.8239592 0.5299277 0.6872180 1.1132061 1.1586745 1.1132061 0.1073256 0.1307650 0.4714565 0.4904449 1.5901977 1.2588231 0.0517447 0.8545757 0.8545757 0.0000010 0.0000000 
