20
t13        0.0000000 1.3744361 1.1132061 2.7182557 1.8942965 1.2588231 1.6785349 2.4141569 1.7786835 2.4141569 1.7786835 3.2381161 1.8942965 1.7786835 1.5901977 1.7786835 9.0000000 9.0000000 1.6785349 1.6785349 
t14        1.3744361 0.0000000 0.6157354 1.3744361 1.1586745 0.9913169 1.1132061 1.3744361 1.0703373 1.7786835 1.4396946 3.2381161 1.8942965 0.8545757 1.2588231 1.3144041 2.1983953 2.4141569 0.8545757 0.8545757 
t9         1.1132061 0.6157354 0.0000000 1.7786835 0.8545757 0.7389627 0.5933457 1.2588231 0.8545757 1.1132061 0.8864954 1.2588231 1.0297869 0.7126442 1.0297869 1.0703373 1.3144041 1.4396946 0.5933457 0.5933457 
t15        2.7182557 1.3744361 1.7786835 0.0000000 1.6785349 2.7182557 1.8942965 2.1983953 9.0000000 9.0000000 3.2381161 2.7182557 2.1983953 9.0000000 9.0000000 9.0000000 2.1983953 1.8942965 9.0000000 9.0000000 
t20        1.8942965 1.1586745 0.8545757 1.6785349 0.0000000 0.9198342 0.8545757 1.2588231 1.1586745 1.4396946 1.0297869 1.5901977 1.1132061 1.5901977 1.2588231 1.1586745 1.5901977 1.4396946 1.2588231 1.2588231 
t8         1.2588231 0.9913169 0.7389627 2.7182557 0.9198342 0.0000000 1.2070784 1.5111773 1.0703373 1.8942965 1.2588231 2.1983953 1.6785349 0.6872180 1.1586745 1.2070784 1.2070784 1.2588231 0.5933457 0.5933457 
t19        1.6785349 1.1132061 0.5933457 1.8942965 0.8545757 1.2070784 0.0000000 0.8239592 1.0703373 1.2588231 0.7945437 1.1586745 0.8864954 1.2070784 1.2588231 1.3144041 1.4396946 1.4396946 0.8864954 0.8864954 
t3         2.4141569 1.3744361 1.2588231 2.1983953 1.2588231 1.5111773 0.8239592 0.0000000 1.4396946 2.4141569 1.6785349 1.8942965 1.7786835 9.0000000 2.0310377 2.1983953 1.5111773 1.3744361 1.5901977 1.5901977 
t2         1.7786835 1.0703373 0.8545757 9.0000000 1.1586745 1.0703373 1.0703373 1.4396946 0.0000000 0.5099265 0.4529370 0.6626257 0.6388142 1.2070784 0.5716050 0.5933457 0.5099265 0.5299277 1.2588231 1.2588231 
t4         2.4141569 1.7786835 1.1132061 9.0000000 1.4396946 1.8942965 1.2588231 2.4141569 0.5099265 0.0000000 0.3999739 0.5504769 0.5504769 2.1983953 0.8864954 0.9198342 0.7389627 0.6626257 1.7786835 1.7786835 
t7         1.7786835 1.4396946 0.8864954 3.2381161 1.0297869 1.2588231 0.7945437 1.6785349 0.4529370 0.3999739 0.0000000 0.3999739 0.3040988 1.8942965 0.7389627 0.7389627 0.5933457 0.5299277 1.3144041 1.3144041 
t18        3.2381161 3.2381161 1.2588231 2.7182557 1.5901977 2.1983953 1.1586745 1.8942965 0.6626257 0.5504769 0.3999739 0.0000000 0.4348639 2.1983953 1.1132061 1.1132061 0.7389627 0.6872180 2.1983953 2.1983953 
t5         1.8942965 1.8942965 1.0297869 2.1983953 1.1132061 1.6785349 0.8864954 1.7786835 0.6388142 0.5504769 0.3040988 0.4348639 0.0000000 2.7182557 0.9198342 0.9198342 0.7389627 0.6626257 1.5901977 1.5901977 
t6         1.7786835 0.8545757 0.7126442 9.0000000 1.5901977 0.6872180 1.2070784 9.0000000 1.2070784 2.1983953 1.8942965 2.1983953 2.7182557 0.0000000 1.5901977 1.6785349 1.7786835 2.4141569 0.2463781 0.2463781 
t1         1.5901977 1.2588231 1.0297869 9.0000000 1.2588231 1.1586745 1.2588231 2.0310377 0.5716050 0.8864954 0.7389627 1.1132061 0.9198342 1.5901977 0.0000000 0.0202715 0.9547243 0.9547243 1.2070784 1.2070784 
t12        1.7786835 1.3144041 1.0703373 9.0000000 1.1586745 1.2070784 1.3144041 2.1983953 0.5933457 0.9198342 0.7389627 1.1132061 0.9198342 1.6785349 0.0202715 0.0000000 0.9547243 0.9547243 1.2588231 1.2588231 
t11        9.0000000 2.1983953 1.3144041 2.1983953 1.5901977 1.2070784 1.4396946 1.5111773 0.5099265 0.7389627 0.5933457 0.7389627 0.7389627 1.7786835 0.9547243 0.9547243 0.0000000 0.0845966 2.0310377 2.0310377 
t16        9.0000000 2.4141569 1.4396946 1.8942965 1.4396946 1.2588231 1.4396946 1.3744361 0.5299277 0.6626257 0.5299277 0.6872180 0.6626257 2.4141569 0.9547243 0.9547243 0.0845966 0.0000000 2.7182557 2.7182557 
t17        1.6785349 0.8545757 0.5933457 9.0000000 1.2588231 0.5933457 0.8864954 1.5901977 1.2588231 1.7786835 1.3144041 2.1983953 1.5901977 0.2463781 1.2070784 1.2588231 2.0310377 2.7182557 0.0000000 0.0000010 
t10        1.6785349 0.8545757 0.5933457 9.0000000 1.2588231 0.5933457 0.8864954 1.5901977 1.2588231 1.7786835 1.3144041 2.1983953 1.5901977 0.2463781 1.2070784 1.2588231 2.0310377 2.7182557 0.0000010 0.0000000 
