20
t5         0.0000000 9.0000000 1.5111773 2.4141569 9.0000000 2.7182557 9.0000000 3.2381161 3.2381161 3.2381161 9.0000000 9.0000000 3.2381161 9.0000000 9.0000000 9.0000000 1.6785349 9.0000000 1.7786835 1.8942965 
t6         9.0000000 0.0000000 2.7182557 1.5901977 9.0000000 9.0000000 1.7786835 1.4396946 1.8942965 1.5901977 2.7182557 3.2381161 9.0000000 9.0000000 1.8942965 1.8942965 2.7182557 1.8942965 3.2381161 3.2381161 
t10        1.5111773 2.7182557 0.0000000 9.0000000 3.2381161 2.1983953 9.0000000 9.0000000 2.0310377 9.0000000 1.8942965 9.0000000 9.0000000 9.0000000 3.2381161 9.0000000 9.0000000 9.0000000 2.7182557 2.7182557 
t16        2.4141569 1.5901977 9.0000000 0.0000000 1.8942965 1.3144041 0.7945437 0.6626257 9.0000000 0.7126442 1.5901977 1.3144041 1.3144041 3.2381161 1.3744361 0.7945437 0.6388142 0.9547243 0.9547243 1.0297869 
t9         9.0000000 9.0000000 3.2381161 1.8942965 0.0000000 1.4396946 1.6785349 1.5111773 9.0000000 1.3144041 9.0000000 1.5111773 1.8942965 9.0000000 9.0000000 2.0310377 2.7182557 1.6785349 2.0310377 1.7786835 
t17        2.7182557 9.0000000 2.1983953 1.3144041 1.4396946 0.0000000 1.0297869 0.9198342 1.3144041 1.1132061 0.6872180 0.4714565 3.2381161 2.1983953 2.1983953 1.5111773 1.7786835 1.6785349 0.8864954 0.9913169 
t15        9.0000000 1.7786835 9.0000000 0.7945437 1.6785349 1.0297869 0.0000000 0.2603971 1.0703373 0.3347153 1.5111773 0.8545757 1.4396946 1.1586745 1.5901977 1.2588231 0.7389627 0.9913169 0.5099265 0.4529370 
t13        3.2381161 1.4396946 9.0000000 0.6626257 1.5111773 0.9198342 0.2603971 0.0000000 0.9913169 0.2892469 1.5901977 0.8239592 2.0310377 1.5111773 1.6785349 1.5901977 0.7945437 0.9547243 0.4348639 0.3999739 
t4         3.2381161 1.8942965 2.0310377 9.0000000 9.0000000 1.3144041 1.0703373 0.9913169 0.0000000 1.4396946 1.8942965 1.5901977 2.1983953 2.7182557 9.0000000 9.0000000 1.6785349 1.7786835 1.3144041 1.3744361 
t1         3.2381161 1.5901977 9.0000000 0.7126442 1.3144041 1.1132061 0.3347153 0.2892469 1.4396946 0.0000000 1.6785349 0.9198342 1.7786835 1.3144041 1.5111773 1.4396946 0.8239592 1.0703373 0.4904449 0.4904449 
t8         9.0000000 2.7182557 1.8942965 1.5901977 9.0000000 0.6872180 1.5111773 1.5901977 1.8942965 1.6785349 0.0000000 0.6388142 1.7786835 2.7182557 2.4141569 1.1586745 1.6785349 2.1983953 1.8942965 2.4141569 
t18        9.0000000 3.2381161 9.0000000 1.3144041 1.5111773 0.4714565 0.8545757 0.8239592 1.5901977 0.9198342 0.6388142 0.0000000 1.8942965 2.0310377 1.7786835 1.3144041 1.4396946 1.5111773 0.9547243 0.9913169 
t12        3.2381161 9.0000000 9.0000000 1.3144041 1.8942965 3.2381161 1.4396946 2.0310377 2.1983953 1.7786835 1.7786835 1.8942965 0.0000000 2.7182557 2.7182557 0.9198342 1.8942965 9.0000000 2.1983953 2.0310377 
t2         9.0000000 9.0000000 9.0000000 3.2381161 9.0000000 2.1983953 1.1586745 1.5111773 2.7182557 1.3144041 2.7182557 2.0310377 2.7182557 0.0000000 9.0000000 9.0000000 2.7182557 9.0000000 1.2070784 1.0703373 
t20        9.0000000 1.8942965 3.2381161 1.3744361 9.0000000 2.1983953 1.5901977 1.6785349 9.0000000 1.5111773 2.4141569 1.7786835 2.7182557 9.0000000 0.0000000 1.2070784 2.0310377 3.2381161 9.0000000 2.7182557 
t19        9.0000000 1.8942965 9.0000000 0.7945437 2.0310377 1.5111773 1.2588231 1.5901977 9.0000000 1.4396946 1.1586745 1.3144041 0.9198342 9.0000000 1.2070784 0.0000000 1.4396946 1.6785349 2.0310377 1.5901977 
t14        1.6785349 2.7182557 9.0000000 0.6388142 2.7182557 1.7786835 0.7389627 0.7945437 1.6785349 0.8239592 1.6785349 1.4396946 1.8942965 2.7182557 2.0310377 1.4396946 0.0000000 0.7126442 0.8545757 0.8239592 
t11        9.0000000 1.8942965 9.0000000 0.9547243 1.6785349 1.6785349 0.9913169 0.9547243 1.7786835 1.0703373 2.1983953 1.5111773 9.0000000 9.0000000 3.2381161 1.6785349 0.7126442 0.0000000 1.5111773 1.3744361 
t3         1.7786835 3.2381161 2.7182557 0.9547243 2.0310377 0.8864954 0.5099265 0.4348639 1.3144041 0.4904449 1.8942965 0.9547243 2.1983953 1.2070784 9.0000000 2.0310377 0.8545757 1.5111773 0.0000000 0.1073256 
t7         1.8942965 3.2381161 2.7182557 1.0297869 1.7786835 0.9913169 0.4529370 0.3999739 1.3744361 0.4904449 2.4141569 0.9913169 2.0310377 1.0703373 2.7182557 1.5901977 0.8239592 1.3744361 0.1073256 0.0000000 
