20
t16        0.0000000 2.4141569 1.3744361 1.7786835 1.6785349 2.1983953 1.8942965 9.0000000 1.5901977 1.5111773 1.1132061 1.5111773 1.5111773 1.2588231 1.4396946 1.5901977 1.7786835 1.7786835 2.4141569 2.4141569 
t11        2.4141569 0.0000000 1.2588231 1.2588231 0.8864954 1.5111773 1.2588231 0.8545757 1.5901977 0.8864954 1.0297869 0.9913169 1.1132061 1.0297869 0.9198342 1.1132061 0.8864954 0.9198342 1.6785349 1.6785349 
t9         1.3744361 1.2588231 0.0000000 1.4396946 1.1132061 1.6785349 1.2588231 1.5901977 1.0703373 1.2070784 1.5901977 0.7662384 1.0703373 0.9198342 1.1132061 1.1132061 1.5111773 1.3744361 1.3744361 1.3744361 
t2         1.7786835 1.2588231 1.4396946 0.0000000 0.7945437 1.5901977 1.5111773 1.0297869 1.2070784 1.2588231 0.9547243 1.1586745 1.5901977 1.0297869 1.0703373 1.1132061 1.6785349 1.4396946 3.2381161 3.2381161 
t5         1.6785349 0.8864954 1.1132061 0.7945437 0.0000000 1.2070784 1.0703373 0.9547243 0.9547243 0.6872180 0.7662384 1.2070784 1.3144041 1.1132061 1.1132061 1.1132061 1.2588231 1.0703373 1.3144041 1.3144041 
t20        2.1983953 1.5111773 1.6785349 1.5901977 1.2070784 0.0000000 0.6872180 1.5111773 0.7389627 1.5901977 1.1586745 2.0310377 1.6785349 0.8545757 0.7945437 0.8864954 2.1983953 2.4141569 0.8545757 0.8545757 
t18        1.8942965 1.2588231 1.2588231 1.5111773 1.0703373 0.6872180 0.0000000 1.8942965 0.5299277 1.1586745 1.1132061 2.1983953 2.4141569 0.8545757 0.8239592 0.8864954 1.5901977 1.8942965 0.6872180 0.6872180 
t12        9.0000000 0.8545757 1.5901977 1.0297869 0.9547243 1.5111773 1.8942965 0.0000000 1.3744361 1.1586745 1.1132061 0.9913169 1.0703373 1.5111773 1.2588231 1.5901977 0.7389627 0.5716050 1.6785349 1.6785349 
t4         1.5901977 1.5901977 1.0703373 1.2070784 0.9547243 0.7389627 0.5299277 1.3744361 0.0000000 1.1586745 1.0297869 1.4396946 1.6785349 0.6626257 0.6157354 0.7389627 1.7786835 1.5901977 0.3666350 0.3666350 
t15        1.5111773 0.8864954 1.2070784 1.2588231 0.6872180 1.5901977 1.1586745 1.1586745 1.1586745 0.0000000 0.3831192 1.2070784 1.6785349 1.3144041 1.2070784 1.4396946 0.6872180 0.7662384 1.3744361 1.3744361 
t6         1.1132061 1.0297869 1.5901977 0.9547243 0.7662384 1.1586745 1.1132061 1.1132061 1.0297869 0.3831192 0.0000000 1.3144041 1.6785349 1.2588231 1.2588231 1.5901977 1.0703373 0.9547243 1.1586745 1.1586745 
t19        1.5111773 0.9913169 0.7662384 1.1586745 1.2070784 2.0310377 2.1983953 0.9913169 1.4396946 1.2070784 1.3144041 0.0000000 0.4904449 1.5111773 1.5901977 1.7786835 1.0703373 1.0703373 2.0310377 2.0310377 
t3         1.5111773 1.1132061 1.0703373 1.5901977 1.3144041 1.6785349 2.4141569 1.0703373 1.6785349 1.6785349 1.6785349 0.4904449 0.0000000 1.4396946 1.7786835 1.8942965 1.4396946 1.1586745 9.0000000 9.0000000 
t13        1.2588231 1.0297869 0.9198342 1.0297869 1.1132061 0.8545757 0.8545757 1.5111773 0.6626257 1.3144041 1.2588231 1.5111773 1.4396946 0.0000000 0.0958750 0.1307650 1.3744361 1.2588231 0.8864954 0.8864954 
t17        1.4396946 0.9198342 1.1132061 1.0703373 1.1132061 0.7945437 0.8239592 1.2588231 0.6157354 1.2070784 1.2588231 1.5901977 1.7786835 0.0958750 0.0000000 0.1189538 1.2588231 1.0703373 0.7662384 0.7662384 
t7         1.5901977 1.1132061 1.1132061 1.1132061 1.1132061 0.8864954 0.8864954 1.5901977 0.7389627 1.4396946 1.5901977 1.7786835 1.8942965 0.1307650 0.1189538 0.0000000 1.3744361 1.3144041 0.9547243 0.9547243 
t1         1.7786835 0.8864954 1.5111773 1.6785349 1.2588231 2.1983953 1.5901977 0.7389627 1.7786835 0.6872180 1.0703373 1.0703373 1.4396946 1.3744361 1.2588231 1.3744361 0.0000000 0.2603971 2.4141569 2.4141569 
t8         1.7786835 0.9198342 1.3744361 1.4396946 1.0703373 2.4141569 1.8942965 0.5716050 1.5901977 0.7662384 0.9547243 1.0703373 1.1586745 1.2588231 1.0703373 1.3144041 0.2603971 0.0000000 1.5901977 1.5901977 
t10        2.4141569 1.6785349 1.3744361 3.2381161 1.3144041 0.8545757 0.6872180 1.6785349 0.3666350 1.3744361 1.1586745 2.0310377 9.0000000 0.8864954 0.7662384 0.9547243 2.4141569 1.5901977 0.0000000 0.0000010 
t14        2.4141569 1.6785349 1.3744361 3.2381161 1.3144041 0.8545757 0.6872180 1.6785349 0.3666350 1.3744361 1.1586745 2.0310377 9.0000000 0.8864954 0.7662384 0.9547243 2.4141569 1.5901977 0.0000010 0.0000000 
