20
t12        0.0000000 0.5504769 0.5099265 1.1132061 0.5504769 0.5299277 0.8239592 0.8239592 1.3744361 0.4714565 0.5933457 0.4348639 0.5504769 0.5716050 0.4714565 0.4172160 0.8239592 0.8545757 0.8864954 0.9547243 
t19        0.5504769 0.0000000 0.6626257 1.3744361 0.7389627 0.6872180 0.9913169 0.9913169 1.7786835 0.5716050 0.8239592 0.6388142 0.7662384 0.6872180 0.5504769 0.6157354 0.5933457 0.6157354 1.0703373 1.2070784 
t20        0.5099265 0.6626257 0.0000000 0.9198342 0.4904449 0.4529370 1.0297869 0.7126442 2.1983953 0.5716050 0.8545757 0.6626257 0.6157354 0.6626257 0.2746833 0.3040988 0.8864954 0.9547243 0.8545757 0.9198342 
t3         1.1132061 1.3744361 0.9198342 0.0000000 0.9913169 0.8545757 1.7786835 1.2588231 2.7182557 1.2588231 1.6785349 1.4396946 1.3144041 1.4396946 0.8239592 0.8864954 1.4396946 1.6785349 1.4396946 1.5901977 
t18        0.5504769 0.7389627 0.4904449 0.9913169 0.0000000 0.1307650 1.5111773 0.9198342 2.4141569 0.7126442 0.7945437 0.8239592 0.7945437 0.9547243 0.5504769 0.5099265 0.7126442 0.7389627 0.9913169 0.9547243 
t14        0.5299277 0.6872180 0.4529370 0.8545757 0.1307650 0.0000000 1.3144041 0.8239592 1.8942965 0.6872180 0.7662384 0.7662384 0.7945437 0.8545757 0.4714565 0.4529370 0.7945437 0.8545757 0.9198342 0.9547243 
t13        0.8239592 0.9913169 1.0297869 1.7786835 1.5111773 1.3144041 0.0000000 1.0297869 1.6785349 0.8545757 0.9913169 0.8239592 0.8864954 0.9198342 0.8864954 0.9913169 1.3144041 1.5901977 1.3144041 1.2588231 
t9         0.8239592 0.9913169 0.7126442 1.2588231 0.9198342 0.8239592 1.0297869 0.0000000 2.4141569 0.9198342 0.8864954 0.8239592 0.7945437 0.6157354 0.7662384 0.7662384 0.9913169 1.2070784 0.1549607 0.1799630 
t15        1.3744361 1.7786835 2.1983953 2.7182557 2.4141569 1.8942965 1.6785349 2.4141569 0.0000000 1.0703373 1.0297869 0.9547243 1.1586745 1.1132061 1.6785349 1.5901977 2.0310377 2.1983953 2.7182557 9.0000000 
t10        0.4714565 0.5716050 0.5716050 1.2588231 0.7126442 0.6872180 0.8545757 0.9198342 1.0703373 0.0000000 0.5099265 0.3040988 0.2463781 0.2892469 0.5933457 0.6157354 0.8864954 0.9198342 1.0703373 1.1586745 
t2         0.5933457 0.8239592 0.8545757 1.6785349 0.7945437 0.7662384 0.9913169 0.8864954 1.0297869 0.5099265 0.0000000 0.3192509 0.5716050 0.6388142 0.7662384 0.7126442 1.2070784 1.2070784 0.9198342 0.9913169 
t16        0.4348639 0.6388142 0.6626257 1.4396946 0.8239592 0.7662384 0.8239592 0.8239592 0.9547243 0.3040988 0.3192509 0.0000000 0.3666350 0.4348639 0.6157354 0.5933457 0.9913169 0.9913169 0.9913169 1.0703373 
t6         0.5504769 0.7662384 0.6157354 1.3144041 0.7945437 0.7945437 0.8864954 0.7945437 1.1586745 0.2463781 0.5716050 0.3666350 0.0000000 0.1799630 0.7126442 0.6872180 0.9913169 1.0297869 1.0297869 1.1586745 
t11        0.5716050 0.6872180 0.6626257 1.4396946 0.9547243 0.8545757 0.9198342 0.6157354 1.1132061 0.2892469 0.6388142 0.4348639 0.1799630 0.0000000 0.7389627 0.6872180 0.7945437 0.8864954 0.8545757 0.9198342 
t1         0.4714565 0.5504769 0.2746833 0.8239592 0.5504769 0.4714565 0.8864954 0.7662384 1.6785349 0.5933457 0.7662384 0.6157354 0.7126442 0.7389627 0.0000000 0.1427653 0.7945437 0.8864954 0.9198342 0.9913169 
t7         0.4172160 0.6157354 0.3040988 0.8864954 0.5099265 0.4529370 0.9913169 0.7662384 1.5901977 0.6157354 0.7126442 0.5933457 0.6872180 0.6872180 0.1427653 0.0000000 0.7662384 0.8239592 0.9913169 0.9913169 
t8         0.8239592 0.5933457 0.8864954 1.4396946 0.7126442 0.7945437 1.3144041 0.9913169 2.0310377 0.8864954 1.2070784 0.9913169 0.9913169 0.7945437 0.7945437 0.7662384 0.0000000 0.0958750 1.2070784 1.2070784 
t5         0.8545757 0.6157354 0.9547243 1.6785349 0.7389627 0.8545757 1.5901977 1.2070784 2.1983953 0.9198342 1.2070784 0.9913169 1.0297869 0.8864954 0.8864954 0.8239592 0.0958750 0.0000000 1.5111773 1.5111773 
t4         0.8864954 1.0703373 0.8545757 1.4396946 0.9913169 0.9198342 1.3144041 0.1549607 2.7182557 1.0703373 0.9198342 0.9913169 1.0297869 0.8545757 0.9198342 0.9913169 1.2070784 1.5111773 0.0000000 0.0411062 
t17        0.9547243 1.2070784 0.9198342 1.5901977 0.9547243 0.9547243 1.2588231 0.1799630 9.0000000 1.1586745 0.9913169 1.0703373 1.1586745 0.9198342 0.9913169 0.9913169 1.2070784 1.5111773 0.0411062 0.0000000 
