20
t15        0.0000000 0.9547243 1.2588231 1.5901977 2.7182557 1.0703373 1.3744361 1.2588231 1.2070784 1.8942965 1.4396946 1.2588231 1.8942965 9.0000000 1.3744361 1.2588231 1.0703373 0.9198342 1.7786835 1.7786835 
t4         0.9547243 0.0000000 0.6626257 1.5901977 1.7786835 1.1132061 1.3144041 1.1132061 0.9198342 1.1586745 1.2070784 1.1132061 2.7182557 3.2381161 2.7182557 2.0310377 0.6872180 0.6388142 1.6785349 1.7786835 
t12        1.2588231 0.6626257 0.0000000 1.3744361 1.4396946 0.9913169 1.4396946 2.0310377 1.8942965 1.7786835 1.5111773 1.4396946 9.0000000 9.0000000 2.0310377 1.8942965 0.7662384 0.7126442 2.4141569 2.7182557 
t9         1.5901977 1.5901977 1.3744361 0.0000000 1.7786835 1.5901977 1.0297869 3.2381161 2.7182557 1.3144041 1.1586745 0.8864954 9.0000000 9.0000000 1.7786835 2.0310377 1.4396946 1.3744361 1.8942965 1.7786835 
t7         2.7182557 1.7786835 1.4396946 1.7786835 0.0000000 1.5111773 9.0000000 1.6785349 1.7786835 9.0000000 2.7182557 9.0000000 9.0000000 9.0000000 1.3744361 1.4396946 1.5111773 1.4396946 9.0000000 9.0000000 
t19        1.0703373 1.1132061 0.9913169 1.5901977 1.5111773 0.0000000 1.7786835 2.4141569 1.7786835 1.6785349 3.2381161 1.7786835 9.0000000 9.0000000 1.3144041 1.4396946 0.9198342 0.8864954 3.2381161 3.2381161 
t17        1.3744361 1.3144041 1.4396946 1.0297869 9.0000000 1.7786835 0.0000000 9.0000000 9.0000000 0.4714565 0.1799630 0.3347153 3.2381161 9.0000000 2.1983953 3.2381161 1.0703373 0.9547243 9.0000000 9.0000000 
t13        1.2588231 1.1132061 2.0310377 3.2381161 1.6785349 2.4141569 9.0000000 0.0000000 0.1927838 2.7182557 1.8942965 9.0000000 2.1983953 2.1983953 0.8864954 0.8239592 1.2070784 1.2588231 1.8942965 1.6785349 
t6         1.2070784 0.9198342 1.8942965 2.7182557 1.7786835 1.7786835 9.0000000 0.1927838 0.0000000 2.4141569 2.0310377 2.7182557 2.7182557 1.8942965 0.8239592 0.7389627 1.3144041 1.3144041 1.5901977 1.5901977 
t2         1.8942965 1.1586745 1.7786835 1.3144041 9.0000000 1.6785349 0.4714565 2.7182557 2.4141569 0.0000000 0.4904449 0.5299277 1.4396946 3.2381161 2.7182557 3.2381161 1.4396946 1.2588231 1.8942965 2.0310377 
t1         1.4396946 1.2070784 1.5111773 1.1586745 2.7182557 3.2381161 0.1799630 1.8942965 2.0310377 0.4904449 0.0000000 0.2603971 9.0000000 9.0000000 3.2381161 3.2381161 1.2588231 1.1132061 9.0000000 9.0000000 
t20        1.2588231 1.1132061 1.4396946 0.8864954 9.0000000 1.7786835 0.3347153 9.0000000 2.7182557 0.5299277 0.2603971 0.0000000 3.2381161 9.0000000 9.0000000 9.0000000 1.2588231 1.1132061 2.1983953 2.4141569 
t10        1.8942965 2.7182557 9.0000000 9.0000000 9.0000000 9.0000000 3.2381161 2.1983953 2.7182557 1.4396946 9.0000000 3.2381161 0.0000000 0.6388142 2.7182557 9.0000000 9.0000000 9.0000000 0.5933457 0.5933457 
t16        9.0000000 3.2381161 9.0000000 9.0000000 9.0000000 9.0000000 9.0000000 2.1983953 1.8942965 3.2381161 9.0000000 9.0000000 0.6388142 0.0000000 1.5901977 2.7182557 9.0000000 9.0000000 0.5299277 0.5099265 
t8         1.3744361 2.7182557 2.0310377 1.7786835 1.3744361 1.3144041 2.1983953 0.8864954 0.8239592 2.7182557 3.2381161 9.0000000 2.7182557 1.5901977 0.0000000 0.1307650 1.0703373 1.0703373 2.0310377 1.8942965 
t14        1.2588231 2.0310377 1.8942965 2.0310377 1.4396946 1.4396946 3.2381161 0.8239592 0.7389627 3.2381161 3.2381161 9.0000000 9.0000000 2.7182557 0.1307650 0.0000000 1.2070784 1.2070784 1.8942965 1.7786835 
t5         1.0703373 0.6872180 0.7662384 1.4396946 1.5111773 0.9198342 1.0703373 1.2070784 1.3144041 1.4396946 1.2588231 1.2588231 9.0000000 9.0000000 1.0703373 1.2070784 0.0000000 0.0411062 1.6785349 1.7786835 
t11        0.9198342 0.6388142 0.7126442 1.3744361 1.4396946 0.8864954 0.9547243 1.2588231 1.3144041 1.2588231 1.1132061 1.1132061 9.0000000 9.0000000 1.0703373 1.2070784 0.0411062 0.0000000 1.6785349 1.7786835 
t3         1.7786835 1.6785349 2.4141569 1.8942965 9.0000000 3.2381161 9.0000000 1.8942965 1.5901977 1.8942965 9.0000000 2.1983953 0.5933457 0.5299277 2.0310377 1.8942965 1.6785349 1.6785349 0.0000000 0.0625362 
t18        1.7786835 1.7786835 2.7182557 1.7786835 9.0000000 3.2381161 9.0000000 1.6785349 1.5901977 2.0310377 9.0000000 2.4141569 0.5933457 0.5099265 1.8942965 1.7786835 1.7786835 1.7786835 0.0625362 0.0000000 
