20
t4         0.0000000 2.7182557 9.0000000 1.5111773 3.2381161 1.5901977 1.8942965 9.0000000 9.0000000 9.0000000 2.0310377 3.2381161 3.2381161 2.0310377 9.0000000 9.0000000 1.6785349 1.8942965 2.4141569 2.4141569 
t10        2.7182557 0.0000000 9.0000000 1.0297869 9.0000000 1.5901977 1.3744361 1.6785349 0.9547243 0.7126442 1.5901977 2.0310377 2.1983953 1.5901977 1.2070784 0.9913169 0.5933457 0.6872180 2.7182557 2.7182557 
t19        9.0000000 9.0000000 0.0000000 2.0310377 2.1983953 2.7182557 2.1983953 1.8942965 9.0000000 2.1983953 2.0310377 2.7182557 9.0000000 9.0000000 3.2381161 9.0000000 1.6785349 1.6785349 9.0000000 9.0000000 
t1         1.5111773 1.0297869 2.0310377 0.0000000 2.0310377 1.6785349 1.5901977 2.4141569 1.7786835 1.3744361 2.7182557 9.0000000 9.0000000 2.1983953 1.6785349 1.3144041 0.9913169 0.9198342 2.1983953 2.1983953 
t16        3.2381161 9.0000000 2.1983953 2.0310377 0.0000000 2.1983953 9.0000000 3.2381161 2.7182557 2.4141569 2.0310377 3.2381161 2.1983953 1.8942965 3.2381161 9.0000000 2.7182557 2.7182557 9.0000000 9.0000000 
t11        1.5901977 1.5901977 2.7182557 1.6785349 2.1983953 0.0000000 1.7786835 1.0297869 2.1983953 1.5111773 0.9547243 1.0703373 1.1132061 0.9913169 2.0310377 1.4396946 1.2070784 1.3144041 2.4141569 2.4141569 
t8         1.8942965 1.3744361 2.1983953 1.5901977 9.0000000 1.7786835 0.0000000 1.7786835 1.6785349 1.1132061 2.1983953 2.4141569 2.4141569 2.0310377 1.1132061 1.1586745 1.2070784 1.2588231 2.7182557 2.7182557 
t9         9.0000000 1.6785349 1.8942965 2.4141569 3.2381161 1.0297869 1.7786835 0.0000000 2.1983953 1.0703373 0.4529370 0.6157354 0.8864954 0.5099265 1.3144041 1.3744361 1.4396946 1.7786835 2.0310377 2.0310377 
t13        9.0000000 0.9547243 9.0000000 1.7786835 2.7182557 2.1983953 1.6785349 2.1983953 0.0000000 0.5099265 2.0310377 1.6785349 1.8942965 1.8942965 0.8864954 0.6626257 1.2070784 1.2588231 9.0000000 9.0000000 
t3         9.0000000 0.7126442 2.1983953 1.3744361 2.4141569 1.5111773 1.1132061 1.0703373 0.5099265 0.0000000 0.9547243 1.1132061 1.5111773 1.1132061 0.4529370 0.2326162 0.8545757 1.0297869 2.1983953 2.1983953 
t2         2.0310377 1.5901977 2.0310377 2.7182557 2.0310377 0.9547243 2.1983953 0.4529370 2.0310377 0.9547243 0.0000000 0.2892469 0.7389627 0.5099265 1.4396946 1.2070784 1.3144041 1.6785349 1.8942965 1.8942965 
t7         3.2381161 2.0310377 2.7182557 9.0000000 3.2381161 1.0703373 2.4141569 0.6157354 1.6785349 1.1132061 0.2892469 0.0000000 0.9198342 0.5716050 1.8942965 1.3744361 1.5901977 2.1983953 1.6785349 1.6785349 
t14        3.2381161 2.1983953 9.0000000 9.0000000 2.1983953 1.1132061 2.4141569 0.8864954 1.8942965 1.5111773 0.7389627 0.9198342 0.0000000 0.3347153 1.5901977 2.4141569 1.3144041 1.5901977 1.5111773 1.5111773 
t5         2.0310377 1.5901977 9.0000000 2.1983953 1.8942965 0.9913169 2.0310377 0.5099265 1.8942965 1.1132061 0.5099265 0.5716050 0.3347153 0.0000000 1.3144041 1.5111773 1.5901977 2.0310377 1.4396946 1.4396946 
t15        9.0000000 1.2070784 3.2381161 1.6785349 3.2381161 2.0310377 1.1132061 1.3144041 0.8864954 0.4529370 1.4396946 1.8942965 1.5901977 1.3144041 0.0000000 0.3040988 1.4396946 1.1586745 2.4141569 2.4141569 
t18        9.0000000 0.9913169 9.0000000 1.3144041 9.0000000 1.4396946 1.1586745 1.3744361 0.6626257 0.2326162 1.2070784 1.3744361 2.4141569 1.5111773 0.3040988 0.0000000 1.1132061 1.1132061 2.0310377 2.0310377 
t6         1.6785349 0.5933457 1.6785349 0.9913169 2.7182557 1.2070784 1.2070784 1.4396946 1.2070784 0.8545757 1.3144041 1.5901977 1.3144041 1.5901977 1.4396946 1.1132061 0.0000000 0.1189538 9.0000000 9.0000000 
t17        1.8942965 0.6872180 1.6785349 0.9198342 2.7182557 1.3144041 1.2588231 1.7786835 1.2588231 1.0297869 1.6785349 2.1983953 1.5901977 2.0310377 1.1586745 1.1132061 0.1189538 0.0000000 9.0000000 9.0000000 
t20        2.4141569 2.7182557 9.0000000 2.1983953 9.0000000 2.4141569 2.7182557 2.0310377 9.0000000 2.1983953 1.8942965 1.6785349 1.5111773 1.4396946 2.4141569 2.0310377 9.0000000 9.0000000 0.0000000 0.0000010 
t12        2.4141569 2.7182557 9.0000000 2.1983953 9.0000000 2.4141569 2.7182557 2.0310377 9.0000000 2.1983953 1.8942965 1.6785349 1.5111773 1.4396946 2.4141569 2.0310377 9.0000000 9.0000000 0.0000010 0.0000000 
