20
t8         0.0000000 0.1927838 1.3144041 0.5716050 0.2746833 0.4904449 0.2746833 1.1132061 0.4172160 0.3505054 1.0297869 1.1132061 0.5504769 0.5504769 1.3144041 1.2588231 0.2746833 0.2746833 0.3505054 0.3505054 
t2         0.1927838 0.0000000 1.1132061 0.6157354 0.1427653 0.3505054 0.1927838 1.3144041 0.3192509 0.2746833 1.0703373 1.0297869 0.5933457 0.6388142 1.2588231 1.2070784 0.1307650 0.1427653 0.2746833 0.2746833 
t19        1.3144041 1.1132061 0.0000000 3.2381161 1.0297869 1.3144041 1.1132061 9.0000000 1.1586745 0.9913169 9.0000000 1.7786835 2.1983953 2.7182557 0.1673577 0.1549607 1.1132061 1.0703373 1.0703373 1.0703373 
t11        0.5716050 0.6157354 3.2381161 0.0000000 0.7126442 0.9913169 0.7389627 0.5716050 0.9198342 0.7945437 0.3192509 0.6157354 0.1927838 0.2191023 1.8942965 1.8942965 0.7126442 0.7126442 0.8239592 0.8239592 
t18        0.2746833 0.1427653 1.0297869 0.7126442 0.0000000 0.3999739 0.3505054 1.4396946 0.3999739 0.4172160 1.2588231 1.1586745 0.6626257 0.7126442 1.2070784 1.1586745 0.2746833 0.2746833 0.4529370 0.4529370 
t5         0.4904449 0.3505054 1.3144041 0.9913169 0.3999739 0.0000000 0.5099265 1.5111773 0.6388142 0.5716050 1.3744361 1.3144041 0.9913169 1.0703373 1.2588231 1.2070784 0.5099265 0.4904449 0.6157354 0.6157354 
t7         0.2746833 0.1927838 1.1132061 0.7389627 0.3505054 0.5099265 0.0000000 1.2070784 0.1673577 0.1189538 1.3144041 1.3744361 0.6872180 0.7126442 1.2070784 1.1586745 0.2603971 0.2746833 0.1307650 0.1307650 
t14        1.1132061 1.3144041 9.0000000 0.5716050 1.4396946 1.5111773 1.2070784 0.0000000 1.4396946 1.3144041 0.8864954 1.3744361 0.5933457 0.6157354 3.2381161 3.2381161 1.3144041 1.3144041 1.2588231 1.2588231 
t10        0.4172160 0.3192509 1.1586745 0.9198342 0.3999739 0.6388142 0.1673577 1.4396946 0.0000000 0.1799630 1.7786835 1.5111773 0.7945437 0.8239592 1.2588231 1.2070784 0.3831192 0.3999739 0.1927838 0.1927838 
t13        0.3505054 0.2746833 0.9913169 0.7945437 0.4172160 0.5716050 0.1189538 1.3144041 0.1799630 0.0000000 1.3144041 1.0703373 0.7389627 0.7662384 1.1132061 1.0703373 0.3192509 0.3040988 0.1427653 0.1427653 
t3         1.0297869 1.0703373 9.0000000 0.3192509 1.2588231 1.3744361 1.3144041 0.8864954 1.7786835 1.3144041 0.0000000 0.6626257 0.5099265 0.5504769 2.0310377 2.0310377 1.1132061 1.1132061 1.4396946 1.4396946 
t17        1.1132061 1.0297869 1.7786835 0.6157354 1.1586745 1.3144041 1.3744361 1.3744361 1.5111773 1.0703373 0.6626257 0.0000000 0.7389627 0.7945437 1.7786835 1.7786835 1.1586745 1.1586745 1.3144041 1.3144041 
t4         0.5504769 0.5933457 2.1983953 0.1927838 0.6626257 0.9913169 0.6872180 0.5933457 0.7945437 0.7389627 0.5099265 0.7389627 0.0000000 0.0202715 1.8942965 1.8942965 0.7389627 0.7389627 0.7126442 0.7126442 
t1         0.5504769 0.6388142 2.7182557 0.2191023 0.7126442 1.0703373 0.7126442 0.6157354 0.8239592 0.7662384 0.5504769 0.7945437 0.0202715 0.0000000 2.1983953 2.1983953 0.7389627 0.7389627 0.7389627 0.7389627 
t12        1.3144041 1.2588231 0.1673577 1.8942965 1.2070784 1.2588231 1.2070784 3.2381161 1.2588231 1.1132061 2.0310377 1.7786835 1.8942965 2.1983953 0.0000000 0.0100673 1.1586745 1.1132061 1.0703373 1.0703373 
t16        1.2588231 1.2070784 0.1549607 1.8942965 1.1586745 1.2070784 1.1586745 3.2381161 1.2070784 1.0703373 2.0310377 1.7786835 1.8942965 2.1983953 0.0100673 0.0000000 1.1132061 1.0703373 1.0297869 1.0297869 
t15        0.2746833 0.1307650 1.1132061 0.7126442 0.2746833 0.5099265 0.2603971 1.3144041 0.3831192 0.3192509 1.1132061 1.1586745 0.7389627 0.7389627 1.1586745 1.1132061 0.0000000 0.0100673 0.3040988 0.3040988 
t6         0.2746833 0.1427653 1.0703373 0.7126442 0.2746833 0.4904449 0.2746833 1.3144041 0.3999739 0.3040988 1.1132061 1.1586745 0.7389627 0.7389627 1.1132061 1.0703373 0.0100673 0.0000000 0.3192509 0.3192509 
t20        0.3505054 0.2746833 1.0703373 0.8239592 0.4529370 0.6157354 0.1307650 1.2588231 0.1927838 0.1427653 1.4396946 1.3144041 0.7126442 0.7389627 1.0703373 1.0297869 0.3040988 0.3192509 0.0000000 0.0000010 
t9         0.3505054 0.2746833 1.0703373 0.8239592 0.4529370 0.6157354 0.1307650 1.2588231 0.1927838 0.1427653 1.4396946 1.3144041 0.7126442 0.7389627 1.0703373 1.0297869 0.3040988 0.3192509 0.0000010 0.0000000 
