20
t2         0.0000000 1.4396946 1.6785349 1.1132061 2.0310377 9.0000000 9.0000000 1.5111773 2.0310377 1.1132061 1.0703373 1.5901977 1.6785349 1.8942965 1.4396946 1.2588231 9.0000000 9.0000000 1.5901977 1.7786835 
t3         1.4396946 0.0000000 2.1983953 1.2070784 9.0000000 2.1983953 9.0000000 1.1132061 1.6785349 1.0703373 0.9913169 1.5901977 1.1132061 1.1132061 1.1132061 1.3744361 9.0000000 9.0000000 1.5901977 1.5901977 
t1         1.6785349 2.1983953 0.0000000 1.5901977 2.0310377 1.5111773 9.0000000 2.4141569 2.7182557 9.0000000 2.0310377 2.7182557 1.8942965 1.3744361 1.8942965 2.4141569 9.0000000 2.4141569 9.0000000 9.0000000 
t10        1.1132061 1.2070784 1.5901977 0.0000000 2.4141569 2.4141569 2.1983953 0.6872180 2.0310377 0.5933457 0.5504769 1.5111773 1.0703373 1.1132061 1.2588231 1.0703373 1.4396946 1.3744361 1.4396946 2.0310377 
t9         2.0310377 9.0000000 2.0310377 2.4141569 0.0000000 2.7182557 2.0310377 9.0000000 9.0000000 9.0000000 9.0000000 3.2381161 2.4141569 2.4141569 1.7786835 1.3144041 9.0000000 9.0000000 3.2381161 9.0000000 
t5         9.0000000 2.1983953 1.5111773 2.4141569 2.7182557 0.0000000 9.0000000 1.5111773 2.1983953 9.0000000 2.1983953 9.0000000 2.7182557 2.4141569 1.7786835 1.7786835 9.0000000 9.0000000 9.0000000 9.0000000 
t8         9.0000000 9.0000000 9.0000000 2.1983953 2.0310377 9.0000000 0.0000000 1.8942965 2.7182557 3.2381161 9.0000000 1.7786835 9.0000000 9.0000000 9.0000000 9.0000000 9.0000000 9.0000000 3.2381161 9.0000000 
t14        1.5111773 1.1132061 2.4141569 0.6872180 9.0000000 1.5111773 1.8942965 0.0000000 1.5901977 0.8239592 0.7126442 1.2070784 1.0297869 1.0297869 1.2070784 1.1132061 1.3744361 1.3144041 1.6785349 2.4141569 
t19        2.0310377 1.6785349 2.7182557 2.0310377 9.0000000 2.1983953 2.7182557 1.5901977 0.0000000 1.3144041 1.3144041 2.0310377 1.5111773 1.7786835 0.7389627 0.8545757 1.2070784 1.4396946 2.0310377 1.8942965 
t20        1.1132061 1.0703373 9.0000000 0.5933457 9.0000000 9.0000000 3.2381161 0.8239592 1.3144041 0.0000000 0.1673577 1.3744361 0.9547243 0.9913169 0.8864954 0.9198342 1.6785349 1.3744361 1.2588231 1.3744361 
t11        1.0703373 0.9913169 2.0310377 0.5504769 9.0000000 2.1983953 9.0000000 0.7126442 1.3144041 0.1673577 0.0000000 1.3744361 0.9198342 0.9547243 0.7389627 0.7945437 2.1983953 1.4396946 1.3744361 1.5111773 
t7         1.5901977 1.5901977 2.7182557 1.5111773 3.2381161 9.0000000 1.7786835 1.2070784 2.0310377 1.3744361 1.3744361 0.0000000 1.7786835 1.7786835 1.5901977 1.5901977 1.8942965 1.6785349 0.2058276 0.3505054 
t12        1.6785349 1.1132061 1.8942965 1.0703373 2.4141569 2.7182557 9.0000000 1.0297869 1.5111773 0.9547243 0.9198342 1.7786835 0.0000000 0.2603971 1.1586745 1.3144041 1.6785349 1.8942965 2.0310377 2.4141569 
t6         1.8942965 1.1132061 1.3744361 1.1132061 2.4141569 2.4141569 9.0000000 1.0297869 1.7786835 0.9913169 0.9547243 1.7786835 0.2603971 0.0000000 1.5111773 1.5901977 2.0310377 1.8942965 2.0310377 3.2381161 
t17        1.4396946 1.1132061 1.8942965 1.2588231 1.7786835 1.7786835 9.0000000 1.2070784 0.7389627 0.8864954 0.7389627 1.5901977 1.1586745 1.5111773 0.0000000 0.2326162 2.1983953 1.5901977 1.3144041 1.6785349 
t18        1.2588231 1.3744361 2.4141569 1.0703373 1.3144041 1.7786835 9.0000000 1.1132061 0.8545757 0.9198342 0.7945437 1.5901977 1.3144041 1.5901977 0.2326162 0.0000000 2.4141569 1.8942965 1.4396946 1.8942965 
t16        9.0000000 9.0000000 9.0000000 1.4396946 9.0000000 9.0000000 9.0000000 1.3744361 1.2070784 1.6785349 2.1983953 1.8942965 1.6785349 2.0310377 2.1983953 2.4141569 0.0000000 0.3999739 2.4141569 2.1983953 
t13        9.0000000 9.0000000 2.4141569 1.3744361 9.0000000 9.0000000 9.0000000 1.3144041 1.4396946 1.3744361 1.4396946 1.6785349 1.8942965 1.8942965 1.5901977 1.8942965 0.3999739 0.0000000 1.4396946 1.6785349 
t15        1.5901977 1.5901977 9.0000000 1.4396946 3.2381161 9.0000000 3.2381161 1.6785349 2.0310377 1.2588231 1.3744361 0.2058276 2.0310377 2.0310377 1.3144041 1.4396946 2.4141569 1.4396946 0.0000000 0.2058276 
t4         1.7786835 1.5901977 9.0000000 2.0310377 9.0000000 9.0000000 9.0000000 2.4141569 1.8942965 1.3744361 1.5111773 0.3505054 2.4141569 3.2381161 1.6785349 1.8942965 2.1983953 1.6785349 0.2058276 0.0000000 
