20
t15        0.0000000 0.8864954 0.9547243 0.8545757 0.8864954 0.7662384 1.0297869 0.9198342 1.0297869 0.9198342 1.0297869 0.8545757 0.9913169 0.9198342 1.0297869 1.1586745 1.0703373 0.7945437 0.9198342 0.9198342 
t14        0.8864954 0.0000000 0.5933457 0.6157354 0.8545757 1.1132061 1.2070784 0.8864954 1.1132061 1.3744361 1.0703373 0.9547243 0.9913169 0.9913169 1.1132061 1.3744361 1.3744361 1.2588231 1.5901977 1.6785349 
t3         0.9547243 0.5933457 0.0000000 0.6626257 0.6626257 1.0703373 1.0297869 1.0703373 1.2070784 0.9913169 1.1586745 0.9547243 1.0297869 1.4396946 1.2070784 1.2588231 1.2070784 1.1132061 1.4396946 1.4396946 
t10        0.8545757 0.6157354 0.6626257 0.0000000 0.4904449 1.0703373 0.9198342 0.9547243 1.2588231 0.8864954 0.8545757 0.9913169 0.9547243 1.0297869 1.0703373 1.2070784 1.1586745 1.0297869 1.5901977 1.6785349 
t18        0.8864954 0.8545757 0.6626257 0.4904449 0.0000000 0.9198342 0.6388142 0.9547243 1.4396946 1.1586745 0.6872180 0.9913169 0.9198342 0.8545757 0.9198342 1.0703373 1.0297869 1.4396946 1.8942965 1.7786835 
t9         0.7662384 1.1132061 1.0703373 1.0703373 0.9198342 0.0000000 0.8545757 1.3744361 1.0703373 1.5111773 1.1132061 0.9913169 0.9913169 1.1132061 1.1586745 1.0297869 0.9547243 1.1132061 1.2070784 1.1132061 
t1         1.0297869 1.2070784 1.0297869 0.9198342 0.6388142 0.8545757 0.0000000 1.3144041 1.1132061 1.0297869 0.9547243 1.1132061 1.2070784 1.0297869 1.0297869 0.9198342 0.9547243 1.5901977 1.5111773 1.4396946 
t19        0.9198342 0.8864954 1.0703373 0.9547243 0.9547243 1.3744361 1.3144041 0.0000000 1.1132061 1.0703373 0.7389627 0.8864954 1.0297869 0.6872180 0.7126442 1.0297869 1.0297869 1.2588231 1.1132061 1.2588231 
t11        1.0297869 1.1132061 1.2070784 1.2588231 1.4396946 1.0703373 1.1132061 1.1132061 0.0000000 1.2070784 0.9913169 0.4529370 0.4714565 1.0703373 1.1132061 1.1132061 1.1132061 1.1586745 1.3744361 1.2588231 
t13        0.9198342 1.3744361 0.9913169 0.8864954 1.1586745 1.5111773 1.0297869 1.0703373 1.2070784 0.0000000 1.1132061 1.1132061 1.3144041 1.3144041 1.1586745 1.2070784 1.2588231 0.5716050 0.6388142 0.5933457 
t6         1.0297869 1.0703373 1.1586745 0.8545757 0.6872180 1.1132061 0.9547243 0.7389627 0.9913169 1.1132061 0.0000000 0.8864954 0.8545757 0.4529370 0.4172160 0.9547243 0.9913169 0.9198342 1.0297869 0.9198342 
t16        0.8545757 0.9547243 0.9547243 0.9913169 0.9913169 0.9913169 1.1132061 0.8864954 0.4529370 1.1132061 0.8864954 0.0000000 0.2326162 0.9198342 0.7945437 0.9198342 0.8864954 1.1586745 1.2588231 1.3144041 
t4         0.9913169 0.9913169 1.0297869 0.9547243 0.9198342 0.9913169 1.2070784 1.0297869 0.4714565 1.3144041 0.8545757 0.2326162 0.0000000 0.9547243 0.8864954 0.8545757 0.8864954 1.1586745 1.1586745 1.1586745 
t17        0.9198342 0.9913169 1.4396946 1.0297869 0.8545757 1.1132061 1.0297869 0.6872180 1.0703373 1.3144041 0.4529370 0.9198342 0.9547243 0.0000000 0.3831192 1.3144041 1.4396946 1.2070784 1.2588231 1.2070784 
t12        1.0297869 1.1132061 1.2070784 1.0703373 0.9198342 1.1586745 1.0297869 0.7126442 1.1132061 1.1586745 0.4172160 0.7945437 0.8864954 0.3831192 0.0000000 1.0297869 1.0703373 1.2070784 1.2070784 1.1586745 
t2         1.1586745 1.3744361 1.2588231 1.2070784 1.0703373 1.0297869 0.9198342 1.0297869 1.1132061 1.2070784 0.9547243 0.9198342 0.8545757 1.3144041 1.0297869 0.0000000 0.0958750 1.3144041 1.1132061 1.1586745 
t7         1.0703373 1.3744361 1.2070784 1.1586745 1.0297869 0.9547243 0.9547243 1.0297869 1.1132061 1.2588231 0.9913169 0.8864954 0.8864954 1.4396946 1.0703373 0.0958750 0.0000000 1.1132061 1.0297869 1.0703373 
t20        0.7945437 1.2588231 1.1132061 1.0297869 1.4396946 1.1132061 1.5901977 1.2588231 1.1586745 0.5716050 0.9198342 1.1586745 1.1586745 1.2070784 1.2070784 1.3144041 1.1132061 0.0000000 0.2892469 0.2746833 
t8         0.9198342 1.5901977 1.4396946 1.5901977 1.8942965 1.2070784 1.5111773 1.1132061 1.3744361 0.6388142 1.0297869 1.2588231 1.1586745 1.2588231 1.2070784 1.1132061 1.0297869 0.2892469 0.0000000 0.0845966 
t5         0.9198342 1.6785349 1.4396946 1.6785349 1.7786835 1.1132061 1.4396946 1.2588231 1.2588231 0.5933457 0.9198342 1.3144041 1.1586745 1.2070784 1.1586745 1.1586745 1.0703373 0.2746833 0.0845966 0.0000000 
