20
t19        0.0000000 0.9547243 0.7126442 0.6388142 0.9547243 0.8545757 0.8239592 0.9913169 1.1132061 1.2070784 0.7945437 1.8942965 1.5901977 0.9547243 0.8545757 1.1132061 1.0703373 1.0297869 2.1983953 2.7182557 
t6         0.9547243 0.0000000 0.8545757 0.6872180 0.9547243 1.1132061 0.9547243 1.2588231 1.1586745 0.9198342 0.8239592 1.5111773 1.6785349 0.9547243 0.9547243 1.0703373 1.2070784 1.1586745 1.6785349 1.6785349 
t20        0.7126442 0.8545757 0.0000000 0.3192509 0.4904449 0.4348639 0.4714565 0.4348639 0.6388142 0.5716050 0.4172160 0.5299277 0.7126442 0.4904449 0.5099265 0.7662384 0.7945437 0.7662384 1.4396946 1.5111773 
t7         0.6388142 0.6872180 0.3192509 0.0000000 0.3999739 0.4529370 0.4348639 0.4529370 0.6388142 0.5933457 0.2892469 0.6626257 0.8545757 0.3831192 0.3505054 0.7662384 0.7389627 0.7126442 1.1132061 1.1586745 
t17        0.9547243 0.9547243 0.4904449 0.3999739 0.0000000 0.6388142 0.7126442 0.7126442 0.8864954 0.9547243 0.6626257 1.0297869 0.9913169 0.6626257 0.6157354 0.8545757 0.8239592 0.8545757 1.2588231 1.3144041 
t15        0.8545757 1.1132061 0.4348639 0.4529370 0.6388142 0.0000000 0.1673577 0.7389627 0.7389627 0.7126442 0.6388142 0.8864954 0.7662384 0.6388142 0.7389627 0.9198342 0.8545757 0.8545757 1.3744361 1.5111773 
t2         0.8239592 0.9547243 0.4714565 0.4348639 0.7126442 0.1673577 0.0000000 0.7945437 0.8545757 0.7662384 0.6626257 0.9547243 0.8864954 0.7126442 0.7662384 0.9198342 0.8545757 0.8545757 1.6785349 1.8942965 
t5         0.9913169 1.2588231 0.4348639 0.4529370 0.7126442 0.7389627 0.7945437 0.0000000 0.4714565 0.5299277 0.4348639 0.9547243 0.9198342 0.5504769 0.5099265 0.9198342 0.8545757 0.8239592 1.5111773 1.4396946 
t1         1.1132061 1.1586745 0.6388142 0.6388142 0.8864954 0.7389627 0.8545757 0.4714565 0.0000000 0.5099265 0.6388142 1.0297869 1.0297869 0.6872180 0.7389627 1.1586745 0.9913169 1.0297869 1.8942965 2.0310377 
t12        1.2070784 0.9198342 0.5716050 0.5933457 0.9547243 0.7126442 0.7662384 0.5299277 0.5099265 0.0000000 0.6388142 1.0297869 1.1586745 0.6626257 0.6872180 1.1132061 1.1132061 1.1132061 1.1132061 1.0703373 
t18        0.7945437 0.8239592 0.4172160 0.2892469 0.6626257 0.6388142 0.6626257 0.4348639 0.6388142 0.6388142 0.0000000 0.9547243 1.1132061 0.1189538 0.0845966 0.8545757 0.8239592 0.7945437 1.5901977 1.5901977 
t4         1.8942965 1.5111773 0.5299277 0.6626257 1.0297869 0.8864954 0.9547243 0.9547243 1.0297869 1.0297869 0.9547243 0.0000000 0.4172160 1.0297869 0.9913169 1.2070784 1.2070784 1.1586745 9.0000000 9.0000000 
t11        1.5901977 1.6785349 0.7126442 0.8545757 0.9913169 0.7662384 0.8864954 0.9198342 1.0297869 1.1586745 1.1132061 0.4172160 0.0000000 1.0703373 1.0297869 1.4396946 1.5111773 1.4396946 3.2381161 9.0000000 
t14        0.9547243 0.9547243 0.4904449 0.3831192 0.6626257 0.6388142 0.7126442 0.5504769 0.6872180 0.6626257 0.1189538 1.0297869 1.0703373 0.0000000 0.1673577 1.0297869 0.9913169 0.9913169 1.3744361 1.3744361 
t10        0.8545757 0.9547243 0.5099265 0.3505054 0.6157354 0.7389627 0.7662384 0.5099265 0.7389627 0.6872180 0.0845966 0.9913169 1.0297869 0.1673577 0.0000000 0.8864954 0.8545757 0.8239592 1.6785349 1.6785349 
t16        1.1132061 1.0703373 0.7662384 0.7662384 0.8545757 0.9198342 0.9198342 0.9198342 1.1586745 1.1132061 0.8545757 1.2070784 1.4396946 1.0297869 0.8864954 0.0000000 0.0625362 0.0517447 3.2381161 2.7182557 
t8         1.0703373 1.2070784 0.7945437 0.7389627 0.8239592 0.8545757 0.8545757 0.8545757 0.9913169 1.1132061 0.8239592 1.2070784 1.5111773 0.9913169 0.8545757 0.0625362 0.0000000 0.0100673 9.0000000 9.0000000 
t9         1.0297869 1.1586745 0.7662384 0.7126442 0.8545757 0.8545757 0.8545757 0.8239592 1.0297869 1.1132061 0.7945437 1.1586745 1.4396946 0.9913169 0.8239592 0.0517447 0.0100673 0.0000000 9.0000000 9.0000000 
t3         2.1983953 1.6785349 1.4396946 1.1132061 1.2588231 1.3744361 1.6785349 1.5111773 1.8942965 1.1132061 1.5901977 9.0000000 3.2381161 1.3744361 1.6785349 3.2381161 9.0000000 9.0000000 0.0000000 0.0306165 
t13        2.7182557 1.6785349 1.5111773 1.1586745 1.3144041 1.5111773 1.8942965 1.4396946 2.0310377 1.0703373 1.5901977 9.0000000 9.0000000 1.3744361 1.6785349 2.7182557 9.0000000 9.0000000 0.0306165 0.0000000 
