20
t12        0.0000000 1.7786835 1.0703373 1.2070784 0.9198342 1.1586745 1.5111773 1.4396946 1.6785349 0.8545757 1.1586745 1.6785349 1.7786835 1.5111773 1.3144041 2.1983953 1.5901977 1.7786835 1.0297869 1.0297869 
t6         1.7786835 0.0000000 9.0000000 1.7786835 1.7786835 1.7786835 2.7182557 2.7182557 2.7182557 1.5901977 2.0310377 1.4396946 3.2381161 2.1983953 1.8942965 1.8942965 2.7182557 1.8942965 1.8942965 2.0310377 
t19        1.0703373 9.0000000 0.0000000 0.5099265 0.9198342 0.6872180 0.9198342 1.2070784 1.4396946 0.8864954 1.0703373 1.0297869 1.0703373 0.9913169 0.9547243 1.1132061 1.2588231 1.5111773 0.6872180 0.7662384 
t17        1.2070784 1.7786835 0.5099265 0.0000000 1.1132061 0.7662384 1.0703373 1.2070784 1.5901977 1.3744361 1.2588231 1.1132061 1.1586745 1.1586745 1.2588231 1.5111773 1.4396946 1.7786835 0.7945437 0.9913169 
t18        0.9198342 1.7786835 0.9198342 1.1132061 0.0000000 0.5716050 0.7945437 0.7662384 1.3744361 0.2892469 0.4172160 0.9198342 0.8239592 0.7389627 0.8239592 1.1132061 0.9913169 1.0297869 0.9913169 1.0297869 
t16        1.1586745 1.7786835 0.6872180 0.7662384 0.5716050 0.0000000 0.5504769 0.9913169 1.1586745 0.6626257 0.8545757 0.8864954 0.8545757 0.7389627 0.8864954 0.9547243 1.1586745 1.5111773 0.9547243 0.9547243 
t9         1.5111773 2.7182557 0.9198342 1.0703373 0.7945437 0.5504769 0.0000000 0.9547243 1.3744361 0.9198342 0.8864954 1.1132061 0.9198342 0.9198342 1.0297869 0.9913169 1.2588231 1.3744361 1.1586745 1.1586745 
t14        1.4396946 2.7182557 1.2070784 1.2070784 0.7662384 0.9913169 0.9547243 0.0000000 1.6785349 0.7389627 0.9547243 1.4396946 1.1132061 1.0703373 1.0297869 1.3144041 0.4529370 0.4529370 1.1132061 0.9913169 
t5         1.6785349 2.7182557 1.4396946 1.5901977 1.3744361 1.1586745 1.3744361 1.6785349 0.0000000 1.3144041 1.3144041 0.4714565 0.7945437 0.7126442 0.4714565 0.6388142 1.5111773 2.1983953 0.9913169 0.9547243 
t11        0.8545757 1.5901977 0.8864954 1.3744361 0.2892469 0.6626257 0.9198342 0.7389627 1.3144041 0.0000000 0.2892469 0.9547243 0.7945437 0.7126442 0.9198342 1.1586745 0.9198342 0.8864954 0.8239592 0.8864954 
t20        1.1586745 2.0310377 1.0703373 1.2588231 0.4172160 0.8545757 0.8864954 0.9547243 1.3144041 0.2892469 0.0000000 0.9913169 0.9198342 0.8545757 0.9198342 1.2588231 1.2588231 1.0703373 1.1132061 1.3144041 
t7         1.6785349 1.4396946 1.0297869 1.1132061 0.9198342 0.8864954 1.1132061 1.4396946 0.4714565 0.9547243 0.9913169 0.0000000 0.5299277 0.4529370 0.2603971 0.3040988 1.2588231 1.6785349 1.0297869 1.0703373 
t3         1.7786835 3.2381161 1.0703373 1.1586745 0.8239592 0.8545757 0.9198342 1.1132061 0.7945437 0.7945437 0.9198342 0.5299277 0.0000000 0.1549607 0.4904449 0.5299277 1.2070784 1.2588231 1.0297869 0.9547243 
t4         1.5111773 2.1983953 0.9913169 1.1586745 0.7389627 0.7389627 0.9198342 1.0703373 0.7126442 0.7126442 0.8545757 0.4529370 0.1549607 0.0000000 0.4348639 0.5299277 1.0703373 1.2588231 0.9198342 0.9547243 
t8         1.3144041 1.8942965 0.9547243 1.2588231 0.8239592 0.8864954 1.0297869 1.0297869 0.4714565 0.9198342 0.9198342 0.2603971 0.4904449 0.4348639 0.0000000 0.1927838 1.0703373 1.2070784 1.0703373 1.1132061 
t1         2.1983953 1.8942965 1.1132061 1.5111773 1.1132061 0.9547243 0.9913169 1.3144041 0.6388142 1.1586745 1.2588231 0.3040988 0.5299277 0.5299277 0.1927838 0.0000000 1.1132061 1.3744361 1.3144041 1.3744361 
t15        1.5901977 2.7182557 1.2588231 1.4396946 0.9913169 1.1586745 1.2588231 0.4529370 1.5111773 0.9198342 1.2588231 1.2588231 1.2070784 1.0703373 1.0703373 1.1132061 0.0000000 0.3192509 1.2588231 1.0297869 
t2         1.7786835 1.8942965 1.5111773 1.7786835 1.0297869 1.5111773 1.3744361 0.4529370 2.1983953 0.8864954 1.0703373 1.6785349 1.2588231 1.2588231 1.2070784 1.3744361 0.3192509 0.0000000 1.4396946 1.1132061 
t13        1.0297869 1.8942965 0.6872180 0.7945437 0.9913169 0.9547243 1.1586745 1.1132061 0.9913169 0.8239592 1.1132061 1.0297869 1.0297869 0.9198342 1.0703373 1.3144041 1.2588231 1.4396946 0.0000000 0.2463781 
t10        1.0297869 2.0310377 0.7662384 0.9913169 1.0297869 0.9547243 1.1586745 0.9913169 0.9547243 0.8864954 1.3144041 1.0703373 0.9547243 0.9547243 1.1132061 1.3744361 1.0297869 1.1132061 0.2463781 0.0000000 
