20
t12        0.0000000 1.2070784 2.7182557 1.4396946 1.5111773 1.3744361 1.4396946 1.8942965 1.6785349 2.1983953 1.3744361 1.1586745 1.3744361 1.5901977 1.5901977 1.3144041 1.6785349 1.3744361 1.5111773 1.7786835 
t10        1.2070784 0.0000000 2.0310377 1.1132061 1.5901977 1.3144041 1.3144041 2.1983953 2.1983953 9.0000000 1.2070784 1.0703373 1.0703373 1.6785349 1.3144041 1.5901977 1.3144041 1.6785349 2.7182557 3.2381161 
t6         2.7182557 2.0310377 0.0000000 1.3744361 1.5111773 1.7786835 1.8942965 2.0310377 1.3144041 1.3144041 1.2588231 1.0297869 1.1132061 1.2588231 1.0703373 2.7182557 1.2070784 1.3744361 1.4396946 1.3744361 
t13        1.4396946 1.1132061 1.3744361 0.0000000 1.1586745 0.8864954 1.3144041 1.1586745 2.4141569 1.8942965 0.6626257 0.6388142 0.7945437 0.7945437 0.7945437 0.7662384 0.7945437 0.7126442 2.0310377 1.5901977 
t19        1.5111773 1.5901977 1.5111773 1.1586745 0.0000000 0.6872180 2.7182557 2.1983953 1.5111773 1.1586745 1.2070784 1.1586745 1.2588231 1.7786835 1.3744361 1.3144041 1.3744361 1.2588231 1.7786835 1.7786835 
t18        1.3744361 1.3144041 1.7786835 0.8864954 0.6872180 0.0000000 1.6785349 1.5111773 1.7786835 1.2070784 1.2070784 0.9913169 1.0297869 1.0297869 1.1132061 1.2070784 1.2588231 1.2588231 1.7786835 1.6785349 
t14        1.4396946 1.3144041 1.8942965 1.3144041 2.7182557 1.6785349 0.0000000 0.7126442 2.0310377 2.1983953 1.3744361 1.3744361 2.1983953 1.5901977 1.8942965 1.3144041 2.0310377 1.8942965 1.5111773 1.7786835 
t20        1.8942965 2.1983953 2.0310377 1.1586745 2.1983953 1.5111773 0.7126442 0.0000000 2.0310377 1.5901977 1.5901977 1.5111773 1.8942965 1.6785349 2.1983953 1.5901977 1.6785349 1.6785349 9.0000000 9.0000000 
t1         1.6785349 2.1983953 1.3144041 2.4141569 1.5111773 1.7786835 2.0310377 2.0310377 0.0000000 0.5933457 1.6785349 2.1983953 1.6785349 9.0000000 3.2381161 9.0000000 9.0000000 9.0000000 1.5901977 1.7786835 
t17        2.1983953 9.0000000 1.3144041 1.8942965 1.1586745 1.2070784 2.1983953 1.5901977 0.5933457 0.0000000 1.8942965 1.7786835 1.5901977 1.8942965 1.8942965 2.0310377 2.1983953 2.4141569 1.3144041 1.3744361 
t5         1.3744361 1.2070784 1.2588231 0.6626257 1.2070784 1.2070784 1.3744361 1.5901977 1.6785349 1.8942965 0.0000000 0.3999739 0.6157354 0.9198342 0.6388142 0.8545757 0.8864954 0.8239592 3.2381161 2.4141569 
t9         1.1586745 1.0703373 1.0297869 0.6388142 1.1586745 0.9913169 1.3744361 1.5111773 2.1983953 1.7786835 0.3999739 0.0000000 0.5933457 0.6157354 0.5504769 0.6388142 0.5716050 0.4904449 2.0310377 2.0310377 
t4         1.3744361 1.0703373 1.1132061 0.7945437 1.2588231 1.0297869 2.1983953 1.8942965 1.6785349 1.5901977 0.6157354 0.5933457 0.0000000 0.5299277 0.3831192 0.9198342 0.6872180 0.7126442 2.7182557 2.0310377 
t2         1.5901977 1.6785349 1.2588231 0.7945437 1.7786835 1.0297869 1.5901977 1.6785349 9.0000000 1.8942965 0.9198342 0.6157354 0.5299277 0.0000000 0.4348639 0.8545757 0.7662384 0.7389627 9.0000000 3.2381161 
t15        1.5901977 1.3144041 1.0703373 0.7945437 1.3744361 1.1132061 1.8942965 2.1983953 3.2381161 1.8942965 0.6388142 0.5504769 0.3831192 0.4348639 0.0000000 0.8239592 0.6157354 0.5933457 1.8942965 1.5901977 
t16        1.3144041 1.5901977 2.7182557 0.7662384 1.3144041 1.2070784 1.3144041 1.5901977 9.0000000 2.0310377 0.8545757 0.6388142 0.9198342 0.8545757 0.8239592 0.0000000 0.4529370 0.3666350 1.5901977 1.6785349 
t11        1.6785349 1.3144041 1.2070784 0.7945437 1.3744361 1.2588231 2.0310377 1.6785349 9.0000000 2.1983953 0.8864954 0.5716050 0.6872180 0.7662384 0.6157354 0.4529370 0.0000000 0.1073256 1.8942965 1.7786835 
t8         1.3744361 1.6785349 1.3744361 0.7126442 1.2588231 1.2588231 1.8942965 1.6785349 9.0000000 2.4141569 0.8239592 0.4904449 0.7126442 0.7389627 0.5933457 0.3666350 0.1073256 0.0000000 1.8942965 1.7786835 
t3         1.5111773 2.7182557 1.4396946 2.0310377 1.7786835 1.7786835 1.5111773 9.0000000 1.5901977 1.3144041 3.2381161 2.0310377 2.7182557 9.0000000 1.8942965 1.5901977 1.8942965 1.8942965 0.0000000 0.0625362 
t7         1.7786835 3.2381161 1.3744361 1.5901977 1.7786835 1.6785349 1.7786835 9.0000000 1.7786835 1.3744361 2.4141569 2.0310377 2.0310377 3.2381161 1.5901977 1.6785349 1.7786835 1.7786835 0.0625362 0.0000000 
