20
t1         0.0000000 0.9913169 0.7662384 0.7389627 0.8239592 1.0703373 1.1586745 1.3144041 0.9913169 1.3144041 1.1132061 1.3144041 1.1586745 1.2588231 0.8239592 0.7945437 0.9547243 0.8864954 0.7662384 0.7662384 
t4         0.9913169 0.0000000 0.6626257 0.6157354 0.7389627 0.6388142 0.7389627 0.5504769 0.9547243 0.7389627 0.5299277 0.7662384 0.6872180 0.6872180 0.8545757 0.8545757 0.8864954 0.8239592 0.7945437 0.8239592 
t17        0.7662384 0.6626257 0.0000000 0.4529370 0.4714565 0.5099265 0.6626257 0.4714565 0.8545757 0.6157354 0.4348639 0.4904449 0.4529370 0.5099265 0.6157354 0.6626257 0.6872180 0.6157354 0.7126442 0.6388142 
t14        0.7389627 0.6157354 0.4529370 0.0000000 0.4172160 0.5716050 0.5933457 0.5299277 0.8239592 0.5299277 0.5099265 0.6872180 0.5933457 0.5933457 0.6388142 0.6157354 0.5933457 0.6388142 0.6626257 0.6388142 
t12        0.8239592 0.7389627 0.4714565 0.4172160 0.0000000 0.7389627 0.7126442 0.6157354 0.8545757 0.6872180 0.5716050 0.5933457 0.5504769 0.5933457 0.7126442 0.6872180 0.7389627 0.7126442 0.7126442 0.7126442 
t10        1.0703373 0.6388142 0.5099265 0.5716050 0.7389627 0.0000000 0.7389627 0.6388142 1.1586745 0.7389627 0.6157354 0.8239592 0.7389627 0.8545757 0.8864954 0.9913169 1.0297869 0.9547243 0.8864954 0.8864954 
t3         1.1586745 0.7389627 0.6626257 0.5933457 0.7126442 0.7389627 0.0000000 0.9198342 1.0297869 0.9547243 0.7389627 0.7662384 0.7945437 0.8864954 0.9547243 1.0297869 0.9547243 0.9913169 0.9198342 0.8864954 
t19        1.3144041 0.5504769 0.4714565 0.5299277 0.6157354 0.6388142 0.9198342 0.0000000 0.8545757 0.2603971 0.1549607 0.7126442 0.6872180 0.7126442 0.6388142 0.6872180 0.6157354 0.5933457 0.6388142 0.6157354 
t11        0.9913169 0.9547243 0.8545757 0.8239592 0.8545757 1.1586745 1.0297869 0.8545757 0.0000000 1.1586745 0.8864954 1.1132061 0.9198342 1.1586745 0.1927838 0.2603971 0.2463781 0.2058276 0.2892469 0.2892469 
t7         1.3144041 0.7389627 0.6157354 0.5299277 0.6872180 0.7389627 0.9547243 0.2603971 1.1586745 0.0000000 0.2326162 0.8239592 0.7389627 0.7945437 0.8545757 0.9913169 0.8545757 0.8864954 0.8545757 0.8239592 
t2         1.1132061 0.5299277 0.4348639 0.5099265 0.5716050 0.6157354 0.7389627 0.1549607 0.8864954 0.2326162 0.0000000 0.6626257 0.6157354 0.6872180 0.7389627 0.8545757 0.7126442 0.6872180 0.7662384 0.7389627 
t18        1.3144041 0.7662384 0.4904449 0.6872180 0.5933457 0.8239592 0.7662384 0.7126442 1.1132061 0.8239592 0.6626257 0.0000000 0.1307650 0.1427653 0.8545757 0.9547243 0.8545757 0.7945437 0.9198342 0.8864954 
t9         1.1586745 0.6872180 0.4529370 0.5933457 0.5504769 0.7389627 0.7945437 0.6872180 0.9198342 0.7389627 0.6157354 0.1307650 0.0000000 0.1427653 0.7126442 0.7945437 0.7945437 0.7389627 0.7662384 0.7662384 
t6         1.2588231 0.6872180 0.5099265 0.5933457 0.5933457 0.8545757 0.8864954 0.7126442 1.1586745 0.7945437 0.6872180 0.1427653 0.1427653 0.0000000 0.8864954 0.9198342 0.9547243 0.8864954 0.9198342 0.9198342 
t8         0.8239592 0.8545757 0.6157354 0.6388142 0.7126442 0.8864954 0.9547243 0.6388142 0.1927838 0.8545757 0.7389627 0.8545757 0.7126442 0.8864954 0.0000000 0.0958750 0.1799630 0.1307650 0.1307650 0.1073256 
t13        0.7945437 0.8545757 0.6626257 0.6157354 0.6872180 0.9913169 1.0297869 0.6872180 0.2603971 0.9913169 0.8545757 0.9547243 0.7945437 0.9198342 0.0958750 0.0000000 0.2463781 0.1927838 0.1673577 0.1427653 
t5         0.9547243 0.8864954 0.6872180 0.5933457 0.7389627 1.0297869 0.9547243 0.6157354 0.2463781 0.8545757 0.7126442 0.8545757 0.7945437 0.9547243 0.1799630 0.2463781 0.0000000 0.0411062 0.2603971 0.2326162 
t15        0.8864954 0.8239592 0.6157354 0.6388142 0.7126442 0.9547243 0.9913169 0.5933457 0.2058276 0.8864954 0.6872180 0.7945437 0.7389627 0.8864954 0.1307650 0.1927838 0.0411062 0.0000000 0.2326162 0.2058276 
t20        0.7662384 0.7945437 0.7126442 0.6626257 0.7126442 0.8864954 0.9198342 0.6388142 0.2892469 0.8545757 0.7662384 0.9198342 0.7662384 0.9198342 0.1307650 0.1673577 0.2603971 0.2326162 0.0000000 0.0411062 
t16        0.7662384 0.8239592 0.6388142 0.6388142 0.7126442 0.8864954 0.8864954 0.6157354 0.2892469 0.8239592 0.7389627 0.8864954 0.7662384 0.9198342 0.1073256 0.1427653 0.2326162 0.2058276 0.0411062 0.0000000 
