20
t3         0.0000000 1.4396946 1.5901977 2.1983953 2.0310377 9.0000000 1.0703373 1.5901977 3.2381161 9.0000000 2.0310377 1.8942965 2.7182557 2.4141569 1.1586745 1.3144041 1.7786835 1.7786835 1.7786835 1.7786835 
t14        1.4396946 0.0000000 1.5111773 0.9913169 1.5111773 1.3744361 1.5901977 1.3144041 1.7786835 1.6785349 9.0000000 1.6785349 1.6785349 1.1586745 1.3744361 1.5111773 1.4396946 1.5901977 1.7786835 1.7786835 
t6         1.5901977 1.5111773 0.0000000 1.8942965 1.3744361 1.8942965 2.0310377 1.8942965 1.2588231 1.3744361 1.1132061 1.0297869 3.2381161 1.6785349 1.8942965 2.4141569 0.9547243 1.2070784 1.0703373 1.0703373 
t19        2.1983953 0.9913169 1.8942965 0.0000000 0.7126442 1.8942965 1.2070784 1.1586745 1.7786835 1.3744361 1.5111773 1.3744361 2.0310377 1.5111773 1.4396946 1.7786835 1.2588231 1.3744361 1.3744361 1.3744361 
t16        2.0310377 1.5111773 1.3744361 0.7126442 0.0000000 1.7786835 1.6785349 1.1132061 2.0310377 1.8942965 1.8942965 2.7182557 1.6785349 1.2588231 1.5901977 2.0310377 1.8942965 2.0310377 2.0310377 2.0310377 
t9         9.0000000 1.3744361 1.8942965 1.8942965 1.7786835 0.0000000 1.7786835 1.0703373 9.0000000 9.0000000 9.0000000 2.7182557 0.8239592 0.7389627 1.4396946 1.5901977 2.4141569 1.8942965 3.2381161 3.2381161 
t11        1.0703373 1.5901977 2.0310377 1.2070784 1.6785349 1.7786835 0.0000000 1.8942965 1.4396946 2.7182557 1.4396946 1.3744361 1.4396946 1.5111773 0.4348639 0.5299277 1.3744361 2.4141569 1.3744361 1.3744361 
t8         1.5901977 1.3144041 1.8942965 1.1586745 1.1132061 1.0703373 1.8942965 0.0000000 2.1983953 2.4141569 9.0000000 2.7182557 0.7126442 0.6626257 1.5111773 2.4141569 2.7182557 3.2381161 2.7182557 2.7182557 
t15        3.2381161 1.7786835 1.2588231 1.7786835 2.0310377 9.0000000 1.4396946 2.1983953 0.0000000 0.7945437 0.9913169 0.7662384 2.1983953 9.0000000 1.3144041 1.4396946 0.5716050 0.6626257 0.6388142 0.6388142 
t17        9.0000000 1.6785349 1.3744361 1.3744361 1.8942965 9.0000000 2.7182557 2.4141569 0.7945437 0.0000000 0.6388142 0.4529370 3.2381161 9.0000000 1.5111773 1.3144041 0.4348639 0.5504769 0.4348639 0.4348639 
t7         2.0310377 9.0000000 1.1132061 1.5111773 1.8942965 9.0000000 1.4396946 9.0000000 0.9913169 0.6388142 0.0000000 0.4904449 2.4141569 1.5901977 1.5901977 1.4396946 0.4529370 0.6872180 0.5099265 0.5099265 
t10        1.8942965 1.6785349 1.0297869 1.3744361 2.7182557 2.7182557 1.3744361 2.7182557 0.7662384 0.4529370 0.4904449 0.0000000 2.4141569 1.8942965 1.2070784 1.2070784 0.3505054 0.4714565 0.3040988 0.3040988 
t2         2.7182557 1.6785349 3.2381161 2.0310377 1.6785349 0.8239592 1.4396946 0.7126442 2.1983953 3.2381161 2.4141569 2.4141569 0.0000000 0.4529370 1.4396946 1.5901977 1.5901977 1.4396946 1.6785349 1.6785349 
t12        2.4141569 1.1586745 1.6785349 1.5111773 1.2588231 0.7389627 1.5111773 0.6626257 9.0000000 9.0000000 1.5901977 1.8942965 0.4529370 0.0000000 1.2070784 1.6785349 2.0310377 2.1983953 2.7182557 2.7182557 
t18        1.1586745 1.3744361 1.8942965 1.4396946 1.5901977 1.4396946 0.4348639 1.5111773 1.3144041 1.5111773 1.5901977 1.2070784 1.4396946 1.2070784 0.0000000 0.1427653 1.0297869 1.3144041 1.1586745 1.1586745 
t4         1.3144041 1.5111773 2.4141569 1.7786835 2.0310377 1.5901977 0.5299277 2.4141569 1.4396946 1.3144041 1.4396946 1.2070784 1.5901977 1.6785349 0.1427653 0.0000000 1.0703373 1.3144041 1.1586745 1.1586745 
t1         1.7786835 1.4396946 0.9547243 1.2588231 1.8942965 2.4141569 1.3744361 2.7182557 0.5716050 0.4348639 0.4529370 0.3505054 1.5901977 2.0310377 1.0297869 1.0703373 0.0000000 0.1799630 0.0734853 0.0734853 
t5         1.7786835 1.5901977 1.2070784 1.3744361 2.0310377 1.8942965 2.4141569 3.2381161 0.6626257 0.5504769 0.6872180 0.4714565 1.4396946 2.1983953 1.3144041 1.3144041 0.1799630 0.0000000 0.2463781 0.2463781 
t20        1.7786835 1.7786835 1.0703373 1.3744361 2.0310377 3.2381161 1.3744361 2.7182557 0.6388142 0.4348639 0.5099265 0.3040988 1.6785349 2.7182557 1.1586745 1.1586745 0.0734853 0.2463781 0.0000000 0.0000010 
t13        1.7786835 1.7786835 1.0703373 1.3744361 2.0310377 3.2381161 1.3744361 2.7182557 0.6388142 0.4348639 0.5099265 0.3040988 1.6785349 2.7182557 1.1586745 1.1586745 0.0734853 0.2463781 0.0000010 0.0000000 
