20
t20        0.0000000 1.2588231 0.9913169 1.8942965 1.0703373 0.9547243 0.8545757 1.1132061 1.2588231 1.2588231 1.5901977 1.4396946 1.3744361 0.9547243 0.9547243 1.6785349 1.7786835 1.6785349 0.9913169 0.9547243 
t8         1.2588231 0.0000000 0.7662384 0.9198342 1.4396946 0.8864954 0.8864954 1.0703373 1.0297869 0.8545757 1.4396946 1.3744361 1.7786835 1.1132061 1.3744361 1.7786835 1.6785349 1.7786835 1.1132061 1.2070784 
t2         0.9913169 0.7662384 0.0000000 1.5111773 1.0297869 1.0297869 0.9198342 0.9913169 1.3144041 1.1586745 1.2070784 1.4396946 1.5901977 1.0703373 1.3744361 1.6785349 1.4396946 1.4396946 0.9913169 1.0297869 
t3         1.8942965 0.9198342 1.5111773 0.0000000 1.3744361 1.8942965 1.3744361 1.4396946 0.8864954 0.8864954 1.5901977 1.6785349 1.7786835 1.3744361 1.4396946 1.6785349 2.0310377 2.4141569 2.7182557 9.0000000 
t9         1.0703373 1.4396946 1.0297869 1.3744361 0.0000000 1.0703373 0.8545757 0.9547243 1.1586745 1.0703373 0.6157354 0.6388142 0.6872180 0.8864954 0.9913169 0.5933457 0.5504769 0.5716050 1.1132061 1.2070784 
t15        0.9547243 0.8864954 1.0297869 1.8942965 1.0703373 0.0000000 0.7945437 1.0703373 1.3144041 1.4396946 2.1983953 2.7182557 2.4141569 1.2070784 1.1132061 1.8942965 2.1983953 2.1983953 0.5099265 0.5099265 
t11        0.8545757 0.8864954 0.9198342 1.3744361 0.8545757 0.7945437 0.0000000 0.3347153 1.2070784 1.3144041 1.1132061 1.1586745 1.1132061 0.3831192 0.4529370 1.2070784 1.2588231 1.4396946 0.7945437 0.7662384 
t10        1.1132061 1.0703373 0.9913169 1.4396946 0.9547243 1.0703373 0.3347153 0.0000000 1.3744361 1.3144041 1.4396946 1.5111773 1.5111773 0.4172160 0.4714565 1.4396946 1.5111773 1.4396946 0.8545757 0.8545757 
t14        1.2588231 1.0297869 1.3144041 0.8864954 1.1586745 1.3144041 1.2070784 1.3744361 0.0000000 0.3831192 2.0310377 1.5901977 1.8942965 1.4396946 1.1586745 1.5111773 1.8942965 1.5901977 0.8864954 0.9913169 
t17        1.2588231 0.8545757 1.1586745 0.8864954 1.0703373 1.4396946 1.3144041 1.3144041 0.3831192 0.0000000 1.5901977 1.3744361 1.6785349 1.6785349 1.3744361 1.5111773 1.3144041 1.3144041 1.0703373 1.2070784 
t19        1.5901977 1.4396946 1.2070784 1.5901977 0.6157354 2.1983953 1.1132061 1.4396946 2.0310377 1.5901977 0.0000000 0.1189538 0.2463781 1.5111773 1.5111773 0.1799630 0.1927838 0.1927838 1.8942965 1.8942965 
t1         1.4396946 1.3744361 1.4396946 1.6785349 0.6388142 2.7182557 1.1586745 1.5111773 1.5901977 1.3744361 0.1189538 0.0000000 0.2191023 1.6785349 1.5901977 0.1927838 0.2058276 0.1799630 1.6785349 1.7786835 
t5         1.3744361 1.7786835 1.5901977 1.7786835 0.6872180 2.4141569 1.1132061 1.5111773 1.8942965 1.6785349 0.2463781 0.2191023 0.0000000 1.5901977 1.6785349 0.2892469 0.3040988 0.3040988 1.7786835 1.8942965 
t18        0.9547243 1.1132061 1.0703373 1.3744361 0.8864954 1.2070784 0.3831192 0.4172160 1.4396946 1.6785349 1.5111773 1.6785349 1.5901977 0.0000000 0.2463781 1.5901977 1.4396946 1.6785349 0.8239592 0.8864954 
t4         0.9547243 1.3744361 1.3744361 1.4396946 0.9913169 1.1132061 0.4529370 0.4714565 1.1586745 1.3744361 1.5111773 1.5901977 1.6785349 0.2463781 0.0000000 1.7786835 1.5901977 1.5901977 0.8864954 0.8239592 
t13        1.6785349 1.7786835 1.6785349 1.6785349 0.5933457 1.8942965 1.2070784 1.4396946 1.5111773 1.5111773 0.1799630 0.1927838 0.2892469 1.5901977 1.7786835 0.0000000 0.1673577 0.1673577 2.0310377 2.4141569 
t16        1.7786835 1.6785349 1.4396946 2.0310377 0.5504769 2.1983953 1.2588231 1.5111773 1.8942965 1.3144041 0.1927838 0.2058276 0.3040988 1.4396946 1.5901977 0.1673577 0.0000000 0.0411062 2.0310377 2.4141569 
t6         1.6785349 1.7786835 1.4396946 2.4141569 0.5716050 2.1983953 1.4396946 1.4396946 1.5901977 1.3144041 0.1927838 0.1799630 0.3040988 1.6785349 1.5901977 0.1673577 0.0411062 0.0000000 1.8942965 2.1983953 
t12        0.9913169 1.1132061 0.9913169 2.7182557 1.1132061 0.5099265 0.7945437 0.8545757 0.8864954 1.0703373 1.8942965 1.6785349 1.7786835 0.8239592 0.8864954 2.0310377 2.0310377 1.8942965 0.0000000 0.0306165 
t7         0.9547243 1.2070784 1.0297869 9.0000000 1.2070784 0.5099265 0.7662384 0.8545757 0.9913169 1.2070784 1.8942965 1.7786835 1.8942965 0.8864954 0.8239592 2.4141569 2.4141569 2.1983953 0.0306165 0.0000000 
