20
t6         0.0000000 0.3999739 0.4172160 0.3666350 0.5933457 0.5099265 0.3505054 0.7126442 0.2603971 0.3831192 0.3347153 0.3666350 0.3347153 0.3666350 0.2746833 0.2326162 0.2603971 0.2603971 0.5099265 0.4714565 
t1         0.3999739 0.0000000 0.1799630 0.1673577 0.2603971 0.2326162 0.3999739 0.7945437 0.4172160 0.5504769 0.3505054 0.4172160 0.3347153 0.5933457 0.4714565 0.3999739 0.4904449 0.4904449 0.5504769 0.5099265 
t15        0.4172160 0.1799630 0.0000000 0.1673577 0.2892469 0.2746833 0.4172160 0.7389627 0.4904449 0.5716050 0.3666350 0.4348639 0.3666350 0.5933457 0.4714565 0.3999739 0.5299277 0.5299277 0.4904449 0.4529370 
t3         0.3666350 0.1673577 0.1673577 0.0000000 0.2892469 0.2326162 0.3040988 0.6626257 0.4172160 0.5504769 0.2892469 0.3505054 0.2892469 0.5716050 0.4529370 0.3831192 0.4529370 0.4529370 0.4529370 0.4172160 
t4         0.5933457 0.2603971 0.2892469 0.2892469 0.0000000 0.2463781 0.4714565 0.9198342 0.5299277 0.7389627 0.4529370 0.4904449 0.4348639 0.7126442 0.5933457 0.5099265 0.6388142 0.5933457 0.6157354 0.5933457 
t20        0.5099265 0.2326162 0.2746833 0.2326162 0.2463781 0.0000000 0.4348639 0.7945437 0.4172160 0.5716050 0.3999739 0.4348639 0.3831192 0.5716050 0.4529370 0.3831192 0.5299277 0.5299277 0.5933457 0.5504769 
t19        0.3505054 0.3999739 0.4172160 0.3040988 0.4714565 0.4348639 0.0000000 0.4904449 0.4529370 0.6388142 0.1427653 0.1799630 0.1427653 0.5504769 0.4904449 0.4172160 0.4714565 0.4714565 0.2892469 0.2603971 
t14        0.7126442 0.7945437 0.7389627 0.6626257 0.9198342 0.7945437 0.4904449 0.0000000 0.7945437 0.9547243 0.4529370 0.5299277 0.4529370 1.0703373 0.9198342 0.8239592 0.8239592 0.8239592 0.5504769 0.5099265 
t8         0.2603971 0.4172160 0.4904449 0.4172160 0.5299277 0.4172160 0.4529370 0.7945437 0.0000000 0.1673577 0.4172160 0.4348639 0.3999739 0.4172160 0.3505054 0.2892469 0.1189538 0.1189538 0.5716050 0.5299277 
t10        0.3831192 0.5504769 0.5716050 0.5504769 0.7389627 0.5716050 0.6388142 0.9547243 0.1673577 0.0000000 0.5504769 0.5933457 0.5504769 0.3999739 0.4529370 0.3831192 0.1799630 0.1927838 0.7389627 0.6872180 
t13        0.3347153 0.3505054 0.3666350 0.2892469 0.4529370 0.3999739 0.1427653 0.4529370 0.4172160 0.5504769 0.0000000 0.0625362 0.0202715 0.4529370 0.4714565 0.3666350 0.4172160 0.4172160 0.1427653 0.1189538 
t11        0.3666350 0.4172160 0.4348639 0.3505054 0.4904449 0.4348639 0.1799630 0.5299277 0.4348639 0.5933457 0.0625362 0.0000000 0.0625362 0.4904449 0.4714565 0.3666350 0.4348639 0.4348639 0.1927838 0.1673577 
t5         0.3347153 0.3347153 0.3666350 0.2892469 0.4348639 0.3831192 0.1427653 0.4529370 0.3999739 0.5504769 0.0202715 0.0625362 0.0000000 0.4348639 0.4529370 0.3505054 0.4172160 0.4172160 0.1427653 0.1189538 
t7         0.3666350 0.5933457 0.5933457 0.5716050 0.7126442 0.5716050 0.5504769 1.0703373 0.4172160 0.3999739 0.4529370 0.4904449 0.4348639 0.0000000 0.2191023 0.1427653 0.4714565 0.4714565 0.6388142 0.5933457 
t18        0.2746833 0.4714565 0.4714565 0.4529370 0.5933457 0.4529370 0.4904449 0.9198342 0.3505054 0.4529370 0.4714565 0.4714565 0.4529370 0.2191023 0.0000000 0.0734853 0.3999739 0.3999739 0.6388142 0.5933457 
t16        0.2326162 0.3999739 0.3999739 0.3831192 0.5099265 0.3831192 0.4172160 0.8239592 0.2892469 0.3831192 0.3666350 0.3666350 0.3505054 0.1427653 0.0734853 0.0000000 0.3347153 0.3347153 0.5716050 0.5299277 
t9         0.2603971 0.4904449 0.5299277 0.4529370 0.6388142 0.5299277 0.4714565 0.8239592 0.1189538 0.1799630 0.4172160 0.4348639 0.4172160 0.4714565 0.3999739 0.3347153 0.0000000 0.0411062 0.5933457 0.5504769 
t12        0.2603971 0.4904449 0.5299277 0.4529370 0.5933457 0.5299277 0.4714565 0.8239592 0.1189538 0.1927838 0.4172160 0.4348639 0.4172160 0.4714565 0.3999739 0.3347153 0.0411062 0.0000000 0.5933457 0.5504769 
t17        0.5099265 0.5504769 0.4904449 0.4529370 0.6157354 0.5933457 0.2892469 0.5504769 0.5716050 0.7389627 0.1427653 0.1927838 0.1427653 0.6388142 0.6388142 0.5716050 0.5933457 0.5933457 0.0000000 0.0202715 
t2         0.4714565 0.5099265 0.4529370 0.4172160 0.5933457 0.5504769 0.2603971 0.5099265 0.5299277 0.6872180 0.1189538 0.1673577 0.1189538 0.5933457 0.5933457 0.5299277 0.5504769 0.5504769 0.0202715 0.0000000 
