20
t3         0.0000000 1.3144041 1.3744361 1.3144041 1.5901977 1.5111773 0.9547243 1.3744361 1.1586745 1.2070784 1.2070784 1.3744361 1.4396946 1.3144041 1.4396946 1.2588231 1.3744361 1.5111773 1.6785349 1.5901977 
t10        1.3144041 0.0000000 1.0297869 1.8942965 1.2588231 1.3744361 1.3744361 1.3744361 1.1132061 1.8942965 1.6785349 1.5901977 1.3744361 2.1983953 1.8942965 1.7786835 1.5111773 2.0310377 1.6785349 1.8942965 
t20        1.3744361 1.0297869 0.0000000 1.3744361 1.0297869 1.5901977 1.0703373 1.5111773 1.5901977 1.2588231 1.0703373 1.6785349 1.5901977 1.7786835 1.3744361 1.3744361 1.3144041 1.6785349 1.5111773 1.7786835 
t16        1.3144041 1.8942965 1.3744361 0.0000000 0.7945437 1.0703373 1.0703373 1.6785349 1.6785349 0.7662384 1.2070784 1.0703373 1.1132061 0.9913169 1.0703373 1.2588231 1.5111773 1.5111773 1.6785349 1.5901977 
t15        1.5901977 1.2588231 1.0297869 0.7945437 0.0000000 0.9547243 0.9547243 1.5901977 1.5901977 0.7945437 0.7945437 1.2588231 1.1132061 1.0297869 0.9913169 1.1132061 1.1132061 1.2588231 1.1586745 1.2070784 
t8         1.5111773 1.3744361 1.5901977 1.0703373 0.9547243 0.0000000 1.2070784 1.8942965 1.7786835 1.0297869 1.0703373 1.3744361 1.2070784 1.2588231 1.2588231 1.4396946 1.5111773 9.0000000 9.0000000 9.0000000 
t1         0.9547243 1.3744361 1.0703373 1.0703373 0.9547243 1.2070784 0.0000000 1.1132061 0.9547243 0.6388142 0.8545757 0.9547243 0.7126442 0.6872180 0.7126442 1.0703373 1.1132061 1.2070784 1.3744361 1.3144041 
t5         1.3744361 1.3744361 1.5111773 1.6785349 1.5901977 1.8942965 1.1132061 0.0000000 0.6388142 2.1983953 1.3144041 2.7182557 9.0000000 2.1983953 2.1983953 2.4141569 2.0310377 2.1983953 2.1983953 2.1983953 
t13        1.1586745 1.1132061 1.5901977 1.6785349 1.5901977 1.7786835 0.9547243 0.6388142 0.0000000 1.8942965 1.5111773 1.7786835 1.8942965 2.1983953 2.0310377 1.5901977 1.5901977 1.3744361 1.5111773 1.5901977 
t7         1.2070784 1.8942965 1.2588231 0.7662384 0.7945437 1.0297869 0.6388142 2.1983953 1.8942965 0.0000000 0.7126442 0.5299277 0.5716050 0.5099265 0.6626257 0.7662384 0.8545757 1.3744361 1.4396946 1.3144041 
t14        1.2070784 1.6785349 1.0703373 1.2070784 0.7945437 1.0703373 0.8545757 1.3144041 1.5111773 0.7126442 0.0000000 1.0703373 0.8864954 1.0703373 1.0703373 0.3666350 0.3831192 1.3744361 1.5111773 1.5111773 
t4         1.3744361 1.5901977 1.6785349 1.0703373 1.2588231 1.3744361 0.9547243 2.7182557 1.7786835 0.5299277 1.0703373 0.0000000 0.4904449 0.6872180 0.8545757 1.0703373 1.1132061 1.3144041 1.2070784 1.1132061 
t12        1.4396946 1.3744361 1.5901977 1.1132061 1.1132061 1.2070784 0.7126442 9.0000000 1.8942965 0.5716050 0.8864954 0.4904449 0.0000000 0.6388142 0.7389627 1.1132061 1.1586745 1.5111773 1.4396946 1.4396946 
t19        1.3144041 2.1983953 1.7786835 0.9913169 1.0297869 1.2588231 0.6872180 2.1983953 2.1983953 0.5099265 1.0703373 0.6872180 0.6388142 0.0000000 0.1673577 1.3144041 1.3744361 1.4396946 1.5111773 1.3744361 
t17        1.4396946 1.8942965 1.3744361 1.0703373 0.9913169 1.2588231 0.7126442 2.1983953 2.0310377 0.6626257 1.0703373 0.8545757 0.7389627 0.1673577 0.0000000 1.2588231 1.3144041 2.0310377 2.0310377 1.8942965 
t11        1.2588231 1.7786835 1.3744361 1.2588231 1.1132061 1.4396946 1.0703373 2.4141569 1.5901977 0.7662384 0.3666350 1.0703373 1.1132061 1.3144041 1.2588231 0.0000000 0.1927838 1.7786835 1.8942965 2.0310377 
t6         1.3744361 1.5111773 1.3144041 1.5111773 1.1132061 1.5111773 1.1132061 2.0310377 1.5901977 0.8545757 0.3831192 1.1132061 1.1586745 1.3744361 1.3144041 0.1927838 0.0000000 1.7786835 1.6785349 2.0310377 
t2         1.5111773 2.0310377 1.6785349 1.5111773 1.2588231 9.0000000 1.2070784 2.1983953 1.3744361 1.3744361 1.3744361 1.3144041 1.5111773 1.4396946 2.0310377 1.7786835 1.7786835 0.0000000 0.1073256 0.1073256 
t18        1.6785349 1.6785349 1.5111773 1.6785349 1.1586745 9.0000000 1.3744361 2.1983953 1.5111773 1.4396946 1.5111773 1.2070784 1.4396946 1.5111773 2.0310377 1.8942965 1.6785349 0.1073256 0.0000000 0.0411062 
t9         1.5901977 1.8942965 1.7786835 1.5901977 1.2070784 9.0000000 1.3144041 2.1983953 1.5901977 1.3144041 1.5111773 1.1132061 1.4396946 1.3744361 1.8942965 2.0310377 2.0310377 0.1073256 0.0411062 0.0000000 
