20
t16        0.0000000 1.2588231 1.1132061 0.7945437 0.6626257 1.6785349 0.7662384 1.4396946 0.8545757 9.0000000 9.0000000 0.7662384 0.7662384 0.8864954 1.7786835 1.7786835 0.7126442 0.7126442 1.5111773 1.8942965 
t19        1.2588231 0.0000000 2.4141569 1.3144041 1.5901977 9.0000000 1.3744361 2.4141569 1.3144041 3.2381161 9.0000000 1.3144041 1.1586745 1.3744361 9.0000000 9.0000000 1.3744361 1.4396946 9.0000000 9.0000000 
t7         1.1132061 2.4141569 0.0000000 1.5901977 2.4141569 1.4396946 1.5111773 0.8239592 1.3144041 2.1983953 2.4141569 1.3144041 1.3744361 1.7786835 0.9913169 0.9547243 1.2070784 1.3144041 1.1132061 1.0297869 
t6         0.7945437 1.3144041 1.5901977 0.0000000 0.8545757 2.0310377 0.8864954 1.8942965 1.1586745 9.0000000 3.2381161 1.0297869 0.8864954 0.9547243 2.1983953 2.1983953 0.7662384 0.8239592 1.5901977 2.1983953 
t8         0.6626257 1.5901977 2.4141569 0.8545757 0.0000000 1.6785349 0.6872180 1.8942965 0.8239592 1.5111773 1.7786835 0.8545757 0.7945437 0.9547243 2.1983953 2.4141569 0.7389627 0.7945437 1.7786835 2.1983953 
t18        1.6785349 9.0000000 1.4396946 2.0310377 1.6785349 0.0000000 1.6785349 1.5111773 3.2381161 9.0000000 9.0000000 9.0000000 9.0000000 9.0000000 2.1983953 2.1983953 1.8942965 1.7786835 2.0310377 2.4141569 
t15        0.7662384 1.3744361 1.5111773 0.8864954 0.6872180 1.6785349 0.0000000 1.4396946 0.5299277 2.1983953 3.2381161 0.4714565 0.4172160 0.4714565 1.5901977 1.5901977 0.2892469 0.3505054 1.4396946 1.5901977 
t12        1.4396946 2.4141569 0.8239592 1.8942965 1.8942965 1.5111773 1.4396946 0.0000000 1.7786835 2.4141569 9.0000000 2.7182557 2.1983953 2.7182557 0.6157354 0.6157354 1.3744361 1.3744361 0.7126442 0.6626257 
t3         0.8545757 1.3144041 1.3144041 1.1586745 0.8239592 3.2381161 0.5299277 1.7786835 0.0000000 1.7786835 2.0310377 0.3999739 0.3347153 0.4348639 1.3744361 1.4396946 0.3999739 0.4714565 1.2070784 1.3144041 
t5         9.0000000 3.2381161 2.1983953 9.0000000 1.5111773 9.0000000 2.1983953 2.4141569 1.7786835 0.0000000 0.1189538 2.7182557 9.0000000 9.0000000 9.0000000 9.0000000 9.0000000 9.0000000 9.0000000 9.0000000 
t1         9.0000000 9.0000000 2.4141569 3.2381161 1.7786835 9.0000000 3.2381161 9.0000000 2.0310377 0.1189538 0.0000000 3.2381161 9.0000000 9.0000000 9.0000000 9.0000000 9.0000000 9.0000000 9.0000000 9.0000000 
t14        0.7662384 1.3144041 1.3144041 1.0297869 0.8545757 9.0000000 0.4714565 2.7182557 0.3999739 2.7182557 3.2381161 0.0000000 0.0845966 0.1549607 1.5111773 1.5111773 0.3831192 0.4348639 1.3144041 1.5111773 
t2         0.7662384 1.1586745 1.3744361 0.8864954 0.7945437 9.0000000 0.4172160 2.1983953 0.3347153 9.0000000 9.0000000 0.0845966 0.0000000 0.1073256 1.5901977 1.5901977 0.2892469 0.3347153 1.3744361 1.5901977 
t20        0.8864954 1.3744361 1.7786835 0.9547243 0.9547243 9.0000000 0.4714565 2.7182557 0.4348639 9.0000000 9.0000000 0.1549607 0.1073256 0.0000000 1.5111773 1.5111773 0.4529370 0.4904449 1.3144041 1.5111773 
t10        1.7786835 9.0000000 0.9913169 2.1983953 2.1983953 2.1983953 1.5901977 0.6157354 1.3744361 9.0000000 9.0000000 1.5111773 1.5901977 1.5111773 0.0000000 0.0202715 1.3744361 1.4396946 0.1673577 0.0411062 
t9         1.7786835 9.0000000 0.9547243 2.1983953 2.4141569 2.1983953 1.5901977 0.6157354 1.4396946 9.0000000 9.0000000 1.5111773 1.5901977 1.5111773 0.0202715 0.0000000 1.3744361 1.4396946 0.1427653 0.0202715 
t11        0.7126442 1.3744361 1.2070784 0.7662384 0.7389627 1.8942965 0.2892469 1.3744361 0.3999739 9.0000000 9.0000000 0.3831192 0.2892469 0.4529370 1.3744361 1.3744361 0.0000000 0.0411062 1.2070784 1.3744361 
t4         0.7126442 1.4396946 1.3144041 0.8239592 0.7945437 1.7786835 0.3505054 1.3744361 0.4714565 9.0000000 9.0000000 0.4348639 0.3347153 0.4904449 1.4396946 1.4396946 0.0411062 0.0000000 1.2588231 1.4396946 
t17        1.5111773 9.0000000 1.1132061 1.5901977 1.7786835 2.0310377 1.4396946 0.7126442 1.2070784 9.0000000 9.0000000 1.3144041 1.3744361 1.3144041 0.1673577 0.1427653 1.2070784 1.2588231 0.0000000 0.1189538 
t13        1.8942965 9.0000000 1.0297869 2.1983953 2.1983953 2.4141569 1.5901977 0.6626257 1.3144041 9.0000000 9.0000000 1.5111773 1.5901977 1.5111773 0.0411062 0.0202715 1.3744361 1.4396946 0.1189538 0.0000000 
