20
t2         0.0000000 1.2588231 1.5901977 1.5111773 1.8942965 9.0000000 2.4141569 1.6785349 2.0310377 2.4141569 1.7786835 9.0000000 2.1983953 1.2588231 1.8942965 2.0310377 1.3744361 1.7786835 1.5111773 1.3744361 
t12        1.2588231 0.0000000 1.7786835 2.7182557 2.0310377 1.8942965 9.0000000 9.0000000 2.1983953 9.0000000 1.4396946 2.7182557 2.1983953 1.5111773 2.4141569 2.7182557 1.4396946 2.1983953 2.4141569 2.1983953 
t6         1.5901977 1.7786835 0.0000000 1.8942965 1.7786835 2.0310377 2.4141569 9.0000000 2.4141569 1.6785349 1.6785349 2.1983953 2.7182557 1.7786835 1.1586745 1.0297869 1.6785349 1.5901977 1.8942965 2.4141569 
t3         1.5111773 2.7182557 1.8942965 0.0000000 1.3744361 1.5111773 1.5111773 1.0297869 1.3144041 1.2070784 2.7182557 1.4396946 1.6785349 1.7786835 1.4396946 1.5111773 2.4141569 9.0000000 2.4141569 2.7182557 
t7         1.8942965 2.0310377 1.7786835 1.3744361 0.0000000 1.5901977 1.5111773 2.1983953 1.7786835 1.4396946 2.4141569 1.4396946 1.2588231 2.7182557 2.4141569 2.4141569 1.3744361 1.8942965 3.2381161 3.2381161 
t11        9.0000000 1.8942965 2.0310377 1.5111773 1.5901977 0.0000000 1.1132061 1.3744361 1.3744361 1.3144041 2.1983953 1.6785349 1.4396946 1.7786835 2.0310377 2.1983953 1.4396946 1.3144041 1.7786835 1.6785349 
t20        2.4141569 9.0000000 2.4141569 1.5111773 1.5111773 1.1132061 0.0000000 0.7662384 0.8239592 0.6388142 1.3744361 0.6157354 0.6626257 1.1586745 2.0310377 1.6785349 1.2588231 1.4396946 1.5901977 1.3744361 
t13        1.6785349 9.0000000 9.0000000 1.0297869 2.1983953 1.3744361 0.7662384 0.0000000 0.9198342 0.8545757 1.8942965 0.9913169 0.8545757 2.0310377 9.0000000 2.0310377 2.1983953 2.0310377 1.5901977 1.8942965 
t15        2.0310377 2.1983953 2.4141569 1.3144041 1.7786835 1.3744361 0.8239592 0.9198342 0.0000000 0.4714565 2.1983953 0.8864954 0.8239592 1.6785349 2.0310377 1.6785349 2.0310377 1.5901977 9.0000000 2.4141569 
t9         2.4141569 9.0000000 1.6785349 1.2070784 1.4396946 1.3144041 0.6388142 0.8545757 0.4714565 0.0000000 1.3144041 0.6388142 0.6872180 1.8942965 2.0310377 1.7786835 1.5111773 1.5901977 2.4141569 2.0310377 
t1         1.7786835 1.4396946 1.6785349 2.7182557 2.4141569 2.1983953 1.3744361 1.8942965 2.1983953 1.3144041 0.0000000 1.8942965 3.2381161 0.6872180 1.7786835 1.5901977 1.6785349 1.8942965 0.6388142 0.6626257 
t5         9.0000000 2.7182557 2.1983953 1.4396946 1.4396946 1.6785349 0.6157354 0.9913169 0.8864954 0.6388142 1.8942965 0.0000000 0.2892469 2.7182557 3.2381161 2.1983953 1.6785349 1.7786835 9.0000000 9.0000000 
t10        2.1983953 2.1983953 2.7182557 1.6785349 1.2588231 1.4396946 0.6626257 0.8545757 0.8239592 0.6872180 3.2381161 0.2892469 0.0000000 9.0000000 9.0000000 2.1983953 1.4396946 2.0310377 3.2381161 9.0000000 
t14        1.2588231 1.5111773 1.7786835 1.7786835 2.7182557 1.7786835 1.1586745 2.0310377 1.6785349 1.8942965 0.6872180 2.7182557 9.0000000 0.0000000 1.4396946 1.3144041 1.1586745 1.4396946 0.3192509 0.3040988 
t16        1.8942965 2.4141569 1.1586745 1.4396946 2.4141569 2.0310377 2.0310377 9.0000000 2.0310377 2.0310377 1.7786835 3.2381161 9.0000000 1.4396946 0.0000000 0.1549607 1.6785349 1.5901977 1.7786835 2.0310377 
t19        2.0310377 2.7182557 1.0297869 1.5111773 2.4141569 2.1983953 1.6785349 2.0310377 1.6785349 1.7786835 1.5901977 2.1983953 2.1983953 1.3144041 0.1549607 0.0000000 1.5111773 1.3744361 1.5901977 1.8942965 
t8         1.3744361 1.4396946 1.6785349 2.4141569 1.3744361 1.4396946 1.2588231 2.1983953 2.0310377 1.5111773 1.6785349 1.6785349 1.4396946 1.1586745 1.6785349 1.5111773 0.0000000 0.2603971 1.0297869 0.9547243 
t17        1.7786835 2.1983953 1.5901977 9.0000000 1.8942965 1.3144041 1.4396946 2.0310377 1.5901977 1.5901977 1.8942965 1.7786835 2.0310377 1.4396946 1.5901977 1.3744361 0.2603971 0.0000000 1.3144041 1.2070784 
t18        1.5111773 2.4141569 1.8942965 2.4141569 3.2381161 1.7786835 1.5901977 1.5901977 9.0000000 2.4141569 0.6388142 9.0000000 3.2381161 0.3192509 1.7786835 1.5901977 1.0297869 1.3144041 0.0000000 0.0958750 
t4         1.3744361 2.1983953 2.4141569 2.7182557 3.2381161 1.6785349 1.3744361 1.8942965 2.4141569 2.0310377 0.6626257 9.0000000 9.0000000 0.3040988 2.0310377 1.8942965 0.9547243 1.2070784 0.0958750 0.0000000 
