20
t1         0.0000000 1.5111773 1.5111773 1.7786835 1.8942965 1.1586745 1.0703373 1.7786835 1.8942965 1.4396946 1.3144041 1.3144041 1.1132061 1.0297869 1.3744361 1.3144041 1.3144041 1.8942965 1.1586745 1.3744361 
t20        1.5111773 0.0000000 1.2588231 1.5901977 1.2070784 1.0703373 1.3744361 1.5901977 1.1132061 1.1586745 1.6785349 1.7786835 1.1132061 1.0703373 1.2070784 1.4396946 1.3744361 1.5111773 2.4141569 1.5111773 
t9         1.5111773 1.2588231 0.0000000 1.7786835 3.2381161 1.3144041 2.0310377 1.8942965 2.0310377 2.0310377 2.1983953 1.5901977 1.3144041 1.1132061 2.0310377 1.7786835 1.8942965 2.1983953 2.1983953 1.7786835 
t8         1.7786835 1.5901977 1.7786835 0.0000000 1.7786835 0.9913169 0.9913169 1.1132061 1.6785349 1.2588231 1.1132061 1.2070784 1.0703373 0.9198342 1.3144041 1.5111773 1.2588231 1.3144041 1.3744361 1.3744361 
t15        1.8942965 1.2070784 3.2381161 1.7786835 0.0000000 1.2588231 1.2070784 1.4396946 1.3144041 1.3144041 2.7182557 1.7786835 1.3744361 1.7786835 0.9913169 1.0297869 1.5901977 1.6785349 1.6785349 1.4396946 
t6         1.1586745 1.0703373 1.3144041 0.9913169 1.2588231 0.0000000 1.3144041 1.2070784 1.3744361 0.8864954 0.9198342 0.8239592 0.7389627 0.6872180 0.9198342 0.7662384 1.2070784 1.2070784 1.2070784 1.2070784 
t10        1.0703373 1.3744361 2.0310377 0.9913169 1.2070784 1.3144041 0.0000000 0.6872180 0.9198342 1.3144041 1.2070784 1.2070784 0.9198342 1.0297869 0.8239592 0.9547243 0.8545757 0.9198342 0.7126442 0.6626257 
t14        1.7786835 1.5901977 1.8942965 1.1132061 1.4396946 1.2070784 0.6872180 0.0000000 1.2588231 1.5901977 1.6785349 1.5111773 1.5111773 1.5901977 0.8864954 1.0297869 1.3144041 1.1586745 1.1132061 1.0703373 
t19        1.8942965 1.1132061 2.0310377 1.6785349 1.3144041 1.3744361 0.9198342 1.2588231 0.0000000 1.8942965 1.8942965 2.7182557 1.8942965 1.5901977 0.8239592 0.7662384 0.4172160 0.4904449 0.9913169 0.7945437 
t16        1.4396946 1.1586745 2.0310377 1.2588231 1.3144041 0.8864954 1.3144041 1.5901977 1.8942965 0.0000000 1.0297869 0.8239592 0.4529370 0.4904449 1.3744361 1.5901977 1.5111773 1.8942965 1.2070784 1.2070784 
t11        1.3144041 1.6785349 2.1983953 1.1132061 2.7182557 0.9198342 1.2070784 1.6785349 1.8942965 1.0297869 0.0000000 0.3666350 1.1132061 0.8864954 1.2070784 1.5901977 1.5901977 1.5901977 1.5901977 1.3744361 
t12        1.3144041 1.7786835 1.5901977 1.2070784 1.7786835 0.8239592 1.2070784 1.5111773 2.7182557 0.8239592 0.3666350 0.0000000 0.9198342 0.7945437 0.9913169 1.3744361 1.5901977 1.5111773 1.1586745 0.9547243 
t17        1.1132061 1.1132061 1.3144041 1.0703373 1.3744361 0.7389627 0.9198342 1.5111773 1.8942965 0.4529370 1.1132061 0.9198342 0.0000000 0.2326162 1.2588231 1.3744361 1.5111773 1.7786835 1.1586745 1.2070784 
t5         1.0297869 1.0703373 1.1132061 0.9198342 1.7786835 0.6872180 1.0297869 1.5901977 1.5901977 0.4904449 0.8864954 0.7945437 0.2326162 0.0000000 1.1132061 1.1586745 1.3144041 1.5111773 0.9547243 0.9913169 
t13        1.3744361 1.2070784 2.0310377 1.3144041 0.9913169 0.9198342 0.8239592 0.8864954 0.8239592 1.3744361 1.2070784 0.9913169 1.2588231 1.1132061 0.0000000 0.3040988 1.1132061 0.9547243 0.7126442 0.5933457 
t2         1.3144041 1.4396946 1.7786835 1.5111773 1.0297869 0.7662384 0.9547243 1.0297869 0.7662384 1.5901977 1.5901977 1.3744361 1.3744361 1.1586745 0.3040988 0.0000000 1.1132061 1.0703373 0.8239592 0.7389627 
t7         1.3144041 1.3744361 1.8942965 1.2588231 1.5901977 1.2070784 0.8545757 1.3144041 0.4172160 1.5111773 1.5901977 1.5901977 1.5111773 1.3144041 1.1132061 1.1132061 0.0000000 0.2191023 0.9198342 0.9913169 
t4         1.8942965 1.5111773 2.1983953 1.3144041 1.6785349 1.2070784 0.9198342 1.1586745 0.4904449 1.8942965 1.5901977 1.5111773 1.7786835 1.5111773 0.9547243 1.0703373 0.2191023 0.0000000 0.9198342 0.9913169 
t3         1.1586745 2.4141569 2.1983953 1.3744361 1.6785349 1.2070784 0.7126442 1.1132061 0.9913169 1.2070784 1.5901977 1.1586745 1.1586745 0.9547243 0.7126442 0.8239592 0.9198342 0.9198342 0.0000000 0.1427653 
t18        1.3744361 1.5111773 1.7786835 1.3744361 1.4396946 1.2070784 0.6626257 1.0703373 0.7945437 1.2070784 1.3744361 0.9547243 1.2070784 0.9913169 0.5933457 0.7389627 0.9913169 0.9913169 0.1427653 0.0000000 
