20
t2         0.0000000 0.4529370 0.8864954 0.6157354 0.3831192 1.3144041 0.6872180 1.1586745 1.3744361 0.5504769 0.5299277 0.4172160 0.7126442 0.6872180 0.7389627 0.7945437 0.6388142 0.6157354 0.6157354 0.6157354 
t3         0.4529370 0.0000000 1.2070784 0.6157354 0.3192509 1.5901977 0.8239592 1.5111773 1.7786835 0.5933457 0.5504769 0.3999739 0.7945437 0.7945437 0.7389627 0.7662384 0.6626257 0.6388142 0.6157354 0.6157354 
t10        0.8864954 1.2070784 0.0000000 0.8239592 0.9547243 1.3744361 1.2588231 1.6785349 1.4396946 0.8545757 1.2588231 1.0297869 1.2070784 1.1586745 0.8239592 0.7389627 1.4396946 1.3144041 0.7662384 0.7662384 
t18        0.6157354 0.6157354 0.8239592 0.0000000 0.2326162 1.5111773 0.7126442 1.3744361 1.5901977 0.5933457 0.4529370 0.3040988 0.8864954 0.6626257 0.7662384 0.7126442 0.6388142 0.5933457 0.6388142 0.6388142 
t14        0.3831192 0.3192509 0.9547243 0.2326162 0.0000000 1.3744361 0.5099265 1.5901977 1.4396946 0.4714565 0.2603971 0.1427653 0.5933457 0.4904449 0.6626257 0.6388142 0.4714565 0.4529370 0.4904449 0.4904449 
t7         1.3144041 1.5901977 1.3744361 1.5111773 1.3744361 0.0000000 1.7786835 0.4904449 0.3666350 1.1132061 1.5901977 1.6785349 1.8942965 2.0310377 0.7945437 0.8545757 1.2588231 1.2588231 1.2070784 1.2070784 
t5         0.6872180 0.8239592 1.2588231 0.7126442 0.5099265 1.7786835 0.0000000 1.4396946 2.1983953 0.6388142 0.7126442 0.5299277 0.2603971 0.2746833 1.0297869 0.9913169 0.7945437 0.7945437 0.7389627 0.7389627 
t9         1.1586745 1.5111773 1.6785349 1.3744361 1.5901977 0.4904449 1.4396946 0.0000000 0.4714565 1.3144041 1.5901977 1.5111773 1.3744361 1.3144041 0.7945437 0.8864954 1.0703373 1.0297869 1.2588231 1.2588231 
t6         1.3744361 1.7786835 1.4396946 1.5901977 1.4396946 0.3666350 2.1983953 0.4714565 0.0000000 1.3144041 1.6785349 1.6785349 2.4141569 2.0310377 0.8239592 0.8545757 1.3144041 1.3144041 1.2588231 1.2588231 
t19        0.5504769 0.5933457 0.8545757 0.5933457 0.4714565 1.1132061 0.6388142 1.3144041 1.3144041 0.0000000 0.7126442 0.5933457 0.8239592 0.7126442 0.6626257 0.6626257 0.5299277 0.5299277 0.1427653 0.1427653 
t1         0.5299277 0.5504769 1.2588231 0.4529370 0.2603971 1.5901977 0.7126442 1.5901977 1.6785349 0.7126442 0.0000000 0.1427653 0.7389627 0.6626257 0.8864954 0.8864954 0.6626257 0.6388142 0.7389627 0.7389627 
t11        0.4172160 0.3999739 1.0297869 0.3040988 0.1427653 1.6785349 0.5299277 1.5111773 1.6785349 0.5933457 0.1427653 0.0000000 0.5933457 0.5099265 0.7662384 0.7662384 0.5099265 0.4904449 0.6388142 0.6388142 
t12        0.7126442 0.7945437 1.2070784 0.8864954 0.5933457 1.8942965 0.2603971 1.3744361 2.4141569 0.8239592 0.7389627 0.5933457 0.0000000 0.1799630 1.0703373 0.9913169 0.8545757 0.8545757 0.8239592 0.8239592 
t4         0.6872180 0.7945437 1.1586745 0.6626257 0.4904449 2.0310377 0.2746833 1.3144041 2.0310377 0.7126442 0.6626257 0.5099265 0.1799630 0.0000000 0.9913169 0.9198342 0.8239592 0.7945437 0.7389627 0.7389627 
t15        0.7389627 0.7389627 0.8239592 0.7662384 0.6626257 0.7945437 1.0297869 0.7945437 0.8239592 0.6626257 0.8864954 0.7662384 1.0703373 0.9913169 0.0000000 0.0734853 0.7945437 0.7662384 0.7389627 0.7389627 
t20        0.7945437 0.7662384 0.7389627 0.7126442 0.6388142 0.8545757 0.9913169 0.8864954 0.8545757 0.6626257 0.8864954 0.7662384 0.9913169 0.9198342 0.0734853 0.0000000 0.8239592 0.7945437 0.7126442 0.7126442 
t17        0.6388142 0.6626257 1.4396946 0.6388142 0.4714565 1.2588231 0.7945437 1.0703373 1.3144041 0.5299277 0.6626257 0.5099265 0.8545757 0.8239592 0.7945437 0.8239592 0.0000000 0.0306165 0.5716050 0.5716050 
t13        0.6157354 0.6388142 1.3144041 0.5933457 0.4529370 1.2588231 0.7945437 1.0297869 1.3144041 0.5299277 0.6388142 0.4904449 0.8545757 0.7945437 0.7662384 0.7945437 0.0306165 0.0000000 0.5716050 0.5716050 
t8         0.6157354 0.6157354 0.7662384 0.6388142 0.4904449 1.2070784 0.7389627 1.2588231 1.2588231 0.1427653 0.7389627 0.6388142 0.8239592 0.7389627 0.7389627 0.7126442 0.5716050 0.5716050 0.0000000 0.0000010 
t16        0.6157354 0.6157354 0.7662384 0.6388142 0.4904449 1.2070784 0.7389627 1.2588231 1.2588231 0.1427653 0.7389627 0.6388142 0.8239592 0.7389627 0.7389627 0.7126442 0.5716050 0.5716050 0.0000010 0.0000000 
