20
t7         0.0000000 9.0000000 1.2070784 0.8545757 9.0000000 0.9198342 1.2588231 2.0310377 0.8239592 0.7389627 2.1983953 9.0000000 0.8239592 0.9198342 2.1983953 2.0310377 2.0310377 3.2381161 9.0000000 3.2381161 
t16        9.0000000 0.0000000 2.7182557 2.0310377 3.2381161 2.4141569 9.0000000 2.4141569 2.1983953 2.0310377 9.0000000 9.0000000 2.7182557 1.7786835 2.7182557 9.0000000 2.7182557 9.0000000 3.2381161 9.0000000 
t3         1.2070784 2.7182557 0.0000000 0.9913169 2.4141569 1.5111773 2.0310377 2.0310377 1.2070784 0.9913169 1.8942965 2.7182557 1.1586745 1.5901977 2.1983953 2.7182557 2.4141569 9.0000000 2.1983953 2.4141569 
t20        0.8545757 2.0310377 0.9913169 0.0000000 2.0310377 1.2588231 1.1132061 1.4396946 0.9913169 0.8545757 1.2070784 2.0310377 0.9913169 1.1132061 2.0310377 1.6785349 1.5111773 2.1983953 1.4396946 1.2070784 
t8         9.0000000 3.2381161 2.4141569 2.0310377 0.0000000 9.0000000 1.5111773 3.2381161 2.0310377 2.7182557 1.2588231 1.4396946 9.0000000 9.0000000 1.7786835 3.2381161 2.0310377 1.6785349 2.0310377 2.1983953 
t4         0.9198342 2.4141569 1.5111773 1.2588231 9.0000000 0.0000000 1.6785349 2.4141569 0.3505054 0.2892469 1.4396946 2.1983953 0.5099265 0.5099265 2.1983953 1.8942965 1.6785349 2.0310377 1.6785349 1.6785349 
t1         1.2588231 9.0000000 2.0310377 1.1132061 1.5111773 1.6785349 0.0000000 2.4141569 1.7786835 1.3744361 0.6388142 1.0297869 1.6785349 1.7786835 0.9198342 0.9198342 0.8239592 1.0297869 1.6785349 1.3744361 
t14        2.0310377 2.4141569 2.0310377 1.4396946 3.2381161 2.4141569 2.4141569 0.0000000 1.5901977 1.5901977 2.1983953 9.0000000 2.0310377 2.1983953 2.7182557 9.0000000 9.0000000 2.1983953 1.3744361 1.1586745 
t9         0.8239592 2.1983953 1.2070784 0.9913169 2.0310377 0.3505054 1.7786835 1.5901977 0.0000000 0.1307650 1.4396946 1.5901977 0.3192509 0.3666350 1.8942965 1.8942965 1.6785349 1.7786835 1.8942965 1.4396946 
t19        0.7389627 2.0310377 0.9913169 0.8545757 2.7182557 0.2892469 1.3744361 1.5901977 0.1307650 0.0000000 1.3144041 1.5111773 0.2603971 0.3192509 2.0310377 1.7786835 1.6785349 1.8942965 1.8942965 1.3144041 
t5         2.1983953 9.0000000 1.8942965 1.2070784 1.2588231 1.4396946 0.6388142 2.1983953 1.4396946 1.3144041 0.0000000 0.4904449 1.5901977 1.6785349 0.5504769 0.6626257 0.5099265 0.8545757 1.8942965 1.6785349 
t10        9.0000000 9.0000000 2.7182557 2.0310377 1.4396946 2.1983953 1.0297869 9.0000000 1.5901977 1.5111773 0.4904449 0.0000000 1.8942965 1.8942965 0.8864954 0.9547243 0.8545757 0.9913169 9.0000000 9.0000000 
t11        0.8239592 2.7182557 1.1586745 0.9913169 9.0000000 0.5099265 1.6785349 2.0310377 0.3192509 0.2603971 1.5901977 1.8942965 0.0000000 0.2603971 9.0000000 2.7182557 2.7182557 3.2381161 1.5901977 1.3144041 
t17        0.9198342 1.7786835 1.5901977 1.1132061 9.0000000 0.5099265 1.7786835 2.1983953 0.3666350 0.3192509 1.6785349 1.8942965 0.2603971 0.0000000 9.0000000 2.4141569 2.1983953 9.0000000 1.7786835 1.5111773 
t2         2.1983953 2.7182557 2.1983953 2.0310377 1.7786835 2.1983953 0.9198342 2.7182557 1.8942965 2.0310377 0.5504769 0.8864954 9.0000000 9.0000000 0.0000000 0.1673577 0.1073256 0.3040988 9.0000000 9.0000000 
t13        2.0310377 9.0000000 2.7182557 1.6785349 3.2381161 1.8942965 0.9198342 9.0000000 1.8942965 1.7786835 0.6626257 0.9547243 2.7182557 2.4141569 0.1673577 0.0000000 0.1799630 0.3666350 9.0000000 9.0000000 
t6         2.0310377 2.7182557 2.4141569 1.5111773 2.0310377 1.6785349 0.8239592 9.0000000 1.6785349 1.6785349 0.5099265 0.8545757 2.7182557 2.1983953 0.1073256 0.1799630 0.0000000 0.3347153 2.1983953 2.7182557 
t15        3.2381161 9.0000000 9.0000000 2.1983953 1.6785349 2.0310377 1.0297869 2.1983953 1.7786835 1.8942965 0.8545757 0.9913169 3.2381161 9.0000000 0.3040988 0.3666350 0.3347153 0.0000000 9.0000000 9.0000000 
t18        9.0000000 3.2381161 2.1983953 1.4396946 2.0310377 1.6785349 1.6785349 1.3744361 1.8942965 1.8942965 1.8942965 9.0000000 1.5901977 1.7786835 9.0000000 9.0000000 2.1983953 9.0000000 0.0000000 0.2603971 
t12        3.2381161 9.0000000 2.4141569 1.2070784 2.1983953 1.6785349 1.3744361 1.1586745 1.4396946 1.3144041 1.6785349 9.0000000 1.3144041 1.5111773 9.0000000 9.0000000 2.7182557 9.0000000 0.2603971 0.0000000 
