20
t20        0.0000000 1.1586745 9.0000000 0.8864954 0.4529370 0.2892469 0.4529370 0.5933457 1.0703373 0.5933457 0.5099265 1.1132061 0.5716050 0.5299277 0.4172160 0.9547243 0.7389627 0.7126442 0.6157354 0.6388142 
t12        1.1586745 0.0000000 9.0000000 2.0310377 1.4396946 1.1132061 2.0310377 1.4396946 2.7182557 1.3744361 1.4396946 9.0000000 2.7182557 2.4141569 1.3744361 1.4396946 1.5111773 1.5111773 1.3744361 1.3744361 
t9         9.0000000 9.0000000 0.0000000 2.1983953 9.0000000 2.7182557 9.0000000 9.0000000 1.6785349 2.7182557 2.4141569 2.4141569 2.7182557 2.4141569 9.0000000 9.0000000 1.8942965 1.8942965 3.2381161 2.7182557 
t15        0.8864954 2.0310377 2.1983953 0.0000000 0.9547243 0.9198342 1.5901977 1.4396946 1.5111773 0.8545757 0.9547243 1.3744361 1.3744361 1.4396946 1.0297869 1.4396946 1.1132061 1.1132061 0.8545757 0.7662384 
t19        0.4529370 1.4396946 9.0000000 0.9547243 0.0000000 0.1927838 0.8239592 0.7662384 1.4396946 0.5099265 0.8864954 1.3744361 0.7662384 0.7389627 0.4904449 0.8545757 0.9198342 0.8864954 0.5933457 0.6157354 
t11        0.2892469 1.1132061 2.7182557 0.9198342 0.1927838 0.0000000 0.7126442 0.6872180 1.2070784 0.4904449 0.6626257 1.5901977 0.7389627 0.7126442 0.4172160 0.7945437 0.7945437 0.7945437 0.5299277 0.5504769 
t14        0.4529370 2.0310377 9.0000000 1.5901977 0.8239592 0.7126442 0.0000000 1.0297869 1.4396946 0.9913169 1.0703373 1.5901977 0.8239592 0.8864954 0.7945437 1.1586745 1.1132061 1.0703373 0.9913169 1.0297869 
t3         0.5933457 1.4396946 9.0000000 1.4396946 0.7662384 0.6872180 1.0297869 0.0000000 1.3144041 0.7945437 0.7389627 1.7786835 0.7389627 0.7126442 0.4904449 0.9198342 0.9913169 0.9198342 0.7126442 0.7945437 
t10        1.0703373 2.7182557 1.6785349 1.5111773 1.4396946 1.2070784 1.4396946 1.3144041 0.0000000 1.1586745 1.4396946 1.6785349 1.3144041 1.5111773 1.5901977 1.7786835 0.2463781 0.2603971 1.5901977 1.5111773 
t5         0.5933457 1.3744361 2.7182557 0.8545757 0.5099265 0.4904449 0.9913169 0.7945437 1.1586745 0.0000000 0.8864954 1.7786835 0.8864954 0.8864954 0.7126442 1.0297869 0.9547243 0.9198342 0.2746833 0.2746833 
t1         0.5099265 1.4396946 2.4141569 0.9547243 0.8864954 0.6626257 1.0703373 0.7389627 1.4396946 0.8864954 0.0000000 1.1586745 0.4529370 0.4529370 0.6157354 1.1132061 1.1586745 1.1586745 0.8864954 0.8545757 
t17        1.1132061 9.0000000 2.4141569 1.3744361 1.3744361 1.5901977 1.5901977 1.7786835 1.6785349 1.7786835 1.1586745 0.0000000 1.0703373 1.1586745 1.2070784 1.4396946 1.5901977 1.7786835 2.4141569 2.1983953 
t16        0.5716050 2.7182557 2.7182557 1.3744361 0.7662384 0.7389627 0.8239592 0.7389627 1.3144041 0.8864954 0.4529370 1.0703373 0.0000000 0.0845966 0.6626257 0.9913169 1.0703373 1.1132061 0.7389627 0.7389627 
t7         0.5299277 2.4141569 2.4141569 1.4396946 0.7389627 0.7126442 0.8864954 0.7126442 1.5111773 0.8864954 0.4529370 1.1586745 0.0845966 0.0000000 0.5299277 0.9547243 1.1132061 1.1132061 0.7662384 0.7662384 
t6         0.4172160 1.3744361 9.0000000 1.0297869 0.4904449 0.4172160 0.7945437 0.4904449 1.5901977 0.7126442 0.6157354 1.2070784 0.6626257 0.5299277 0.0000000 0.3192509 1.0703373 0.9913169 0.7945437 0.7662384 
t4         0.9547243 1.4396946 9.0000000 1.4396946 0.8545757 0.7945437 1.1586745 0.9198342 1.7786835 1.0297869 1.1132061 1.4396946 0.9913169 0.9547243 0.3192509 0.0000000 1.3144041 1.3744361 1.1586745 1.1586745 
t13        0.7389627 1.5111773 1.8942965 1.1132061 0.9198342 0.7945437 1.1132061 0.9913169 0.2463781 0.9547243 1.1586745 1.5901977 1.0703373 1.1132061 1.0703373 1.3144041 0.0000000 0.0734853 1.1132061 1.0703373 
t8         0.7126442 1.5111773 1.8942965 1.1132061 0.8864954 0.7945437 1.0703373 0.9198342 0.2603971 0.9198342 1.1586745 1.7786835 1.1132061 1.1132061 0.9913169 1.3744361 0.0734853 0.0000000 1.2070784 1.1586745 
t2         0.6157354 1.3744361 3.2381161 0.8545757 0.5933457 0.5299277 0.9913169 0.7126442 1.5901977 0.2746833 0.8864954 2.4141569 0.7389627 0.7662384 0.7945437 1.1586745 1.1132061 1.2070784 0.0000000 0.0306165 
t18        0.6388142 1.3744361 2.7182557 0.7662384 0.6157354 0.5504769 1.0297869 0.7945437 1.5111773 0.2746833 0.8545757 2.1983953 0.7389627 0.7662384 0.7662384 1.1586745 1.0703373 1.1586745 0.0306165 0.0000000 
