20
t6         0.0000000 0.7389627 0.8545757 0.6626257 0.4714565 0.6626257 0.6388142 0.6388142 0.5933457 0.6157354 0.5299277 0.6388142 0.5504769 0.5933457 0.5099265 0.4529370 0.5099265 0.5504769 0.6872180 0.6626257 
t13        0.7389627 0.0000000 0.7945437 0.8545757 0.7126442 1.2070784 1.2070784 0.7945437 1.1586745 1.1132061 0.8545757 0.8864954 0.8864954 1.1132061 0.9547243 0.5504769 0.5716050 0.6157354 1.0703373 1.0297869 
t1         0.8545757 0.7945437 0.0000000 0.9198342 0.7389627 1.0703373 1.0703373 0.6626257 0.9198342 0.9198342 0.7389627 0.7389627 0.7389627 0.8864954 0.6872180 0.4904449 0.5504769 0.5504769 0.9913169 0.9913169 
t20        0.6626257 0.8545757 0.9198342 0.0000000 0.4529370 0.7389627 0.6626257 0.5299277 0.7945437 0.8239592 0.5716050 0.5504769 0.5716050 0.6388142 0.5299277 0.5504769 0.5933457 0.6388142 0.6388142 0.6157354 
t5         0.4714565 0.7126442 0.7389627 0.4529370 0.0000000 0.7945437 0.6388142 0.3831192 0.5933457 0.6626257 0.3347153 0.3347153 0.3192509 0.3831192 0.2746833 0.4529370 0.4529370 0.4714565 0.4348639 0.4172160 
t19        0.6626257 1.2070784 1.0703373 0.7389627 0.7945437 0.0000000 0.3347153 0.7945437 0.2603971 0.2892469 1.0297869 0.8239592 0.9198342 0.7662384 0.8239592 0.7945437 0.8239592 0.7945437 0.9198342 0.9547243 
t15        0.6388142 1.2070784 1.0703373 0.6626257 0.6388142 0.3347153 0.0000000 0.8239592 0.2603971 0.3192509 0.8864954 0.8239592 0.9198342 0.7389627 0.7389627 0.6872180 0.7662384 0.7945437 0.8864954 0.9198342 
t12        0.6388142 0.7945437 0.6626257 0.5299277 0.3831192 0.7945437 0.8239592 0.0000000 0.6872180 0.7126442 0.3347153 0.3999739 0.3666350 0.4172160 0.3505054 0.3999739 0.4172160 0.4529370 0.5099265 0.4904449 
t10        0.5933457 1.1586745 0.9198342 0.7945437 0.5933457 0.2603971 0.2603971 0.6872180 0.0000000 0.1427653 0.8545757 0.7945437 0.7389627 0.7662384 0.7126442 0.7126442 0.7662384 0.7126442 0.8545757 0.8864954 
t4         0.6157354 1.1132061 0.9198342 0.8239592 0.6626257 0.2892469 0.3192509 0.7126442 0.1427653 0.0000000 0.8239592 0.7389627 0.7662384 0.8239592 0.7662384 0.6388142 0.6872180 0.6626257 0.9913169 1.0297869 
t8         0.5299277 0.8545757 0.7389627 0.5716050 0.3347153 1.0297869 0.8864954 0.3347153 0.8545757 0.8239592 0.0000000 0.2746833 0.2058276 0.3999739 0.2892469 0.4714565 0.4714565 0.5099265 0.4529370 0.4348639 
t7         0.6388142 0.8864954 0.7389627 0.5504769 0.3347153 0.8239592 0.8239592 0.3999739 0.7945437 0.7389627 0.2746833 0.0000000 0.1799630 0.4904449 0.3666350 0.4714565 0.4348639 0.4714565 0.5504769 0.5299277 
t2         0.5504769 0.8864954 0.7389627 0.5716050 0.3192509 0.9198342 0.9198342 0.3666350 0.7389627 0.7662384 0.2058276 0.1799630 0.0000000 0.4172160 0.3040988 0.5099265 0.5099265 0.5504769 0.3999739 0.3831192 
t11        0.5933457 1.1132061 0.8864954 0.6388142 0.3831192 0.7662384 0.7389627 0.4172160 0.7662384 0.8239592 0.3999739 0.4904449 0.4172160 0.0000000 0.2191023 0.6388142 0.6157354 0.6626257 0.3666350 0.3505054 
t9         0.5099265 0.9547243 0.6872180 0.5299277 0.2746833 0.8239592 0.7389627 0.3505054 0.7126442 0.7662384 0.2892469 0.3666350 0.3040988 0.2191023 0.0000000 0.4714565 0.4529370 0.4904449 0.3347153 0.3192509 
t17        0.4529370 0.5504769 0.4904449 0.5504769 0.4529370 0.7945437 0.6872180 0.3999739 0.7126442 0.6388142 0.4714565 0.4714565 0.5099265 0.6388142 0.4714565 0.0000000 0.0517447 0.0734853 0.7126442 0.7126442 
t3         0.5099265 0.5716050 0.5504769 0.5933457 0.4529370 0.8239592 0.7662384 0.4172160 0.7662384 0.6872180 0.4714565 0.4348639 0.5099265 0.6157354 0.4529370 0.0517447 0.0000000 0.0202715 0.6872180 0.6872180 
t18        0.5504769 0.6157354 0.5504769 0.6388142 0.4714565 0.7945437 0.7945437 0.4529370 0.7126442 0.6626257 0.5099265 0.4714565 0.5504769 0.6626257 0.4904449 0.0734853 0.0202715 0.0000000 0.7389627 0.7389627 
t14        0.6872180 1.0703373 0.9913169 0.6388142 0.4348639 0.9198342 0.8864954 0.5099265 0.8545757 0.9913169 0.4529370 0.5504769 0.3999739 0.3666350 0.3347153 0.7126442 0.6872180 0.7389627 0.0000000 0.0100673 
t16        0.6626257 1.0297869 0.9913169 0.6157354 0.4172160 0.9547243 0.9198342 0.4904449 0.8864954 1.0297869 0.4348639 0.5299277 0.3831192 0.3505054 0.3192509 0.7126442 0.6872180 0.7389627 0.0100673 0.0000000 
