20
t12        0.0000000 1.4396946 9.0000000 2.0310377 2.1983953 1.7786835 1.6785349 1.5901977 1.7786835 9.0000000 1.3744361 2.0310377 1.6785349 2.0310377 1.6785349 1.5111773 2.1983953 2.1983953 1.8942965 2.1983953 
t4         1.4396946 0.0000000 1.5901977 1.3144041 0.6872180 0.7389627 0.5504769 0.6872180 0.9913169 1.7786835 0.6626257 1.3744361 0.7662384 1.2070784 0.9913169 1.1586745 1.1586745 1.5901977 1.0297869 2.7182557 
t6         9.0000000 1.5901977 0.0000000 2.0310377 1.7786835 1.5111773 1.7786835 9.0000000 3.2381161 1.7786835 1.2588231 1.7786835 1.8942965 9.0000000 9.0000000 9.0000000 1.7786835 1.8942965 9.0000000 9.0000000 
t8         2.0310377 1.3144041 2.0310377 0.0000000 1.2070784 1.1586745 0.8545757 1.2588231 1.3744361 2.1983953 1.0703373 1.4396946 1.5901977 2.7182557 2.1983953 9.0000000 1.2070784 2.7182557 1.2070784 1.8942965 
t17        2.1983953 0.6872180 1.7786835 1.2070784 0.0000000 0.4714565 0.6157354 0.9913169 1.1132061 1.3744361 0.7126442 1.1132061 1.3144041 1.1586745 1.2070784 1.1132061 0.8864954 1.5111773 1.6785349 1.8942965 
t11        1.7786835 0.7389627 1.5111773 1.1586745 0.4714565 0.0000000 0.5504769 0.7662384 1.2070784 1.5901977 0.7126442 1.1586745 1.3744361 1.3744361 1.2070784 1.4396946 1.0703373 1.3144041 1.3144041 2.0310377 
t5         1.6785349 0.5504769 1.7786835 0.8545757 0.6157354 0.5504769 0.0000000 0.3666350 0.8239592 1.6785349 0.3831192 1.1132061 0.8239592 0.9913169 0.8864954 0.8864954 0.7389627 1.4396946 1.1132061 1.7786835 
t18        1.5901977 0.6872180 9.0000000 1.2588231 0.9913169 0.7662384 0.3666350 0.0000000 1.1586745 1.7786835 0.9198342 1.3144041 1.4396946 1.1586745 0.9198342 1.2588231 1.2070784 1.7786835 1.5901977 9.0000000 
t7         1.7786835 0.9913169 3.2381161 1.3744361 1.1132061 1.2070784 0.8239592 1.1586745 0.0000000 9.0000000 0.9547243 1.1132061 1.4396946 0.7389627 0.9547243 0.8545757 0.8864954 1.6785349 1.8942965 9.0000000 
t9         9.0000000 1.7786835 1.7786835 2.1983953 1.3744361 1.5901977 1.6785349 1.7786835 9.0000000 0.0000000 1.0297869 1.6785349 1.2588231 2.7182557 2.4141569 1.5901977 9.0000000 9.0000000 1.3144041 1.6785349 
t14        1.3744361 0.6626257 1.2588231 1.0703373 0.7126442 0.7126442 0.3831192 0.9198342 0.9547243 1.0297869 0.0000000 1.1132061 0.6626257 1.0703373 1.0297869 1.0297869 0.7945437 1.2588231 0.8239592 1.1586745 
t3         2.0310377 1.3744361 1.7786835 1.4396946 1.1132061 1.1586745 1.1132061 1.3144041 1.1132061 1.6785349 1.1132061 0.0000000 1.4396946 1.6785349 1.7786835 2.1983953 0.5716050 1.0297869 1.4396946 2.4141569 
t1         1.6785349 0.7662384 1.8942965 1.5901977 1.3144041 1.3744361 0.8239592 1.4396946 1.4396946 1.2588231 0.6626257 1.4396946 0.0000000 1.5901977 1.7786835 1.4396946 1.1132061 2.1983953 0.7662384 1.5901977 
t20        2.0310377 1.2070784 9.0000000 2.7182557 1.1586745 1.3744361 0.9913169 1.1586745 0.7389627 2.7182557 1.0703373 1.6785349 1.5901977 0.0000000 0.3040988 0.2746833 1.3144041 1.7786835 1.8942965 3.2381161 
t10        1.6785349 0.9913169 9.0000000 2.1983953 1.2070784 1.2070784 0.8864954 0.9198342 0.9547243 2.4141569 1.0297869 1.7786835 1.7786835 0.3040988 0.0000000 0.2892469 1.4396946 1.7786835 1.7786835 9.0000000 
t16        1.5111773 1.1586745 9.0000000 9.0000000 1.1132061 1.4396946 0.8864954 1.2588231 0.8545757 1.5901977 1.0297869 2.1983953 1.4396946 0.2746833 0.2892469 0.0000000 1.5901977 2.1983953 1.6785349 9.0000000 
t15        2.1983953 1.1586745 1.7786835 1.2070784 0.8864954 1.0703373 0.7389627 1.2070784 0.8864954 9.0000000 0.7945437 0.5716050 1.1132061 1.3144041 1.4396946 1.5901977 0.0000000 0.4714565 1.2070784 2.1983953 
t19        2.1983953 1.5901977 1.8942965 2.7182557 1.5111773 1.3144041 1.4396946 1.7786835 1.6785349 9.0000000 1.2588231 1.0297869 2.1983953 1.7786835 1.7786835 2.1983953 0.4714565 0.0000000 2.4141569 9.0000000 
t13        1.8942965 1.0297869 9.0000000 1.2070784 1.6785349 1.3144041 1.1132061 1.5901977 1.8942965 1.3144041 0.8239592 1.4396946 0.7662384 1.8942965 1.7786835 1.6785349 1.2070784 2.4141569 0.0000000 0.7945437 
t2         2.1983953 2.7182557 9.0000000 1.8942965 1.8942965 2.0310377 1.7786835 9.0000000 9.0000000 1.6785349 1.1586745 2.4141569 1.5901977 3.2381161 9.0000000 9.0000000 2.1983953 9.0000000 0.7945437 0.0000000 
