20
t4         0.0000000 0.8545757 2.4141569 3.2381161 2.1983953 2.0310377 1.8942965 0.9913169 1.1586745 1.4396946 1.7786835 3.2381161 2.1983953 2.0310377 2.7182557 2.0310377 2.4141569 2.4141569 1.5901977 1.5901977 
t19        0.8545757 0.0000000 9.0000000 1.8942965 1.5111773 1.4396946 1.3744361 0.8864954 0.9913169 0.9547243 1.1586745 1.4396946 1.2588231 1.7786835 1.8942965 1.7786835 1.7786835 1.6785349 1.6785349 1.8942965 
t9         2.4141569 9.0000000 0.0000000 1.6785349 1.2070784 1.7786835 1.0703373 1.3144041 1.3744361 1.5111773 1.5901977 1.1586745 1.0703373 1.2588231 1.2070784 0.4904449 0.8864954 0.9198342 0.4529370 0.4529370 
t12        3.2381161 1.8942965 1.6785349 0.0000000 9.0000000 2.4141569 1.6785349 9.0000000 2.4141569 2.0310377 2.0310377 3.2381161 1.7786835 2.1983953 1.8942965 1.7786835 2.1983953 2.4141569 1.6785349 1.8942965 
t1         2.1983953 1.5111773 1.2070784 9.0000000 0.0000000 1.6785349 0.6388142 1.2070784 1.0703373 0.8864954 0.9547243 1.0297869 1.2070784 0.8864954 0.7662384 1.1132061 0.8239592 0.7126442 0.9547243 0.9913169 
t15        2.0310377 1.4396946 1.7786835 2.4141569 1.6785349 0.0000000 1.0703373 1.0297869 1.1586745 1.0703373 1.3144041 0.9547243 0.7389627 1.8942965 1.8942965 1.1586745 1.3144041 1.3144041 1.2070784 1.1586745 
t18        1.8942965 1.3744361 1.0703373 1.6785349 0.6388142 1.0703373 0.0000000 0.9913169 0.9913169 0.7389627 0.7662384 0.7126442 0.7945437 0.8239592 0.8239592 0.8864954 0.3192509 0.2746833 0.7126442 0.7389627 
t3         0.9913169 0.8864954 1.3144041 9.0000000 1.2070784 1.0297869 0.9913169 0.0000000 0.2603971 0.9913169 0.9547243 1.3744361 1.1132061 1.1132061 1.2588231 1.1586745 0.9913169 0.9547243 0.8545757 0.9198342 
t5         1.1586745 0.9913169 1.3744361 2.4141569 1.0703373 1.1586745 0.9913169 0.2603971 0.0000000 1.1586745 1.3144041 1.2588231 1.1586745 1.3144041 1.3144041 1.0703373 0.9913169 0.9547243 0.9913169 1.0703373 
t13        1.4396946 0.9547243 1.5111773 2.0310377 0.8864954 1.0703373 0.7389627 0.9913169 1.1586745 0.0000000 0.1189538 0.9198342 1.0703373 1.4396946 1.3144041 1.1586745 0.8864954 0.8239592 0.9198342 0.9198342 
t10        1.7786835 1.1586745 1.5901977 2.0310377 0.9547243 1.3144041 0.7662384 0.9547243 1.3144041 0.1189538 0.0000000 1.1132061 1.1586745 1.4396946 1.3744361 1.1132061 0.9547243 0.8864954 0.8545757 0.8864954 
t7         3.2381161 1.4396946 1.1586745 3.2381161 1.0297869 0.9547243 0.7126442 1.3744361 1.2588231 0.9198342 1.1132061 0.0000000 0.2191023 1.3144041 0.9913169 0.9547243 0.7945437 0.7945437 0.8545757 0.7945437 
t8         2.1983953 1.2588231 1.0703373 1.7786835 1.2070784 0.7389627 0.7945437 1.1132061 1.1586745 1.0703373 1.1586745 0.2191023 0.0000000 1.6785349 1.2070784 0.9547243 0.8864954 0.8864954 0.9198342 0.8864954 
t17        2.0310377 1.7786835 1.2588231 2.1983953 0.8864954 1.8942965 0.8239592 1.1132061 1.3144041 1.4396946 1.4396946 1.3144041 1.6785349 0.0000000 0.5099265 1.0703373 0.9198342 0.7662384 0.8545757 0.8864954 
t2         2.7182557 1.8942965 1.2070784 1.8942965 0.7662384 1.8942965 0.8239592 1.2588231 1.3144041 1.3144041 1.3744361 0.9913169 1.2070784 0.5099265 0.0000000 0.9198342 1.0297869 0.8864954 0.7945437 0.8239592 
t16        2.0310377 1.7786835 0.4904449 1.7786835 1.1132061 1.1586745 0.8864954 1.1586745 1.0703373 1.1586745 1.1132061 0.9547243 0.9547243 1.0703373 0.9198342 0.0000000 0.9913169 0.9198342 0.1189538 0.1073256 
t11        2.4141569 1.7786835 0.8864954 2.1983953 0.8239592 1.3144041 0.3192509 0.9913169 0.9913169 0.8864954 0.9547243 0.7945437 0.8864954 0.9198342 1.0297869 0.9913169 0.0000000 0.0517447 0.8545757 0.8545757 
t6         2.4141569 1.6785349 0.9198342 2.4141569 0.7126442 1.3144041 0.2746833 0.9547243 0.9547243 0.8239592 0.8864954 0.7945437 0.8864954 0.7662384 0.8864954 0.9198342 0.0517447 0.0000000 0.7945437 0.8239592 
t14        1.5901977 1.6785349 0.4529370 1.6785349 0.9547243 1.2070784 0.7126442 0.8545757 0.9913169 0.9198342 0.8545757 0.8545757 0.9198342 0.8545757 0.7945437 0.1189538 0.8545757 0.7945437 0.0000000 0.0306165 
t20        1.5901977 1.8942965 0.4529370 1.8942965 0.9913169 1.1586745 0.7389627 0.9198342 1.0703373 0.9198342 0.8864954 0.7945437 0.8864954 0.8864954 0.8239592 0.1073256 0.8545757 0.8239592 0.0306165 0.0000000 
