20
t3         0.0000000 0.3192509 0.7389627 0.4714565 0.8239592 0.9547243 0.3505054 0.2603971 0.5299277 0.3192509 1.1586745 0.2603971 0.7126442 1.2070784 1.1586745 0.5716050 0.5504769 0.2892469 0.2746833 0.2746833 
t5         0.3192509 0.0000000 0.6872180 0.3999739 0.7945437 0.9198342 0.3192509 0.1927838 0.4348639 0.2603971 1.0297869 0.2326162 0.6157354 1.1586745 1.3144041 0.4714565 0.4529370 0.2603971 0.2892469 0.2746833 
t11        0.7389627 0.6872180 0.0000000 0.3505054 1.0703373 0.9913169 0.7389627 0.6872180 0.9913169 0.8239592 0.9913169 0.6872180 0.5299277 1.0297869 1.2070784 0.4172160 0.4172160 0.7389627 0.7389627 0.7662384 
t14        0.4714565 0.3999739 0.3505054 0.0000000 0.9547243 0.9913169 0.4529370 0.4348639 0.6157354 0.4529370 1.0297869 0.4529370 0.4348639 1.2070784 1.3144041 0.3347153 0.3192509 0.5299277 0.5099265 0.5299277 
t13        0.8239592 0.7945437 1.0703373 0.9547243 0.0000000 0.4172160 0.7945437 0.8239592 0.8239592 0.7389627 1.2070784 0.9198342 1.1132061 1.5111773 1.3144041 1.1132061 0.9913169 0.8864954 0.9198342 0.9198342 
t1         0.9547243 0.9198342 0.9913169 0.9913169 0.4172160 0.0000000 0.8864954 0.7662384 0.9198342 0.7662384 1.2070784 0.7389627 1.0297869 1.6785349 1.5111773 1.1132061 0.9913169 0.8239592 0.8545757 0.8545757 
t19        0.3505054 0.3192509 0.7389627 0.4529370 0.7945437 0.8864954 0.0000000 0.2058276 0.2191023 0.0625362 0.8864954 0.2191023 0.7126442 1.1132061 1.2070784 0.5716050 0.5299277 0.2746833 0.2463781 0.2603971 
t12        0.2603971 0.1927838 0.6872180 0.4348639 0.8239592 0.7662384 0.2058276 0.0000000 0.3505054 0.1927838 1.0297869 0.0845966 0.6388142 1.2588231 1.3144041 0.4904449 0.4529370 0.1307650 0.1307650 0.1427653 
t10        0.5299277 0.4348639 0.9913169 0.6157354 0.8239592 0.9198342 0.2191023 0.3505054 0.0000000 0.1927838 0.9913169 0.3831192 0.8545757 1.2070784 1.2588231 0.7126442 0.6626257 0.4172160 0.3831192 0.3666350 
t16        0.3192509 0.2603971 0.8239592 0.4529370 0.7389627 0.7662384 0.0625362 0.1927838 0.1927838 0.0000000 0.8864954 0.2058276 0.7389627 1.1132061 1.1586745 0.5504769 0.5099265 0.2603971 0.2326162 0.2191023 
t20        1.1586745 1.0297869 0.9913169 1.0297869 1.2070784 1.2070784 0.8864954 1.0297869 0.9913169 0.8864954 0.0000000 1.0297869 1.2588231 0.2892469 0.3040988 1.2070784 1.1132061 1.2070784 1.1586745 1.1132061 
t15        0.2603971 0.2326162 0.6872180 0.4529370 0.9198342 0.7389627 0.2191023 0.0845966 0.3831192 0.2058276 1.0297869 0.0000000 0.6388142 1.3144041 1.3744361 0.5299277 0.5099265 0.0845966 0.0845966 0.0958750 
t7         0.7126442 0.6157354 0.5299277 0.4348639 1.1132061 1.0297869 0.7126442 0.6388142 0.8545757 0.7389627 1.2588231 0.6388142 0.0000000 1.3144041 1.5111773 0.1799630 0.1673577 0.7126442 0.7126442 0.7389627 
t8         1.2070784 1.1586745 1.0297869 1.2070784 1.5111773 1.6785349 1.1132061 1.2588231 1.2070784 1.1132061 0.2892469 1.3144041 1.3144041 0.0000000 0.2058276 1.2588231 1.1586745 1.3744361 1.3144041 1.2588231 
t9         1.1586745 1.3144041 1.2070784 1.3144041 1.3144041 1.5111773 1.2070784 1.3144041 1.2588231 1.1586745 0.3040988 1.3744361 1.5111773 0.2058276 0.0000000 1.6785349 1.5111773 1.3144041 1.3144041 1.3144041 
t18        0.5716050 0.4714565 0.4172160 0.3347153 1.1132061 1.1132061 0.5716050 0.4904449 0.7126442 0.5504769 1.2070784 0.5299277 0.1799630 1.2588231 1.6785349 0.0000000 0.0517447 0.6157354 0.5933457 0.5716050 
t17        0.5504769 0.4529370 0.4172160 0.3192509 0.9913169 0.9913169 0.5299277 0.4529370 0.6626257 0.5099265 1.1132061 0.5099265 0.1673577 1.1586745 1.5111773 0.0517447 0.0000000 0.5933457 0.5716050 0.5504769 
t4         0.2892469 0.2603971 0.7389627 0.5299277 0.8864954 0.8239592 0.2746833 0.1307650 0.4172160 0.2603971 1.2070784 0.0845966 0.7126442 1.3744361 1.3144041 0.6157354 0.5933457 0.0000000 0.0411062 0.0517447 
t2         0.2746833 0.2892469 0.7389627 0.5099265 0.9198342 0.8545757 0.2463781 0.1307650 0.3831192 0.2326162 1.1586745 0.0845966 0.7126442 1.3144041 1.3144041 0.5933457 0.5716050 0.0411062 0.0000000 0.0100673 
t6         0.2746833 0.2746833 0.7662384 0.5299277 0.9198342 0.8545757 0.2603971 0.1427653 0.3666350 0.2191023 1.1132061 0.0958750 0.7389627 1.2588231 1.3144041 0.5716050 0.5504769 0.0517447 0.0100673 0.0000000 
