20
t18        0.0000000 0.8239592 1.1586745 1.2588231 0.8545757 1.4396946 1.5111773 1.0703373 0.9198342 0.8864954 0.7945437 0.8864954 1.1132061 0.9913169 1.0703373 0.9547243 1.1586745 0.9913169 0.9913169 0.9913169 
t10        0.8239592 0.0000000 0.5716050 0.8239592 0.7662384 0.5716050 0.6157354 0.9913169 0.7662384 0.8864954 0.7662384 0.6872180 0.9198342 0.6872180 0.7389627 1.0703373 1.3744361 0.8545757 0.8239592 0.8864954 
t2         1.1586745 0.5716050 0.0000000 0.8545757 1.1586745 0.7389627 0.7126442 1.4396946 0.8545757 1.0297869 0.9913169 0.8545757 1.3144041 0.7662384 0.8864954 1.5111773 2.1983953 1.2070784 1.2588231 1.3144041 
t3         1.2588231 0.8239592 0.8545757 0.0000000 1.3144041 0.9547243 1.1132061 1.3744361 1.4396946 1.3744361 1.0297869 0.9913169 1.3744361 0.5099265 0.5099265 1.5111773 2.1983953 1.4396946 1.3744361 1.5111773 
t11        0.8545757 0.7662384 1.1586745 1.3144041 0.0000000 1.1586745 1.3144041 0.4348639 0.9547243 0.9547243 0.9547243 0.9547243 0.5099265 0.9913169 0.9913169 0.4714565 0.5716050 0.3831192 0.3831192 0.3831192 
t5         1.4396946 0.5716050 0.7389627 0.9547243 1.1586745 0.0000000 0.1799630 1.4396946 1.1132061 0.9547243 1.0297869 0.9198342 1.0703373 1.0703373 1.3144041 1.5111773 1.7786835 1.1132061 1.1132061 1.1132061 
t6         1.5111773 0.6157354 0.7126442 1.1132061 1.3144041 0.1799630 0.0000000 1.4396946 1.1586745 1.1586745 1.1132061 0.9913169 1.4396946 1.0297869 1.3144041 1.6785349 2.1983953 1.5901977 1.6785349 1.5901977 
t9         1.0703373 0.9913169 1.4396946 1.3744361 0.4348639 1.4396946 1.4396946 0.0000000 1.1132061 1.0297869 1.0703373 0.9913169 0.7945437 0.9198342 0.9913169 0.3831192 0.4714565 0.6388142 0.6157354 0.6157354 
t4         0.9198342 0.7662384 0.8545757 1.4396946 0.9547243 1.1132061 1.1586745 1.1132061 0.0000000 0.3040988 0.2603971 0.2463781 1.1132061 1.2588231 1.1132061 1.1586745 1.3744361 0.9198342 0.9547243 0.9547243 
t15        0.8864954 0.8864954 1.0297869 1.3744361 0.9547243 0.9547243 1.1586745 1.0297869 0.3040988 0.0000000 0.2058276 0.1927838 1.1132061 1.2588231 0.9198342 1.3144041 1.4396946 0.9913169 1.0297869 1.0297869 
t7         0.7945437 0.7662384 0.9913169 1.0297869 0.9547243 1.0297869 1.1132061 1.0703373 0.2603971 0.2058276 0.0000000 0.1427653 1.1132061 0.8864954 0.8239592 1.2070784 1.5111773 0.9198342 0.9547243 0.9547243 
t8         0.8864954 0.6872180 0.8545757 0.9913169 0.9547243 0.9198342 0.9913169 0.9913169 0.2463781 0.1927838 0.1427653 0.0000000 1.0703373 0.8545757 0.7389627 1.3144041 1.6785349 0.8864954 0.9198342 0.9198342 
t16        1.1132061 0.9198342 1.3144041 1.3744361 0.5099265 1.0703373 1.4396946 0.7945437 1.1132061 1.1132061 1.1132061 1.0703373 0.0000000 1.4396946 1.2588231 0.6872180 0.9198342 0.1799630 0.2191023 0.2058276 
t20        0.9913169 0.6872180 0.7662384 0.5099265 0.9913169 1.0703373 1.0297869 0.9198342 1.2588231 1.2588231 0.8864954 0.8545757 1.4396946 0.0000000 0.1799630 1.0703373 1.2588231 1.1586745 1.0703373 1.1132061 
t14        1.0703373 0.7389627 0.8864954 0.5099265 0.9913169 1.3144041 1.3144041 0.9913169 1.1132061 0.9198342 0.8239592 0.7389627 1.2588231 0.1799630 0.0000000 1.3744361 1.7786835 1.0297869 0.9547243 1.0703373 
t1         0.9547243 1.0703373 1.5111773 1.5111773 0.4714565 1.5111773 1.6785349 0.3831192 1.1586745 1.3144041 1.2070784 1.3144041 0.6872180 1.0703373 1.3744361 0.0000000 0.1427653 0.5933457 0.6157354 0.5716050 
t12        1.1586745 1.3744361 2.1983953 2.1983953 0.5716050 1.7786835 2.1983953 0.4714565 1.3744361 1.4396946 1.5111773 1.6785349 0.9198342 1.2588231 1.7786835 0.1427653 0.0000000 0.6388142 0.6872180 0.6388142 
t13        0.9913169 0.8545757 1.2070784 1.4396946 0.3831192 1.1132061 1.5901977 0.6388142 0.9198342 0.9913169 0.9198342 0.8864954 0.1799630 1.1586745 1.0297869 0.5933457 0.6388142 0.0000000 0.0411062 0.0306165 
t17        0.9913169 0.8239592 1.2588231 1.3744361 0.3831192 1.1132061 1.6785349 0.6157354 0.9547243 1.0297869 0.9547243 0.9198342 0.2191023 1.0703373 0.9547243 0.6157354 0.6872180 0.0411062 0.0000000 0.0517447 
t19        0.9913169 0.8864954 1.3144041 1.5111773 0.3831192 1.1132061 1.5901977 0.6157354 0.9547243 1.0297869 0.9547243 0.9198342 0.2058276 1.1132061 1.0703373 0.5716050 0.6388142 0.0306165 0.0517447 0.0000000 
