20
t5         0.0000000 9.0000000 1.6785349 3.2381161 1.6785349 0.9913169 1.4396946 1.6785349 1.2070784 1.3144041 1.8942965 1.5111773 1.6785349 1.7786835 1.3744361 1.2588231 1.8942965 1.5901977 1.5111773 1.4396946 
t10        9.0000000 0.0000000 3.2381161 9.0000000 9.0000000 9.0000000 2.4141569 1.8942965 1.7786835 1.4396946 2.1983953 2.0310377 1.8942965 2.1983953 1.4396946 1.5901977 1.8942965 1.6785349 1.7786835 1.7786835 
t14        1.6785349 3.2381161 0.0000000 0.7945437 1.4396946 1.7786835 2.7182557 1.1132061 1.1132061 1.1132061 1.5901977 1.5111773 1.5111773 1.1132061 1.3144041 1.2588231 2.0310377 1.0703373 0.9547243 0.9913169 
t12        3.2381161 9.0000000 0.7945437 0.0000000 1.7786835 2.4141569 2.7182557 9.0000000 2.0310377 1.8942965 2.1983953 9.0000000 9.0000000 1.6785349 1.8942965 2.4141569 9.0000000 1.7786835 2.1983953 2.7182557 
t2         1.6785349 9.0000000 1.4396946 1.7786835 0.0000000 1.8942965 2.7182557 1.0703373 1.0297869 0.9198342 1.1586745 1.5111773 1.3144041 0.8545757 1.0297869 1.0703373 1.3144041 0.8864954 0.8864954 0.9198342 
t17        0.9913169 9.0000000 1.7786835 2.4141569 1.8942965 0.0000000 0.5099265 1.5111773 1.2070784 1.2070784 1.5111773 2.1983953 2.4141569 2.0310377 1.4396946 1.7786835 2.1983953 1.5111773 1.5901977 1.5901977 
t4         1.4396946 2.4141569 2.7182557 2.7182557 2.7182557 0.5099265 0.0000000 2.0310377 1.5111773 1.5111773 1.8942965 1.8942965 2.4141569 2.1983953 1.8942965 9.0000000 2.7182557 2.4141569 1.5901977 1.5901977 
t18        1.6785349 1.8942965 1.1132061 9.0000000 1.0703373 1.5111773 2.0310377 0.0000000 0.7662384 0.7389627 1.2070784 1.1132061 1.1132061 0.5299277 0.9198342 0.9547243 0.7662384 0.5716050 0.7945437 0.7945437 
t8         1.2070784 1.7786835 1.1132061 2.0310377 1.0297869 1.2070784 1.5111773 0.7662384 0.0000000 0.1189538 0.5716050 0.9547243 0.9547243 0.8545757 0.7945437 1.1132061 0.8864954 0.6626257 0.6626257 0.6626257 
t19        1.3144041 1.4396946 1.1132061 1.8942965 0.9198342 1.2070784 1.5111773 0.7389627 0.1189538 0.0000000 0.5933457 1.0297869 0.9913169 0.7662384 0.7945437 0.9198342 0.7945437 0.5716050 0.7126442 0.7126442 
t15        1.8942965 2.1983953 1.5901977 2.1983953 1.1586745 1.5111773 1.8942965 1.2070784 0.5716050 0.5933457 0.0000000 1.5111773 1.5901977 1.0703373 1.3144041 1.8942965 1.5111773 0.9198342 0.9198342 0.9198342 
t6         1.5111773 2.0310377 1.5111773 9.0000000 1.5111773 2.1983953 1.8942965 1.1132061 0.9547243 1.0297869 1.5111773 0.0000000 0.1307650 1.0703373 1.3744361 1.3744361 1.4396946 1.1132061 0.6626257 0.6626257 
t3         1.6785349 1.8942965 1.5111773 9.0000000 1.3144041 2.4141569 2.4141569 1.1132061 0.9547243 0.9913169 1.5901977 0.1307650 0.0000000 0.8864954 1.0703373 1.2070784 1.5901977 1.1586745 0.5716050 0.5716050 
t20        1.7786835 2.1983953 1.1132061 1.6785349 0.8545757 2.0310377 2.1983953 0.5299277 0.8545757 0.7662384 1.0703373 1.0703373 0.8864954 0.0000000 0.7126442 0.7945437 0.6157354 0.4714565 0.8545757 0.8545757 
t9         1.3744361 1.4396946 1.3144041 1.8942965 1.0297869 1.4396946 1.8942965 0.9198342 0.7945437 0.7945437 1.3144041 1.3744361 1.0703373 0.7126442 0.0000000 0.4714565 0.9198342 0.6872180 0.8864954 0.8864954 
t1         1.2588231 1.5901977 1.2588231 2.4141569 1.0703373 1.7786835 9.0000000 0.9547243 1.1132061 0.9198342 1.8942965 1.3744361 1.2070784 0.7945437 0.4714565 0.0000000 1.2588231 0.8864954 0.9547243 0.9547243 
t13        1.8942965 1.8942965 2.0310377 9.0000000 1.3144041 2.1983953 2.7182557 0.7662384 0.8864954 0.7945437 1.5111773 1.4396946 1.5901977 0.6157354 0.9198342 1.2588231 0.0000000 0.6388142 1.3744361 1.3744361 
t16        1.5901977 1.6785349 1.0703373 1.7786835 0.8864954 1.5111773 2.4141569 0.5716050 0.6626257 0.5716050 0.9198342 1.1132061 1.1586745 0.4714565 0.6872180 0.8864954 0.6388142 0.0000000 0.7662384 0.7662384 
t7         1.5111773 1.7786835 0.9547243 2.1983953 0.8864954 1.5901977 1.5901977 0.7945437 0.6626257 0.7126442 0.9198342 0.6626257 0.5716050 0.8545757 0.8864954 0.9547243 1.3744361 0.7662384 0.0000000 0.0202715 
t11        1.4396946 1.7786835 0.9913169 2.7182557 0.9198342 1.5901977 1.5901977 0.7945437 0.6626257 0.7126442 0.9198342 0.6626257 0.5716050 0.8545757 0.8864954 0.9547243 1.3744361 0.7662384 0.0202715 0.0000000 
