20
t20        0.0000000 1.3744361 2.4141569 1.3144041 1.3744361 1.5901977 1.3144041 1.3744361 0.9913169 1.1132061 1.2070784 0.9547243 1.5111773 1.5111773 1.3744361 1.0297869 0.9547243 1.7786835 1.5901977 1.5901977 
t10        1.3744361 0.0000000 3.2381161 1.6785349 1.4396946 1.8942965 1.5111773 1.0703373 1.3144041 1.4396946 1.1132061 1.1132061 1.8942965 2.0310377 1.8942965 0.9913169 0.9198342 1.1586745 1.1132061 1.1132061 
t6         2.4141569 3.2381161 0.0000000 1.3144041 1.1586745 0.9913169 1.1132061 0.9913169 1.3144041 1.5111773 1.4396946 1.5901977 1.3144041 1.0703373 0.9913169 1.3744361 1.3744361 1.5901977 1.5901977 1.5111773 
t1         1.3144041 1.6785349 1.3144041 0.0000000 1.0297869 1.2588231 1.1132061 0.9198342 9.0000000 1.8942965 1.6785349 1.5111773 1.0297869 1.2588231 1.2588231 2.1983953 1.6785349 1.0297869 1.0297869 1.0703373 
t9         1.3744361 1.4396946 1.1586745 1.0297869 0.0000000 0.5504769 0.8239592 0.4348639 1.7786835 2.0310377 1.6785349 1.8942965 1.3144041 1.5901977 1.5901977 0.9913169 0.9547243 1.3144041 1.2070784 1.2588231 
t18        1.5901977 1.8942965 0.9913169 1.2588231 0.5504769 0.0000000 0.5099265 0.2746833 1.7786835 2.1983953 1.4396946 1.7786835 1.2070784 1.4396946 1.5111773 1.3144041 1.1586745 1.4396946 1.3144041 1.3744361 
t15        1.3144041 1.5111773 1.1132061 1.1132061 0.8239592 0.5099265 0.0000000 0.3666350 1.4396946 1.6785349 1.5901977 1.6785349 0.9547243 1.3144041 1.3144041 1.2588231 1.1132061 1.2588231 1.1586745 1.2070784 
t17        1.3744361 1.0703373 0.9913169 0.9198342 0.4348639 0.2746833 0.3666350 0.0000000 1.4396946 1.6785349 1.2588231 1.3144041 0.9913169 1.2588231 1.3144041 0.9547243 0.8239592 0.8545757 0.7662384 0.8239592 
t5         0.9913169 1.3144041 1.3144041 9.0000000 1.7786835 1.7786835 1.4396946 1.4396946 0.0000000 0.3999739 0.7662384 0.6388142 9.0000000 2.7182557 1.8942965 1.0703373 1.0297869 2.7182557 2.1983953 2.1983953 
t8         1.1132061 1.4396946 1.5111773 1.8942965 2.0310377 2.1983953 1.6785349 1.6785349 0.3999739 0.0000000 0.9547243 0.9198342 2.1983953 1.7786835 1.5111773 1.3744361 1.3744361 2.1983953 1.8942965 1.8942965 
t11        1.2070784 1.1132061 1.4396946 1.6785349 1.6785349 1.4396946 1.5901977 1.2588231 0.7662384 0.9547243 0.0000000 0.3999739 2.7182557 1.8942965 1.7786835 1.1132061 1.0703373 1.5901977 1.4396946 1.5111773 
t16        0.9547243 1.1132061 1.5901977 1.5111773 1.8942965 1.7786835 1.6785349 1.3144041 0.6388142 0.9198342 0.3999739 0.0000000 1.8942965 1.3144041 1.5111773 1.2588231 1.1132061 1.3144041 1.2070784 1.2070784 
t12        1.5111773 1.8942965 1.3144041 1.0297869 1.3144041 1.2070784 0.9547243 0.9913169 9.0000000 2.1983953 2.7182557 1.8942965 0.0000000 0.2463781 0.2746833 2.0310377 1.8942965 1.1132061 1.1132061 1.1586745 
t2         1.5111773 2.0310377 1.0703373 1.2588231 1.5901977 1.4396946 1.3144041 1.2588231 2.7182557 1.7786835 1.8942965 1.3144041 0.2463781 0.0000000 0.1189538 1.8942965 1.7786835 1.5111773 1.5111773 1.5111773 
t14        1.3744361 1.8942965 0.9913169 1.2588231 1.5901977 1.5111773 1.3144041 1.3144041 1.8942965 1.5111773 1.7786835 1.5111773 0.2746833 0.1189538 0.0000000 2.1983953 2.0310377 1.7786835 1.7786835 1.7786835 
t7         1.0297869 0.9913169 1.3744361 2.1983953 0.9913169 1.3144041 1.2588231 0.9547243 1.0703373 1.3744361 1.1132061 1.2588231 2.0310377 1.8942965 2.1983953 0.0000000 0.0517447 1.2588231 1.1586745 1.1586745 
t3         0.9547243 0.9198342 1.3744361 1.6785349 0.9547243 1.1586745 1.1132061 0.8239592 1.0297869 1.3744361 1.0703373 1.1132061 1.8942965 1.7786835 2.0310377 0.0517447 0.0000000 1.1586745 1.0297869 1.0297869 
t4         1.7786835 1.1586745 1.5901977 1.0297869 1.3144041 1.4396946 1.2588231 0.8545757 2.7182557 2.1983953 1.5901977 1.3144041 1.1132061 1.5111773 1.7786835 1.2588231 1.1586745 0.0000000 0.0411062 0.0625362 
t19        1.5901977 1.1132061 1.5901977 1.0297869 1.2070784 1.3144041 1.1586745 0.7662384 2.1983953 1.8942965 1.4396946 1.2070784 1.1132061 1.5111773 1.7786835 1.1586745 1.0297869 0.0411062 0.0000000 0.0202715 
t13        1.5901977 1.1132061 1.5111773 1.0703373 1.2588231 1.3744361 1.2070784 0.8239592 2.1983953 1.8942965 1.5111773 1.2070784 1.1586745 1.5111773 1.7786835 1.1586745 1.0297869 0.0625362 0.0202715 0.0000000 
