20
t12        0.0000000 1.8942965 1.6785349 1.2588231 9.0000000 9.0000000 9.0000000 9.0000000 1.3744361 1.1586745 2.4141569 2.4141569 1.5111773 3.2381161 1.2588231 1.3144041 9.0000000 9.0000000 2.7182557 2.7182557 
t7         1.8942965 0.0000000 9.0000000 3.2381161 2.4141569 9.0000000 2.4141569 2.4141569 2.1983953 2.7182557 2.1983953 1.8942965 9.0000000 1.6785349 9.0000000 9.0000000 9.0000000 3.2381161 1.7786835 1.7786835 
t2         1.6785349 9.0000000 0.0000000 2.0310377 1.0703373 9.0000000 0.7662384 1.1586745 1.7786835 1.3744361 1.3744361 1.5111773 1.4396946 0.9547243 2.7182557 2.1983953 9.0000000 2.4141569 0.9913169 0.9913169 
t8         1.2588231 3.2381161 2.0310377 0.0000000 2.4141569 9.0000000 2.1983953 9.0000000 0.9198342 0.9547243 2.4141569 1.4396946 1.0297869 3.2381161 0.6626257 0.3505054 3.2381161 9.0000000 2.1983953 2.1983953 
t9         9.0000000 2.4141569 1.0703373 2.4141569 0.0000000 9.0000000 2.4141569 3.2381161 3.2381161 2.4141569 3.2381161 2.1983953 2.4141569 2.0310377 1.8942965 2.7182557 2.7182557 9.0000000 1.8942965 1.8942965 
t19        9.0000000 9.0000000 9.0000000 9.0000000 9.0000000 0.0000000 1.7786835 2.4141569 9.0000000 9.0000000 1.8942965 1.7786835 2.0310377 9.0000000 2.1983953 3.2381161 1.5111773 1.7786835 9.0000000 9.0000000 
t4         9.0000000 2.4141569 0.7662384 2.1983953 2.4141569 1.7786835 0.0000000 0.7389627 2.0310377 1.4396946 1.2070784 1.8942965 1.3744361 1.3744361 9.0000000 2.4141569 1.1132061 1.1132061 1.2588231 1.2588231 
t17        9.0000000 2.4141569 1.1586745 9.0000000 3.2381161 2.4141569 0.7389627 0.0000000 3.2381161 1.8942965 1.7786835 1.5901977 1.5901977 1.5901977 3.2381161 9.0000000 2.0310377 1.7786835 1.7786835 1.7786835 
t6         1.3744361 2.1983953 1.7786835 0.9198342 3.2381161 9.0000000 2.0310377 3.2381161 0.0000000 0.4172160 1.5901977 1.3744361 1.0297869 1.6785349 1.0297869 0.9547243 1.8942965 2.0310377 1.4396946 1.4396946 
t13        1.1586745 2.7182557 1.3744361 0.9547243 2.4141569 9.0000000 1.4396946 1.8942965 0.4172160 0.0000000 1.8942965 1.3144041 0.8545757 1.5111773 1.1586745 0.9913169 2.4141569 3.2381161 1.4396946 1.4396946 
t11        2.4141569 2.1983953 1.3744361 2.4141569 3.2381161 1.8942965 1.2070784 1.7786835 1.5901977 1.8942965 0.0000000 9.0000000 2.7182557 1.5111773 2.1983953 2.0310377 0.4172160 0.3831192 1.3144041 1.3144041 
t1         2.4141569 1.8942965 1.5111773 1.4396946 2.1983953 1.7786835 1.8942965 1.5901977 1.3744361 1.3144041 9.0000000 0.0000000 0.4714565 1.8942965 1.6785349 2.0310377 9.0000000 9.0000000 2.1983953 2.1983953 
t20        1.5111773 9.0000000 1.4396946 1.0297869 2.4141569 2.0310377 1.3744361 1.5901977 1.0297869 0.8545757 2.7182557 0.4714565 0.0000000 2.1983953 1.3744361 1.3744361 2.4141569 2.1983953 2.7182557 2.7182557 
t3         3.2381161 1.6785349 0.9547243 3.2381161 2.0310377 9.0000000 1.3744361 1.5901977 1.6785349 1.5111773 1.5111773 1.8942965 2.1983953 0.0000000 3.2381161 2.0310377 1.7786835 1.5901977 0.2603971 0.2603971 
t15        1.2588231 9.0000000 2.7182557 0.6626257 1.8942965 2.1983953 9.0000000 3.2381161 1.0297869 1.1586745 2.1983953 1.6785349 1.3744361 3.2381161 0.0000000 0.2746833 2.7182557 2.7182557 2.1983953 2.1983953 
t5         1.3144041 9.0000000 2.1983953 0.3505054 2.7182557 3.2381161 2.4141569 9.0000000 0.9547243 0.9913169 2.0310377 2.0310377 1.3744361 2.0310377 0.2746833 0.0000000 2.7182557 9.0000000 1.5901977 1.5901977 
t14        9.0000000 9.0000000 9.0000000 3.2381161 2.7182557 1.5111773 1.1132061 2.0310377 1.8942965 2.4141569 0.4172160 9.0000000 2.4141569 1.7786835 2.7182557 2.7182557 0.0000000 0.0517447 1.5901977 1.5901977 
t10        9.0000000 3.2381161 2.4141569 9.0000000 9.0000000 1.7786835 1.1132061 1.7786835 2.0310377 3.2381161 0.3831192 9.0000000 2.1983953 1.5901977 2.7182557 9.0000000 0.0517447 0.0000000 1.5111773 1.5111773 
t16        2.7182557 1.7786835 0.9913169 2.1983953 1.8942965 9.0000000 1.2588231 1.7786835 1.4396946 1.4396946 1.3144041 2.1983953 2.7182557 0.2603971 2.1983953 1.5901977 1.5901977 1.5111773 0.0000000 0.0000010 
t18        2.7182557 1.7786835 0.9913169 2.1983953 1.8942965 9.0000000 1.2588231 1.7786835 1.4396946 1.4396946 1.3144041 2.1983953 2.7182557 0.2603971 2.1983953 1.5901977 1.5901977 1.5111773 0.0000010 0.0000000 
