20
t8         0.0000000 1.1586745 2.7182557 1.0703373 1.5111773 1.1586745 2.1983953 2.7182557 1.6785349 1.6785349 0.7945437 0.8545757 0.7126442 1.3744361 1.3744361 1.2070784 1.1586745 1.1132061 1.2070784 1.2588231 
t7         1.1586745 0.0000000 2.7182557 1.2588231 9.0000000 1.1586745 2.4141569 2.4141569 1.6785349 1.2070784 1.0297869 1.2588231 1.1132061 1.5901977 1.2070784 1.5111773 1.6785349 1.7786835 1.1586745 1.0703373 
t10        2.7182557 2.7182557 0.0000000 1.8942965 2.7182557 1.2588231 1.8942965 1.3744361 1.8942965 1.6785349 2.7182557 2.0310377 2.4141569 9.0000000 9.0000000 1.3744361 1.5111773 1.4396946 2.7182557 2.0310377 
t17        1.0703373 1.2588231 1.8942965 0.0000000 1.8942965 1.6785349 1.3744361 1.5901977 2.7182557 1.8942965 1.3144041 1.3744361 0.5299277 1.5111773 9.0000000 1.7786835 2.1983953 1.8942965 2.0310377 2.7182557 
t14        1.5111773 9.0000000 2.7182557 1.8942965 0.0000000 2.7182557 0.3999739 0.6872180 2.4141569 9.0000000 1.7786835 1.7786835 2.0310377 1.7786835 3.2381161 9.0000000 9.0000000 9.0000000 1.8942965 1.6785349 
t15        1.1586745 1.1586745 1.2588231 1.6785349 2.7182557 0.0000000 3.2381161 2.4141569 2.1983953 2.0310377 0.9913169 1.2070784 1.3744361 1.8942965 1.1586745 0.3999739 0.3666350 0.4714565 1.1586745 1.4396946 
t11        2.1983953 2.4141569 1.8942965 1.3744361 0.3999739 3.2381161 0.0000000 0.3505054 2.4141569 2.7182557 1.7786835 1.8942965 1.8942965 2.1983953 2.7182557 9.0000000 9.0000000 9.0000000 1.7786835 2.1983953 
t9         2.7182557 2.4141569 1.3744361 1.5901977 0.6872180 2.4141569 0.3505054 0.0000000 1.5901977 2.0310377 9.0000000 1.8942965 2.0310377 9.0000000 9.0000000 9.0000000 9.0000000 9.0000000 2.7182557 2.4141569 
t3         1.6785349 1.6785349 1.8942965 2.7182557 2.4141569 2.1983953 2.4141569 1.5901977 0.0000000 0.5933457 1.3744361 1.7786835 1.3144041 2.4141569 1.7786835 3.2381161 9.0000000 9.0000000 1.2070784 1.5111773 
t16        1.6785349 1.2070784 1.6785349 1.8942965 9.0000000 2.0310377 2.7182557 2.0310377 0.5933457 0.0000000 1.1586745 1.3744361 0.9198342 1.8942965 1.5901977 2.0310377 2.1983953 3.2381161 1.2070784 2.0310377 
t5         0.7945437 1.0297869 2.7182557 1.3144041 1.7786835 0.9913169 1.7786835 9.0000000 1.3744361 1.1586745 0.0000000 0.4348639 0.9198342 1.5111773 0.7662384 1.1132061 1.1132061 1.1586745 0.7662384 1.0703373 
t2         0.8545757 1.2588231 2.0310377 1.3744361 1.7786835 1.2070784 1.8942965 1.8942965 1.7786835 1.3744361 0.4348639 0.0000000 1.0297869 1.4396946 1.2588231 1.6785349 1.6785349 1.6785349 1.1132061 1.2070784 
t1         0.7126442 1.1132061 2.4141569 0.5299277 2.0310377 1.3744361 1.8942965 2.0310377 1.3144041 0.9198342 0.9198342 1.0297869 0.0000000 1.0703373 1.6785349 1.8942965 1.8942965 1.5111773 1.3144041 1.6785349 
t18        1.3744361 1.5901977 9.0000000 1.5111773 1.7786835 1.8942965 2.1983953 9.0000000 2.4141569 1.8942965 1.5111773 1.4396946 1.0703373 0.0000000 3.2381161 3.2381161 3.2381161 2.1983953 1.7786835 2.0310377 
t20        1.3744361 1.2070784 9.0000000 9.0000000 3.2381161 1.1586745 2.7182557 9.0000000 1.7786835 1.5901977 0.7662384 1.2588231 1.6785349 3.2381161 0.0000000 1.6785349 1.8942965 1.7786835 0.4172160 0.7389627 
t6         1.2070784 1.5111773 1.3744361 1.7786835 9.0000000 0.3999739 9.0000000 9.0000000 3.2381161 2.0310377 1.1132061 1.6785349 1.8942965 3.2381161 1.6785349 0.0000000 0.1307650 0.2326162 1.5901977 2.7182557 
t4         1.1586745 1.6785349 1.5111773 2.1983953 9.0000000 0.3666350 9.0000000 9.0000000 9.0000000 2.1983953 1.1132061 1.6785349 1.8942965 3.2381161 1.8942965 0.1307650 0.0000000 0.2191023 1.4396946 2.4141569 
t19        1.1132061 1.7786835 1.4396946 1.8942965 9.0000000 0.4714565 9.0000000 9.0000000 9.0000000 3.2381161 1.1586745 1.6785349 1.5111773 2.1983953 1.7786835 0.2326162 0.2191023 0.0000000 1.6785349 3.2381161 
t13        1.2070784 1.1586745 2.7182557 2.0310377 1.8942965 1.1586745 1.7786835 2.7182557 1.2070784 1.2070784 0.7662384 1.1132061 1.3144041 1.7786835 0.4172160 1.5901977 1.4396946 1.6785349 0.0000000 0.3347153 
t12        1.2588231 1.0703373 2.0310377 2.7182557 1.6785349 1.4396946 2.1983953 2.4141569 1.5111773 2.0310377 1.0703373 1.2070784 1.6785349 2.0310377 0.7389627 2.7182557 2.4141569 3.2381161 0.3347153 0.0000000 
