20
t20        0.0000000 0.1799630 0.7662384 0.2892469 0.4529370 0.2191023 0.7945437 0.2603971 0.3831192 1.0297869 0.8545757 0.4904449 0.6157354 0.2463781 0.2603971 0.2603971 0.2603971 0.2603971 0.2746833 0.2326162 
t9         0.1799630 0.0000000 0.8545757 0.3192509 0.4348639 0.2463781 0.7389627 0.2892469 0.4714565 1.0297869 0.7945437 0.6626257 0.7389627 0.2603971 0.2746833 0.2746833 0.3192509 0.3192509 0.3347153 0.2746833 
t1         0.7662384 0.8545757 0.0000000 0.8864954 1.0297869 0.8545757 0.9547243 0.7945437 1.1132061 1.6785349 1.1586745 1.2588231 1.3744361 0.9198342 0.9198342 0.9547243 0.7945437 0.7662384 1.0703373 0.9547243 
t17        0.2892469 0.3192509 0.8864954 0.0000000 0.4904449 0.3192509 0.7662384 0.3831192 0.5716050 1.1132061 0.8864954 0.7126442 0.7389627 0.3831192 0.3999739 0.3831192 0.3666350 0.3666350 0.3040988 0.3040988 
t2         0.4529370 0.4348639 1.0297869 0.4904449 0.0000000 0.4714565 0.9198342 0.5099265 0.7126442 1.2588231 0.9547243 0.8864954 0.9198342 0.4904449 0.4714565 0.5099265 0.5504769 0.5504769 0.5933457 0.5299277 
t8         0.2191023 0.2463781 0.8545757 0.3192509 0.4714565 0.0000000 0.8545757 0.1549607 0.3192509 1.2070784 0.8545757 0.5716050 0.6388142 0.0958750 0.0958750 0.0958750 0.3192509 0.3192509 0.3347153 0.2746833 
t7         0.7945437 0.7389627 0.9547243 0.7662384 0.9198342 0.8545757 0.0000000 0.9547243 1.1586745 0.5504769 0.2746833 1.4396946 1.6785349 0.9547243 0.9547243 0.9547243 0.8239592 0.8239592 0.7662384 0.7126442 
t10        0.2603971 0.2892469 0.7945437 0.3831192 0.5099265 0.1549607 0.9547243 0.0000000 0.2326162 1.2588231 0.9547243 0.5099265 0.5716050 0.2191023 0.2191023 0.2191023 0.3347153 0.3040988 0.3831192 0.3347153 
t16        0.3831192 0.4714565 1.1132061 0.5716050 0.7126442 0.3192509 1.1586745 0.2326162 0.0000000 1.5111773 0.9913169 0.7945437 0.9198342 0.4172160 0.3831192 0.4172160 0.4529370 0.4172160 0.5504769 0.5099265 
t11        1.0297869 1.0297869 1.6785349 1.1132061 1.2588231 1.2070784 0.5504769 1.2588231 1.5111773 0.0000000 0.3040988 1.7786835 2.0310377 1.4396946 1.4396946 1.3744361 1.0703373 1.1586745 1.2070784 1.0703373 
t3         0.8545757 0.7945437 1.1586745 0.8864954 0.9547243 0.8545757 0.2746833 0.9547243 0.9913169 0.3040988 0.0000000 1.5111773 1.5901977 0.9547243 0.9547243 0.8864954 0.9547243 0.9547243 0.9547243 0.8864954 
t12        0.4904449 0.6626257 1.2588231 0.7126442 0.8864954 0.5716050 1.4396946 0.5099265 0.7945437 1.7786835 1.5111773 0.0000000 0.1673577 0.6157354 0.6388142 0.6157354 0.6872180 0.6872180 0.7126442 0.6626257 
t6         0.6157354 0.7389627 1.3744361 0.7389627 0.9198342 0.6388142 1.6785349 0.5716050 0.9198342 2.0310377 1.5901977 0.1673577 0.0000000 0.6872180 0.6872180 0.6872180 0.7945437 0.8239592 0.7945437 0.7662384 
t19        0.2463781 0.2603971 0.9198342 0.3831192 0.4904449 0.0958750 0.9547243 0.2191023 0.4172160 1.4396946 0.9547243 0.6157354 0.6872180 0.0000000 0.0411062 0.0411062 0.3505054 0.3505054 0.3347153 0.2746833 
t15        0.2603971 0.2746833 0.9198342 0.3999739 0.4714565 0.0958750 0.9547243 0.2191023 0.3831192 1.4396946 0.9547243 0.6388142 0.6872180 0.0411062 0.0000000 0.0411062 0.3831192 0.3831192 0.3666350 0.3040988 
t5         0.2603971 0.2746833 0.9547243 0.3831192 0.5099265 0.0958750 0.9547243 0.2191023 0.4172160 1.3744361 0.8864954 0.6157354 0.6872180 0.0411062 0.0411062 0.0000000 0.3831192 0.3831192 0.3666350 0.3040988 
t4         0.2603971 0.3192509 0.7945437 0.3666350 0.5504769 0.3192509 0.8239592 0.3347153 0.4529370 1.0703373 0.9547243 0.6872180 0.7945437 0.3505054 0.3831192 0.3831192 0.0000000 0.0202715 0.2746833 0.2326162 
t14        0.2603971 0.3192509 0.7662384 0.3666350 0.5504769 0.3192509 0.8239592 0.3040988 0.4172160 1.1586745 0.9547243 0.6872180 0.8239592 0.3505054 0.3831192 0.3831192 0.0202715 0.0000000 0.2746833 0.2326162 
t18        0.2746833 0.3347153 1.0703373 0.3040988 0.5933457 0.3347153 0.7662384 0.3831192 0.5504769 1.2070784 0.9547243 0.7126442 0.7945437 0.3347153 0.3666350 0.3666350 0.2746833 0.2746833 0.0000000 0.0411062 
t13        0.2326162 0.2746833 0.9547243 0.3040988 0.5299277 0.2746833 0.7126442 0.3347153 0.5099265 1.0703373 0.8864954 0.6626257 0.7662384 0.2746833 0.3040988 0.3040988 0.2326162 0.2326162 0.0411062 0.0000000 
