20
t20        0.0000000 1.0297869 9.0000000 1.5111773 1.8942965 2.0310377 9.0000000 2.0310377 1.8942965 2.1983953 3.2381161 2.1983953 2.7182557 2.1983953 1.4396946 3.2381161 1.5901977 1.7786835 1.5901977 1.5901977 
t1         1.0297869 0.0000000 1.8942965 2.1983953 1.7786835 1.7786835 2.7182557 1.5901977 1.6785349 1.5901977 2.7182557 1.8942965 3.2381161 9.0000000 2.4141569 9.0000000 3.2381161 1.7786835 2.1983953 1.7786835 
t18        9.0000000 1.8942965 0.0000000 9.0000000 1.0703373 2.1983953 2.7182557 1.1586745 1.1132061 1.3144041 1.7786835 1.6785349 1.5901977 1.3744361 1.6785349 1.1132061 1.2588231 1.3744361 0.6388142 0.6157354 
t8         1.5111773 2.1983953 9.0000000 0.0000000 0.9198342 0.6872180 1.0297869 0.9913169 1.6785349 1.4396946 0.8864954 0.9547243 1.2070784 2.0310377 1.5901977 1.2588231 0.9913169 0.9547243 3.2381161 9.0000000 
t4         1.8942965 1.7786835 1.0703373 0.9198342 0.0000000 0.7662384 1.0703373 0.6872180 1.1132061 1.5111773 0.8239592 0.7945437 0.7126442 1.0297869 0.9198342 0.7945437 0.5933457 0.5716050 1.5111773 1.6785349 
t12        2.0310377 1.7786835 2.1983953 0.6872180 0.7662384 0.0000000 0.7389627 0.7389627 1.3744361 1.3744361 0.4348639 0.4529370 1.0703373 1.2070784 1.2070784 0.9547243 0.8864954 0.7389627 1.6785349 1.6785349 
t9         9.0000000 2.7182557 2.7182557 1.0297869 1.0703373 0.7389627 0.0000000 1.2588231 1.2588231 1.3144041 0.9198342 0.8545757 1.3144041 1.6785349 2.0310377 1.2070784 1.0703373 0.9547243 3.2381161 9.0000000 
t6         2.0310377 1.5901977 1.1586745 0.9913169 0.6872180 0.7389627 1.2588231 0.0000000 1.1586745 1.5901977 0.8239592 0.9198342 0.6157354 0.9913169 0.9547243 0.6872180 0.6626257 0.5504769 1.0703373 1.2070784 
t13        1.8942965 1.6785349 1.1132061 1.6785349 1.1132061 1.3744361 1.2588231 1.1586745 0.0000000 0.3040988 1.3744361 1.2070784 1.5901977 1.1586745 1.2588231 1.3144041 1.1586745 1.0703373 1.2588231 1.5111773 
t7         2.1983953 1.5901977 1.3144041 1.4396946 1.5111773 1.3744361 1.3144041 1.5901977 0.3040988 0.0000000 1.3144041 1.1132061 1.8942965 1.4396946 2.0310377 1.5111773 1.5901977 1.5111773 1.5901977 1.7786835 
t17        3.2381161 2.7182557 1.7786835 0.8864954 0.8239592 0.4348639 0.9198342 0.8239592 1.3744361 1.3144041 0.0000000 0.3347153 1.0297869 1.3144041 1.3144041 1.0297869 1.0297869 0.9547243 2.1983953 1.8942965 
t5         2.1983953 1.8942965 1.6785349 0.9547243 0.7945437 0.4529370 0.8545757 0.9198342 1.2070784 1.1132061 0.3347153 0.0000000 1.1586745 1.5111773 1.3744361 1.0703373 0.9913169 0.8239592 2.0310377 2.7182557 
t3         2.7182557 3.2381161 1.5901977 1.2070784 0.7126442 1.0703373 1.3144041 0.6157354 1.5901977 1.8942965 1.0297869 1.1586745 0.0000000 0.9198342 0.9198342 0.4172160 0.3666350 0.3666350 1.7786835 1.8942965 
t10        2.1983953 9.0000000 1.3744361 2.0310377 1.0297869 1.2070784 1.6785349 0.9913169 1.1586745 1.4396946 1.3144041 1.5111773 0.9198342 0.0000000 0.6388142 1.0297869 0.9198342 0.9198342 1.8942965 2.0310377 
t16        1.4396946 2.4141569 1.6785349 1.5901977 0.9198342 1.2070784 2.0310377 0.9547243 1.2588231 2.0310377 1.3144041 1.3744361 0.9198342 0.6388142 0.0000000 0.8864954 0.7389627 0.7662384 2.4141569 2.7182557 
t11        3.2381161 9.0000000 1.1132061 1.2588231 0.7945437 0.9547243 1.2070784 0.6872180 1.3144041 1.5111773 1.0297869 1.0703373 0.4172160 1.0297869 0.8864954 0.0000000 0.3347153 0.3666350 1.3744361 1.4396946 
t14        1.5901977 3.2381161 1.2588231 0.9913169 0.5933457 0.8864954 1.0703373 0.6626257 1.1586745 1.5901977 1.0297869 0.9913169 0.3666350 0.9198342 0.7389627 0.3347153 0.0000000 0.1427653 1.2070784 1.5111773 
t2         1.7786835 1.7786835 1.3744361 0.9547243 0.5716050 0.7389627 0.9547243 0.5504769 1.0703373 1.5111773 0.9547243 0.8239592 0.3666350 0.9198342 0.7662384 0.3666350 0.1427653 0.0000000 1.2588231 1.6785349 
t15        1.5901977 2.1983953 0.6388142 3.2381161 1.5111773 1.6785349 3.2381161 1.0703373 1.2588231 1.5901977 2.1983953 2.0310377 1.7786835 1.8942965 2.4141569 1.3744361 1.2070784 1.2588231 0.0000000 0.1073256 
t19        1.5901977 1.7786835 0.6157354 9.0000000 1.6785349 1.6785349 9.0000000 1.2070784 1.5111773 1.7786835 1.8942965 2.7182557 1.8942965 2.0310377 2.7182557 1.4396946 1.5111773 1.6785349 0.1073256 0.0000000 
