20
t19        0.0000000 9.0000000 1.2588231 1.4396946 2.7182557 1.3144041 2.1983953 9.0000000 9.0000000 2.7182557 1.7786835 1.7786835 2.4141569 2.1983953 1.8942965 9.0000000 3.2381161 2.1983953 2.7182557 2.4141569 
t10        9.0000000 0.0000000 9.0000000 2.7182557 9.0000000 9.0000000 9.0000000 3.2381161 9.0000000 9.0000000 9.0000000 9.0000000 9.0000000 9.0000000 9.0000000 2.4141569 3.2381161 9.0000000 1.7786835 1.7786835 
t11        1.2588231 9.0000000 0.0000000 1.7786835 2.4141569 1.6785349 0.9547243 9.0000000 3.2381161 9.0000000 1.2588231 1.2070784 9.0000000 9.0000000 2.4141569 9.0000000 1.4396946 1.2588231 2.0310377 1.5901977 
t13        1.4396946 2.7182557 1.7786835 0.0000000 1.4396946 9.0000000 1.2588231 2.7182557 9.0000000 3.2381161 1.5901977 1.7786835 9.0000000 9.0000000 9.0000000 9.0000000 1.5111773 1.3744361 2.4141569 2.1983953 
t18        2.7182557 9.0000000 2.4141569 1.4396946 0.0000000 9.0000000 1.5111773 9.0000000 3.2381161 9.0000000 1.6785349 2.4141569 3.2381161 2.1983953 2.4141569 2.7182557 1.3744361 1.5111773 2.7182557 2.4141569 
t9         1.3144041 9.0000000 1.6785349 9.0000000 9.0000000 0.0000000 1.2070784 9.0000000 1.8942965 1.2070784 1.4396946 1.5901977 2.4141569 1.1586745 1.2588231 2.0310377 1.5111773 0.9547243 1.7786835 2.0310377 
t6         2.1983953 9.0000000 0.9547243 1.2588231 1.5111773 1.2070784 0.0000000 1.5901977 1.8942965 1.5901977 0.5716050 0.6388142 2.7182557 1.2588231 1.1586745 2.0310377 0.7126442 0.5933457 2.0310377 1.5111773 
t14        9.0000000 3.2381161 9.0000000 2.7182557 9.0000000 9.0000000 1.5901977 0.0000000 9.0000000 2.7182557 1.8942965 2.4141569 2.4141569 2.7182557 3.2381161 2.1983953 2.1983953 3.2381161 2.1983953 2.7182557 
t12        9.0000000 9.0000000 3.2381161 9.0000000 3.2381161 1.8942965 1.8942965 9.0000000 0.0000000 0.5099265 2.0310377 1.3744361 0.6872180 0.4714565 0.5504769 0.4904449 1.5111773 1.8942965 1.5901977 1.5901977 
t3         2.7182557 9.0000000 9.0000000 3.2381161 9.0000000 1.2070784 1.5901977 2.7182557 0.5099265 0.0000000 1.5901977 1.3144041 0.5099265 0.2746833 0.3347153 0.3347153 1.3144041 1.5111773 1.3744361 1.4396946 
t4         1.7786835 9.0000000 1.2588231 1.5901977 1.6785349 1.4396946 0.5716050 1.8942965 2.0310377 1.5901977 0.0000000 0.3505054 1.6785349 1.5111773 1.3744361 1.8942965 0.7389627 0.6872180 3.2381161 2.0310377 
t1         1.7786835 9.0000000 1.2070784 1.7786835 2.4141569 1.5901977 0.6388142 2.4141569 1.3744361 1.3144041 0.3505054 0.0000000 1.5901977 1.4396946 1.2588231 1.6785349 0.7662384 0.8864954 2.0310377 1.5901977 
t8         2.4141569 9.0000000 9.0000000 9.0000000 3.2381161 2.4141569 2.7182557 2.4141569 0.6872180 0.5099265 1.6785349 1.5901977 0.0000000 0.3831192 0.5099265 0.3831192 1.2588231 1.3744361 1.8942965 1.8942965 
t15        2.1983953 9.0000000 9.0000000 9.0000000 2.1983953 1.1586745 1.2588231 2.7182557 0.4714565 0.2746833 1.5111773 1.4396946 0.3831192 0.0000000 0.1427653 0.2746833 1.0297869 1.1586745 1.5901977 1.6785349 
t17        1.8942965 9.0000000 2.4141569 9.0000000 2.4141569 1.2588231 1.1586745 3.2381161 0.5504769 0.3347153 1.3744361 1.2588231 0.5099265 0.1427653 0.0000000 0.3505054 1.0703373 1.1132061 1.4396946 1.5111773 
t16        9.0000000 2.4141569 9.0000000 9.0000000 2.7182557 2.0310377 2.0310377 2.1983953 0.4904449 0.3347153 1.8942965 1.6785349 0.3831192 0.2746833 0.3505054 0.0000000 1.3144041 1.3144041 1.4396946 1.4396946 
t7         3.2381161 3.2381161 1.4396946 1.5111773 1.3744361 1.5111773 0.7126442 2.1983953 1.5111773 1.3144041 0.7389627 0.7662384 1.2588231 1.0297869 1.0703373 1.3144041 0.0000000 0.3666350 2.4141569 1.7786835 
t2         2.1983953 9.0000000 1.2588231 1.3744361 1.5111773 0.9547243 0.5933457 3.2381161 1.8942965 1.5111773 0.6872180 0.8864954 1.3744361 1.1586745 1.1132061 1.3144041 0.3666350 0.0000000 2.0310377 1.8942965 
t20        2.7182557 1.7786835 2.0310377 2.4141569 2.7182557 1.7786835 2.0310377 2.1983953 1.5901977 1.3744361 3.2381161 2.0310377 1.8942965 1.5901977 1.4396946 1.4396946 2.4141569 2.0310377 0.0000000 0.0734853 
t5         2.4141569 1.7786835 1.5901977 2.1983953 2.4141569 2.0310377 1.5111773 2.7182557 1.5901977 1.4396946 2.0310377 1.5901977 1.8942965 1.6785349 1.5111773 1.4396946 1.7786835 1.8942965 0.0734853 0.0000000 
