20
t8         0.0000000 1.5901977 1.2070784 1.3144041 1.5901977 1.5901977 1.5901977 0.9913169 1.1586745 1.2588231 1.2588231 1.3744361 2.0310377 1.1586745 1.0297869 1.2588231 1.3144041 1.4396946 1.2070784 1.2588231 
t3         1.5901977 0.0000000 1.0297869 0.7945437 0.6157354 0.7662384 1.0297869 0.7662384 0.6157354 0.8545757 0.9547243 0.9547243 1.1586745 0.7945437 0.7389627 0.6157354 0.7126442 0.7662384 0.6872180 0.6626257 
t16        1.2070784 1.0297869 0.0000000 0.7662384 0.9198342 0.8239592 0.9913169 0.9198342 0.8545757 1.0703373 0.7945437 1.3144041 1.2070784 0.7389627 0.7389627 0.6388142 0.7945437 0.9547243 0.8239592 0.7945437 
t4         1.3144041 0.7945437 0.7662384 0.0000000 0.8864954 0.9913169 0.7389627 0.8239592 0.7662384 0.9547243 1.0297869 1.7786835 1.2070784 1.0297869 1.1132061 0.7126442 0.7126442 0.9547243 0.8545757 0.7662384 
t19        1.5901977 0.6157354 0.9198342 0.8864954 0.0000000 1.1132061 1.1132061 1.0297869 0.9547243 1.0297869 1.3144041 0.9198342 1.0297869 1.0703373 0.8864954 0.7662384 0.8864954 1.1132061 1.0703373 0.8545757 
t10        1.5901977 0.7662384 0.8239592 0.9913169 1.1132061 0.0000000 0.7662384 0.9547243 0.8545757 0.9913169 1.0703373 1.4396946 1.3744361 1.0703373 0.9198342 0.8864954 0.9547243 1.0297869 0.9198342 0.9547243 
t18        1.5901977 1.0297869 0.9913169 0.7389627 1.1132061 0.7662384 0.0000000 0.8239592 0.9547243 1.2070784 1.2070784 1.6785349 1.3144041 0.9547243 1.1586745 0.9547243 0.9198342 1.0703373 1.2588231 0.9913169 
t13        0.9913169 0.7662384 0.9198342 0.8239592 1.0297869 0.9547243 0.8239592 0.0000000 0.4904449 0.7126442 0.8545757 1.5901977 1.2588231 0.7662384 0.8545757 0.5933457 0.6872180 0.7389627 0.6626257 0.6626257 
t6         1.1586745 0.6157354 0.8545757 0.7662384 0.9547243 0.8545757 0.9547243 0.4904449 0.0000000 0.6626257 0.6872180 1.1132061 1.1586745 0.6872180 0.7389627 0.5299277 0.6157354 0.7126442 0.6626257 0.5716050 
t9         1.2588231 0.8545757 1.0703373 0.9547243 1.0297869 0.9913169 1.2070784 0.7126442 0.6626257 0.0000000 0.9913169 1.3144041 1.5111773 0.8864954 0.9198342 0.3666350 0.3999739 0.3999739 0.3999739 0.3192509 
t11        1.2588231 0.9547243 0.7945437 1.0297869 1.3144041 1.0703373 1.2070784 0.8545757 0.6872180 0.9913169 0.0000000 1.2588231 1.3144041 0.2892469 0.3666350 0.7126442 0.8545757 0.9198342 0.7126442 0.8239592 
t17        1.3744361 0.9547243 1.3144041 1.7786835 0.9198342 1.4396946 1.6785349 1.5901977 1.1132061 1.3144041 1.2588231 0.0000000 0.3666350 1.1586745 1.3144041 1.0297869 1.3744361 1.2070784 1.0703373 1.0297869 
t14        2.0310377 1.1586745 1.2070784 1.2070784 1.0297869 1.3744361 1.3144041 1.2588231 1.1586745 1.5111773 1.3144041 0.3666350 0.0000000 1.0297869 1.3744361 1.0297869 1.2070784 1.2070784 1.1132061 0.9913169 
t2         1.1586745 0.7945437 0.7389627 1.0297869 1.0703373 1.0703373 0.9547243 0.7662384 0.6872180 0.8864954 0.2892469 1.1586745 1.0297869 0.0000000 0.2326162 0.7126442 0.7945437 0.7126442 0.7389627 0.6626257 
t12        1.0297869 0.7389627 0.7389627 1.1132061 0.8864954 0.9198342 1.1586745 0.8545757 0.7389627 0.9198342 0.3666350 1.3144041 1.3744361 0.2326162 0.0000000 0.6388142 0.7389627 0.7945437 0.7389627 0.7945437 
t20        1.2588231 0.6157354 0.6388142 0.7126442 0.7662384 0.8864954 0.9547243 0.5933457 0.5299277 0.3666350 0.7126442 1.0297869 1.0297869 0.7126442 0.6388142 0.0000000 0.1549607 0.2746833 0.2463781 0.2058276 
t1         1.3144041 0.7126442 0.7945437 0.7126442 0.8864954 0.9547243 0.9198342 0.6872180 0.6157354 0.3999739 0.8545757 1.3744361 1.2070784 0.7945437 0.7389627 0.1549607 0.0000000 0.2746833 0.2463781 0.1927838 
t5         1.4396946 0.7662384 0.9547243 0.9547243 1.1132061 1.0297869 1.0703373 0.7389627 0.7126442 0.3999739 0.9198342 1.2070784 1.2070784 0.7126442 0.7945437 0.2746833 0.2746833 0.0000000 0.1799630 0.1307650 
t7         1.2070784 0.6872180 0.8239592 0.8545757 1.0703373 0.9198342 1.2588231 0.6626257 0.6626257 0.3999739 0.7126442 1.0703373 1.1132061 0.7389627 0.7389627 0.2463781 0.2463781 0.1799630 0.0000000 0.1307650 
t15        1.2588231 0.6626257 0.7945437 0.7662384 0.8545757 0.9547243 0.9913169 0.6626257 0.5716050 0.3192509 0.8239592 1.0297869 0.9913169 0.6626257 0.7945437 0.2058276 0.1927838 0.1307650 0.1307650 0.0000000 
