20
t11        0.0000000 0.9913169 1.5111773 1.3144041 1.3144041 1.1586745 0.8864954 0.8239592 0.6626257 0.7945437 0.6872180 1.1586745 1.2070784 0.7945437 0.9913169 0.8239592 0.8545757 0.7662384 0.7662384 0.7662384 
t13        0.9913169 0.0000000 0.9913169 0.9198342 1.3144041 1.2588231 1.5901977 1.5111773 1.0703373 1.1132061 1.2588231 1.2588231 1.4396946 1.4396946 1.5111773 1.3744361 1.6785349 1.2588231 1.1586745 1.2070784 
t9         1.5111773 0.9913169 0.0000000 0.8864954 1.5111773 1.5901977 1.7786835 2.0310377 1.2588231 1.8942965 1.8942965 1.7786835 1.4396946 1.8942965 1.5901977 1.6785349 1.8942965 1.5901977 1.5901977 1.5901977 
t20        1.3144041 0.9198342 0.8864954 0.0000000 2.1983953 1.5901977 2.1983953 1.3744361 1.2070784 2.7182557 1.5111773 1.3744361 1.3744361 1.6785349 1.5111773 1.8942965 2.4141569 1.7786835 1.3744361 1.3744361 
t2         1.3144041 1.3144041 1.5111773 2.1983953 0.0000000 0.7945437 1.3144041 1.3744361 1.3744361 1.4396946 1.2588231 1.4396946 1.1132061 1.2588231 1.2070784 1.4396946 1.4396946 1.3744361 1.1586745 1.2070784 
t16        1.1586745 1.2588231 1.5901977 1.5901977 0.7945437 0.0000000 1.2588231 0.9913169 1.1586745 1.2588231 1.1586745 0.9198342 0.8545757 1.1132061 0.9913169 1.3744361 1.2070784 1.1132061 1.1586745 1.1132061 
t18        0.8864954 1.5901977 1.7786835 2.1983953 1.3144041 1.2588231 0.0000000 1.1132061 0.9547243 1.4396946 1.3144041 1.5111773 1.2070784 1.2070784 1.4396946 0.8239592 0.9913169 0.8864954 1.2070784 1.2070784 
t3         0.8239592 1.5111773 2.0310377 1.3744361 1.3744361 0.9913169 1.1132061 0.0000000 0.5716050 0.7389627 0.7945437 1.0703373 1.0703373 0.6872180 0.6626257 1.0703373 0.9547243 0.9913169 0.8545757 0.8239592 
t17        0.6626257 1.0703373 1.2588231 1.2070784 1.3744361 1.1586745 0.9547243 0.5716050 0.0000000 0.6872180 0.5099265 1.1586745 1.0297869 0.6626257 0.7126442 1.0703373 0.7662384 0.8864954 0.6388142 0.6388142 
t5         0.7945437 1.1132061 1.8942965 2.7182557 1.4396946 1.2588231 1.4396946 0.7389627 0.6872180 0.0000000 0.5933457 1.1132061 1.2588231 0.5716050 0.5933457 1.1586745 0.9913169 1.0703373 0.6388142 0.6157354 
t14        0.6872180 1.2588231 1.8942965 1.5111773 1.2588231 1.1586745 1.3144041 0.7945437 0.5099265 0.5933457 0.0000000 1.2070784 1.2070784 0.4529370 0.5299277 0.9547243 0.8864954 0.7945437 0.4714565 0.4714565 
t8         1.1586745 1.2588231 1.7786835 1.3744361 1.4396946 0.9198342 1.5111773 1.0703373 1.1586745 1.1132061 1.2070784 0.0000000 0.2191023 1.2588231 1.1586745 1.5901977 1.4396946 1.4396946 1.0297869 1.0703373 
t15        1.2070784 1.4396946 1.4396946 1.3744361 1.1132061 0.8545757 1.2070784 1.0703373 1.0297869 1.2588231 1.2070784 0.2191023 0.0000000 1.2070784 1.3144041 1.4396946 1.2588231 1.2070784 1.2070784 1.2588231 
t1         0.7945437 1.4396946 1.8942965 1.6785349 1.2588231 1.1132061 1.2070784 0.6872180 0.6626257 0.5716050 0.4529370 1.2588231 1.2070784 0.0000000 0.2892469 0.9547243 0.8545757 0.8239592 0.4904449 0.4714565 
t12        0.9913169 1.5111773 1.5901977 1.5111773 1.2070784 0.9913169 1.4396946 0.6626257 0.7126442 0.5933457 0.5299277 1.1586745 1.3144041 0.2892469 0.0000000 1.2588231 1.2070784 1.1586745 0.4904449 0.4714565 
t4         0.8239592 1.3744361 1.6785349 1.8942965 1.4396946 1.3744361 0.8239592 1.0703373 1.0703373 1.1586745 0.9547243 1.5901977 1.4396946 0.9547243 1.2588231 0.0000000 0.2892469 0.2191023 1.2070784 1.1586745 
t7         0.8545757 1.6785349 1.8942965 2.4141569 1.4396946 1.2070784 0.9913169 0.9547243 0.7662384 0.9913169 0.8864954 1.4396946 1.2588231 0.8545757 1.2070784 0.2892469 0.0000000 0.1073256 1.0703373 1.0297869 
t19        0.7662384 1.2588231 1.5901977 1.7786835 1.3744361 1.1132061 0.8864954 0.9913169 0.8864954 1.0703373 0.7945437 1.4396946 1.2070784 0.8239592 1.1586745 0.2191023 0.1073256 0.0000000 0.9547243 0.9198342 
t10        0.7662384 1.1586745 1.5901977 1.3744361 1.1586745 1.1586745 1.2070784 0.8545757 0.6388142 0.6388142 0.4714565 1.0297869 1.2070784 0.4904449 0.4904449 1.2070784 1.0703373 0.9547243 0.0000000 0.0100673 
t6         0.7662384 1.2070784 1.5901977 1.3744361 1.2070784 1.1132061 1.2070784 0.8239592 0.6388142 0.6157354 0.4714565 1.0703373 1.2588231 0.4714565 0.4714565 1.1586745 1.0297869 0.9198342 0.0100673 0.0000000 
