20
t16        0.0000000 1.7786835 1.2588231 0.9547243 9.0000000 1.5901977 2.1983953 1.5111773 9.0000000 1.7786835 2.1983953 1.5111773 1.1586745 1.4396946 1.8942965 2.4141569 1.8942965 9.0000000 1.4396946 1.6785349 
t1         1.7786835 0.0000000 1.4396946 1.3144041 9.0000000 1.7786835 1.0703373 0.6626257 0.7945437 0.6626257 0.9198342 1.0297869 1.5901977 1.5901977 2.7182557 1.7786835 0.9913169 1.5111773 1.5901977 1.5111773 
t19        1.2588231 1.4396946 0.0000000 1.3144041 2.4141569 0.6157354 1.6785349 1.2070784 1.8942965 2.0310377 2.1983953 2.7182557 0.7389627 1.0703373 9.0000000 9.0000000 2.0310377 9.0000000 2.4141569 9.0000000 
t9         0.9547243 1.3144041 1.3144041 0.0000000 1.5901977 1.4396946 2.7182557 1.7786835 9.0000000 1.5111773 2.4141569 2.7182557 1.5111773 2.7182557 2.1983953 2.7182557 2.0310377 2.7182557 1.8942965 2.0310377 
t20        9.0000000 9.0000000 2.4141569 1.5901977 0.0000000 2.4141569 2.1983953 3.2381161 2.7182557 9.0000000 9.0000000 9.0000000 1.5111773 9.0000000 2.0310377 1.5901977 9.0000000 3.2381161 2.0310377 2.1983953 
t6         1.5901977 1.7786835 0.6157354 1.4396946 2.4141569 0.0000000 2.7182557 1.7786835 9.0000000 2.7182557 9.0000000 2.1983953 0.5716050 1.1132061 1.8942965 2.1983953 9.0000000 9.0000000 1.5901977 2.1983953 
t14        2.1983953 1.0703373 1.6785349 2.7182557 2.1983953 2.7182557 0.0000000 0.6157354 1.2070784 1.0297869 1.2070784 1.2070784 2.0310377 1.8942965 9.0000000 9.0000000 1.4396946 1.6785349 9.0000000 9.0000000 
t10        1.5111773 0.6626257 1.2070784 1.7786835 3.2381161 1.7786835 0.6157354 0.0000000 1.1132061 0.9547243 0.9547243 1.1586745 1.6785349 1.3144041 9.0000000 9.0000000 1.3144041 2.4141569 9.0000000 2.4141569 
t18        9.0000000 0.7945437 1.8942965 9.0000000 2.7182557 9.0000000 1.2070784 1.1132061 0.0000000 0.5716050 0.7945437 1.2588231 2.7182557 9.0000000 2.4141569 1.8942965 1.3744361 1.6785349 2.4141569 2.7182557 
t8         1.7786835 0.6626257 2.0310377 1.5111773 9.0000000 2.7182557 1.0297869 0.9547243 0.5716050 0.0000000 0.7389627 1.4396946 3.2381161 2.0310377 2.7182557 2.1983953 1.5901977 3.2381161 1.6785349 2.0310377 
t12        2.1983953 0.9198342 2.1983953 2.4141569 9.0000000 9.0000000 1.2070784 0.9547243 0.7945437 0.7389627 0.0000000 1.1132061 3.2381161 9.0000000 9.0000000 9.0000000 1.1132061 1.8942965 9.0000000 9.0000000 
t2         1.5111773 1.0297869 2.7182557 2.7182557 9.0000000 2.1983953 1.2070784 1.1586745 1.2588231 1.4396946 1.1132061 0.0000000 2.7182557 2.4141569 9.0000000 9.0000000 1.7786835 1.7786835 9.0000000 3.2381161 
t11        1.1586745 1.5901977 0.7389627 1.5111773 1.5111773 0.5716050 2.0310377 1.6785349 2.7182557 3.2381161 3.2381161 2.7182557 0.0000000 0.6626257 3.2381161 1.8942965 2.1983953 9.0000000 2.4141569 9.0000000 
t3         1.4396946 1.5901977 1.0703373 2.7182557 9.0000000 1.1132061 1.8942965 1.3144041 9.0000000 2.0310377 9.0000000 2.4141569 0.6626257 0.0000000 9.0000000 2.0310377 9.0000000 9.0000000 9.0000000 9.0000000 
t5         1.8942965 2.7182557 9.0000000 2.1983953 2.0310377 1.8942965 9.0000000 9.0000000 2.4141569 2.7182557 9.0000000 9.0000000 3.2381161 9.0000000 0.0000000 0.4904449 9.0000000 9.0000000 0.6626257 0.6388142 
t7         2.4141569 1.7786835 9.0000000 2.7182557 1.5901977 2.1983953 9.0000000 9.0000000 1.8942965 2.1983953 9.0000000 9.0000000 1.8942965 2.0310377 0.4904449 0.0000000 9.0000000 9.0000000 0.9198342 0.8864954 
t13        1.8942965 0.9913169 2.0310377 2.0310377 9.0000000 9.0000000 1.4396946 1.3144041 1.3744361 1.5901977 1.1132061 1.7786835 2.1983953 9.0000000 9.0000000 9.0000000 0.0000000 0.7126442 3.2381161 9.0000000 
t15        9.0000000 1.5111773 9.0000000 2.7182557 3.2381161 9.0000000 1.6785349 2.4141569 1.6785349 3.2381161 1.8942965 1.7786835 9.0000000 9.0000000 9.0000000 9.0000000 0.7126442 0.0000000 9.0000000 9.0000000 
t4         1.4396946 1.5901977 2.4141569 1.8942965 2.0310377 1.5901977 9.0000000 9.0000000 2.4141569 1.6785349 9.0000000 9.0000000 2.4141569 9.0000000 0.6626257 0.9198342 3.2381161 9.0000000 0.0000000 0.3040988 
t17        1.6785349 1.5111773 9.0000000 2.0310377 2.1983953 2.1983953 9.0000000 2.4141569 2.7182557 2.0310377 9.0000000 3.2381161 9.0000000 9.0000000 0.6388142 0.8864954 9.0000000 9.0000000 0.3040988 0.0000000 
