20
t13        0.0000000 0.8545757 1.5111773 3.2381161 1.3744361 0.7126442 1.3144041 0.9547243 2.1983953 9.0000000 2.0310377 1.6785349 0.9547243 0.8545757 0.9547243 0.9913169 1.7786835 1.3144041 0.7126442 0.7389627 
t15        0.8545757 0.0000000 1.3144041 3.2381161 1.7786835 0.7662384 1.7786835 0.9547243 1.1132061 2.7182557 3.2381161 2.0310377 1.2588231 0.8864954 0.8545757 1.0297869 1.1132061 1.1132061 0.8545757 0.9198342 
t8         1.5111773 1.3144041 0.0000000 1.2070784 9.0000000 1.1586745 1.7786835 1.5901977 9.0000000 9.0000000 2.4141569 9.0000000 1.7786835 1.4396946 1.3744361 1.1586745 2.7182557 1.8942965 1.7786835 1.7786835 
t7         3.2381161 3.2381161 1.2070784 0.0000000 9.0000000 1.7786835 2.1983953 1.5111773 1.2588231 9.0000000 3.2381161 9.0000000 3.2381161 9.0000000 9.0000000 2.1983953 3.2381161 9.0000000 2.7182557 1.7786835 
t1         1.3744361 1.7786835 9.0000000 9.0000000 0.0000000 1.3744361 2.1983953 2.1983953 9.0000000 9.0000000 2.7182557 3.2381161 2.4141569 1.5111773 1.3744361 1.8942965 2.1983953 2.7182557 1.6785349 1.6785349 
t6         0.7126442 0.7662384 1.1586745 1.7786835 1.3744361 0.0000000 1.2588231 0.6157354 1.5901977 9.0000000 2.1983953 9.0000000 0.9913169 0.3666350 0.4172160 0.7662384 0.9547243 0.8864954 0.5933457 0.7126442 
t10        1.3144041 1.7786835 1.7786835 2.1983953 2.1983953 1.2588231 0.0000000 1.6785349 2.7182557 9.0000000 1.8942965 9.0000000 1.7786835 1.6785349 1.5111773 1.0703373 2.1983953 1.4396946 1.0703373 0.8864954 
t19        0.9547243 0.9547243 1.5901977 1.5111773 2.1983953 0.6157354 1.6785349 0.0000000 0.6388142 2.1983953 1.7786835 2.1983953 1.1586745 0.7662384 0.9198342 0.8864954 1.4396946 1.4396946 0.6388142 0.6872180 
t2         2.1983953 1.1132061 9.0000000 1.2588231 9.0000000 1.5901977 2.7182557 0.6388142 0.0000000 1.6785349 1.8942965 1.5111773 3.2381161 2.0310377 2.0310377 2.0310377 9.0000000 9.0000000 1.3144041 1.3144041 
t16        9.0000000 2.7182557 9.0000000 9.0000000 9.0000000 9.0000000 9.0000000 2.1983953 1.6785349 0.0000000 0.5504769 0.7945437 9.0000000 2.4141569 9.0000000 9.0000000 9.0000000 9.0000000 9.0000000 9.0000000 
t4         2.0310377 3.2381161 2.4141569 3.2381161 2.7182557 2.1983953 1.8942965 1.7786835 1.8942965 0.5504769 0.0000000 0.7389627 2.0310377 1.6785349 2.4141569 1.7786835 2.7182557 1.6785349 2.0310377 2.1983953 
t3         1.6785349 2.0310377 9.0000000 9.0000000 3.2381161 9.0000000 9.0000000 2.1983953 1.5111773 0.7945437 0.7389627 0.0000000 3.2381161 3.2381161 2.7182557 9.0000000 9.0000000 3.2381161 2.7182557 2.0310377 
t18        0.9547243 1.2588231 1.7786835 3.2381161 2.4141569 0.9913169 1.7786835 1.1586745 3.2381161 9.0000000 2.0310377 3.2381161 0.0000000 0.7945437 1.0297869 1.8942965 0.5504769 0.3505054 1.3144041 1.3744361 
t5         0.8545757 0.8864954 1.4396946 9.0000000 1.5111773 0.3666350 1.6785349 0.7662384 2.0310377 2.4141569 1.6785349 3.2381161 0.7945437 0.0000000 0.3347153 0.9913169 0.9913169 0.7945437 0.7389627 0.9547243 
t11        0.9547243 0.8545757 1.3744361 9.0000000 1.3744361 0.4172160 1.5111773 0.9198342 2.0310377 9.0000000 2.4141569 2.7182557 1.0297869 0.3347153 0.0000000 1.0703373 1.1132061 0.9547243 0.7945437 0.9198342 
t14        0.9913169 1.0297869 1.1586745 2.1983953 1.8942965 0.7662384 1.0703373 0.8864954 2.0310377 9.0000000 1.7786835 9.0000000 1.8942965 0.9913169 1.0703373 0.0000000 1.7786835 1.1132061 0.4348639 0.5504769 
t17        1.7786835 1.1132061 2.7182557 3.2381161 2.1983953 0.9547243 2.1983953 1.4396946 9.0000000 9.0000000 2.7182557 9.0000000 0.5504769 0.9913169 1.1132061 1.7786835 0.0000000 0.4904449 1.6785349 1.6785349 
t9         1.3144041 1.1132061 1.8942965 9.0000000 2.7182557 0.8864954 1.4396946 1.4396946 9.0000000 9.0000000 1.6785349 3.2381161 0.3505054 0.7945437 0.9547243 1.1132061 0.4904449 0.0000000 0.9547243 1.1586745 
t12        0.7126442 0.8545757 1.7786835 2.7182557 1.6785349 0.5933457 1.0703373 0.6388142 1.3144041 9.0000000 2.0310377 2.7182557 1.3144041 0.7389627 0.7945437 0.4348639 1.6785349 0.9547243 0.0000000 0.2463781 
t20        0.7389627 0.9198342 1.7786835 1.7786835 1.6785349 0.7126442 0.8864954 0.6872180 1.3144041 9.0000000 2.1983953 2.0310377 1.3744361 0.9547243 0.9198342 0.5504769 1.6785349 1.1586745 0.2463781 0.0000000 
