20
t11        0.0000000 2.4141569 1.6785349 3.2381161 9.0000000 1.4396946 9.0000000 9.0000000 3.2381161 9.0000000 9.0000000 2.1983953 1.8942965 9.0000000 2.7182557 3.2381161 9.0000000 2.7182557 2.4141569 2.1983953 
t20        2.4141569 0.0000000 0.7662384 9.0000000 1.5111773 1.2588231 1.3744361 2.0310377 1.2588231 1.2070784 1.4396946 1.0703373 0.9913169 2.0310377 2.0310377 1.6785349 3.2381161 9.0000000 1.6785349 1.7786835 
t7         1.6785349 0.7662384 0.0000000 9.0000000 1.5901977 2.1983953 2.4141569 2.4141569 9.0000000 1.5901977 3.2381161 1.5901977 1.3744361 9.0000000 9.0000000 9.0000000 9.0000000 2.4141569 2.7182557 2.7182557 
t17        3.2381161 9.0000000 9.0000000 0.0000000 1.1586745 1.6785349 1.5901977 2.7182557 1.5901977 1.4396946 9.0000000 9.0000000 2.4141569 9.0000000 9.0000000 9.0000000 2.7182557 2.4141569 9.0000000 9.0000000 
t4         9.0000000 1.5111773 1.5901977 1.1586745 0.0000000 0.8239592 0.7126442 1.1586745 1.0297869 0.7662384 1.2070784 2.0310377 1.3744361 1.3144041 1.3744361 1.3144041 2.4141569 3.2381161 1.0297869 1.0297869 
t12        1.4396946 1.2588231 2.1983953 1.6785349 0.8239592 0.0000000 0.5099265 0.6872180 0.7945437 0.4529370 0.9913169 1.7786835 1.6785349 1.2070784 1.2070784 1.2588231 2.1983953 2.7182557 0.9198342 0.9547243 
t9         9.0000000 1.3744361 2.4141569 1.5901977 0.7126442 0.5099265 0.0000000 0.7662384 0.6872180 0.4348639 0.9913169 1.7786835 1.4396946 0.9913169 0.9913169 1.0297869 3.2381161 3.2381161 0.7126442 0.7662384 
t15        9.0000000 2.0310377 2.4141569 2.7182557 1.1586745 0.6872180 0.7662384 0.0000000 0.7389627 0.8864954 1.2070784 1.7786835 1.4396946 1.1132061 1.1132061 1.1132061 1.6785349 1.8942965 1.0703373 1.1586745 
t10        3.2381161 1.2588231 9.0000000 1.5901977 1.0297869 0.7945437 0.6872180 0.7389627 0.0000000 0.8864954 0.9913169 1.5901977 1.5111773 1.2070784 1.2070784 1.2588231 2.0310377 3.2381161 0.9913169 0.9198342 
t16        9.0000000 1.2070784 1.5901977 1.4396946 0.7662384 0.4529370 0.4348639 0.8864954 0.8864954 0.0000000 0.7662384 2.7182557 1.5901977 1.3744361 1.3744361 1.3144041 9.0000000 9.0000000 0.9913169 1.0297869 
t3         9.0000000 1.4396946 3.2381161 9.0000000 1.2070784 0.9913169 0.9913169 1.2070784 0.9913169 0.7662384 0.0000000 9.0000000 9.0000000 1.7786835 1.7786835 1.8942965 9.0000000 9.0000000 1.2588231 1.3144041 
t6         2.1983953 1.0703373 1.5901977 9.0000000 2.0310377 1.7786835 1.7786835 1.7786835 1.5901977 2.7182557 9.0000000 0.0000000 0.2746833 1.6785349 1.5901977 1.7786835 2.0310377 2.1983953 1.4396946 1.4396946 
t5         1.8942965 0.9913169 1.3744361 2.4141569 1.3744361 1.6785349 1.4396946 1.4396946 1.5111773 1.5901977 9.0000000 0.2746833 0.0000000 1.8942965 1.7786835 1.6785349 1.5111773 1.5901977 1.2070784 1.2588231 
t13        9.0000000 2.0310377 9.0000000 9.0000000 1.3144041 1.2070784 0.9913169 1.1132061 1.2070784 1.3744361 1.7786835 1.6785349 1.8942965 0.0000000 0.0202715 0.0625362 2.4141569 2.7182557 0.3040988 0.3192509 
t2         2.7182557 2.0310377 9.0000000 9.0000000 1.3744361 1.2070784 0.9913169 1.1132061 1.2070784 1.3744361 1.7786835 1.5901977 1.7786835 0.0202715 0.0000000 0.0625362 2.4141569 2.7182557 0.2892469 0.3040988 
t1         3.2381161 1.6785349 9.0000000 9.0000000 1.3144041 1.2588231 1.0297869 1.1132061 1.2588231 1.3144041 1.8942965 1.7786835 1.6785349 0.0625362 0.0625362 0.0000000 2.1983953 2.7182557 0.3666350 0.3831192 
t19        9.0000000 3.2381161 9.0000000 2.7182557 2.4141569 2.1983953 3.2381161 1.6785349 2.0310377 9.0000000 9.0000000 2.0310377 1.5111773 2.4141569 2.4141569 2.1983953 0.0000000 0.3192509 1.7786835 1.8942965 
t14        2.7182557 9.0000000 2.4141569 2.4141569 3.2381161 2.7182557 3.2381161 1.8942965 3.2381161 9.0000000 9.0000000 2.1983953 1.5901977 2.7182557 2.7182557 2.7182557 0.3192509 0.0000000 2.1983953 2.1983953 
t18        2.4141569 1.6785349 2.7182557 9.0000000 1.0297869 0.9198342 0.7126442 1.0703373 0.9913169 0.9913169 1.2588231 1.4396946 1.2070784 0.3040988 0.2892469 0.3666350 1.7786835 2.1983953 0.0000000 0.0306165 
t8         2.1983953 1.7786835 2.7182557 9.0000000 1.0297869 0.9547243 0.7662384 1.1586745 0.9198342 1.0297869 1.3144041 1.4396946 1.2588231 0.3192509 0.3040988 0.3831192 1.8942965 2.1983953 0.0306165 0.0000000 
