20
t11        0.0000000 0.9198342 1.5111773 1.2588231 1.5111773 1.1586745 1.1586745 1.2588231 1.3144041 1.3144041 1.6785349 1.5111773 1.5111773 1.2070784 1.1586745 2.4141569 2.0310377 9.0000000 0.9547243 1.3144041 
t8         0.9198342 0.0000000 1.3744361 1.2588231 1.2588231 0.7945437 1.1132061 0.7662384 0.6626257 0.5504769 0.7945437 1.2588231 0.8864954 1.2070784 0.8239592 1.5111773 1.4396946 1.6785349 0.3040988 0.3831192 
t5         1.5111773 1.3744361 0.0000000 0.5933457 1.7786835 1.2588231 1.5111773 1.5901977 1.3144041 1.1132061 1.5901977 2.4141569 2.1983953 1.3144041 1.5901977 1.3744361 1.6785349 1.5901977 1.1586745 1.2070784 
t3         1.2588231 1.2588231 0.5933457 0.0000000 2.1983953 1.0703373 1.3144041 1.2070784 1.0297869 1.1586745 1.3744361 1.6785349 1.4396946 1.3744361 1.3744361 1.4396946 1.4396946 1.4396946 1.1132061 1.3744361 
t17        1.5111773 1.2588231 1.7786835 2.1983953 0.0000000 1.3144041 1.6785349 1.7786835 2.0310377 2.1983953 2.1983953 1.7786835 1.4396946 2.7182557 2.0310377 2.0310377 1.6785349 2.1983953 1.2588231 1.2588231 
t10        1.1586745 0.7945437 1.2588231 1.0703373 1.3144041 0.0000000 0.5716050 0.9913169 0.8545757 0.5933457 0.9198342 1.0297869 0.8864954 0.6626257 0.4172160 1.5111773 1.5111773 2.1983953 0.8864954 0.8864954 
t7         1.1586745 1.1132061 1.5111773 1.3144041 1.6785349 0.5716050 0.0000000 1.3144041 1.2070784 0.9913169 1.7786835 1.1586745 1.0703373 0.7662384 0.5299277 2.0310377 1.6785349 2.1983953 1.1586745 1.2070784 
t20        1.2588231 0.7662384 1.5901977 1.2070784 1.7786835 0.9913169 1.3144041 0.0000000 0.8864954 1.0297869 1.5901977 1.1132061 1.1132061 1.5901977 1.2070784 1.8942965 2.1983953 9.0000000 0.8545757 0.7945437 
t13        1.3144041 0.6626257 1.3144041 1.0297869 2.0310377 0.8545757 1.2070784 0.8864954 0.0000000 0.8239592 1.2070784 1.8942965 0.9547243 1.1586745 0.9547243 1.2070784 1.2070784 1.1586745 0.7126442 0.7126442 
t15        1.3144041 0.5504769 1.1132061 1.1586745 2.1983953 0.5933457 0.9913169 1.0297869 0.8239592 0.0000000 0.4348639 1.0703373 1.2070784 1.3144041 0.8864954 1.3144041 1.4396946 1.8942965 0.7389627 0.7662384 
t16        1.6785349 0.7945437 1.5901977 1.3744361 2.1983953 0.9198342 1.7786835 1.5901977 1.2070784 0.4348639 0.0000000 1.2588231 1.2588231 1.7786835 1.4396946 1.5111773 1.6785349 2.0310377 1.1132061 1.0703373 
t18        1.5111773 1.2588231 2.4141569 1.6785349 1.7786835 1.0297869 1.1586745 1.1132061 1.8942965 1.0703373 1.2588231 0.0000000 0.4348639 1.3144041 1.0703373 2.1983953 2.1983953 9.0000000 1.3144041 1.3144041 
t6         1.5111773 0.8864954 2.1983953 1.4396946 1.4396946 0.8864954 1.0703373 1.1132061 0.9547243 1.2070784 1.2588231 0.4348639 0.0000000 1.0703373 0.9198342 1.5901977 1.4396946 1.5901977 0.9547243 0.9198342 
t19        1.2070784 1.2070784 1.3144041 1.3744361 2.7182557 0.6626257 0.7662384 1.5901977 1.1586745 1.3144041 1.7786835 1.3144041 1.0703373 0.0000000 0.3999739 1.3144041 1.1132061 1.2588231 1.0703373 1.2588231 
t14        1.1586745 0.8239592 1.5901977 1.3744361 2.0310377 0.4172160 0.5299277 1.2070784 0.9547243 0.8864954 1.4396946 1.0703373 0.9198342 0.3999739 0.0000000 1.5901977 1.5111773 2.0310377 0.7389627 0.8545757 
t2         2.4141569 1.5111773 1.3744361 1.4396946 2.0310377 1.5111773 2.0310377 1.8942965 1.2070784 1.3144041 1.5111773 2.1983953 1.5901977 1.3144041 1.5901977 0.0000000 0.3040988 0.2058276 1.2070784 1.3744361 
t1         2.0310377 1.4396946 1.6785349 1.4396946 1.6785349 1.5111773 1.6785349 2.1983953 1.2070784 1.4396946 1.6785349 2.1983953 1.4396946 1.1132061 1.5111773 0.3040988 0.0000000 0.4172160 1.2588231 1.4396946 
t4         9.0000000 1.6785349 1.5901977 1.4396946 2.1983953 2.1983953 2.1983953 9.0000000 1.1586745 1.8942965 2.0310377 9.0000000 1.5901977 1.2588231 2.0310377 0.2058276 0.4172160 0.0000000 1.3744361 1.5901977 
t12        0.9547243 0.3040988 1.1586745 1.1132061 1.2588231 0.8864954 1.1586745 0.8545757 0.7126442 0.7389627 1.1132061 1.3144041 0.9547243 1.0703373 0.7389627 1.2070784 1.2588231 1.3744361 0.0000000 0.2058276 
t9         1.3144041 0.3831192 1.2070784 1.3744361 1.2588231 0.8864954 1.2070784 0.7945437 0.7126442 0.7662384 1.0703373 1.3144041 0.9198342 1.2588231 0.8545757 1.3744361 1.4396946 1.5901977 0.2058276 0.0000000 
