20
t15        0.0000000 1.2070784 1.0297869 1.2070784 1.3744361 1.5901977 1.7786835 1.5111773 1.5111773 1.6785349 1.2070784 1.3144041 1.4396946 2.1983953 2.0310377 1.7786835 1.5901977 1.5901977 1.4396946 1.3744361 
t11        1.2070784 0.0000000 1.0297869 1.1132061 0.9913169 1.2070784 1.1132061 0.6157354 0.8239592 1.5901977 1.3144041 1.0297869 1.2588231 1.3744361 1.1132061 1.3744361 1.5111773 1.3144041 0.9913169 0.9198342 
t6         1.0297869 1.0297869 0.0000000 1.2588231 0.9913169 0.9913169 1.0703373 1.2588231 1.1132061 0.7945437 0.7389627 1.1132061 1.3144041 1.3144041 1.3744361 1.1586745 1.4396946 1.0703373 0.9547243 0.8545757 
t8         1.2070784 1.1132061 1.2588231 0.0000000 0.5299277 0.4904449 0.5504769 1.1586745 1.1586745 1.5901977 1.3744361 0.4904449 0.9913169 0.7662384 0.6157354 1.1586745 0.9913169 1.0703373 0.8864954 0.9547243 
t17        1.3744361 0.9913169 0.9913169 0.5299277 0.0000000 0.5504769 0.4714565 1.0297869 1.2070784 1.5111773 1.2070784 0.5504769 1.3144041 0.6388142 0.4904449 1.2588231 1.3144041 1.2588231 1.1132061 1.1132061 
t5         1.5901977 1.2070784 0.9913169 0.4904449 0.5504769 0.0000000 0.3999739 1.0703373 1.2588231 1.7786835 1.2070784 0.3505054 0.9913169 0.4172160 0.3831192 1.1132061 0.9913169 1.2588231 1.1132061 1.0297869 
t7         1.7786835 1.1132061 1.0703373 0.5504769 0.4714565 0.3999739 0.0000000 1.3144041 1.5901977 1.3744361 1.3744361 0.4529370 0.9198342 0.5299277 0.3831192 1.0703373 1.0297869 1.0297869 0.8239592 0.7945437 
t13        1.5111773 0.6157354 1.2588231 1.1586745 1.0297869 1.0703373 1.3144041 0.0000000 0.4714565 1.5901977 0.9913169 1.1132061 1.3744361 1.3744361 1.1132061 1.3144041 1.3744361 1.8942965 1.3144041 1.3144041 
t9         1.5111773 0.8239592 1.1132061 1.1586745 1.2070784 1.2588231 1.5901977 0.4714565 0.0000000 2.0310377 1.3144041 1.1586745 1.6785349 1.3144041 1.3744361 1.5901977 1.6785349 1.7786835 1.2070784 1.2588231 
t18        1.6785349 1.5901977 0.7945437 1.5901977 1.5111773 1.7786835 1.3744361 1.5901977 2.0310377 0.0000000 0.7945437 2.0310377 2.1983953 1.8942965 1.5111773 3.2381161 1.8942965 1.8942965 1.5111773 1.3144041 
t20        1.2070784 1.3144041 0.7389627 1.3744361 1.2070784 1.2070784 1.3744361 0.9913169 1.3144041 0.7945437 0.0000000 1.6785349 1.6785349 2.0310377 1.8942965 1.5901977 2.0310377 1.5901977 1.3144041 1.2588231 
t4         1.3144041 1.0297869 1.1132061 0.4904449 0.5504769 0.3505054 0.4529370 1.1132061 1.1586745 2.0310377 1.6785349 0.0000000 1.2588231 0.4348639 0.3192509 1.2588231 1.2070784 0.8545757 0.8239592 0.8239592 
t16        1.4396946 1.2588231 1.3144041 0.9913169 1.3144041 0.9913169 0.9198342 1.3744361 1.6785349 2.1983953 1.6785349 1.2588231 0.0000000 1.2070784 1.2588231 0.1673577 0.2603971 1.0297869 0.9547243 0.9547243 
t2         2.1983953 1.3744361 1.3144041 0.7662384 0.6388142 0.4172160 0.5299277 1.3744361 1.3144041 1.8942965 2.0310377 0.4348639 1.2070784 0.0000000 0.2058276 1.4396946 1.3744361 1.2588231 1.2070784 1.1132061 
t19        2.0310377 1.1132061 1.3744361 0.6157354 0.4904449 0.3831192 0.3831192 1.1132061 1.3744361 1.5111773 1.8942965 0.3192509 1.2588231 0.2058276 0.0000000 1.3144041 1.3144041 0.9913169 0.9198342 0.8545757 
t3         1.7786835 1.3744361 1.1586745 1.1586745 1.2588231 1.1132061 1.0703373 1.3144041 1.5901977 3.2381161 1.5901977 1.2588231 0.1673577 1.4396946 1.3144041 0.0000000 0.3040988 1.0297869 1.0297869 1.0703373 
t14        1.5901977 1.5111773 1.4396946 0.9913169 1.3144041 0.9913169 1.0297869 1.3744361 1.6785349 1.8942965 2.0310377 1.2070784 0.2603971 1.3744361 1.3144041 0.3040988 0.0000000 1.2588231 1.3744361 1.3144041 
t1         1.5901977 1.3144041 1.0703373 1.0703373 1.2588231 1.2588231 1.0297869 1.8942965 1.7786835 1.8942965 1.5901977 0.8545757 1.0297869 1.2588231 0.9913169 1.0297869 1.2588231 0.0000000 0.2326162 0.2746833 
t10        1.4396946 0.9913169 0.9547243 0.8864954 1.1132061 1.1132061 0.8239592 1.3144041 1.2070784 1.5111773 1.3144041 0.8239592 0.9547243 1.2070784 0.9198342 1.0297869 1.3744361 0.2326162 0.0000000 0.0411062 
t12        1.3744361 0.9198342 0.8545757 0.9547243 1.1132061 1.0297869 0.7945437 1.3144041 1.2588231 1.3144041 1.2588231 0.8239592 0.9547243 1.1132061 0.8545757 1.0703373 1.3144041 0.2746833 0.0411062 0.0000000 
