20
t2         0.0000000 1.3144041 1.2588231 1.8942965 1.5901977 1.5111773 2.1983953 1.3144041 1.7786835 1.2070784 1.3144041 1.2588231 1.4396946 1.6785349 1.1586745 1.3744361 1.8942965 1.8942965 1.2070784 1.2588231 
t6         1.3144041 0.0000000 2.0310377 1.7786835 1.6785349 9.0000000 1.7786835 0.7389627 1.0297869 0.7126442 1.1586745 0.6872180 0.6872180 3.2381161 0.6626257 0.8545757 2.0310377 2.4141569 0.7945437 0.8864954 
t15        1.2588231 2.0310377 0.0000000 1.0703373 1.0297869 1.3744361 3.2381161 2.4141569 1.8942965 1.7786835 1.5111773 1.6785349 2.0310377 0.9913169 3.2381161 1.8942965 1.0703373 1.0297869 2.1983953 2.1983953 
t11        1.8942965 1.7786835 1.0703373 0.0000000 1.1132061 1.1132061 1.6785349 2.1983953 2.0310377 1.3144041 1.1586745 1.7786835 1.3744361 0.8864954 1.7786835 1.5901977 0.8864954 0.9913169 1.5901977 1.7786835 
t10        1.5901977 1.6785349 1.0297869 1.1132061 0.0000000 1.0297869 2.0310377 1.2588231 1.8942965 1.4396946 1.1586745 1.3144041 1.5111773 1.0297869 1.8942965 1.5111773 0.6872180 0.7389627 1.6785349 1.7786835 
t19        1.5111773 9.0000000 1.3744361 1.1132061 1.0297869 0.0000000 2.4141569 2.0310377 3.2381161 1.5901977 1.4396946 9.0000000 9.0000000 0.9547243 1.8942965 2.4141569 0.8545757 0.8545757 2.0310377 2.1983953 
t20        2.1983953 1.7786835 3.2381161 1.6785349 2.0310377 2.4141569 0.0000000 1.4396946 9.0000000 0.7662384 0.9198342 1.4396946 1.6785349 9.0000000 1.4396946 2.4141569 3.2381161 9.0000000 1.8942965 2.7182557 
t9         1.3144041 0.7389627 2.4141569 2.1983953 1.2588231 2.0310377 1.4396946 0.0000000 0.7945437 1.0297869 1.1132061 0.6872180 0.6388142 1.7786835 0.7389627 0.8545757 1.3744361 1.6785349 0.8239592 0.8239592 
t7         1.7786835 1.0297869 1.8942965 2.0310377 1.8942965 3.2381161 9.0000000 0.7945437 0.0000000 1.2070784 1.7786835 1.1132061 1.3744361 1.7786835 1.2070784 1.3144041 2.1983953 2.0310377 1.1586745 1.2588231 
t16        1.2070784 0.7126442 1.7786835 1.3144041 1.4396946 1.5901977 0.7662384 1.0297869 1.2070784 0.0000000 0.4714565 0.9913169 1.0703373 1.3744361 0.8239592 1.2070784 1.2070784 1.2588231 0.9198342 1.1132061 
t5         1.3144041 1.1586745 1.5111773 1.1586745 1.1586745 1.4396946 0.9198342 1.1132061 1.7786835 0.4714565 0.0000000 1.1132061 1.3144041 1.7786835 1.2070784 1.4396946 1.0703373 1.2070784 1.0703373 1.3744361 
t1         1.2588231 0.6872180 1.6785349 1.7786835 1.3144041 9.0000000 1.4396946 0.6872180 1.1132061 0.9913169 1.1132061 0.0000000 0.2892469 1.5111773 0.6388142 0.7126442 1.5901977 1.7786835 0.6872180 0.7662384 
t17        1.4396946 0.6872180 2.0310377 1.3744361 1.5111773 9.0000000 1.6785349 0.6388142 1.3744361 1.0703373 1.3144041 0.2892469 0.0000000 1.4396946 0.6872180 0.9198342 1.4396946 1.5901977 0.7945437 0.8545757 
t14        1.6785349 3.2381161 0.9913169 0.8864954 1.0297869 0.9547243 9.0000000 1.7786835 1.7786835 1.3744361 1.7786835 1.5111773 1.4396946 0.0000000 1.8942965 1.5111773 0.3999739 0.4529370 1.8942965 1.5111773 
t13        1.1586745 0.6626257 3.2381161 1.7786835 1.8942965 1.8942965 1.4396946 0.7389627 1.2070784 0.8239592 1.2070784 0.6388142 0.6872180 1.8942965 0.0000000 0.2463781 1.5901977 2.0310377 0.1673577 0.2058276 
t3         1.3744361 0.8545757 1.8942965 1.5901977 1.5111773 2.4141569 2.4141569 0.8545757 1.3144041 1.2070784 1.4396946 0.7126442 0.9198342 1.5111773 0.2463781 0.0000000 1.4396946 1.7786835 0.1307650 0.1307650 
t12        1.8942965 2.0310377 1.0703373 0.8864954 0.6872180 0.8545757 3.2381161 1.3744361 2.1983953 1.2070784 1.0703373 1.5901977 1.4396946 0.3999739 1.5901977 1.4396946 0.0000000 0.0734853 1.5111773 1.3144041 
t8         1.8942965 2.4141569 1.0297869 0.9913169 0.7389627 0.8545757 9.0000000 1.6785349 2.0310377 1.2588231 1.2070784 1.7786835 1.5901977 0.4529370 2.0310377 1.7786835 0.0734853 0.0000000 1.8942965 1.6785349 
t4         1.2070784 0.7945437 2.1983953 1.5901977 1.6785349 2.0310377 1.8942965 0.8239592 1.1586745 0.9198342 1.0703373 0.6872180 0.7945437 1.8942965 0.1673577 0.1307650 1.5111773 1.8942965 0.0000000 0.0734853 
t18        1.2588231 0.8864954 2.1983953 1.7786835 1.7786835 2.1983953 2.7182557 0.8239592 1.2588231 1.1132061 1.3744361 0.7662384 0.8545757 1.5111773 0.2058276 0.1307650 1.3144041 1.6785349 0.0734853 0.0000000 
