20
t10        0.0000000 0.8545757 1.1132061 0.6626257 0.6872180 1.3744361 1.1132061 0.6388142 1.1586745 0.9198342 0.9913169 0.6872180 0.9913169 0.9198342 1.3144041 1.1586745 0.6388142 0.6388142 0.7945437 0.7945437 
t20        0.8545757 0.0000000 1.2070784 1.0297869 1.5901977 1.3744361 1.6785349 1.1586745 1.2588231 1.4396946 1.5111773 0.6388142 1.2070784 1.3744361 1.3744361 1.5901977 0.6157354 0.6157354 1.0297869 0.9913169 
t9         1.1132061 1.2070784 0.0000000 1.1132061 1.6785349 1.2070784 1.1132061 1.3144041 9.0000000 2.0310377 1.1586745 1.5901977 1.8942965 1.7786835 9.0000000 2.4141569 1.3144041 1.3144041 1.1586745 1.1132061 
t15        0.6626257 1.0297869 1.1132061 0.0000000 0.9198342 0.8864954 0.9913169 0.9547243 1.5901977 1.3144041 1.3744361 1.0703373 1.2588231 1.1132061 2.1983953 1.5901977 1.0297869 1.0297869 0.9198342 0.9913169 
t16        0.6872180 1.5901977 1.6785349 0.9198342 0.0000000 1.7786835 1.5901977 0.3040988 1.8942965 0.5099265 0.5299277 1.3744361 0.6626257 0.6388142 1.8942965 2.1983953 1.0297869 1.0297869 1.0703373 1.0297869 
t7         1.3744361 1.3744361 1.2070784 0.8864954 1.7786835 0.0000000 1.0703373 1.5111773 1.6785349 1.4396946 1.8942965 1.5901977 3.2381161 2.7182557 2.0310377 1.8942965 1.3744361 1.3744361 1.7786835 1.7786835 
t8         1.1132061 1.6785349 1.1132061 0.9913169 1.5901977 1.0703373 0.0000000 1.5901977 1.0703373 1.6785349 2.7182557 1.5901977 3.2381161 2.1983953 1.5901977 1.4396946 1.4396946 1.5111773 2.7182557 3.2381161 
t17        0.6388142 1.1586745 1.3144041 0.9547243 0.3040988 1.5111773 1.5901977 0.0000000 1.1586745 0.3505054 0.2892469 0.9913169 0.7126442 0.5933457 1.1586745 1.3144041 0.8239592 0.8239592 0.9198342 0.8864954 
t11        1.1586745 1.2588231 9.0000000 1.5901977 1.8942965 1.6785349 1.0703373 1.1586745 0.0000000 1.6785349 1.4396946 1.1586745 2.7182557 1.5901977 0.6157354 0.5504769 0.9547243 0.9547243 1.4396946 1.4396946 
t12        0.9198342 1.4396946 2.0310377 1.3144041 0.5099265 1.4396946 1.6785349 0.3505054 1.6785349 0.0000000 0.3999739 1.3144041 0.8545757 0.7126442 1.7786835 1.6785349 1.0297869 1.0703373 1.2588231 1.2588231 
t14        0.9913169 1.5111773 1.1586745 1.3744361 0.5299277 1.8942965 2.7182557 0.2892469 1.4396946 0.3999739 0.0000000 1.2588231 0.8545757 0.7126442 1.4396946 1.4396946 0.9198342 0.9198342 0.8864954 0.8545757 
t2         0.6872180 0.6388142 1.5901977 1.0703373 1.3744361 1.5901977 1.5901977 0.9913169 1.1586745 1.3144041 1.2588231 0.0000000 1.3744361 1.3744361 1.8942965 1.7786835 0.2892469 0.2746833 1.0297869 0.9913169 
t6         0.9913169 1.2070784 1.8942965 1.2588231 0.6626257 3.2381161 3.2381161 0.7126442 2.7182557 0.8545757 0.8545757 1.3744361 0.0000000 0.1927838 9.0000000 9.0000000 1.4396946 1.3744361 1.0703373 1.0703373 
t1         0.9198342 1.3744361 1.7786835 1.1132061 0.6388142 2.7182557 2.1983953 0.5933457 1.5901977 0.7126442 0.7126442 1.3744361 0.1927838 0.0000000 1.7786835 1.7786835 1.1132061 1.0703373 0.9198342 0.9547243 
t19        1.3144041 1.3744361 9.0000000 2.1983953 1.8942965 2.0310377 1.5901977 1.1586745 0.6157354 1.7786835 1.4396946 1.8942965 9.0000000 1.7786835 0.0000000 0.1189538 1.2588231 1.2588231 1.5901977 1.4396946 
t5         1.1586745 1.5901977 2.4141569 1.5901977 2.1983953 1.8942965 1.4396946 1.3144041 0.5504769 1.6785349 1.4396946 1.7786835 9.0000000 1.7786835 0.1189538 0.0000000 1.2588231 1.2588231 1.2588231 1.1586745 
t13        0.6388142 0.6157354 1.3144041 1.0297869 1.0297869 1.3744361 1.4396946 0.8239592 0.9547243 1.0297869 0.9198342 0.2892469 1.4396946 1.1132061 1.2588231 1.2588231 0.0000000 0.0100673 0.9198342 0.9198342 
t4         0.6388142 0.6157354 1.3144041 1.0297869 1.0297869 1.3744361 1.5111773 0.8239592 0.9547243 1.0703373 0.9198342 0.2746833 1.3744361 1.0703373 1.2588231 1.2588231 0.0100673 0.0000000 0.9198342 0.9198342 
t18        0.7945437 1.0297869 1.1586745 0.9198342 1.0703373 1.7786835 2.7182557 0.9198342 1.4396946 1.2588231 0.8864954 1.0297869 1.0703373 0.9198342 1.5901977 1.2588231 0.9198342 0.9198342 0.0000000 0.0202715 
t3         0.7945437 0.9913169 1.1132061 0.9913169 1.0297869 1.7786835 3.2381161 0.8864954 1.4396946 1.2588231 0.8545757 0.9913169 1.0703373 0.9547243 1.4396946 1.1586745 0.9198342 0.9198342 0.0202715 0.0000000 
