20
t10        0.0000000 0.6872180 1.5111773 2.7182557 1.6785349 9.0000000 1.6785349 2.0310377 3.2381161 0.6388142 1.5901977 2.0310377 1.5901977 1.3744361 1.0703373 1.6785349 2.4141569 2.1983953 1.3744361 2.0310377 
t6         0.6872180 0.0000000 2.7182557 1.6785349 3.2381161 9.0000000 1.7786835 1.3144041 1.8942965 1.0297869 1.1132061 2.1983953 1.2588231 1.4396946 1.5901977 1.3744361 1.2588231 1.2070784 1.3744361 1.5111773 
t4         1.5111773 2.7182557 0.0000000 2.1983953 9.0000000 9.0000000 1.1132061 1.6785349 9.0000000 1.5901977 1.7786835 9.0000000 2.1983953 3.2381161 1.5111773 2.1983953 9.0000000 9.0000000 9.0000000 9.0000000 
t12        2.7182557 1.6785349 2.1983953 0.0000000 9.0000000 9.0000000 1.6785349 1.6785349 2.7182557 1.5901977 2.1983953 3.2381161 2.4141569 1.3744361 2.7182557 2.0310377 1.1586745 1.5111773 2.1983953 2.4141569 
t5         1.6785349 3.2381161 9.0000000 9.0000000 0.0000000 0.8545757 9.0000000 1.4396946 1.6785349 9.0000000 1.5901977 1.6785349 1.5111773 2.4141569 9.0000000 9.0000000 9.0000000 9.0000000 9.0000000 9.0000000 
t18        9.0000000 9.0000000 9.0000000 9.0000000 0.8545757 0.0000000 9.0000000 2.4141569 9.0000000 9.0000000 2.7182557 9.0000000 9.0000000 3.2381161 9.0000000 2.7182557 9.0000000 9.0000000 9.0000000 2.7182557 
t16        1.6785349 1.7786835 1.1132061 1.6785349 9.0000000 9.0000000 0.0000000 1.2070784 9.0000000 1.8942965 3.2381161 9.0000000 2.4141569 1.5901977 1.4396946 2.7182557 9.0000000 9.0000000 1.8942965 9.0000000 
t11        2.0310377 1.3144041 1.6785349 1.6785349 1.4396946 2.4141569 1.2070784 0.0000000 9.0000000 3.2381161 1.5901977 2.7182557 1.1586745 2.1983953 2.0310377 3.2381161 2.0310377 1.8942965 2.4141569 9.0000000 
t7         3.2381161 1.8942965 9.0000000 2.7182557 1.6785349 9.0000000 9.0000000 9.0000000 0.0000000 2.1983953 1.5111773 1.7786835 1.2070784 2.7182557 9.0000000 2.1983953 2.4141569 3.2381161 1.8942965 2.7182557 
t15        0.6388142 1.0297869 1.5901977 1.5901977 9.0000000 9.0000000 1.8942965 3.2381161 2.1983953 0.0000000 1.5111773 2.4141569 1.5111773 1.0297869 1.0297869 1.5111773 3.2381161 9.0000000 1.7786835 2.4141569 
t1         1.5901977 1.1132061 1.7786835 2.1983953 1.5901977 2.7182557 3.2381161 1.5901977 1.5111773 1.5111773 0.0000000 1.2588231 0.4172160 9.0000000 1.6785349 2.4141569 2.0310377 2.7182557 9.0000000 9.0000000 
t8         2.0310377 2.1983953 9.0000000 3.2381161 1.6785349 9.0000000 9.0000000 2.7182557 1.7786835 2.4141569 1.2588231 0.0000000 0.8864954 2.0310377 1.7786835 2.4141569 2.7182557 9.0000000 9.0000000 9.0000000 
t13        1.5901977 1.2588231 2.1983953 2.4141569 1.5111773 9.0000000 2.4141569 1.1586745 1.2070784 1.5111773 0.4172160 0.8864954 0.0000000 1.8942965 1.5111773 1.8942965 1.5111773 2.1983953 3.2381161 9.0000000 
t9         1.3744361 1.4396946 3.2381161 1.3744361 2.4141569 3.2381161 1.5901977 2.1983953 2.7182557 1.0297869 9.0000000 2.0310377 1.8942965 0.0000000 0.9913169 1.3144041 9.0000000 9.0000000 2.7182557 2.4141569 
t3         1.0703373 1.5901977 1.5111773 2.7182557 9.0000000 9.0000000 1.4396946 2.0310377 9.0000000 1.0297869 1.6785349 1.7786835 1.5111773 0.9913169 0.0000000 0.3831192 9.0000000 9.0000000 3.2381161 9.0000000 
t14        1.6785349 1.3744361 2.1983953 2.0310377 9.0000000 2.7182557 2.7182557 3.2381161 2.1983953 1.5111773 2.4141569 2.4141569 1.8942965 1.3144041 0.3831192 0.0000000 2.1983953 2.4141569 9.0000000 9.0000000 
t17        2.4141569 1.2588231 9.0000000 1.1586745 9.0000000 9.0000000 9.0000000 2.0310377 2.4141569 3.2381161 2.0310377 2.7182557 1.5111773 9.0000000 9.0000000 2.1983953 0.0000000 0.1799630 2.7182557 1.7786835 
t19        2.1983953 1.2070784 9.0000000 1.5111773 9.0000000 9.0000000 9.0000000 1.8942965 3.2381161 9.0000000 2.7182557 9.0000000 2.1983953 9.0000000 9.0000000 2.4141569 0.1799630 0.0000000 9.0000000 2.0310377 
t20        1.3744361 1.3744361 9.0000000 2.1983953 9.0000000 9.0000000 1.8942965 2.4141569 1.8942965 1.7786835 9.0000000 9.0000000 3.2381161 2.7182557 3.2381161 9.0000000 2.7182557 9.0000000 0.0000000 0.2746833 
t2         2.0310377 1.5111773 9.0000000 2.4141569 9.0000000 2.7182557 9.0000000 9.0000000 2.7182557 2.4141569 9.0000000 9.0000000 9.0000000 2.4141569 9.0000000 9.0000000 1.7786835 2.0310377 0.2746833 0.0000000 
