20
t7         0.0000000 1.3144041 1.6785349 2.0310377 1.5111773 1.6785349 1.1586745 1.7786835 1.5111773 1.4396946 3.2381161 1.5111773 2.0310377 2.0310377 1.8942965 1.6785349 1.5111773 1.5901977 2.0310377 2.0310377 
t20        1.3144041 0.0000000 2.0310377 1.5111773 2.1983953 1.8942965 1.7786835 1.3744361 1.0703373 1.3744361 2.1983953 1.5901977 1.5111773 0.8864954 1.6785349 1.8942965 0.9198342 0.9913169 1.5111773 1.5111773 
t4         1.6785349 2.0310377 0.0000000 1.1132061 1.0703373 1.1586745 0.8545757 1.0703373 0.8545757 0.9547243 1.4396946 1.3144041 1.2070784 2.4141569 1.0297869 0.9198342 2.4141569 2.7182557 0.7945437 0.7945437 
t13        2.0310377 1.5111773 1.1132061 0.0000000 1.3744361 1.0297869 1.0703373 1.2070784 0.9913169 1.0297869 1.1586745 1.8942965 1.5901977 1.5901977 0.7662384 0.7389627 1.5901977 1.7786835 0.6872180 0.6872180 
t9         1.5111773 2.1983953 1.0703373 1.3744361 0.0000000 0.6388142 0.5299277 0.7662384 0.5933457 0.5299277 0.5299277 1.3144041 1.2588231 1.3144041 1.1132061 0.9913169 1.5901977 1.5901977 1.1586745 1.1586745 
t8         1.6785349 1.8942965 1.1586745 1.0297869 0.6388142 0.0000000 0.6157354 0.7662384 0.6388142 0.5299277 0.6157354 1.5901977 1.5111773 2.1983953 1.2070784 0.9547243 1.8942965 2.0310377 1.1132061 1.1132061 
t14        1.1586745 1.7786835 0.8545757 1.0703373 0.5299277 0.6157354 0.0000000 0.5716050 0.5099265 0.3505054 0.5099265 1.3744361 1.5111773 1.4396946 0.9547243 0.8545757 1.3144041 1.3744361 0.7945437 0.7945437 
t3         1.7786835 1.3744361 1.0703373 1.2070784 0.7662384 0.7662384 0.5716050 0.0000000 0.3505054 0.5933457 0.7126442 1.4396946 1.5901977 1.5111773 1.0297869 0.9547243 1.3744361 1.4396946 0.8239592 0.8239592 
t5         1.5111773 1.0703373 0.8545757 0.9913169 0.5933457 0.6388142 0.5099265 0.3505054 0.0000000 0.4348639 0.5933457 1.1586745 1.3144041 1.2070784 0.7945437 0.7389627 1.2070784 1.2588231 0.7389627 0.7389627 
t16        1.4396946 1.3744361 0.9547243 1.0297869 0.5299277 0.5299277 0.3505054 0.5933457 0.4348639 0.0000000 0.4172160 1.1586745 1.2070784 1.2588231 0.9547243 0.8864954 1.2070784 1.2070784 0.8239592 0.8239592 
t10        3.2381161 2.1983953 1.4396946 1.1586745 0.5299277 0.6157354 0.5099265 0.7126442 0.5933457 0.4172160 0.0000000 1.3744361 1.3144041 1.5901977 1.2070784 0.9913169 1.8942965 1.8942965 1.1132061 1.1132061 
t18        1.5111773 1.5901977 1.3144041 1.8942965 1.3144041 1.5901977 1.3744361 1.4396946 1.1586745 1.1586745 1.3744361 0.0000000 0.2892469 1.3744361 1.4396946 1.3744361 1.3144041 1.2588231 1.1132061 1.1132061 
t2         2.0310377 1.5111773 1.2070784 1.5901977 1.2588231 1.5111773 1.5111773 1.5901977 1.3144041 1.2070784 1.3144041 0.2892469 0.0000000 1.3144041 1.6785349 1.3744361 1.5111773 1.5901977 1.2070784 1.2070784 
t17        2.0310377 0.8864954 2.4141569 1.5901977 1.3144041 2.1983953 1.4396946 1.5111773 1.2070784 1.2588231 1.5901977 1.3744361 1.3144041 0.0000000 1.8942965 1.8942965 0.1927838 0.2191023 1.5111773 1.5111773 
t11        1.8942965 1.6785349 1.0297869 0.7662384 1.1132061 1.2070784 0.9547243 1.0297869 0.7945437 0.9547243 1.2070784 1.4396946 1.6785349 1.8942965 0.0000000 0.1073256 2.4141569 2.1983953 0.3192509 0.3192509 
t19        1.6785349 1.8942965 0.9198342 0.7389627 0.9913169 0.9547243 0.8545757 0.9547243 0.7389627 0.8864954 0.9913169 1.3744361 1.3744361 1.8942965 0.1073256 0.0000000 2.7182557 2.7182557 0.3040988 0.3040988 
t12        1.5111773 0.9198342 2.4141569 1.5901977 1.5901977 1.8942965 1.3144041 1.3744361 1.2070784 1.2070784 1.8942965 1.3144041 1.5111773 0.1927838 2.4141569 2.7182557 0.0000000 0.0202715 1.8942965 1.8942965 
t15        1.5901977 0.9913169 2.7182557 1.7786835 1.5901977 2.0310377 1.3744361 1.4396946 1.2588231 1.2070784 1.8942965 1.2588231 1.5901977 0.2191023 2.1983953 2.7182557 0.0202715 0.0000000 2.1983953 2.1983953 
t6         2.0310377 1.5111773 0.7945437 0.6872180 1.1586745 1.1132061 0.7945437 0.8239592 0.7389627 0.8239592 1.1132061 1.1132061 1.2070784 1.5111773 0.3192509 0.3040988 1.8942965 2.1983953 0.0000000 0.0000010 
t1         2.0310377 1.5111773 0.7945437 0.6872180 1.1586745 1.1132061 0.7945437 0.8239592 0.7389627 0.8239592 1.1132061 1.1132061 1.2070784 1.5111773 0.3192509 0.3040988 1.8942965 2.1983953 0.0000010 0.0000000 
