20
t15        0.0000000 1.1132061 0.3666350 1.3144041 0.3666350 0.4529370 0.5099265 0.9547243 0.7389627 0.5933457 0.5099265 0.6626257 0.6626257 0.7126442 0.6626257 0.7126442 0.7126442 0.9913169 1.0703373 1.0297869 
t12        1.1132061 0.0000000 1.0297869 9.0000000 0.9913169 1.4396946 1.5111773 1.4396946 1.8942965 0.9913169 0.8545757 0.9547243 1.3144041 1.5111773 1.2588231 0.8545757 0.8864954 2.0310377 1.8942965 1.8942965 
t16        0.3666350 1.0297869 0.0000000 1.2588231 0.0845966 0.7389627 0.7389627 0.6872180 0.6157354 0.5299277 0.4348639 0.5933457 0.6388142 0.6872180 0.5716050 0.6872180 0.6388142 0.6626257 0.7126442 0.6872180 
t19        1.3144041 9.0000000 1.2588231 0.0000000 1.2070784 2.0310377 2.0310377 1.8942965 1.4396946 1.3744361 1.2070784 1.8942965 1.8942965 2.0310377 2.0310377 1.5901977 1.8942965 1.2070784 1.2070784 1.1586745 
t11        0.3666350 0.9913169 0.0845966 1.2070784 0.0000000 0.6872180 0.6872180 0.6388142 0.5716050 0.4529370 0.3831192 0.4904449 0.5933457 0.6388142 0.5504769 0.5716050 0.5504769 0.6388142 0.6626257 0.6388142 
t9         0.4529370 1.4396946 0.7389627 2.0310377 0.6872180 0.0000000 0.2058276 1.5901977 1.3144041 0.9547243 0.8545757 1.0297869 1.1132061 1.1132061 1.1586745 1.2588231 1.0297869 1.4396946 1.4396946 1.5111773 
t17        0.5099265 1.5111773 0.7389627 2.0310377 0.6872180 0.2058276 0.0000000 1.3744361 1.2070784 0.9913169 0.8864954 0.8864954 0.9913169 0.9913169 1.0297869 1.0703373 0.9198342 1.3744361 1.5111773 1.5111773 
t1         0.9547243 1.4396946 0.6872180 1.8942965 0.6388142 1.5901977 1.3744361 0.0000000 0.1549607 1.1132061 1.0703373 0.9913169 1.0703373 1.3144041 1.1132061 1.0703373 1.0297869 0.3666350 0.3831192 0.3666350 
t7         0.7389627 1.8942965 0.6157354 1.4396946 0.5716050 1.3144041 1.2070784 0.1549607 0.0000000 0.8239592 0.8545757 0.8239592 0.8545757 0.9198342 0.8545757 0.8545757 0.7662384 0.2746833 0.3192509 0.2892469 
t13        0.5933457 0.9913169 0.5299277 1.3744361 0.4529370 0.9547243 0.9913169 1.1132061 0.8239592 0.0000000 0.1549607 0.4348639 0.6388142 0.6388142 0.6388142 0.4714565 0.4904449 1.1132061 1.1586745 1.1132061 
t8         0.5099265 0.8545757 0.4348639 1.2070784 0.3831192 0.8545757 0.8864954 1.0703373 0.8545757 0.1549607 0.0000000 0.3505054 0.6872180 0.7126442 0.7126442 0.3505054 0.3666350 1.0297869 1.0703373 1.0297869 
t6         0.6626257 0.9547243 0.5933457 1.8942965 0.4904449 1.0297869 0.8864954 0.9913169 0.8239592 0.4348639 0.3505054 0.0000000 0.7126442 0.7389627 0.7126442 0.1189538 0.1799630 0.9913169 0.9913169 0.9547243 
t5         0.6626257 1.3144041 0.6388142 1.8942965 0.5933457 1.1132061 0.9913169 1.0703373 0.8545757 0.6388142 0.6872180 0.7126442 0.0000000 0.1189538 0.0845966 0.8864954 0.7662384 1.0703373 1.0703373 1.0297869 
t10        0.7126442 1.5111773 0.6872180 2.0310377 0.6388142 1.1132061 0.9913169 1.3144041 0.9198342 0.6388142 0.7126442 0.7389627 0.1189538 0.0000000 0.0958750 0.9198342 0.7945437 1.2588231 1.2588231 1.2070784 
t3         0.6626257 1.2588231 0.5716050 2.0310377 0.5504769 1.1586745 1.0297869 1.1132061 0.8545757 0.6388142 0.7126442 0.7126442 0.0845966 0.0958750 0.0000000 0.8864954 0.7662384 1.1132061 1.1132061 1.0703373 
t20        0.7126442 0.8545757 0.6872180 1.5901977 0.5716050 1.2588231 1.0703373 1.0703373 0.8545757 0.4714565 0.3505054 0.1189538 0.8864954 0.9198342 0.8864954 0.0000000 0.1189538 0.9913169 0.9913169 0.9547243 
t18        0.7126442 0.8864954 0.6388142 1.8942965 0.5504769 1.0297869 0.9198342 1.0297869 0.7662384 0.4904449 0.3666350 0.1799630 0.7662384 0.7945437 0.7662384 0.1189538 0.0000000 0.9198342 0.9547243 0.9198342 
t14        0.9913169 2.0310377 0.6626257 1.2070784 0.6388142 1.4396946 1.3744361 0.3666350 0.2746833 1.1132061 1.0297869 0.9913169 1.0703373 1.2588231 1.1132061 0.9913169 0.9198342 0.0000000 0.0734853 0.0517447 
t2         1.0703373 1.8942965 0.7126442 1.2070784 0.6626257 1.4396946 1.5111773 0.3831192 0.3192509 1.1586745 1.0703373 0.9913169 1.0703373 1.2588231 1.1132061 0.9913169 0.9547243 0.0734853 0.0000000 0.0202715 
t4         1.0297869 1.8942965 0.6872180 1.1586745 0.6388142 1.5111773 1.5111773 0.3666350 0.2892469 1.1132061 1.0297869 0.9547243 1.0297869 1.2070784 1.0703373 0.9547243 0.9198342 0.0517447 0.0202715 0.0000000 
