20
t20        0.0000000 0.9913169 0.7662384 0.7126442 0.9913169 0.5933457 0.7945437 0.7662384 0.9198342 0.6626257 0.8545757 0.8545757 0.8864954 0.8864954 0.7662384 0.8545757 0.6626257 0.6626257 0.9913169 0.9913169 
t16        0.9913169 0.0000000 0.9198342 1.0703373 1.0297869 0.9547243 1.1132061 0.9547243 1.1586745 0.9198342 1.1586745 1.1132061 1.0297869 1.1586745 0.9198342 0.9198342 0.8545757 0.8545757 0.9913169 0.9913169 
t15        0.7662384 0.9198342 0.0000000 0.8239592 0.8239592 0.6626257 0.5504769 0.6872180 0.6872180 0.8239592 0.9547243 0.8864954 0.6872180 0.7945437 0.6626257 0.6388142 0.5933457 0.5716050 0.7126442 0.7126442 
t11        0.7126442 1.0703373 0.8239592 0.0000000 0.9547243 0.6626257 0.5716050 0.7945437 0.8239592 0.7945437 0.9198342 0.8239592 0.7662384 0.9547243 0.6388142 0.6388142 0.5504769 0.5299277 0.9547243 0.9547243 
t4         0.9913169 1.0297869 0.8239592 0.9547243 0.0000000 0.6157354 0.7662384 0.9913169 0.9198342 0.8864954 0.7945437 0.8864954 0.8864954 0.9547243 0.7126442 0.7126442 0.6872180 0.6626257 0.8239592 0.8239592 
t13        0.5933457 0.9547243 0.6626257 0.6626257 0.6157354 0.0000000 0.5099265 0.6388142 0.6626257 0.4904449 0.5716050 0.5716050 0.5933457 0.7389627 0.4714565 0.4529370 0.3999739 0.3831192 0.6872180 0.6872180 
t2         0.7945437 1.1132061 0.5504769 0.5716050 0.7662384 0.5099265 0.0000000 0.8545757 0.7662384 0.5299277 0.6388142 0.6388142 0.7389627 0.9198342 0.4172160 0.4714565 0.3831192 0.3666350 0.9198342 0.9198342 
t8         0.7662384 0.9547243 0.6872180 0.7945437 0.9913169 0.6388142 0.8545757 0.0000000 0.2058276 0.8864954 0.9198342 0.9198342 0.6157354 0.7389627 0.7126442 0.7945437 0.6626257 0.6388142 0.7945437 0.7945437 
t10        0.9198342 1.1586745 0.6872180 0.8239592 0.9198342 0.6626257 0.7662384 0.2058276 0.0000000 0.8239592 1.0297869 0.8864954 0.6872180 0.7662384 0.7662384 0.8239592 0.6626257 0.6388142 0.8864954 0.8864954 
t7         0.6626257 0.9198342 0.8239592 0.7945437 0.8864954 0.4904449 0.5299277 0.8864954 0.8239592 0.0000000 0.1799630 0.1927838 0.7389627 0.8239592 0.4904449 0.4904449 0.3999739 0.3999739 0.7945437 0.7945437 
t9         0.8545757 1.1586745 0.9547243 0.9198342 0.7945437 0.5716050 0.6388142 0.9198342 1.0297869 0.1799630 0.0000000 0.2746833 0.9198342 1.0297869 0.5933457 0.5933457 0.5099265 0.4904449 0.9198342 0.9198342 
t14        0.8545757 1.1132061 0.8864954 0.8239592 0.8864954 0.5716050 0.6388142 0.9198342 0.8864954 0.1927838 0.2746833 0.0000000 0.7662384 0.9198342 0.5716050 0.5504769 0.4529370 0.4348639 0.8545757 0.8545757 
t3         0.8864954 1.0297869 0.6872180 0.7662384 0.8864954 0.5933457 0.7389627 0.6157354 0.6872180 0.7389627 0.9198342 0.7662384 0.0000000 0.1307650 0.5716050 0.5716050 0.5716050 0.5504769 0.1189538 0.1189538 
t18        0.8864954 1.1586745 0.7945437 0.9547243 0.9547243 0.7389627 0.9198342 0.7389627 0.7662384 0.8239592 1.0297869 0.9198342 0.1307650 0.0000000 0.7662384 0.7945437 0.7126442 0.7126442 0.1073256 0.1073256 
t12        0.7662384 0.9198342 0.6626257 0.6388142 0.7126442 0.4714565 0.4172160 0.7126442 0.7662384 0.4904449 0.5933457 0.5716050 0.5716050 0.7662384 0.0000000 0.0845966 0.3040988 0.2892469 0.7389627 0.7389627 
t19        0.8545757 0.9198342 0.6388142 0.6388142 0.7126442 0.4529370 0.4714565 0.7945437 0.8239592 0.4904449 0.5933457 0.5504769 0.5716050 0.7945437 0.0845966 0.0000000 0.2746833 0.2603971 0.7126442 0.7126442 
t17        0.6626257 0.8545757 0.5933457 0.5504769 0.6872180 0.3999739 0.3831192 0.6626257 0.6626257 0.3999739 0.5099265 0.4529370 0.5716050 0.7126442 0.3040988 0.2746833 0.0000000 0.0100673 0.6872180 0.6872180 
t1         0.6626257 0.8545757 0.5716050 0.5299277 0.6626257 0.3831192 0.3666350 0.6388142 0.6388142 0.3999739 0.4904449 0.4348639 0.5504769 0.7126442 0.2892469 0.2603971 0.0100673 0.0000000 0.6872180 0.6872180 
t5         0.9913169 0.9913169 0.7126442 0.9547243 0.8239592 0.6872180 0.9198342 0.7945437 0.8864954 0.7945437 0.9198342 0.8545757 0.1189538 0.1073256 0.7389627 0.7126442 0.6872180 0.6872180 0.0000000 0.0000010 
t6         0.9913169 0.9913169 0.7126442 0.9547243 0.8239592 0.6872180 0.9198342 0.7945437 0.8864954 0.7945437 0.9198342 0.8545757 0.1189538 0.1073256 0.7389627 0.7126442 0.6872180 0.6872180 0.0000010 0.0000000 
