20
t18        0.0000000 0.8864954 0.4714565 0.9198342 0.6157354 0.7945437 1.3144041 1.8942965 0.7126442 0.8864954 0.7389627 0.7945437 0.8864954 1.3144041 0.6626257 0.8545757 0.8545757 1.0297869 1.3744361 1.5111773 
t5         0.8864954 0.0000000 0.6872180 1.2588231 1.1132061 1.5901977 2.7182557 1.5111773 1.1132061 1.2070784 1.4396946 1.0297869 0.9198342 1.8942965 0.9913169 1.0297869 1.3144041 1.3744361 1.3744361 1.3144041 
t3         0.4714565 0.6872180 0.0000000 0.8864954 0.5933457 0.8239592 1.2588231 1.1586745 0.5716050 0.8545757 0.7662384 0.6626257 0.8239592 0.9913169 0.5933457 0.6626257 0.7945437 0.9198342 1.2588231 1.3744361 
t14        0.9198342 1.2588231 0.8864954 0.0000000 0.5933457 1.0297869 1.7786835 1.7786835 1.3144041 1.2070784 0.8545757 1.1132061 1.3744361 1.1586745 1.2588231 1.1586745 0.8545757 0.8864954 2.4141569 1.3144041 
t6         0.6157354 1.1132061 0.5933457 0.5933457 0.0000000 0.5933457 1.3744361 1.3144041 0.7662384 0.5504769 0.4714565 0.6626257 0.9547243 0.6626257 0.8545757 0.9913169 0.4904449 0.5933457 1.5901977 1.4396946 
t8         0.7945437 1.5901977 0.8239592 1.0297869 0.5933457 0.0000000 2.0310377 2.4141569 1.1132061 1.0297869 0.8864954 1.0703373 1.1586745 0.9913169 0.9547243 0.8545757 0.7945437 0.8545757 3.2381161 2.4141569 
t2         1.3144041 2.7182557 1.2588231 1.7786835 1.3744361 2.0310377 0.0000000 1.6785349 1.7786835 1.3744361 1.4396946 1.2070784 1.2070784 1.7786835 0.8545757 0.9547243 1.3744361 1.3744361 1.1586745 1.1586745 
t11        1.8942965 1.5111773 1.1586745 1.7786835 1.3144041 2.4141569 1.6785349 0.0000000 0.6388142 1.5901977 1.7786835 1.4396946 1.1132061 1.5111773 1.2070784 1.4396946 1.7786835 1.7786835 2.0310377 1.5901977 
t7         0.7126442 1.1132061 0.5716050 1.3144041 0.7662384 1.1132061 1.7786835 0.6388142 0.0000000 1.0703373 1.0297869 1.0297869 0.8545757 1.3744361 0.8545757 1.1132061 1.2588231 1.3744361 1.5111773 1.3744361 
t16        0.8864954 1.2070784 0.8545757 1.2070784 0.5504769 1.0297869 1.3744361 1.5901977 1.0703373 0.0000000 0.4172160 0.7945437 1.0297869 0.9198342 0.9547243 0.9913169 0.8545757 0.8239592 1.2588231 1.0297869 
t20        0.7389627 1.4396946 0.7662384 0.8545757 0.4714565 0.8864954 1.4396946 1.7786835 1.0297869 0.4172160 0.0000000 0.7945437 1.1586745 0.7945437 0.8545757 0.9913169 0.6157354 0.6157354 1.6785349 1.2070784 
t1         0.7945437 1.0297869 0.6626257 1.1132061 0.6626257 1.0703373 1.2070784 1.4396946 1.0297869 0.7945437 0.7945437 0.0000000 0.5099265 0.9913169 0.7945437 0.9198342 0.7389627 0.8545757 0.9547243 1.2588231 
t10        0.8864954 0.9198342 0.8239592 1.3744361 0.9547243 1.1586745 1.2070784 1.1132061 0.8545757 1.0297869 1.1586745 0.5099265 0.0000000 1.2070784 0.7389627 0.7945437 0.9198342 0.9913169 0.7945437 0.9547243 
t4         1.3144041 1.8942965 0.9913169 1.1586745 0.6626257 0.9913169 1.7786835 1.5111773 1.3744361 0.9198342 0.7945437 0.9913169 1.2070784 0.0000000 1.0297869 1.0703373 0.2603971 0.2603971 1.5901977 1.3144041 
t15        0.6626257 0.9913169 0.5933457 1.2588231 0.8545757 0.9547243 0.8545757 1.2070784 0.8545757 0.9547243 0.8545757 0.7945437 0.7389627 1.0297869 0.0000000 0.1927838 0.8239592 0.8864954 0.9547243 0.8545757 
t12        0.8545757 1.0297869 0.6626257 1.1586745 0.9913169 0.8545757 0.9547243 1.4396946 1.1132061 0.9913169 0.9913169 0.9198342 0.7945437 1.0703373 0.1927838 0.0000000 0.9913169 1.0703373 1.1132061 1.0297869 
t17        0.8545757 1.3144041 0.7945437 0.8545757 0.4904449 0.7945437 1.3744361 1.7786835 1.2588231 0.8545757 0.6157354 0.7389627 0.9198342 0.2603971 0.8239592 0.9913169 0.0000000 0.0958750 1.6785349 1.5111773 
t13        1.0297869 1.3744361 0.9198342 0.8864954 0.5933457 0.8545757 1.3744361 1.7786835 1.3744361 0.8239592 0.6157354 0.8545757 0.9913169 0.2603971 0.8864954 1.0703373 0.0958750 0.0000000 1.8942965 1.3744361 
t19        1.3744361 1.3744361 1.2588231 2.4141569 1.5901977 3.2381161 1.1586745 2.0310377 1.5111773 1.2588231 1.6785349 0.9547243 0.7945437 1.5901977 0.9547243 1.1132061 1.6785349 1.8942965 0.0000000 0.4904449 
t9         1.5111773 1.3144041 1.3744361 1.3144041 1.4396946 2.4141569 1.1586745 1.5901977 1.3744361 1.0297869 1.2070784 1.2588231 0.9547243 1.3144041 0.8545757 1.0297869 1.5111773 1.3744361 0.4904449 0.0000000 
