20
t5         0.0000000 2.0310377 1.7786835 3.2381161 1.8942965 1.8942965 2.4141569 2.4141569 1.8942965 1.5901977 2.7182557 9.0000000 9.0000000 1.5111773 1.6785349 9.0000000 9.0000000 9.0000000 1.3744361 1.4396946 
t1         2.0310377 0.0000000 0.9913169 2.4141569 1.7786835 2.0310377 2.7182557 2.4141569 1.7786835 1.5901977 1.6785349 2.4141569 2.1983953 1.5901977 1.6785349 3.2381161 9.0000000 9.0000000 1.2588231 1.3144041 
t18        1.7786835 0.9913169 0.0000000 2.4141569 1.2070784 1.2588231 1.4396946 1.6785349 1.1132061 1.2070784 1.1586745 1.5901977 1.4396946 1.3744361 1.3144041 2.1983953 1.7786835 1.6785349 1.1586745 1.0703373 
t6         3.2381161 2.4141569 2.4141569 0.0000000 1.5111773 1.6785349 1.8942965 2.0310377 1.6785349 2.4141569 1.6785349 1.5111773 1.5111773 1.8942965 1.7786835 1.8942965 1.4396946 1.5901977 1.6785349 1.7786835 
t14        1.8942965 1.7786835 1.2070784 1.5111773 0.0000000 1.1586745 1.0703373 0.6157354 0.6872180 1.1586745 0.7662384 0.9198342 0.7945437 1.1132061 1.1132061 1.0297869 1.0297869 1.1132061 1.7786835 1.6785349 
t4         1.8942965 2.0310377 1.2588231 1.6785349 1.1586745 0.0000000 0.7389627 1.1586745 0.7126442 1.8942965 0.9198342 1.1132061 1.0703373 1.5901977 1.6785349 1.2588231 1.2070784 1.3744361 1.4396946 1.4396946 
t11        2.4141569 2.7182557 1.4396946 1.8942965 1.0703373 0.7389627 0.0000000 1.0297869 0.8545757 0.9198342 0.8239592 0.8545757 0.8239592 1.1586745 1.0297869 1.1586745 0.9913169 1.1132061 1.3744361 1.3144041 
t8         2.4141569 2.4141569 1.6785349 2.0310377 0.6157354 1.1586745 1.0297869 0.0000000 0.6626257 1.2070784 0.7662384 0.6872180 0.6626257 0.8864954 1.0297869 0.8864954 0.8864954 1.0297869 1.6785349 1.5901977 
t10        1.8942965 1.7786835 1.1132061 1.6785349 0.6872180 0.7126442 0.8545757 0.6626257 0.0000000 1.1132061 0.7945437 0.8239592 0.7389627 1.0297869 1.2070784 1.2070784 0.9913169 1.0297869 1.6785349 1.5901977 
t9         1.5901977 1.5901977 1.2070784 2.4141569 1.1586745 1.8942965 0.9198342 1.2070784 1.1132061 0.0000000 1.1132061 1.4396946 1.5111773 0.6626257 0.6157354 1.7786835 1.5111773 2.0310377 1.5901977 1.6785349 
t19        2.7182557 1.6785349 1.1586745 1.6785349 0.7662384 0.9198342 0.8239592 0.7662384 0.7945437 1.1132061 0.0000000 0.3505054 0.3347153 0.9913169 1.1586745 0.5716050 0.5504769 0.5299277 1.0297869 1.0297869 
t7         9.0000000 2.4141569 1.5901977 1.5111773 0.9198342 1.1132061 0.8545757 0.6872180 0.8239592 1.4396946 0.3505054 0.0000000 0.3040988 1.2070784 1.5901977 0.5504769 0.4714565 0.5504769 1.3744361 1.3144041 
t16        9.0000000 2.1983953 1.4396946 1.5111773 0.7945437 1.0703373 0.8239592 0.6626257 0.7389627 1.5111773 0.3347153 0.3040988 0.0000000 1.2070784 1.1586745 0.3831192 0.3831192 0.4172160 1.3744361 1.3744361 
t20        1.5111773 1.5901977 1.3744361 1.8942965 1.1132061 1.5901977 1.1586745 0.8864954 1.0297869 0.6626257 0.9913169 1.2070784 1.2070784 0.0000000 0.3347153 1.8942965 1.6785349 1.8942965 1.2588231 1.2588231 
t12        1.6785349 1.6785349 1.3144041 1.7786835 1.1132061 1.6785349 1.0297869 1.0297869 1.2070784 0.6157354 1.1586745 1.5901977 1.1586745 0.3347153 0.0000000 1.7786835 1.7786835 1.8942965 1.2588231 1.2588231 
t13        9.0000000 3.2381161 2.1983953 1.8942965 1.0297869 1.2588231 1.1586745 0.8864954 1.2070784 1.7786835 0.5716050 0.5504769 0.3831192 1.8942965 1.7786835 0.0000000 0.2058276 0.2746833 1.6785349 1.5111773 
t17        9.0000000 9.0000000 1.7786835 1.4396946 1.0297869 1.2070784 0.9913169 0.8864954 0.9913169 1.5111773 0.5504769 0.4714565 0.3831192 1.6785349 1.7786835 0.2058276 0.0000000 0.1427653 1.6785349 1.5901977 
t3         9.0000000 9.0000000 1.6785349 1.5901977 1.1132061 1.3744361 1.1132061 1.0297869 1.0297869 2.0310377 0.5299277 0.5504769 0.4172160 1.8942965 1.8942965 0.2746833 0.1427653 0.0000000 2.1983953 1.8942965 
t2         1.3744361 1.2588231 1.1586745 1.6785349 1.7786835 1.4396946 1.3744361 1.6785349 1.6785349 1.5901977 1.0297869 1.3744361 1.3744361 1.2588231 1.2588231 1.6785349 1.6785349 2.1983953 0.0000000 0.0202715 
t15        1.4396946 1.3144041 1.0703373 1.7786835 1.6785349 1.4396946 1.3144041 1.5901977 1.5901977 1.6785349 1.0297869 1.3144041 1.3744361 1.2588231 1.2588231 1.5111773 1.5901977 1.8942965 0.0202715 0.0000000 
