20
t7         0.0000000 1.4396946 0.7126442 0.7126442 1.5901977 1.5111773 0.7126442 1.3744361 0.6157354 0.5716050 0.6626257 0.8239592 2.0310377 1.8942965 0.9547243 0.9547243 1.3744361 1.2588231 2.0310377 1.8942965 
t17        1.4396946 0.0000000 1.5111773 1.7786835 0.8864954 0.7389627 1.3744361 1.8942965 1.3744361 1.5111773 1.0297869 1.7786835 1.6785349 2.7182557 1.5901977 1.4396946 0.8239592 0.8239592 2.4141569 2.4141569 
t8         0.7126442 1.5111773 0.0000000 0.7662384 1.1586745 1.2588231 0.7945437 1.5111773 0.8239592 0.8239592 0.7662384 1.1586745 1.8942965 2.0310377 1.0297869 1.0703373 1.2070784 0.9913169 2.4141569 2.0310377 
t10        0.7126442 1.7786835 0.7662384 0.0000000 1.5111773 1.3144041 0.7945437 1.0703373 0.6157354 0.9198342 0.8239592 1.0297869 2.7182557 9.0000000 0.9913169 0.9198342 1.3744361 1.2588231 3.2381161 9.0000000 
t12        1.5901977 0.8864954 1.1586745 1.5111773 0.0000000 0.2191023 1.5901977 1.1586745 1.0703373 1.6785349 1.2070784 1.5111773 2.7182557 9.0000000 1.4396946 1.3744361 0.4714565 0.4529370 9.0000000 9.0000000 
t19        1.5111773 0.7389627 1.2588231 1.3144041 0.2191023 0.0000000 1.7786835 1.2588231 1.2070784 1.5901977 1.1586745 1.5901977 2.4141569 9.0000000 1.3744361 1.3144041 0.4348639 0.4172160 9.0000000 9.0000000 
t11        0.7126442 1.3744361 0.7945437 0.7945437 1.5901977 1.7786835 0.0000000 1.0703373 0.8864954 0.6388142 0.5504769 0.8545757 2.7182557 1.7786835 1.1586745 1.1132061 1.5111773 1.3744361 1.5111773 1.5111773 
t20        1.3744361 1.8942965 1.5111773 1.0703373 1.1586745 1.2588231 1.0703373 0.0000000 1.2070784 1.5111773 0.9913169 1.2588231 1.7786835 2.4141569 1.5111773 1.3144041 1.5111773 1.3144041 9.0000000 9.0000000 
t14        0.6157354 1.3744361 0.8239592 0.6157354 1.0703373 1.2070784 0.8864954 1.2070784 0.0000000 0.7945437 0.7389627 0.9547243 9.0000000 2.1983953 0.8864954 0.7945437 1.0297869 0.9198342 2.1983953 2.7182557 
t9         0.5716050 1.5111773 0.8239592 0.9198342 1.6785349 1.5901977 0.6388142 1.5111773 0.7945437 0.0000000 0.4348639 0.9547243 1.7786835 1.7786835 1.3144041 1.2588231 1.6785349 1.5901977 1.5901977 1.7786835 
t3         0.6626257 1.0297869 0.7662384 0.8239592 1.2070784 1.1586745 0.5504769 0.9913169 0.7389627 0.4348639 0.0000000 0.8864954 2.4141569 1.5901977 1.0703373 1.0297869 1.0703373 1.0297869 1.8942965 2.1983953 
t13        0.8239592 1.7786835 1.1586745 1.0297869 1.5111773 1.5901977 0.8545757 1.2588231 0.9547243 0.9547243 0.8864954 0.0000000 1.0703373 9.0000000 1.2588231 1.2588231 1.5901977 1.7786835 9.0000000 9.0000000 
t2         2.0310377 1.6785349 1.8942965 2.7182557 2.7182557 2.4141569 2.7182557 1.7786835 9.0000000 1.7786835 2.4141569 1.0703373 0.0000000 9.0000000 2.1983953 2.0310377 9.0000000 3.2381161 9.0000000 9.0000000 
t6         1.8942965 2.7182557 2.0310377 9.0000000 9.0000000 9.0000000 1.7786835 2.4141569 2.1983953 1.7786835 1.5901977 9.0000000 9.0000000 0.0000000 1.2588231 1.4396946 2.4141569 2.4141569 0.1799630 0.1673577 
t16        0.9547243 1.5901977 1.0297869 0.9913169 1.4396946 1.3744361 1.1586745 1.5111773 0.8864954 1.3144041 1.0703373 1.2588231 2.1983953 1.2588231 0.0000000 0.0625362 1.1586745 1.1132061 1.5901977 1.5901977 
t5         0.9547243 1.4396946 1.0703373 0.9198342 1.3744361 1.3144041 1.1132061 1.3144041 0.7945437 1.2588231 1.0297869 1.2588231 2.0310377 1.4396946 0.0625362 0.0000000 1.2588231 1.1586745 1.5901977 1.7786835 
t15        1.3744361 0.8239592 1.2070784 1.3744361 0.4714565 0.4348639 1.5111773 1.5111773 1.0297869 1.6785349 1.0703373 1.5901977 9.0000000 2.4141569 1.1586745 1.2588231 0.0000000 0.0517447 3.2381161 2.7182557 
t18        1.2588231 0.8239592 0.9913169 1.2588231 0.4529370 0.4172160 1.3744361 1.3144041 0.9198342 1.5901977 1.0297869 1.7786835 3.2381161 2.4141569 1.1132061 1.1586745 0.0517447 0.0000000 3.2381161 2.7182557 
t1         2.0310377 2.4141569 2.4141569 3.2381161 9.0000000 9.0000000 1.5111773 9.0000000 2.1983953 1.5901977 1.8942965 9.0000000 9.0000000 0.1799630 1.5901977 1.5901977 3.2381161 3.2381161 0.0000000 0.0306165 
t4         1.8942965 2.4141569 2.0310377 9.0000000 9.0000000 9.0000000 1.5111773 9.0000000 2.7182557 1.7786835 2.1983953 9.0000000 9.0000000 0.1673577 1.5901977 1.7786835 2.7182557 2.7182557 0.0306165 0.0000000 
