20
t18        0.0000000 2.4141569 1.7786835 1.4396946 1.2070784 1.3744361 1.5111773 1.7786835 1.1132061 1.5111773 1.3744361 1.1586745 1.8942965 1.7786835 1.6785349 1.3144041 1.0703373 1.1132061 1.1132061 1.1132061 
t10        2.4141569 0.0000000 1.0297869 1.1132061 1.7786835 1.4396946 1.3144041 1.4396946 1.3144041 1.3744361 2.1983953 2.1983953 1.6785349 1.5111773 1.5901977 1.4396946 2.4141569 2.1983953 1.3144041 1.3144041 
t7         1.7786835 1.0297869 0.0000000 0.7389627 0.9547243 1.3744361 1.7786835 1.5901977 1.3144041 1.4396946 1.6785349 1.4396946 2.1983953 1.7786835 1.5111773 1.4396946 1.3144041 1.3144041 1.5111773 1.5111773 
t5         1.4396946 1.1132061 0.7389627 0.0000000 1.2070784 1.2588231 1.5901977 2.4141569 1.4396946 1.3144041 2.4141569 1.8942965 1.7786835 1.8942965 1.5111773 1.6785349 2.1983953 2.1983953 1.1132061 1.1132061 
t9         1.2070784 1.7786835 0.9547243 1.2070784 0.0000000 0.5716050 1.5901977 1.4396946 0.8864954 1.1132061 1.2070784 1.1132061 1.1586745 1.1586745 1.3744361 1.0703373 1.3744361 1.3144041 0.9547243 0.9547243 
t14        1.3744361 1.4396946 1.3744361 1.2588231 0.5716050 0.0000000 1.3744361 1.4396946 1.4396946 1.3744361 0.9547243 0.8864954 1.1586745 1.3744361 1.1586745 0.9913169 1.3144041 1.3144041 1.0703373 1.0703373 
t12        1.5111773 1.3144041 1.7786835 1.5901977 1.5901977 1.3744361 0.0000000 1.0703373 1.0703373 0.8239592 1.3144041 1.1586745 1.2588231 1.2588231 1.0297869 1.0297869 1.1132061 1.0703373 0.7126442 0.7126442 
t15        1.7786835 1.4396946 1.5901977 2.4141569 1.4396946 1.4396946 1.0703373 0.0000000 1.8942965 1.6785349 0.9547243 0.9547243 1.4396946 1.5111773 0.7662384 0.7662384 0.6626257 0.6388142 2.0310377 2.0310377 
t20        1.1132061 1.3144041 1.3144041 1.4396946 0.8864954 1.4396946 1.0703373 1.8942965 0.0000000 0.6388142 1.8942965 1.2588231 0.9913169 0.8239592 1.5111773 1.5901977 2.1983953 2.0310377 0.8239592 0.8239592 
t6         1.5111773 1.3744361 1.4396946 1.3144041 1.1132061 1.3744361 0.8239592 1.6785349 0.6388142 0.0000000 1.5901977 1.3144041 0.8864954 0.8545757 1.3144041 1.5111773 1.6785349 1.5901977 0.8239592 0.8239592 
t11        1.3744361 2.1983953 1.6785349 2.4141569 1.2070784 0.9547243 1.3144041 0.9547243 1.8942965 1.5901977 0.0000000 0.1799630 1.5901977 1.5901977 0.4529370 0.3666350 0.6626257 0.6626257 2.1983953 2.1983953 
t16        1.1586745 2.1983953 1.4396946 1.8942965 1.1132061 0.8864954 1.1586745 0.9547243 1.2588231 1.3144041 0.1799630 0.0000000 1.4396946 1.4396946 0.3999739 0.2892469 0.6157354 0.6157354 1.3744361 1.3744361 
t8         1.8942965 1.6785349 2.1983953 1.7786835 1.1586745 1.1586745 1.2588231 1.4396946 0.9913169 0.8864954 1.5901977 1.4396946 0.0000000 0.2746833 1.3144041 1.2070784 1.6785349 1.6785349 1.1586745 1.1586745 
t13        1.7786835 1.5111773 1.7786835 1.8942965 1.1586745 1.3744361 1.2588231 1.5111773 0.8239592 0.8545757 1.5901977 1.4396946 0.2746833 0.0000000 1.3144041 1.5111773 1.8942965 1.7786835 0.9198342 0.9198342 
t2         1.6785349 1.5901977 1.5111773 1.5111773 1.3744361 1.1586745 1.0297869 0.7662384 1.5111773 1.3144041 0.4529370 0.3999739 1.3144041 1.3144041 0.0000000 0.3347153 0.6626257 0.6388142 2.1983953 2.1983953 
t1         1.3144041 1.4396946 1.4396946 1.6785349 1.0703373 0.9913169 1.0297869 0.7662384 1.5901977 1.5111773 0.3666350 0.2892469 1.2070784 1.5111773 0.3347153 0.0000000 0.6388142 0.6157354 1.6785349 1.6785349 
t19        1.0703373 2.4141569 1.3144041 2.1983953 1.3744361 1.3144041 1.1132061 0.6626257 2.1983953 1.6785349 0.6626257 0.6157354 1.6785349 1.8942965 0.6626257 0.6388142 0.0000000 0.0100673 1.8942965 1.8942965 
t4         1.1132061 2.1983953 1.3144041 2.1983953 1.3144041 1.3144041 1.0703373 0.6388142 2.0310377 1.5901977 0.6626257 0.6157354 1.6785349 1.7786835 0.6388142 0.6157354 0.0100673 0.0000000 1.7786835 1.7786835 
t3         1.1132061 1.3144041 1.5111773 1.1132061 0.9547243 1.0703373 0.7126442 2.0310377 0.8239592 0.8239592 2.1983953 1.3744361 1.1586745 0.9198342 2.1983953 1.6785349 1.8942965 1.7786835 0.0000000 0.0000010 
t17        1.1132061 1.3144041 1.5111773 1.1132061 0.9547243 1.0703373 0.7126442 2.0310377 0.8239592 0.8239592 2.1983953 1.3744361 1.1586745 0.9198342 2.1983953 1.6785349 1.8942965 1.7786835 0.0000010 0.0000000 
