20
t16        0.0000000 1.0297869 1.3744361 0.5099265 1.2588231 0.9547243 0.8239592 1.2070784 0.9913169 2.1983953 1.5111773 0.6388142 1.6785349 1.5111773 0.8864954 0.8864954 1.3144041 1.3744361 0.5933457 0.5504769 
t11        1.0297869 0.0000000 1.1132061 0.9198342 1.6785349 1.2588231 1.1586745 1.5111773 1.1586745 2.7182557 1.5901977 0.7126442 1.7786835 1.7786835 1.2070784 1.3144041 2.7182557 2.0310377 0.7126442 0.7126442 
t6         1.3744361 1.1132061 0.0000000 2.4141569 2.7182557 1.7786835 1.8942965 2.4141569 1.3744361 2.1983953 2.7182557 1.2070784 3.2381161 2.7182557 1.7786835 1.7786835 3.2381161 3.2381161 1.4396946 1.3744361 
t1         0.5099265 0.9198342 2.4141569 0.0000000 1.5111773 0.8239592 0.6157354 1.2588231 0.6388142 1.4396946 1.2070784 0.5504769 1.4396946 1.7786835 0.9198342 0.9547243 1.2588231 1.3144041 0.5504769 0.5504769 
t12        1.2588231 1.6785349 2.7182557 1.5111773 0.0000000 1.5901977 1.7786835 2.1983953 2.0310377 1.7786835 9.0000000 1.3144041 9.0000000 9.0000000 1.4396946 1.3744361 0.3505054 0.3505054 1.3144041 1.5111773 
t5         0.9547243 1.2588231 1.7786835 0.8239592 1.5901977 0.0000000 0.6626257 1.7786835 1.1586745 2.1983953 1.2588231 0.9547243 1.4396946 1.2588231 1.2070784 1.2070784 1.6785349 1.7786835 0.9913169 0.9913169 
t4         0.8239592 1.1586745 1.8942965 0.6157354 1.7786835 0.6626257 0.0000000 1.1132061 1.0297869 2.7182557 1.0703373 0.7662384 1.2070784 1.2588231 0.9913169 0.9547243 1.6785349 1.7786835 0.7945437 0.8545757 
t9         1.2070784 1.5111773 2.4141569 1.2588231 2.1983953 1.7786835 1.1132061 0.0000000 1.4396946 2.4141569 9.0000000 1.0297869 9.0000000 9.0000000 1.1586745 1.0703373 1.5901977 1.6785349 0.8545757 0.8545757 
t19        0.9913169 1.1586745 1.3744361 0.6388142 2.0310377 1.1586745 1.0297869 1.4396946 0.0000000 2.1983953 1.2588231 0.8864954 1.3144041 1.5901977 0.9547243 0.9547243 2.0310377 2.1983953 0.8864954 0.9547243 
t10        2.1983953 2.7182557 2.1983953 1.4396946 1.7786835 2.1983953 2.7182557 2.4141569 2.1983953 0.0000000 9.0000000 1.6785349 9.0000000 9.0000000 9.0000000 9.0000000 1.6785349 1.7786835 1.5901977 1.4396946 
t2         1.5111773 1.5901977 2.7182557 1.2070784 9.0000000 1.2588231 1.0703373 9.0000000 1.2588231 9.0000000 0.0000000 1.1132061 0.0517447 0.0958750 2.0310377 2.1983953 9.0000000 9.0000000 1.2070784 1.1586745 
t15        0.6388142 0.7126442 1.2070784 0.5504769 1.3144041 0.9547243 0.7662384 1.0297869 0.8864954 1.6785349 1.1132061 0.0000000 1.3144041 1.5111773 0.8239592 0.8864954 1.5111773 1.4396946 0.1427653 0.1427653 
t18        1.6785349 1.7786835 3.2381161 1.4396946 9.0000000 1.4396946 1.2070784 9.0000000 1.3144041 9.0000000 0.0517447 1.3144041 0.0000000 0.0734853 2.0310377 2.1983953 9.0000000 9.0000000 1.3744361 1.3144041 
t8         1.5111773 1.7786835 2.7182557 1.7786835 9.0000000 1.2588231 1.2588231 9.0000000 1.5901977 9.0000000 0.0958750 1.5111773 0.0734853 0.0000000 2.4141569 2.7182557 9.0000000 9.0000000 1.5901977 1.5111773 
t3         0.8864954 1.2070784 1.7786835 0.9198342 1.4396946 1.2070784 0.9913169 1.1586745 0.9547243 9.0000000 2.0310377 0.8239592 2.0310377 2.4141569 0.0000000 0.0202715 1.2070784 1.1132061 0.9198342 0.8545757 
t13        0.8864954 1.3144041 1.7786835 0.9547243 1.3744361 1.2070784 0.9547243 1.0703373 0.9547243 9.0000000 2.1983953 0.8864954 2.1983953 2.7182557 0.0202715 0.0000000 1.1586745 1.1132061 0.9913169 0.9198342 
t17        1.3144041 2.7182557 3.2381161 1.2588231 0.3505054 1.6785349 1.6785349 1.5901977 2.0310377 1.6785349 9.0000000 1.5111773 9.0000000 9.0000000 1.2070784 1.1586745 0.0000000 0.0411062 1.5901977 1.6785349 
t14        1.3744361 2.0310377 3.2381161 1.3144041 0.3505054 1.7786835 1.7786835 1.6785349 2.1983953 1.7786835 9.0000000 1.4396946 9.0000000 9.0000000 1.1132061 1.1132061 0.0411062 0.0000000 1.4396946 1.5901977 
t7         0.5933457 0.7126442 1.4396946 0.5504769 1.3144041 0.9913169 0.7945437 0.8545757 0.8864954 1.5901977 1.2070784 0.1427653 1.3744361 1.5901977 0.9198342 0.9913169 1.5901977 1.4396946 0.0000000 0.0517447 
t20        0.5504769 0.7126442 1.3744361 0.5504769 1.5111773 0.9913169 0.8545757 0.8545757 0.9547243 1.4396946 1.1586745 0.1427653 1.3144041 1.5111773 0.8545757 0.9198342 1.6785349 1.5901977 0.0517447 0.0000000 
