20
t7         0.0000000 0.4714565 0.4529370 0.6872180 0.4904449 0.9547243 0.7945437 0.6626257 0.4904449 0.7389627 0.6388142 0.7662384 0.7126442 0.6388142 0.6157354 0.5716050 0.6157354 0.5933457 0.6157354 0.6157354 
t9         0.4714565 0.0000000 0.0734853 0.2191023 0.1673577 0.4172160 0.3192509 0.2326162 0.1427653 0.3505054 0.2603971 0.2892469 0.2892469 0.2058276 0.2463781 0.2191023 0.2463781 0.2326162 0.1927838 0.1927838 
t16        0.4529370 0.0734853 0.0000000 0.2058276 0.1799630 0.4348639 0.3192509 0.2463781 0.1799630 0.3666350 0.2463781 0.3192509 0.3192509 0.2463781 0.2892469 0.1927838 0.2191023 0.2058276 0.2058276 0.2058276 
t2         0.6872180 0.2191023 0.2058276 0.0000000 0.2746833 0.5299277 0.3666350 0.3999739 0.3347153 0.4714565 0.3040988 0.4904449 0.4904449 0.3999739 0.4529370 0.2326162 0.2746833 0.2746833 0.3831192 0.3831192 
t3         0.4904449 0.1673577 0.1799630 0.2746833 0.0000000 0.3666350 0.3999739 0.3505054 0.2463781 0.4529370 0.3347153 0.4529370 0.4529370 0.3347153 0.3666350 0.3040988 0.3192509 0.3192509 0.3347153 0.3347153 
t6         0.9547243 0.4172160 0.4348639 0.5299277 0.3666350 0.0000000 0.6157354 0.5933457 0.4904449 0.6626257 0.5099265 0.6388142 0.6157354 0.6157354 0.6157354 0.5504769 0.5504769 0.5504769 0.5099265 0.5099265 
t8         0.7945437 0.3192509 0.3192509 0.3666350 0.3999739 0.6157354 0.0000000 0.5299277 0.4714565 0.6388142 0.3347153 0.5716050 0.6388142 0.5504769 0.6157354 0.3040988 0.3505054 0.3347153 0.5299277 0.5299277 
t15        0.6626257 0.2326162 0.2463781 0.3999739 0.3505054 0.5933457 0.5299277 0.0000000 0.1799630 0.3999739 0.3831192 0.3040988 0.3347153 0.2191023 0.2603971 0.3505054 0.3666350 0.3505054 0.2463781 0.2463781 
t18        0.4904449 0.1427653 0.1799630 0.3347153 0.2463781 0.4904449 0.4714565 0.1799630 0.0000000 0.2191023 0.3040988 0.2191023 0.2463781 0.1927838 0.2191023 0.2603971 0.3192509 0.3040988 0.1189538 0.1189538 
t17        0.7389627 0.3505054 0.3666350 0.4714565 0.4529370 0.6626257 0.6388142 0.3999739 0.2191023 0.0000000 0.4904449 0.3831192 0.3999739 0.3999739 0.4348639 0.4348639 0.5099265 0.4904449 0.2746833 0.2746833 
t4         0.6388142 0.2603971 0.2463781 0.3040988 0.3347153 0.5099265 0.3347153 0.3831192 0.3040988 0.4904449 0.0000000 0.4172160 0.4172160 0.3505054 0.3999739 0.1073256 0.1073256 0.0958750 0.3666350 0.3666350 
t11        0.7662384 0.2892469 0.3192509 0.4904449 0.4529370 0.6388142 0.5716050 0.3040988 0.2191023 0.3831192 0.4172160 0.0000000 0.0734853 0.3347153 0.3505054 0.4348639 0.4529370 0.4348639 0.2191023 0.2191023 
t1         0.7126442 0.2892469 0.3192509 0.4904449 0.4529370 0.6157354 0.6388142 0.3347153 0.2463781 0.3999739 0.4172160 0.0734853 0.0000000 0.3347153 0.3505054 0.4348639 0.4172160 0.3999739 0.2191023 0.2191023 
t5         0.6388142 0.2058276 0.2463781 0.3999739 0.3347153 0.6157354 0.5504769 0.2191023 0.1927838 0.3999739 0.3505054 0.3347153 0.3347153 0.0000000 0.0625362 0.3505054 0.3831192 0.3666350 0.2326162 0.2326162 
t13        0.6157354 0.2463781 0.2892469 0.4529370 0.3666350 0.6157354 0.6157354 0.2603971 0.2191023 0.4348639 0.3999739 0.3505054 0.3505054 0.0625362 0.0000000 0.3999739 0.4348639 0.4172160 0.2603971 0.2603971 
t12        0.5716050 0.2191023 0.1927838 0.2326162 0.3040988 0.5504769 0.3040988 0.3505054 0.2603971 0.4348639 0.1073256 0.4348639 0.4348639 0.3505054 0.3999739 0.0000000 0.0625362 0.0517447 0.3505054 0.3505054 
t14        0.6157354 0.2463781 0.2191023 0.2746833 0.3192509 0.5504769 0.3505054 0.3666350 0.3192509 0.5099265 0.1073256 0.4529370 0.4172160 0.3831192 0.4348639 0.0625362 0.0000000 0.0100673 0.3666350 0.3666350 
t19        0.5933457 0.2326162 0.2058276 0.2746833 0.3192509 0.5504769 0.3347153 0.3505054 0.3040988 0.4904449 0.0958750 0.4348639 0.3999739 0.3666350 0.4172160 0.0517447 0.0100673 0.0000000 0.3505054 0.3505054 
t20        0.6157354 0.1927838 0.2058276 0.3831192 0.3347153 0.5099265 0.5299277 0.2463781 0.1189538 0.2746833 0.3666350 0.2191023 0.2191023 0.2326162 0.2603971 0.3505054 0.3666350 0.3505054 0.0000000 0.0000010 
t10        0.6157354 0.1927838 0.2058276 0.3831192 0.3347153 0.5099265 0.5299277 0.2463781 0.1189538 0.2746833 0.3666350 0.2191023 0.2191023 0.2326162 0.2603971 0.3505054 0.3666350 0.3505054 0.0000010 0.0000000 
