20
t14        0.0000000 1.1132061 1.0703373 1.5901977 1.2070784 1.2588231 1.1586745 1.4396946 1.8942965 1.3744361 1.7786835 1.3744361 9.0000000 9.0000000 1.2588231 1.3744361 1.6785349 1.6785349 1.8942965 2.1983953 
t8         1.1132061 0.0000000 0.9547243 1.3744361 1.1586745 0.9913169 1.3744361 1.4396946 1.8942965 1.6785349 1.6785349 1.8942965 1.2588231 1.4396946 1.7786835 1.7786835 1.4396946 1.2588231 2.1983953 2.7182557 
t7         1.0703373 0.9547243 0.0000000 0.6157354 1.0703373 1.0703373 1.2070784 1.0703373 1.4396946 1.2070784 1.6785349 1.1132061 1.8942965 1.4396946 0.9547243 0.9547243 2.0310377 1.5111773 1.5901977 1.4396946 
t13        1.5901977 1.3744361 0.6157354 0.0000000 1.5111773 1.3144041 1.3744361 1.4396946 2.0310377 1.3744361 1.5901977 1.2588231 1.8942965 1.7786835 1.2588231 1.1132061 1.7786835 1.5901977 1.5111773 1.3744361 
t3         1.2070784 1.1586745 1.0703373 1.5111773 0.0000000 0.5504769 0.7126442 0.7662384 1.0703373 0.9547243 1.1132061 1.0703373 1.7786835 1.7786835 0.9198342 0.9198342 0.9913169 0.9547243 0.8239592 0.8239592 
t4         1.2588231 0.9913169 1.0703373 1.3144041 0.5504769 0.0000000 0.4904449 0.4904449 0.9547243 0.5504769 0.8545757 0.7662384 1.7786835 2.4141569 1.1586745 1.2588231 0.8545757 0.7662384 0.5933457 0.6388142 
t17        1.1586745 1.3744361 1.2070784 1.3744361 0.7126442 0.4904449 0.0000000 0.5504769 1.1132061 0.9198342 0.7945437 0.7945437 3.2381161 9.0000000 1.0297869 1.0703373 1.2070784 1.2588231 1.0297869 0.9547243 
t9         1.4396946 1.4396946 1.0703373 1.4396946 0.7662384 0.4904449 0.5504769 0.0000000 0.8239592 0.8239592 0.6626257 0.6626257 3.2381161 2.0310377 1.3744361 1.2588231 0.9547243 0.9913169 0.8545757 0.8864954 
t5         1.8942965 1.8942965 1.4396946 2.0310377 1.0703373 0.9547243 1.1132061 0.8239592 0.0000000 1.3744361 0.9913169 0.9547243 9.0000000 9.0000000 1.8942965 2.4141569 1.3744361 1.5111773 1.1586745 1.0703373 
t11        1.3744361 1.6785349 1.2070784 1.3744361 0.9547243 0.5504769 0.9198342 0.8239592 1.3744361 0.0000000 1.2070784 1.1586745 3.2381161 2.0310377 2.0310377 2.4141569 1.1132061 0.9913169 0.4348639 0.4529370 
t6         1.7786835 1.6785349 1.6785349 1.5901977 1.1132061 0.8545757 0.7945437 0.6626257 0.9913169 1.2070784 0.0000000 0.6157354 9.0000000 1.8942965 1.5111773 1.6785349 1.3144041 1.2070784 1.2070784 1.1132061 
t16        1.3744361 1.8942965 1.1132061 1.2588231 1.0703373 0.7662384 0.7945437 0.6626257 0.9547243 1.1586745 0.6157354 0.0000000 2.7182557 2.1983953 2.1983953 2.0310377 1.6785349 1.3744361 1.1586745 1.2070784 
t19        9.0000000 1.2588231 1.8942965 1.8942965 1.7786835 1.7786835 3.2381161 3.2381161 9.0000000 3.2381161 9.0000000 2.7182557 0.0000000 0.7126442 9.0000000 3.2381161 2.4141569 2.0310377 9.0000000 9.0000000 
t2         9.0000000 1.4396946 1.4396946 1.7786835 1.7786835 2.4141569 9.0000000 2.0310377 9.0000000 2.0310377 1.8942965 2.1983953 0.7126442 0.0000000 1.4396946 1.5901977 1.5111773 1.3144041 2.4141569 2.4141569 
t15        1.2588231 1.7786835 0.9547243 1.2588231 0.9198342 1.1586745 1.0297869 1.3744361 1.8942965 2.0310377 1.5111773 2.1983953 9.0000000 1.4396946 0.0000000 0.1673577 1.0297869 1.1132061 1.8942965 1.8942965 
t20        1.3744361 1.7786835 0.9547243 1.1132061 0.9198342 1.2588231 1.0703373 1.2588231 2.4141569 2.4141569 1.6785349 2.0310377 3.2381161 1.5901977 0.1673577 0.0000000 0.9913169 1.0297869 2.1983953 2.1983953 
t18        1.6785349 1.4396946 2.0310377 1.7786835 0.9913169 0.8545757 1.2070784 0.9547243 1.3744361 1.1132061 1.3144041 1.6785349 2.4141569 1.5111773 1.0297869 0.9913169 0.0000000 0.1549607 1.0703373 1.2070784 
t1         1.6785349 1.2588231 1.5111773 1.5901977 0.9547243 0.7662384 1.2588231 0.9913169 1.5111773 0.9913169 1.2070784 1.3744361 2.0310377 1.3144041 1.1132061 1.0297869 0.1549607 0.0000000 1.0297869 1.1132061 
t10        1.8942965 2.1983953 1.5901977 1.5111773 0.8239592 0.5933457 1.0297869 0.8545757 1.1586745 0.4348639 1.2070784 1.1586745 9.0000000 2.4141569 1.8942965 2.1983953 1.0703373 1.0297869 0.0000000 0.0517447 
t12        2.1983953 2.7182557 1.4396946 1.3744361 0.8239592 0.6388142 0.9547243 0.8864954 1.0703373 0.4529370 1.1132061 1.2070784 9.0000000 2.4141569 1.8942965 2.1983953 1.2070784 1.1132061 0.0517447 0.0000000 
