20
t12        0.0000000 0.9198342 0.4529370 0.3505054 2.0310377 1.4396946 0.6388142 0.6157354 0.7126442 0.9547243 1.2588231 0.7389627 0.6872180 0.8545757 0.9547243 0.8545757 0.7126442 0.7662384 0.6157354 0.6157354 
t14        0.9198342 0.0000000 0.8864954 0.8239592 1.7786835 1.6785349 0.6388142 0.6626257 0.7662384 1.5111773 1.4396946 1.0297869 0.6388142 0.8239592 0.9198342 0.9198342 0.6626257 0.6626257 0.6388142 0.6388142 
t20        0.4529370 0.8864954 0.0000000 0.4348639 2.1983953 1.2588231 0.5933457 0.6626257 0.7662384 1.3144041 1.2588231 0.9198342 0.5504769 0.7945437 0.9198342 0.8864954 0.6872180 0.7389627 0.6626257 0.6626257 
t15        0.3505054 0.8239592 0.4348639 0.0000000 1.5901977 1.3144041 0.5933457 0.6388142 0.8239592 1.1586745 1.1132061 0.9547243 0.6157354 0.7662384 1.0297869 0.9913169 0.6626257 0.6626257 0.5504769 0.5504769 
t16        2.0310377 1.7786835 2.1983953 1.5901977 0.0000000 9.0000000 1.8942965 1.7786835 1.6785349 9.0000000 2.0310377 2.1983953 3.2381161 9.0000000 9.0000000 9.0000000 2.7182557 2.4141569 1.7786835 1.7786835 
t4         1.4396946 1.6785349 1.2588231 1.3144041 9.0000000 0.0000000 1.4396946 0.8864954 0.9913169 1.6785349 1.5901977 1.5111773 1.2588231 1.5111773 2.1983953 2.4141569 1.3144041 1.3144041 1.1586745 1.1586745 
t5         0.6388142 0.6388142 0.5933457 0.5933457 1.8942965 1.4396946 0.0000000 0.5099265 0.5933457 0.8864954 0.9547243 0.7945437 0.4172160 0.5716050 0.8239592 0.7945437 0.3347153 0.3192509 0.3192509 0.3192509 
t2         0.6157354 0.6626257 0.6626257 0.6388142 1.7786835 0.8864954 0.5099265 0.0000000 0.1673577 0.9913169 1.0703373 0.9198342 0.5933457 0.8545757 0.9547243 0.9547243 0.5933457 0.5933457 0.3999739 0.3999739 
t1         0.7126442 0.7662384 0.7662384 0.8239592 1.6785349 0.9913169 0.5933457 0.1673577 0.0000000 1.1132061 1.2070784 1.0297869 0.7389627 1.0297869 1.0703373 1.0703373 0.6872180 0.6872180 0.4714565 0.4714565 
t17        0.9547243 1.5111773 1.3144041 1.1586745 9.0000000 1.6785349 0.8864954 0.9913169 1.1132061 0.0000000 0.2892469 1.0703373 1.1586745 1.1586745 1.2588231 1.2070784 1.1586745 1.1586745 0.9198342 0.9198342 
t6         1.2588231 1.4396946 1.2588231 1.1132061 2.0310377 1.5901977 0.9547243 1.0703373 1.2070784 0.2892469 0.0000000 1.2588231 1.1586745 1.0297869 1.5111773 1.5111773 1.1132061 1.0297869 0.7945437 0.7945437 
t7         0.7389627 1.0297869 0.9198342 0.9547243 2.1983953 1.5111773 0.7945437 0.9198342 1.0297869 1.0703373 1.2588231 0.0000000 0.9198342 1.0297869 0.2463781 0.2326162 0.9198342 0.9913169 0.9198342 0.9198342 
t9         0.6872180 0.6388142 0.5504769 0.6157354 3.2381161 1.2588231 0.4172160 0.5933457 0.7389627 1.1586745 1.1586745 0.9198342 0.0000000 0.2191023 0.9913169 0.9198342 0.5299277 0.5299277 0.3999739 0.3999739 
t18        0.8545757 0.8239592 0.7945437 0.7662384 9.0000000 1.5111773 0.5716050 0.8545757 1.0297869 1.1586745 1.0297869 1.0297869 0.2191023 0.0000000 1.2070784 1.2070784 0.5933457 0.5933457 0.5504769 0.5504769 
t19        0.9547243 0.9198342 0.9198342 1.0297869 9.0000000 2.1983953 0.8239592 0.9547243 1.0703373 1.2588231 1.5111773 0.2463781 0.9913169 1.2070784 0.0000000 0.0734853 0.9913169 1.0703373 0.9198342 0.9198342 
t10        0.8545757 0.9198342 0.8864954 0.9913169 9.0000000 2.4141569 0.7945437 0.9547243 1.0703373 1.2070784 1.5111773 0.2326162 0.9198342 1.2070784 0.0734853 0.0000000 0.9198342 0.9913169 0.8864954 0.8864954 
t3         0.7126442 0.6626257 0.6872180 0.6626257 2.7182557 1.3144041 0.3347153 0.5933457 0.6872180 1.1586745 1.1132061 0.9198342 0.5299277 0.5933457 0.9913169 0.9198342 0.0000000 0.0202715 0.4348639 0.4348639 
t13        0.7662384 0.6626257 0.7389627 0.6626257 2.4141569 1.3144041 0.3192509 0.5933457 0.6872180 1.1586745 1.0297869 0.9913169 0.5299277 0.5933457 1.0703373 0.9913169 0.0202715 0.0000000 0.4172160 0.4172160 
t11        0.6157354 0.6388142 0.6626257 0.5504769 1.7786835 1.1586745 0.3192509 0.3999739 0.4714565 0.9198342 0.7945437 0.9198342 0.3999739 0.5504769 0.9198342 0.8864954 0.4348639 0.4172160 0.0000000 0.0000010 
t8         0.6157354 0.6388142 0.6626257 0.5504769 1.7786835 1.1586745 0.3192509 0.3999739 0.4714565 0.9198342 0.7945437 0.9198342 0.3999739 0.5504769 0.9198342 0.8864954 0.4348639 0.4172160 0.0000010 0.0000000 
