20
t11        0.0000000 1.7786835 1.5111773 2.4141569 2.4141569 1.5111773 1.3744361 2.7182557 9.0000000 2.0310377 1.3744361 1.2588231 1.2588231 1.2070784 2.0310377 2.1983953 1.7786835 1.5901977 2.7182557 2.1983953 
t18        1.7786835 0.0000000 1.1132061 1.1586745 1.3144041 1.1586745 1.2070784 1.0703373 1.1586745 1.1586745 1.2588231 1.3144041 1.4396946 1.0703373 1.0703373 1.2588231 1.3744361 1.1132061 1.3744361 1.3744361 
t13        1.5111773 1.1132061 0.0000000 0.7945437 1.0703373 0.4529370 0.4714565 0.8864954 1.1586745 0.7945437 0.8239592 0.4529370 0.5933457 0.6388142 0.7389627 0.8545757 1.0297869 0.9913169 1.3744361 1.3144041 
t19        2.4141569 1.1586745 0.7945437 0.0000000 0.5716050 0.9547243 1.1586745 0.9198342 0.8864954 0.6626257 0.8545757 0.7945437 1.0703373 1.0703373 0.5933457 0.6872180 0.9547243 0.9198342 0.9913169 1.0297869 
t4         2.4141569 1.3144041 1.0703373 0.5716050 0.0000000 1.0703373 1.0297869 1.5111773 1.1586745 0.9913169 1.0703373 1.0703373 1.2588231 1.2070784 0.7945437 1.0703373 1.1586745 1.0297869 1.3744361 1.2588231 
t9         1.5111773 1.1586745 0.4529370 0.9547243 1.0703373 0.0000000 0.4172160 0.9547243 0.9913169 0.8864954 0.9913169 0.3666350 0.5504769 0.4904449 1.1132061 1.2070784 0.8864954 0.8864954 1.3744361 1.2588231 
t1         1.3744361 1.2070784 0.4714565 1.1586745 1.0297869 0.4172160 0.0000000 1.0703373 1.2070784 1.0703373 1.2070784 0.4348639 0.6626257 0.5933457 0.9913169 1.2588231 1.0703373 1.1586745 1.5901977 1.4396946 
t15        2.7182557 1.0703373 0.8864954 0.9198342 1.5111773 0.9547243 1.0703373 0.0000000 0.3347153 0.8545757 1.1132061 1.0703373 1.3144041 0.8864954 0.7945437 0.7945437 1.1132061 1.2588231 0.3999739 0.3999739 
t14        9.0000000 1.1586745 1.1586745 0.8864954 1.1586745 0.9913169 1.2070784 0.3347153 0.0000000 0.8545757 1.1586745 1.1586745 1.4396946 0.9547243 0.8864954 0.8239592 1.0703373 1.1586745 0.3505054 0.3505054 
t6         2.0310377 1.1586745 0.7945437 0.6626257 0.9913169 0.8864954 1.0703373 0.8545757 0.8545757 0.0000000 0.3831192 1.0297869 1.1132061 0.8864954 0.2746833 0.2746833 1.1132061 0.9198342 1.1586745 1.2588231 
t10        1.3744361 1.2588231 0.8239592 0.8545757 1.0703373 0.9913169 1.2070784 1.1132061 1.1586745 0.3831192 0.0000000 1.1586745 1.1586745 1.0297869 0.5099265 0.4714565 1.3144041 1.1132061 1.3744361 1.5901977 
t5         1.2588231 1.3144041 0.4529370 0.7945437 1.0703373 0.3666350 0.4348639 1.0703373 1.1586745 1.0297869 1.1586745 0.0000000 0.2603971 0.3040988 1.0297869 1.1586745 0.8864954 0.8864954 1.2070784 1.1132061 
t8         1.2588231 1.4396946 0.5933457 1.0703373 1.2588231 0.5504769 0.6626257 1.3144041 1.4396946 1.1132061 1.1586745 0.2603971 0.0000000 0.3999739 1.1586745 1.2588231 1.0297869 1.0703373 1.5901977 1.4396946 
t12        1.2070784 1.0703373 0.6388142 1.0703373 1.2070784 0.4904449 0.5933457 0.8864954 0.9547243 0.8864954 1.0297869 0.3040988 0.3999739 0.0000000 1.0297869 1.1132061 0.9198342 0.9547243 1.0297869 1.0297869 
t7         2.0310377 1.0703373 0.7389627 0.5933457 0.7945437 1.1132061 0.9913169 0.7945437 0.8864954 0.2746833 0.5099265 1.0297869 1.1586745 1.0297869 0.0000000 0.1427653 0.9913169 0.9913169 1.0297869 1.0703373 
t16        2.1983953 1.2588231 0.8545757 0.6872180 1.0703373 1.2070784 1.2588231 0.7945437 0.8239592 0.2746833 0.4714565 1.1586745 1.2588231 1.1132061 0.1427653 0.0000000 1.1132061 1.1586745 0.9913169 1.0297869 
t3         1.7786835 1.3744361 1.0297869 0.9547243 1.1586745 0.8864954 1.0703373 1.1132061 1.0703373 1.1132061 1.3144041 0.8864954 1.0297869 0.9198342 0.9913169 1.1132061 0.0000000 0.1427653 1.0703373 1.0297869 
t17        1.5901977 1.1132061 0.9913169 0.9198342 1.0297869 0.8864954 1.1586745 1.2588231 1.1586745 0.9198342 1.1132061 0.8864954 1.0703373 0.9547243 0.9913169 1.1586745 0.1427653 0.0000000 1.2588231 1.2070784 
t20        2.7182557 1.3744361 1.3744361 0.9913169 1.3744361 1.3744361 1.5901977 0.3999739 0.3505054 1.1586745 1.3744361 1.2070784 1.5901977 1.0297869 1.0297869 0.9913169 1.0703373 1.2588231 0.0000000 0.1073256 
t2         2.1983953 1.3744361 1.3144041 1.0297869 1.2588231 1.2588231 1.4396946 0.3999739 0.3505054 1.2588231 1.5901977 1.1132061 1.4396946 1.0297869 1.0703373 1.0297869 1.0297869 1.2070784 0.1073256 0.0000000 
