20
t17        0.0000000 0.6626257 0.7662384 0.5504769 0.6157354 0.4714565 0.4714565 0.5099265 0.7662384 0.5933457 0.6157354 0.7662384 0.7389627 0.8864954 0.5299277 0.6626257 0.7662384 0.7662384 0.8545757 0.8545757 
t18        0.6626257 0.0000000 1.7786835 0.9547243 1.0297869 0.7945437 1.0703373 1.1586745 1.6785349 1.0297869 0.9547243 1.2070784 1.4396946 1.1132061 1.0297869 1.1132061 0.9913169 1.0297869 0.7389627 0.7389627 
t2         0.7662384 1.7786835 0.0000000 1.1586745 0.9547243 0.7945437 0.7389627 0.8545757 0.9913169 0.7662384 0.9913169 0.9198342 0.8545757 0.9547243 0.6626257 0.6388142 0.9547243 0.9547243 1.5111773 1.5111773 
t20        0.5504769 0.9547243 1.1586745 0.0000000 0.7945437 0.5716050 0.6157354 0.7389627 1.0297869 0.6157354 0.8545757 0.8864954 0.8239592 0.9913169 0.7662384 0.6626257 1.0297869 0.9913169 1.6785349 1.6785349 
t3         0.6157354 1.0297869 0.9547243 0.7945437 0.0000000 0.3505054 0.6872180 0.8545757 1.0703373 0.5716050 0.7945437 0.9913169 0.7389627 0.8864954 0.6388142 0.6872180 0.7945437 0.7945437 1.4396946 1.4396946 
t5         0.4714565 0.7945437 0.7945437 0.5716050 0.3505054 0.0000000 0.5099265 0.5299277 0.8545757 0.4904449 0.5504769 0.5933457 0.5504769 0.7662384 0.4714565 0.5099265 0.6626257 0.6626257 1.2588231 1.2588231 
t1         0.4714565 1.0703373 0.7389627 0.6157354 0.6872180 0.5099265 0.0000000 0.4714565 0.8239592 0.3999739 0.5299277 0.7662384 0.5099265 0.6388142 0.5299277 0.5933457 0.6626257 0.6388142 1.1586745 1.1586745 
t14        0.5099265 1.1586745 0.8545757 0.7389627 0.8545757 0.5299277 0.4714565 0.0000000 0.4172160 0.4529370 0.5099265 0.5933457 0.4172160 1.0703373 0.5099265 0.5716050 0.9547243 0.9198342 1.3744361 1.3744361 
t13        0.7662384 1.6785349 0.9913169 1.0297869 1.0703373 0.8545757 0.8239592 0.4172160 0.0000000 0.6872180 0.7126442 0.7389627 0.6388142 1.1586745 0.7389627 0.8239592 1.2070784 1.2070784 1.5111773 1.5111773 
t6         0.5933457 1.0297869 0.7662384 0.6157354 0.5716050 0.4904449 0.3999739 0.4529370 0.6872180 0.0000000 0.2746833 0.5716050 0.5299277 0.7662384 0.5099265 0.5716050 0.7389627 0.7389627 1.4396946 1.4396946 
t7         0.6157354 0.9547243 0.9913169 0.8545757 0.7945437 0.5504769 0.5299277 0.5099265 0.7126442 0.2746833 0.0000000 0.7389627 0.5933457 0.7945437 0.5933457 0.6872180 0.7389627 0.7389627 1.5111773 1.5111773 
t10        0.7662384 1.2070784 0.9198342 0.8864954 0.9913169 0.5933457 0.7662384 0.5933457 0.7389627 0.5716050 0.7389627 0.0000000 0.5099265 1.0703373 0.6626257 0.7662384 0.9913169 0.9913169 1.1586745 1.1586745 
t4         0.7389627 1.4396946 0.8545757 0.8239592 0.7389627 0.5504769 0.5099265 0.4172160 0.6388142 0.5299277 0.5933457 0.5099265 0.0000000 1.1132061 0.5504769 0.5933457 0.9913169 0.9547243 1.2070784 1.2070784 
t8         0.8864954 1.1132061 0.9547243 0.9913169 0.8864954 0.7662384 0.6388142 1.0703373 1.1586745 0.7662384 0.7945437 1.0703373 1.1132061 0.0000000 0.6872180 0.8239592 0.1307650 0.1549607 1.3744361 1.3744361 
t11        0.5299277 1.0297869 0.6626257 0.7662384 0.6388142 0.4714565 0.5299277 0.5099265 0.7389627 0.5099265 0.5933457 0.6626257 0.5504769 0.6872180 0.0000000 0.2191023 0.6157354 0.6157354 1.0297869 1.0297869 
t12        0.6626257 1.1132061 0.6388142 0.6626257 0.6872180 0.5099265 0.5933457 0.5716050 0.8239592 0.5716050 0.6872180 0.7662384 0.5933457 0.8239592 0.2191023 0.0000000 0.7945437 0.7945437 1.3144041 1.3144041 
t19        0.7662384 0.9913169 0.9547243 1.0297869 0.7945437 0.6626257 0.6626257 0.9547243 1.2070784 0.7389627 0.7389627 0.9913169 0.9913169 0.1307650 0.6157354 0.7945437 0.0000000 0.0202715 1.3144041 1.3144041 
t16        0.7662384 1.0297869 0.9547243 0.9913169 0.7945437 0.6626257 0.6388142 0.9198342 1.2070784 0.7389627 0.7389627 0.9913169 0.9547243 0.1549607 0.6157354 0.7945437 0.0202715 0.0000000 1.4396946 1.4396946 
t9         0.8545757 0.7389627 1.5111773 1.6785349 1.4396946 1.2588231 1.1586745 1.3744361 1.5111773 1.4396946 1.5111773 1.1586745 1.2070784 1.3744361 1.0297869 1.3144041 1.3144041 1.4396946 0.0000000 0.0000010 
t15        0.8545757 0.7389627 1.5111773 1.6785349 1.4396946 1.2588231 1.1586745 1.3744361 1.5111773 1.4396946 1.5111773 1.1586745 1.2070784 1.3744361 1.0297869 1.3144041 1.3144041 1.4396946 0.0000010 0.0000000 
