20
t20        0.0000000 1.0703373 1.1586745 1.0703373 1.5901977 1.3144041 0.9547243 1.1586745 1.3144041 0.5716050 0.6388142 1.3144041 1.2588231 1.3744361 1.1586745 1.2588231 1.2588231 1.1586745 1.1586745 1.1586745 
t17        1.0703373 0.0000000 0.5504769 0.6626257 1.2588231 1.1586745 0.7945437 1.1586745 1.2588231 1.3144041 1.1132061 1.3144041 1.1586745 0.7662384 0.7945437 0.7662384 1.3144041 1.2070784 0.6388142 0.6388142 
t3         1.1586745 0.5504769 0.0000000 0.4348639 1.0297869 0.9198342 0.7945437 1.4396946 0.8864954 0.9913169 0.9198342 1.5901977 1.3744361 0.6388142 0.5504769 0.7126442 0.8239592 0.8545757 0.5099265 0.5099265 
t15        1.0703373 0.6626257 0.4348639 0.0000000 1.2070784 1.2070784 0.9198342 1.6785349 0.9547243 1.3144041 1.0703373 1.2588231 1.0297869 0.6626257 0.6157354 0.8239592 0.9547243 0.9198342 0.6626257 0.6626257 
t16        1.5901977 1.2588231 1.0297869 1.2070784 0.0000000 0.4714565 0.9913169 0.9198342 0.6157354 1.1132061 1.2588231 1.0703373 1.0703373 0.9913169 1.1586745 1.2070784 0.4714565 0.4529370 1.2588231 1.2588231 
t18        1.3144041 1.1586745 0.9198342 1.2070784 0.4714565 0.0000000 1.0703373 1.0703373 0.6626257 1.1132061 1.2070784 1.0703373 1.1132061 0.9913169 1.0703373 1.1586745 0.5504769 0.5299277 1.1586745 1.1586745 
t2         0.9547243 0.7945437 0.7945437 0.9198342 0.9913169 1.0703373 0.0000000 0.5504769 1.1132061 0.7389627 0.8545757 1.3144041 1.1132061 1.0297869 1.0703373 1.1586745 1.1132061 1.1132061 0.9913169 0.9913169 
t19        1.1586745 1.1586745 1.4396946 1.6785349 0.9198342 1.0703373 0.5504769 0.0000000 0.9913169 1.1586745 1.3744361 1.5901977 1.4396946 1.4396946 1.7786835 1.8942965 1.2588231 1.2070784 1.6785349 1.6785349 
t7         1.3144041 1.2588231 0.8864954 0.9547243 0.6157354 0.6626257 1.1132061 0.9913169 0.0000000 1.3144041 1.4396946 1.6785349 1.5901977 1.0297869 1.1586745 1.1586745 0.5099265 0.4714565 1.1586745 1.1586745 
t10        0.5716050 1.3144041 0.9913169 1.3144041 1.1132061 1.1132061 0.7389627 1.1586745 1.3144041 0.0000000 0.2326162 1.1132061 1.2588231 1.3744361 1.2070784 1.2588231 0.9547243 0.9913169 1.1586745 1.1586745 
t4         0.6388142 1.1132061 0.9198342 1.0703373 1.2588231 1.2070784 0.8545757 1.3744361 1.4396946 0.2326162 0.0000000 1.1132061 1.2588231 1.3144041 1.2070784 1.2588231 0.9913169 0.9913169 1.1586745 1.1586745 
t1         1.3144041 1.3144041 1.5901977 1.2588231 1.0703373 1.0703373 1.3144041 1.5901977 1.6785349 1.1132061 1.1132061 0.0000000 0.2058276 1.3744361 1.2588231 1.2588231 1.2070784 1.1586745 1.3744361 1.3744361 
t6         1.2588231 1.1586745 1.3744361 1.0297869 1.0703373 1.1132061 1.1132061 1.4396946 1.5901977 1.2588231 1.2588231 0.2058276 0.0000000 1.2070784 1.1132061 1.2070784 1.2070784 1.2070784 1.5111773 1.5111773 
t9         1.3744361 0.7662384 0.6388142 0.6626257 0.9913169 0.9913169 1.0297869 1.4396946 1.0297869 1.3744361 1.3144041 1.3744361 1.2070784 0.0000000 0.2191023 0.3040988 0.8545757 0.7662384 0.6388142 0.6388142 
t14        1.1586745 0.7945437 0.5504769 0.6157354 1.1586745 1.0703373 1.0703373 1.7786835 1.1586745 1.2070784 1.2070784 1.2588231 1.1132061 0.2191023 0.0000000 0.1799630 0.9547243 0.8864954 0.6872180 0.6872180 
t11        1.2588231 0.7662384 0.7126442 0.8239592 1.2070784 1.1586745 1.1586745 1.8942965 1.1586745 1.2588231 1.2588231 1.2588231 1.2070784 0.3040988 0.1799630 0.0000000 0.9913169 0.9198342 0.7945437 0.7945437 
t12        1.2588231 1.3144041 0.8239592 0.9547243 0.4714565 0.5504769 1.1132061 1.2588231 0.5099265 0.9547243 0.9913169 1.2070784 1.2070784 0.8545757 0.9547243 0.9913169 0.0000000 0.0625362 1.3144041 1.3144041 
t5         1.1586745 1.2070784 0.8545757 0.9198342 0.4529370 0.5299277 1.1132061 1.2070784 0.4714565 0.9913169 0.9913169 1.1586745 1.2070784 0.7662384 0.8864954 0.9198342 0.0625362 0.0000000 1.2070784 1.2070784 
t8         1.1586745 0.6388142 0.5099265 0.6626257 1.2588231 1.1586745 0.9913169 1.6785349 1.1586745 1.1586745 1.1586745 1.3744361 1.5111773 0.6388142 0.6872180 0.7945437 1.3144041 1.2070784 0.0000000 0.0000010 
t13        1.1586745 0.6388142 0.5099265 0.6626257 1.2588231 1.1586745 0.9913169 1.6785349 1.1586745 1.1586745 1.1586745 1.3744361 1.5111773 0.6388142 0.6872180 0.7945437 1.3144041 1.2070784 0.0000010 0.0000000 
