20
t7         0.0000000 0.7126442 1.5901977 0.7126442 0.8239592 1.1586745 1.0297869 1.1132061 1.1586745 0.8545757 0.8864954 0.7389627 0.8545757 0.8545757 0.6626257 0.7389627 0.8545757 0.8239592 0.8239592 0.8239592 
t17        0.7126442 0.0000000 2.7182557 0.7126442 0.6388142 1.3144041 1.2070784 1.2070784 0.9547243 0.5504769 0.9198342 0.7662384 0.5716050 0.4904449 0.3347153 0.3999739 0.8239592 0.7662384 0.4714565 0.4348639 
t12        1.5901977 2.7182557 0.0000000 1.0297869 1.2070784 0.7662384 0.4904449 0.5716050 1.3144041 1.7786835 2.1983953 1.5111773 1.8942965 1.7786835 1.4396946 1.5901977 1.3144041 1.4396946 1.6785349 1.7786835 
t18        0.7126442 0.7126442 1.0297869 0.0000000 0.3505054 0.9547243 0.7126442 0.8545757 0.9547243 0.6626257 0.7126442 0.6157354 0.7662384 0.7126442 0.5099265 0.5716050 0.3831192 0.3666350 0.6388142 0.7126442 
t9         0.8239592 0.6388142 1.2070784 0.3505054 0.0000000 1.1586745 0.9547243 0.9198342 0.9913169 0.6872180 0.8545757 0.7662384 0.8864954 0.7389627 0.6388142 0.7126442 0.4348639 0.3831192 0.7389627 0.7945437 
t20        1.1586745 1.3144041 0.7662384 0.9547243 1.1586745 0.0000000 0.5716050 0.7389627 1.8942965 1.7786835 1.7786835 1.5111773 1.3744361 2.0310377 1.4396946 1.5111773 1.1586745 1.1132061 1.6785349 2.0310377 
t3         1.0297869 1.2070784 0.4904449 0.7126442 0.9547243 0.5716050 0.0000000 0.4714565 1.0703373 1.2588231 1.0703373 0.9198342 1.1132061 1.2070784 0.9198342 1.1132061 0.9198342 0.9198342 1.1132061 1.2588231 
t6         1.1132061 1.2070784 0.5716050 0.8545757 0.9198342 0.7389627 0.4714565 0.0000000 0.9547243 1.1132061 1.2070784 1.0297869 1.2070784 1.2588231 0.9913169 1.1586745 1.1132061 1.1132061 1.2070784 1.2588231 
t14        1.1586745 0.9547243 1.3144041 0.9547243 0.9913169 1.8942965 1.0703373 0.9547243 0.0000000 1.0703373 0.5299277 0.4172160 1.2588231 1.0703373 0.7389627 0.7389627 1.3144041 1.1132061 0.9913169 1.0703373 
t15        0.8545757 0.5504769 1.7786835 0.6626257 0.6872180 1.7786835 1.2588231 1.1132061 1.0703373 0.0000000 0.8545757 0.6872180 0.3040988 0.2463781 0.3347153 0.3666350 0.8864954 0.7662384 0.2191023 0.2603971 
t11        0.8864954 0.9198342 2.1983953 0.7126442 0.8545757 1.7786835 1.0703373 1.2070784 0.5299277 0.8545757 0.0000000 0.2191023 1.0297869 0.8545757 0.6157354 0.6388142 0.9198342 0.8239592 0.8545757 0.8545757 
t1         0.7389627 0.7662384 1.5111773 0.6157354 0.7662384 1.5111773 0.9198342 1.0297869 0.4172160 0.6872180 0.2191023 0.0000000 0.7945437 0.6872180 0.4904449 0.5299277 0.9198342 0.7945437 0.5933457 0.6157354 
t5         0.8545757 0.5716050 1.8942965 0.7662384 0.8864954 1.3744361 1.1132061 1.2070784 1.2588231 0.3040988 1.0297869 0.7945437 0.0000000 0.1927838 0.3666350 0.4348639 1.1132061 0.9198342 0.1549607 0.2058276 
t4         0.8545757 0.4904449 1.7786835 0.7126442 0.7389627 2.0310377 1.2070784 1.2588231 1.0703373 0.2463781 0.8545757 0.6872180 0.1927838 0.0000000 0.2746833 0.3192509 0.9547243 0.8239592 0.0958750 0.1189538 
t8         0.6626257 0.3347153 1.4396946 0.5099265 0.6388142 1.4396946 0.9198342 0.9913169 0.7389627 0.3347153 0.6157354 0.4904449 0.3666350 0.2746833 0.0000000 0.0734853 0.7662384 0.7126442 0.2463781 0.2746833 
t13        0.7389627 0.3999739 1.5901977 0.5716050 0.7126442 1.5111773 1.1132061 1.1586745 0.7389627 0.3666350 0.6388142 0.5299277 0.4348639 0.3192509 0.0734853 0.0000000 0.8239592 0.7662384 0.2892469 0.3192509 
t2         0.8545757 0.8239592 1.3144041 0.3831192 0.4348639 1.1586745 0.9198342 1.1132061 1.3144041 0.8864954 0.9198342 0.9198342 1.1132061 0.9547243 0.7662384 0.8239592 0.0000000 0.1307650 0.9913169 1.0703373 
t10        0.8239592 0.7662384 1.4396946 0.3666350 0.3831192 1.1132061 0.9198342 1.1132061 1.1132061 0.7662384 0.8239592 0.7945437 0.9198342 0.8239592 0.7126442 0.7662384 0.1307650 0.0000000 0.8545757 0.9198342 
t16        0.8239592 0.4714565 1.6785349 0.6388142 0.7389627 1.6785349 1.1132061 1.2070784 0.9913169 0.2191023 0.8545757 0.5933457 0.1549607 0.0958750 0.2463781 0.2892469 0.9913169 0.8545757 0.0000000 0.0734853 
t19        0.8239592 0.4348639 1.7786835 0.7126442 0.7945437 2.0310377 1.2588231 1.2588231 1.0703373 0.2603971 0.8545757 0.6157354 0.2058276 0.1189538 0.2746833 0.3192509 1.0703373 0.9198342 0.0734853 0.0000000 
