20
t13        0.0000000 0.5933457 0.5099265 0.4348639 0.4529370 0.6157354 0.3347153 0.5716050 0.6157354 0.4529370 0.4348639 0.8864954 0.8545757 0.6388142 0.6388142 0.6157354 0.2746833 0.2603971 0.5504769 0.5504769 
t11        0.5933457 0.0000000 1.0297869 0.6872180 0.7389627 1.0703373 0.8545757 0.9913169 1.0297869 0.7662384 0.8239592 1.2588231 1.3144041 1.0297869 0.9913169 0.9913169 0.7389627 0.7662384 0.9198342 0.9198342 
t10        0.5099265 1.0297869 0.0000000 0.4172160 0.4348639 0.5504769 0.4714565 0.1189538 0.1549607 0.4529370 0.4529370 0.6872180 0.6157354 0.9198342 0.9198342 0.5716050 0.5504769 0.5299277 0.5299277 0.5299277 
t7         0.4348639 0.6872180 0.4172160 0.0000000 0.5299277 0.6872180 0.4904449 0.4904449 0.5716050 0.2892469 0.3040988 0.7389627 0.6626257 0.7945437 0.7662384 0.2892469 0.4714565 0.4529370 0.2326162 0.2326162 
t4         0.4529370 0.7389627 0.4348639 0.5299277 0.0000000 0.4714565 0.2603971 0.5099265 0.4904449 0.5299277 0.5299277 0.7389627 0.6872180 0.8545757 0.8239592 0.7389627 0.5504769 0.5716050 0.6626257 0.6626257 
t12        0.6157354 1.0703373 0.5504769 0.6872180 0.4714565 0.0000000 0.3347153 0.5933457 0.5933457 0.7126442 0.7389627 0.9198342 0.8864954 1.2588231 1.1586745 0.7389627 0.7945437 0.7662384 0.6872180 0.6872180 
t19        0.3347153 0.8545757 0.4714565 0.4904449 0.2603971 0.3347153 0.0000000 0.5099265 0.5299277 0.5299277 0.5504769 0.7389627 0.6872180 0.9198342 0.9198342 0.7389627 0.5299277 0.5099265 0.6626257 0.6626257 
t6         0.5716050 0.9913169 0.1189538 0.4904449 0.5099265 0.5933457 0.5099265 0.0000000 0.1189538 0.5299277 0.5504769 0.5933457 0.5716050 0.9547243 0.9547243 0.6626257 0.5504769 0.5299277 0.6157354 0.6157354 
t3         0.6157354 1.0297869 0.1549607 0.5716050 0.4904449 0.5933457 0.5299277 0.1189538 0.0000000 0.6157354 0.6388142 0.7126442 0.6872180 1.1132061 1.1132061 0.7389627 0.5504769 0.5299277 0.7126442 0.7126442 
t1         0.4529370 0.7662384 0.4529370 0.2892469 0.5299277 0.7126442 0.5299277 0.5299277 0.6157354 0.0000000 0.1189538 0.8864954 0.7945437 0.8239592 0.8239592 0.5504769 0.4529370 0.4904449 0.4904449 0.4904449 
t14        0.4348639 0.8239592 0.4529370 0.3040988 0.5299277 0.7389627 0.5504769 0.5504769 0.6388142 0.1189538 0.0000000 0.7945437 0.6872180 0.7389627 0.7662384 0.5504769 0.5299277 0.4904449 0.4904449 0.4904449 
t17        0.8864954 1.2588231 0.6872180 0.7389627 0.7389627 0.9198342 0.7389627 0.5933457 0.7126442 0.8864954 0.7945437 0.0000000 0.0411062 1.3744361 1.2588231 0.9198342 0.8864954 0.8239592 0.8545757 0.8545757 
t16        0.8545757 1.3144041 0.6157354 0.6626257 0.6872180 0.8864954 0.6872180 0.5716050 0.6872180 0.7945437 0.6872180 0.0411062 0.0000000 1.2588231 1.1586745 0.8864954 0.7945437 0.7126442 0.7662384 0.7662384 
t20        0.6388142 1.0297869 0.9198342 0.7945437 0.8545757 1.2588231 0.9198342 0.9547243 1.1132061 0.8239592 0.7389627 1.3744361 1.2588231 0.0000000 0.0734853 1.0297869 0.7389627 0.7662384 0.9198342 0.9198342 
t5         0.6388142 0.9913169 0.9198342 0.7662384 0.8239592 1.1586745 0.9198342 0.9547243 1.1132061 0.8239592 0.7662384 1.2588231 1.1586745 0.0734853 0.0000000 0.9913169 0.7389627 0.7662384 0.8864954 0.8864954 
t9         0.6157354 0.9913169 0.5716050 0.2892469 0.7389627 0.7389627 0.7389627 0.6626257 0.7389627 0.5504769 0.5504769 0.9198342 0.8864954 1.0297869 0.9913169 0.0000000 0.6872180 0.6626257 0.0517447 0.0517447 
t8         0.2746833 0.7389627 0.5504769 0.4714565 0.5504769 0.7945437 0.5299277 0.5504769 0.5504769 0.4529370 0.5299277 0.8864954 0.7945437 0.7389627 0.7389627 0.6872180 0.0000000 0.0306165 0.6157354 0.6157354 
t2         0.2603971 0.7662384 0.5299277 0.4529370 0.5716050 0.7662384 0.5099265 0.5299277 0.5299277 0.4904449 0.4904449 0.8239592 0.7126442 0.7662384 0.7662384 0.6626257 0.0306165 0.0000000 0.5933457 0.5933457 
t18        0.5504769 0.9198342 0.5299277 0.2326162 0.6626257 0.6872180 0.6626257 0.6157354 0.7126442 0.4904449 0.4904449 0.8545757 0.7662384 0.9198342 0.8864954 0.0517447 0.6157354 0.5933457 0.0000000 0.0000010 
t15        0.5504769 0.9198342 0.5299277 0.2326162 0.6626257 0.6872180 0.6626257 0.6157354 0.7126442 0.4904449 0.4904449 0.8545757 0.7662384 0.9198342 0.8864954 0.0517447 0.6157354 0.5933457 0.0000010 0.0000000 
