20
t14        0.0000000 0.6626257 3.2381161 1.3144041 0.9913169 1.5111773 1.4396946 1.2070784 1.1586745 1.3144041 0.5099265 0.8864954 0.5716050 0.7945437 0.5299277 0.6157354 1.1586745 0.7662384 0.7389627 0.6872180 
t17        0.6626257 0.0000000 2.0310377 1.2588231 1.2588231 1.6785349 1.5111773 1.3144041 1.5901977 1.0297869 0.4529370 0.9198342 0.5299277 0.8864954 0.5933457 0.5933457 1.3744361 0.7389627 0.7126442 0.7945437 
t3         3.2381161 2.0310377 0.0000000 2.7182557 9.0000000 9.0000000 2.7182557 1.6785349 2.4141569 2.7182557 2.1983953 1.6785349 1.8942965 1.8942965 2.0310377 2.1983953 9.0000000 2.4141569 1.6785349 1.5111773 
t6         1.3144041 1.2588231 2.7182557 0.0000000 2.4141569 9.0000000 1.5901977 1.2588231 1.5111773 2.1983953 1.2070784 1.5111773 0.9913169 0.9913169 1.3744361 1.2588231 1.5901977 1.1132061 0.9913169 1.0703373 
t8         0.9913169 1.2588231 9.0000000 2.4141569 0.0000000 1.8942965 1.4396946 2.0310377 2.7182557 1.6785349 0.9547243 1.3144041 1.1132061 1.0297869 0.9198342 1.1132061 1.5111773 1.2588231 1.2588231 1.2588231 
t1         1.5111773 1.6785349 9.0000000 9.0000000 1.8942965 0.0000000 9.0000000 2.7182557 2.7182557 1.5111773 2.0310377 2.7182557 2.0310377 2.4141569 2.4141569 2.0310377 1.5901977 3.2381161 2.4141569 3.2381161 
t13        1.4396946 1.5111773 2.7182557 1.5901977 1.4396946 9.0000000 0.0000000 1.7786835 1.7786835 1.5111773 1.2588231 2.0310377 1.7786835 1.4396946 1.5111773 1.5901977 2.4141569 1.6785349 1.5111773 1.3744361 
t7         1.2070784 1.3144041 1.6785349 1.2588231 2.0310377 2.7182557 1.7786835 0.0000000 1.2070784 1.8942965 1.1586745 1.5111773 0.9198342 1.0703373 1.3744361 1.2070784 2.1983953 1.1586745 0.9547243 1.0703373 
t11        1.1586745 1.5901977 2.4141569 1.5111773 2.7182557 2.7182557 1.7786835 1.2070784 0.0000000 1.5901977 1.2588231 1.5901977 1.2588231 1.0703373 1.4396946 1.5901977 1.8942965 1.3744361 0.9198342 0.7662384 
t10        1.3144041 1.0297869 2.7182557 2.1983953 1.6785349 1.5111773 1.5111773 1.8942965 1.5901977 0.0000000 0.7126442 1.1132061 0.9198342 1.4396946 1.0703373 0.9547243 1.7786835 1.0703373 1.1586745 0.9547243 
t12        0.5099265 0.4529370 2.1983953 1.2070784 0.9547243 2.0310377 1.2588231 1.1586745 1.2588231 0.7126442 0.0000000 0.6626257 0.3505054 0.6157354 0.2892469 0.4172160 0.7389627 0.5716050 0.6388142 0.4904449 
t9         0.8864954 0.9198342 1.6785349 1.5111773 1.3144041 2.7182557 2.0310377 1.5111773 1.5901977 1.1132061 0.6626257 0.0000000 0.4904449 0.6872180 0.6388142 0.6872180 1.5901977 1.0297869 0.8239592 0.6872180 
t18        0.5716050 0.5299277 1.8942965 0.9913169 1.1132061 2.0310377 1.7786835 0.9198342 1.2588231 0.9198342 0.3505054 0.4904449 0.0000000 0.2603971 0.3999739 0.5299277 1.1132061 0.6157354 0.5504769 0.4714565 
t2         0.7945437 0.8864954 1.8942965 0.9913169 1.0297869 2.4141569 1.4396946 1.0703373 1.0703373 1.4396946 0.6157354 0.6872180 0.2603971 0.0000000 0.6626257 0.7126442 0.9913169 0.8545757 0.6872180 0.6157354 
t15        0.5299277 0.5933457 2.0310377 1.3744361 0.9198342 2.4141569 1.5111773 1.3744361 1.4396946 1.0703373 0.2892469 0.6388142 0.3999739 0.6626257 0.0000000 0.3666350 0.8864954 0.5933457 0.7126442 0.6388142 
t5         0.6157354 0.5933457 2.1983953 1.2588231 1.1132061 2.0310377 1.5901977 1.2070784 1.5901977 0.9547243 0.4172160 0.6872180 0.5299277 0.7126442 0.3666350 0.0000000 1.0703373 0.7945437 0.7662384 0.6388142 
t19        1.1586745 1.3744361 9.0000000 1.5901977 1.5111773 1.5901977 2.4141569 2.1983953 1.8942965 1.7786835 0.7389627 1.5901977 1.1132061 0.9913169 0.8864954 1.0703373 0.0000000 1.0703373 1.5901977 1.4396946 
t20        0.7662384 0.7389627 2.4141569 1.1132061 1.2588231 3.2381161 1.6785349 1.1586745 1.3744361 1.0703373 0.5716050 1.0297869 0.6157354 0.8545757 0.5933457 0.7945437 1.0703373 0.0000000 0.9547243 0.8545757 
t16        0.7389627 0.7126442 1.6785349 0.9913169 1.2588231 2.4141569 1.5111773 0.9547243 0.9198342 1.1586745 0.6388142 0.8239592 0.5504769 0.6872180 0.7126442 0.7662384 1.5901977 0.9547243 0.0000000 0.1799630 
t4         0.6872180 0.7945437 1.5111773 1.0703373 1.2588231 3.2381161 1.3744361 1.0703373 0.7662384 0.9547243 0.4904449 0.6872180 0.4714565 0.6157354 0.6388142 0.6388142 1.4396946 0.8545757 0.1799630 0.0000000 
