20
t16        0.0000000 1.5901977 1.7786835 9.0000000 9.0000000 9.0000000 1.6785349 2.4141569 2.1983953 9.0000000 9.0000000 9.0000000 1.8942965 9.0000000 9.0000000 9.0000000 9.0000000 3.2381161 9.0000000 9.0000000 
t1         1.5901977 0.0000000 1.1132061 3.2381161 2.7182557 1.5111773 2.7182557 0.9198342 0.6157354 9.0000000 1.7786835 9.0000000 1.3144041 1.4396946 1.2588231 1.8942965 1.5901977 1.7786835 1.5901977 1.5901977 
t20        1.7786835 1.1132061 0.0000000 1.5901977 1.8942965 1.3744361 9.0000000 1.8942965 1.0297869 9.0000000 1.8942965 2.7182557 2.1983953 1.5111773 1.6785349 1.8942965 2.0310377 1.6785349 1.4396946 1.4396946 
t14        9.0000000 3.2381161 1.5901977 0.0000000 9.0000000 1.5901977 9.0000000 9.0000000 1.8942965 9.0000000 1.3144041 2.1983953 2.0310377 2.7182557 2.7182557 1.8942965 1.6785349 9.0000000 9.0000000 9.0000000 
t12        9.0000000 2.7182557 1.8942965 9.0000000 0.0000000 2.4141569 9.0000000 9.0000000 1.4396946 9.0000000 2.1983953 3.2381161 9.0000000 2.1983953 2.1983953 2.7182557 2.1983953 9.0000000 9.0000000 9.0000000 
t13        9.0000000 1.5111773 1.3744361 1.5901977 2.4141569 0.0000000 9.0000000 1.7786835 1.2588231 9.0000000 1.4396946 2.7182557 1.8942965 1.5901977 1.5111773 1.6785349 1.3144041 2.1983953 1.8942965 1.8942965 
t4         1.6785349 2.7182557 9.0000000 9.0000000 9.0000000 9.0000000 0.0000000 9.0000000 2.7182557 9.0000000 9.0000000 9.0000000 3.2381161 9.0000000 9.0000000 3.2381161 3.2381161 3.2381161 3.2381161 3.2381161 
t7         2.4141569 0.9198342 1.8942965 9.0000000 9.0000000 1.7786835 9.0000000 0.0000000 0.7662384 9.0000000 2.1983953 2.1983953 0.6626257 1.1132061 0.8545757 9.0000000 1.5901977 0.9198342 0.8545757 0.8545757 
t15        2.1983953 0.6157354 1.0297869 1.8942965 1.4396946 1.2588231 2.7182557 0.7662384 0.0000000 1.6785349 1.2588231 2.0310377 0.8239592 1.1586745 0.9198342 9.0000000 1.4396946 0.9198342 0.8864954 0.8864954 
t5         9.0000000 9.0000000 9.0000000 9.0000000 9.0000000 9.0000000 9.0000000 9.0000000 1.6785349 0.0000000 9.0000000 9.0000000 3.2381161 3.2381161 9.0000000 9.0000000 3.2381161 2.1983953 2.0310377 2.0310377 
t2         9.0000000 1.7786835 1.8942965 1.3144041 2.1983953 1.4396946 9.0000000 2.1983953 1.2588231 9.0000000 0.0000000 1.5111773 2.7182557 2.7182557 1.7786835 0.9547243 0.7945437 9.0000000 9.0000000 9.0000000 
t19        9.0000000 9.0000000 2.7182557 2.1983953 3.2381161 2.7182557 9.0000000 2.1983953 2.0310377 9.0000000 1.5111773 0.0000000 2.7182557 3.2381161 1.6785349 1.8942965 2.7182557 1.7786835 2.4141569 2.4141569 
t11        1.8942965 1.3144041 2.1983953 2.0310377 9.0000000 1.8942965 3.2381161 0.6626257 0.8239592 3.2381161 2.7182557 2.7182557 0.0000000 1.0703373 1.1586745 9.0000000 2.4141569 0.9198342 0.9198342 0.9198342 
t6         9.0000000 1.4396946 1.5111773 2.7182557 2.1983953 1.5901977 9.0000000 1.1132061 1.1586745 3.2381161 2.7182557 3.2381161 1.0703373 0.0000000 0.2892469 9.0000000 1.8942965 1.7786835 2.0310377 2.0310377 
t9         9.0000000 1.2588231 1.6785349 2.7182557 2.1983953 1.5111773 9.0000000 0.8545757 0.9198342 9.0000000 1.7786835 1.6785349 1.1586745 0.2892469 0.0000000 9.0000000 2.0310377 1.1132061 1.2070784 1.2070784 
t8         9.0000000 1.8942965 1.8942965 1.8942965 2.7182557 1.6785349 3.2381161 9.0000000 9.0000000 9.0000000 0.9547243 1.8942965 9.0000000 9.0000000 9.0000000 0.0000000 0.5504769 9.0000000 9.0000000 9.0000000 
t18        9.0000000 1.5901977 2.0310377 1.6785349 2.1983953 1.3144041 3.2381161 1.5901977 1.4396946 3.2381161 0.7945437 2.7182557 2.4141569 1.8942965 2.0310377 0.5504769 0.0000000 9.0000000 9.0000000 9.0000000 
t3         3.2381161 1.7786835 1.6785349 9.0000000 9.0000000 2.1983953 3.2381161 0.9198342 0.9198342 2.1983953 9.0000000 1.7786835 0.9198342 1.7786835 1.1132061 9.0000000 9.0000000 0.0000000 0.0517447 0.0517447 
t10        9.0000000 1.5901977 1.4396946 9.0000000 9.0000000 1.8942965 3.2381161 0.8545757 0.8864954 2.0310377 9.0000000 2.4141569 0.9198342 2.0310377 1.2070784 9.0000000 9.0000000 0.0517447 0.0000000 0.0000010 
t17        9.0000000 1.5901977 1.4396946 9.0000000 9.0000000 1.8942965 3.2381161 0.8545757 0.8864954 2.0310377 9.0000000 2.4141569 0.9198342 2.0310377 1.2070784 9.0000000 9.0000000 0.0517447 0.0000010 0.0000000 
