20
t4         0.0000000 9.0000000 2.4141569 9.0000000 2.0310377 3.2381161 2.7182557 1.5111773 9.0000000 9.0000000 2.4141569 2.7182557 2.7182557 9.0000000 9.0000000 3.2381161 2.7182557 3.2381161 9.0000000 9.0000000 
t6         9.0000000 0.0000000 1.6785349 3.2381161 2.0310377 2.0310377 1.6785349 1.5901977 1.8942965 1.5901977 1.8942965 1.3744361 1.5111773 1.5111773 0.9547243 0.9913169 1.7786835 1.5901977 1.5111773 1.4396946 
t11        2.4141569 1.6785349 0.0000000 1.6785349 1.3144041 1.4396946 1.6785349 2.4141569 0.6388142 0.5933457 1.2070784 1.1586745 1.0297869 1.5901977 1.5111773 1.5901977 1.0297869 1.0297869 1.3144041 1.2070784 
t17        9.0000000 3.2381161 1.6785349 0.0000000 0.9547243 1.6785349 1.5901977 1.6785349 1.0703373 1.1132061 0.9547243 0.9198342 0.9547243 1.3744361 2.0310377 2.4141569 1.2588231 1.2070784 1.4396946 1.2070784 
t20        2.0310377 2.0310377 1.3144041 0.9547243 0.0000000 1.0297869 1.5111773 1.1586745 0.8545757 0.8239592 1.1132061 0.9547243 1.0297869 1.5901977 9.0000000 9.0000000 1.0297869 1.0297869 1.4396946 1.3744361 
t9         3.2381161 2.0310377 1.4396946 1.6785349 1.0297869 0.0000000 1.1586745 0.9198342 1.2070784 1.0703373 1.2070784 0.9547243 0.9547243 1.2070784 1.6785349 1.4396946 0.8545757 0.8864954 1.1132061 1.1132061 
t10        2.7182557 1.6785349 1.6785349 1.5901977 1.5111773 1.1586745 0.0000000 0.4348639 1.2588231 1.2588231 1.3144041 1.0703373 1.0703373 1.2588231 2.1983953 1.7786835 1.3144041 1.1132061 1.2070784 1.3744361 
t7         1.5111773 1.5901977 2.4141569 1.6785349 1.1586745 0.9198342 0.4348639 0.0000000 1.3744361 1.3744361 1.1132061 0.9198342 0.9198342 1.1586745 2.0310377 2.0310377 1.2070784 1.1132061 1.2588231 1.2070784 
t8         9.0000000 1.8942965 0.6388142 1.0703373 0.8545757 1.2070784 1.2588231 1.3744361 0.0000000 0.0517447 1.0703373 0.7662384 0.7389627 0.8239592 1.5111773 1.5111773 0.7389627 0.7126442 0.7662384 0.6872180 
t15        9.0000000 1.5901977 0.5933457 1.1132061 0.8239592 1.0703373 1.2588231 1.3744361 0.0517447 0.0000000 0.9547243 0.6872180 0.6626257 0.7389627 1.3144041 1.3144041 0.6626257 0.6157354 0.6872180 0.6157354 
t19        2.4141569 1.8942965 1.2070784 0.9547243 1.1132061 1.2070784 1.3144041 1.1132061 1.0703373 0.9547243 0.0000000 0.2746833 0.2463781 0.7389627 1.8942965 2.7182557 0.4172160 0.4348639 0.7389627 0.7126442 
t3         2.7182557 1.3744361 1.1586745 0.9198342 0.9547243 0.9547243 1.0703373 0.9198342 0.7662384 0.6872180 0.2746833 0.0000000 0.0411062 0.6157354 1.5901977 2.1983953 0.3505054 0.3347153 0.5933457 0.5716050 
t12        2.7182557 1.5111773 1.0297869 0.9547243 1.0297869 0.9547243 1.0703373 0.9198342 0.7389627 0.6626257 0.2463781 0.0411062 0.0000000 0.6388142 1.6785349 2.7182557 0.3347153 0.3192509 0.6157354 0.5933457 
t2         9.0000000 1.5111773 1.5901977 1.3744361 1.5901977 1.2070784 1.2588231 1.1586745 0.8239592 0.7389627 0.7389627 0.6157354 0.6388142 0.0000000 1.5901977 1.5901977 0.6626257 0.6388142 0.0958750 0.1189538 
t18        9.0000000 0.9547243 1.5111773 2.0310377 9.0000000 1.6785349 2.1983953 2.0310377 1.5111773 1.3144041 1.8942965 1.5901977 1.6785349 1.5901977 0.0000000 0.1427653 1.3744361 1.2588231 1.5111773 1.4396946 
t13        3.2381161 0.9913169 1.5901977 2.4141569 9.0000000 1.4396946 1.7786835 2.0310377 1.5111773 1.3144041 2.7182557 2.1983953 2.7182557 1.5901977 0.1427653 0.0000000 1.5901977 1.5111773 1.3744361 1.5111773 
t1         2.7182557 1.7786835 1.0297869 1.2588231 1.0297869 0.8545757 1.3144041 1.2070784 0.7389627 0.6626257 0.4172160 0.3505054 0.3347153 0.6626257 1.3744361 1.5901977 0.0000000 0.0517447 0.6872180 0.6388142 
t14        3.2381161 1.5901977 1.0297869 1.2070784 1.0297869 0.8864954 1.1132061 1.1132061 0.7126442 0.6157354 0.4348639 0.3347153 0.3192509 0.6388142 1.2588231 1.5111773 0.0517447 0.0000000 0.6626257 0.6157354 
t5         9.0000000 1.5111773 1.3144041 1.4396946 1.4396946 1.1132061 1.2070784 1.2588231 0.7662384 0.6872180 0.7389627 0.5933457 0.6157354 0.0958750 1.5111773 1.3744361 0.6872180 0.6626257 0.0000000 0.0625362 
t16        9.0000000 1.4396946 1.2070784 1.2070784 1.3744361 1.1132061 1.3744361 1.2070784 0.6872180 0.6157354 0.7126442 0.5716050 0.5933457 0.1189538 1.4396946 1.5111773 0.6388142 0.6157354 0.0625362 0.0000000 
