20
t4         0.0000000 0.9913169 0.8864954 0.9198342 1.1132061 0.8239592 0.7945437 1.1586745 1.4396946 1.0297869 1.0297869 1.0703373 0.9913169 1.1586745 1.0703373 0.9547243 1.2588231 1.3744361 0.8864954 0.9198342 
t9         0.9913169 0.0000000 0.8239592 0.8864954 0.9547243 1.0703373 1.1586745 0.6157354 0.8239592 0.7945437 0.3192509 0.3666350 0.9547243 0.9547243 0.6388142 0.6872180 1.0297869 1.1586745 0.3999739 0.4348639 
t8         0.8864954 0.8239592 0.0000000 0.2191023 0.5504769 0.9547243 1.0297869 0.9198342 1.2070784 0.6157354 0.7662384 0.9198342 0.8864954 0.6626257 0.7389627 0.7662384 0.9198342 0.9913169 0.7126442 0.6872180 
t1         0.9198342 0.8864954 0.2191023 0.0000000 0.5099265 0.8545757 0.9547243 0.7945437 0.9547243 0.5933457 0.7945437 0.9913169 0.7945437 0.5933457 0.7389627 0.7389627 0.8239592 0.8864954 0.6872180 0.6626257 
t3         1.1132061 0.9547243 0.5504769 0.5099265 0.0000000 0.8864954 1.1586745 0.9198342 1.3744361 0.7662384 0.9913169 1.0703373 0.8545757 0.9547243 0.7389627 0.8545757 0.8864954 0.8864954 0.8545757 0.7662384 
t12        0.8239592 1.0703373 0.9547243 0.8545757 0.8864954 0.0000000 0.3666350 0.9913169 1.6785349 0.9913169 0.7662384 0.8864954 1.1132061 1.0297869 0.8864954 0.9913169 1.3744361 1.5111773 0.6388142 0.6157354 
t18        0.7945437 1.1586745 1.0297869 0.9547243 1.1586745 0.3666350 0.0000000 1.2070784 1.3744361 0.9913169 0.9198342 0.9913169 1.2588231 1.2070784 1.1132061 1.2588231 1.2070784 1.4396946 0.7662384 0.7126442 
t15        1.1586745 0.6157354 0.9198342 0.7945437 0.9198342 0.9913169 1.2070784 0.0000000 0.3831192 0.7945437 0.4714565 0.6388142 0.9547243 0.9547243 0.7389627 0.7389627 1.2070784 1.3744361 0.6157354 0.5933457 
t16        1.4396946 0.8239592 1.2070784 0.9547243 1.3744361 1.6785349 1.3744361 0.3831192 0.0000000 0.8864954 0.6626257 0.9547243 1.1132061 1.1586745 1.0703373 1.0297869 1.4396946 1.7786835 0.7662384 0.7389627 
t11        1.0297869 0.7945437 0.6157354 0.5933457 0.7662384 0.9913169 0.9913169 0.7945437 0.8864954 0.0000000 0.7945437 0.9198342 0.3040988 0.2191023 0.6626257 0.6388142 0.9198342 0.9913169 0.6626257 0.6388142 
t20        1.0297869 0.3192509 0.7662384 0.7945437 0.9913169 0.7662384 0.9198342 0.4714565 0.6626257 0.7945437 0.0000000 0.3192509 0.8239592 0.8864954 0.6626257 0.7389627 1.1132061 1.4396946 0.3505054 0.3666350 
t17        1.0703373 0.3666350 0.9198342 0.9913169 1.0703373 0.8864954 0.9913169 0.6388142 0.9547243 0.9198342 0.3192509 0.0000000 1.0297869 0.9913169 0.8239592 0.9198342 1.3744361 1.5111773 0.5716050 0.5933457 
t14        0.9913169 0.9547243 0.8864954 0.7945437 0.8545757 1.1132061 1.2588231 0.9547243 1.1132061 0.3040988 0.8239592 1.0297869 0.0000000 0.3505054 0.8239592 0.8239592 1.2588231 1.2588231 0.8545757 0.8545757 
t6         1.1586745 0.9547243 0.6626257 0.5933457 0.9547243 1.0297869 1.2070784 0.9547243 1.1586745 0.2191023 0.8864954 0.9913169 0.3505054 0.0000000 0.6626257 0.6872180 1.0297869 1.1586745 0.7389627 0.7389627 
t2         1.0703373 0.6388142 0.7389627 0.7389627 0.7389627 0.8864954 1.1132061 0.7389627 1.0703373 0.6626257 0.6626257 0.8239592 0.8239592 0.6626257 0.0000000 0.2326162 0.8239592 0.9547243 0.5933457 0.5933457 
t10        0.9547243 0.6872180 0.7662384 0.7389627 0.8545757 0.9913169 1.2588231 0.7389627 1.0297869 0.6388142 0.7389627 0.9198342 0.8239592 0.6872180 0.2326162 0.0000000 0.8545757 0.9198342 0.7126442 0.7126442 
t19        1.2588231 1.0297869 0.9198342 0.8239592 0.8864954 1.3744361 1.2070784 1.2070784 1.4396946 0.9198342 1.1132061 1.3744361 1.2588231 1.0297869 0.8239592 0.8545757 0.0000000 0.2463781 1.0703373 1.0703373 
t13        1.3744361 1.1586745 0.9913169 0.8864954 0.8864954 1.5111773 1.4396946 1.3744361 1.7786835 0.9913169 1.4396946 1.5111773 1.2588231 1.1586745 0.9547243 0.9198342 0.2463781 0.0000000 1.2588231 1.2588231 
t5         0.8864954 0.3999739 0.7126442 0.6872180 0.8545757 0.6388142 0.7662384 0.6157354 0.7662384 0.6626257 0.3505054 0.5716050 0.8545757 0.7389627 0.5933457 0.7126442 1.0703373 1.2588231 0.0000000 0.0306165 
t7         0.9198342 0.4348639 0.6872180 0.6626257 0.7662384 0.6157354 0.7126442 0.5933457 0.7389627 0.6388142 0.3666350 0.5933457 0.8545757 0.7389627 0.5933457 0.7126442 1.0703373 1.2588231 0.0306165 0.0000000 
