20
t7         0.0000000 1.1132061 0.8545757 1.2588231 1.2070784 0.8545757 0.8864954 0.9547243 0.9913169 0.9913169 1.5901977 1.5901977 1.2588231 1.1586745 1.2070784 1.1132061 1.0703373 1.0297869 1.1132061 1.1132061 
t5         1.1132061 0.0000000 1.1132061 0.8864954 0.7945437 0.9198342 0.6626257 1.0703373 0.7945437 0.7945437 0.8545757 0.9547243 0.8864954 0.9547243 0.9198342 0.8864954 1.2070784 1.2070784 0.9913169 0.9547243 
t14        0.8545757 1.1132061 0.0000000 0.6626257 0.9547243 0.8864954 0.8864954 1.0297869 1.1132061 1.1132061 1.3744361 1.6785349 1.3744361 1.2588231 1.0703373 0.9913169 0.9913169 0.9547243 1.0703373 1.0703373 
t4         1.2588231 0.8864954 0.6626257 0.0000000 1.0703373 0.8864954 1.1586745 1.4396946 1.0297869 1.0703373 1.2070784 1.2070784 1.3744361 1.4396946 1.1586745 1.0297869 0.9913169 0.9547243 1.3144041 1.2588231 
t16        1.2070784 0.7945437 0.9547243 1.0703373 0.0000000 0.7126442 0.5504769 1.1132061 0.9547243 0.9913169 0.4904449 0.5299277 0.4714565 0.4172160 0.9547243 1.1586745 1.1132061 0.9913169 0.5716050 0.5504769 
t15        0.8545757 0.9198342 0.8864954 0.8864954 0.7126442 0.0000000 0.5933457 0.7945437 1.0703373 0.9547243 0.9198342 0.8864954 1.0297869 0.9198342 1.1132061 1.2588231 0.8239592 0.7389627 0.8239592 0.8545757 
t1         0.8864954 0.6626257 0.8864954 1.1586745 0.5504769 0.5933457 0.0000000 0.8864954 0.9913169 0.9547243 0.8239592 0.9198342 0.9547243 0.8545757 0.8239592 1.0297869 0.8864954 0.9198342 0.8864954 0.9198342 
t10        0.9547243 1.0703373 1.0297869 1.4396946 1.1132061 0.7945437 0.8864954 0.0000000 1.3744361 1.3144041 1.0297869 1.1586745 1.2588231 1.1132061 1.4396946 1.5111773 0.4904449 0.4714565 0.9547243 0.9547243 
t18        0.9913169 0.7945437 1.1132061 1.0297869 0.9547243 1.0703373 0.9913169 1.3744361 0.0000000 0.2326162 0.9913169 1.0703373 1.0703373 0.9913169 0.3999739 0.2892469 1.3144041 1.2070784 1.3144041 1.2588231 
t19        0.9913169 0.7945437 1.1132061 1.0703373 0.9913169 0.9547243 0.9547243 1.3144041 0.2326162 0.0000000 1.0297869 1.1132061 1.1586745 1.1132061 0.2326162 0.2058276 1.2070784 1.2070784 1.3144041 1.2588231 
t8         1.5901977 0.8545757 1.3744361 1.2070784 0.4904449 0.9198342 0.8239592 1.0297869 0.9913169 1.0297869 0.0000000 0.1427653 0.5933457 0.6157354 1.0703373 1.2070784 1.2070784 1.0703373 0.7662384 0.7389627 
t17        1.5901977 0.9547243 1.6785349 1.2070784 0.5299277 0.8864954 0.9198342 1.1586745 1.0703373 1.1132061 0.1427653 0.0000000 0.6626257 0.6157354 1.3144041 1.3144041 1.2588231 1.1132061 0.7662384 0.7389627 
t20        1.2588231 0.8864954 1.3744361 1.3744361 0.4714565 1.0297869 0.9547243 1.2588231 1.0703373 1.1586745 0.5933457 0.6626257 0.0000000 0.1189538 0.9913169 1.0703373 1.3744361 1.2070784 0.7389627 0.7126442 
t9         1.1586745 0.9547243 1.2588231 1.4396946 0.4172160 0.9198342 0.8545757 1.1132061 0.9913169 1.1132061 0.6157354 0.6157354 0.1189538 0.0000000 1.0297869 1.0703373 1.3144041 1.1586745 0.6388142 0.6157354 
t6         1.2070784 0.9198342 1.0703373 1.1586745 0.9547243 1.1132061 0.8239592 1.4396946 0.3999739 0.2326162 1.0703373 1.3144041 0.9913169 1.0297869 0.0000000 0.1799630 1.3744361 1.3744361 1.0703373 1.1132061 
t13        1.1132061 0.8864954 0.9913169 1.0297869 1.1586745 1.2588231 1.0297869 1.5111773 0.2892469 0.2058276 1.2070784 1.3144041 1.0703373 1.0703373 0.1799630 0.0000000 1.5111773 1.3744361 1.3144041 1.3744361 
t12        1.0703373 1.2070784 0.9913169 0.9913169 1.1132061 0.8239592 0.8864954 0.4904449 1.3144041 1.2070784 1.2070784 1.2588231 1.3744361 1.3144041 1.3744361 1.5111773 0.0000000 0.0411062 1.2588231 1.2588231 
t2         1.0297869 1.2070784 0.9547243 0.9547243 0.9913169 0.7389627 0.9198342 0.4714565 1.2070784 1.2070784 1.0703373 1.1132061 1.2070784 1.1586745 1.3744361 1.3744361 0.0411062 0.0000000 1.1586745 1.1586745 
t3         1.1132061 0.9913169 1.0703373 1.3144041 0.5716050 0.8239592 0.8864954 0.9547243 1.3144041 1.3144041 0.7662384 0.7662384 0.7389627 0.6388142 1.0703373 1.3144041 1.2588231 1.1586745 0.0000000 0.0100673 
t11        1.1132061 0.9547243 1.0703373 1.2588231 0.5504769 0.8545757 0.9198342 0.9547243 1.2588231 1.2588231 0.7389627 0.7389627 0.7126442 0.6157354 1.1132061 1.3744361 1.2588231 1.1586745 0.0100673 0.0000000 
