20
t2         0.0000000 0.4904449 0.6626257 0.3347153 0.7126442 0.3999739 1.2070784 0.6626257 0.5933457 0.6157354 0.8864954 0.5099265 0.8545757 0.4714565 0.7662384 0.6388142 0.5504769 0.4904449 1.5111773 1.3744361 
t17        0.4904449 0.0000000 0.7662384 0.5716050 1.0297869 0.6626257 1.6785349 0.7126442 0.6626257 0.7662384 0.7126442 0.6872180 0.7389627 0.6626257 0.7662384 0.6388142 0.7389627 0.6388142 2.7182557 2.1983953 
t12        0.6626257 0.7662384 0.0000000 0.6157354 1.2070784 1.0703373 3.2381161 0.9547243 0.8864954 1.1132061 1.1586745 1.0297869 1.2588231 0.7945437 1.5111773 1.2588231 0.8239592 0.7945437 2.7182557 3.2381161 
t13        0.3347153 0.5716050 0.6157354 0.0000000 0.7389627 0.6388142 1.1132061 0.7945437 0.6872180 0.6872180 0.7662384 0.7662384 0.9547243 0.2892469 0.8864954 0.7945437 0.3192509 0.2746833 1.4396946 1.3744361 
t20        0.7126442 1.0297869 1.2070784 0.7389627 0.0000000 1.1132061 2.0310377 1.1586745 0.9913169 1.2588231 1.2588231 1.1586745 1.3144041 0.9547243 0.8864954 0.8864954 1.0297869 0.9198342 2.1983953 1.7786835 
t9         0.3999739 0.6626257 1.0703373 0.6388142 1.1132061 0.0000000 0.9547243 1.1132061 0.8864954 0.8239592 1.0297869 0.6626257 0.7945437 0.6626257 1.0703373 0.8864954 0.7662384 0.6872180 1.7786835 1.6785349 
t15        1.2070784 1.6785349 3.2381161 1.1132061 2.0310377 0.9547243 0.0000000 3.2381161 1.8942965 1.6785349 1.8942965 1.5111773 1.7786835 1.1586745 2.0310377 1.8942965 1.2070784 1.1132061 9.0000000 9.0000000 
t10        0.6626257 0.7126442 0.9547243 0.7945437 1.1586745 1.1132061 3.2381161 0.0000000 0.1799630 1.1586745 1.1586745 0.8864954 1.1586745 0.8864954 0.9547243 0.8864954 0.8545757 0.8864954 2.0310377 2.4141569 
t3         0.5933457 0.6626257 0.8864954 0.6872180 0.9913169 0.8864954 1.8942965 0.1799630 0.0000000 1.1586745 1.2070784 0.7945437 1.1586745 0.7662384 0.8545757 0.8239592 0.7662384 0.7662384 2.7182557 3.2381161 
t7         0.6157354 0.7662384 1.1132061 0.6872180 1.2588231 0.8239592 1.6785349 1.1586745 1.1586745 0.0000000 0.5299277 0.8239592 1.1586745 0.9913169 0.7126442 0.6626257 1.2070784 1.1132061 1.6785349 1.6785349 
t19        0.8864954 0.7126442 1.1586745 0.7662384 1.2588231 1.0297869 1.8942965 1.1586745 1.2070784 0.5299277 0.0000000 0.9547243 0.9913169 0.9198342 0.7945437 0.8864954 1.0703373 1.0297869 2.7182557 2.4141569 
t8         0.5099265 0.6872180 1.0297869 0.7662384 1.1586745 0.6626257 1.5111773 0.8864954 0.7945437 0.8239592 0.9547243 0.0000000 0.5299277 0.8545757 0.8545757 0.7662384 0.9198342 0.8864954 1.8942965 1.7786835 
t6         0.8545757 0.7389627 1.2588231 0.9547243 1.3144041 0.7945437 1.7786835 1.1586745 1.1586745 1.1586745 0.9913169 0.5299277 0.0000000 0.9913169 0.8545757 0.7945437 1.0703373 1.0297869 1.4396946 1.3744361 
t5         0.4714565 0.6626257 0.7945437 0.2892469 0.9547243 0.6626257 1.1586745 0.8864954 0.7662384 0.9913169 0.9198342 0.8545757 0.9913169 0.0000000 1.0297869 0.8864954 0.0734853 0.0517447 1.5111773 1.4396946 
t18        0.7662384 0.7662384 1.5111773 0.8864954 0.8864954 1.0703373 2.0310377 0.9547243 0.8545757 0.7126442 0.7945437 0.8545757 0.8545757 1.0297869 0.0000000 0.0625362 1.2070784 1.1132061 1.6785349 1.5901977 
t14        0.6388142 0.6388142 1.2588231 0.7945437 0.8864954 0.8864954 1.8942965 0.8864954 0.8239592 0.6626257 0.8864954 0.7662384 0.7945437 0.8864954 0.0625362 0.0000000 1.0297869 0.9547243 1.4396946 1.3744361 
t11        0.5504769 0.7389627 0.8239592 0.3192509 1.0297869 0.7662384 1.2070784 0.8545757 0.7662384 1.2070784 1.0703373 0.9198342 1.0703373 0.0734853 1.2070784 1.0297869 0.0000000 0.0625362 1.3744361 1.3144041 
t4         0.4904449 0.6388142 0.7945437 0.2746833 0.9198342 0.6872180 1.1132061 0.8864954 0.7662384 1.1132061 1.0297869 0.8864954 1.0297869 0.0517447 1.1132061 0.9547243 0.0625362 0.0000000 1.5111773 1.4396946 
t1         1.5111773 2.7182557 2.7182557 1.4396946 2.1983953 1.7786835 9.0000000 2.0310377 2.7182557 1.6785349 2.7182557 1.8942965 1.4396946 1.5111773 1.6785349 1.4396946 1.3744361 1.5111773 0.0000000 0.0411062 
t16        1.3744361 2.1983953 3.2381161 1.3744361 1.7786835 1.6785349 9.0000000 2.4141569 3.2381161 1.6785349 2.4141569 1.7786835 1.3744361 1.4396946 1.5901977 1.3744361 1.3144041 1.4396946 0.0411062 0.0000000 
