20
t13        0.0000000 1.1586745 1.0297869 1.1132061 0.9913169 0.9547243 1.0703373 0.9198342 1.2070784 0.9547243 1.4396946 1.5901977 0.9547243 1.1586745 1.1132061 1.2588231 0.8545757 0.9198342 0.8864954 0.8864954 
t7         1.1586745 0.0000000 2.7182557 1.1586745 1.2588231 0.8545757 0.7389627 0.8545757 1.3744361 1.0297869 0.9547243 1.2588231 0.7945437 0.8239592 0.8239592 0.7945437 1.1586745 1.2070784 0.6388142 0.6626257 
t18        1.0297869 2.7182557 0.0000000 1.1586745 1.5111773 1.4396946 1.5901977 0.9198342 0.8864954 1.5901977 1.1132061 1.0703373 1.7786835 1.2588231 1.2588231 1.5901977 2.1983953 2.0310377 1.8942965 1.8942965 
t5         1.1132061 1.1586745 1.1586745 0.0000000 1.2070784 1.3744361 1.4396946 0.7126442 0.9547243 1.1132061 1.2588231 1.1132061 1.1132061 1.2588231 1.2070784 1.1586745 1.2070784 1.2588231 1.1132061 1.1586745 
t8         0.9913169 1.2588231 1.5111773 1.2070784 0.0000000 0.7662384 1.1586745 1.0297869 1.5111773 1.0297869 1.3744361 1.4396946 0.9913169 1.1586745 1.6785349 0.9913169 1.0703373 1.0703373 0.9198342 0.8864954 
t19        0.9547243 0.8545757 1.4396946 1.3744361 0.7662384 0.0000000 0.9198342 1.1586745 1.2588231 0.7389627 1.0297869 1.2070784 1.0297869 0.8239592 0.9913169 1.1132061 0.8545757 0.7945437 0.7945437 0.8239592 
t1         1.0703373 0.7389627 1.5901977 1.4396946 1.1586745 0.9198342 0.0000000 1.0297869 1.0703373 0.9198342 1.0297869 1.1586745 0.7126442 0.7126442 0.7945437 0.9547243 0.9547243 1.0703373 0.8239592 0.8545757 
t4         0.9198342 0.8545757 0.9198342 0.7126442 1.0297869 1.1586745 1.0297869 0.0000000 0.4904449 0.8864954 1.1132061 1.0703373 0.8545757 0.9913169 0.9198342 0.9198342 1.3744361 1.5111773 0.7389627 0.7662384 
t20        1.2070784 1.3744361 0.8864954 0.9547243 1.5111773 1.2588231 1.0703373 0.4904449 0.0000000 0.7662384 0.8864954 0.9913169 0.8864954 1.0703373 1.0703373 0.9198342 1.1132061 1.2070784 1.0297869 1.0703373 
t17        0.9547243 1.0297869 1.5901977 1.1132061 1.0297869 0.7389627 0.9198342 0.8864954 0.7662384 0.0000000 1.0703373 1.2588231 0.5716050 0.7945437 0.9913169 0.6157354 0.9913169 1.0297869 0.4904449 0.5099265 
t6         1.4396946 0.9547243 1.1132061 1.2588231 1.3744361 1.0297869 1.0297869 1.1132061 0.8864954 1.0703373 0.0000000 0.4529370 1.0703373 0.9913169 1.2588231 0.9913169 1.3744361 1.3744361 0.9913169 0.9913169 
t10        1.5901977 1.2588231 1.0703373 1.1132061 1.4396946 1.2070784 1.1586745 1.0703373 0.9913169 1.2588231 0.4529370 0.0000000 1.3144041 1.4396946 1.6785349 1.4396946 1.5901977 1.3744361 1.2070784 1.2588231 
t9         0.9547243 0.7945437 1.7786835 1.1132061 0.9913169 1.0297869 0.7126442 0.8545757 0.8864954 0.5716050 1.0703373 1.3144041 0.0000000 0.8545757 1.0297869 0.2603971 1.1586745 1.0297869 0.2746833 0.2892469 
t12        1.1586745 0.8239592 1.2588231 1.2588231 1.1586745 0.8239592 0.7126442 0.9913169 1.0703373 0.7945437 0.9913169 1.4396946 0.8545757 0.0000000 0.1673577 0.7945437 1.0297869 1.0297869 0.6388142 0.6388142 
t2         1.1132061 0.8239592 1.2588231 1.2070784 1.6785349 0.9913169 0.7945437 0.9198342 1.0703373 0.9913169 1.2588231 1.6785349 1.0297869 0.1673577 0.0000000 0.9913169 1.3144041 1.2588231 0.8545757 0.8545757 
t3         1.2588231 0.7945437 1.5901977 1.1586745 0.9913169 1.1132061 0.9547243 0.9198342 0.9198342 0.6157354 0.9913169 1.4396946 0.2603971 0.7945437 0.9913169 0.0000000 1.0297869 0.9547243 0.2191023 0.2326162 
t14        0.8545757 1.1586745 2.1983953 1.2070784 1.0703373 0.8545757 0.9547243 1.3744361 1.1132061 0.9913169 1.3744361 1.5901977 1.1586745 1.0297869 1.3144041 1.0297869 0.0000000 0.1189538 0.9198342 0.9198342 
t15        0.9198342 1.2070784 2.0310377 1.2588231 1.0703373 0.7945437 1.0703373 1.5111773 1.2070784 1.0297869 1.3744361 1.3744361 1.0297869 1.0297869 1.2588231 0.9547243 0.1189538 0.0000000 0.8239592 0.8239592 
t11        0.8864954 0.6388142 1.8942965 1.1132061 0.9198342 0.7945437 0.8239592 0.7389627 1.0297869 0.4904449 0.9913169 1.2070784 0.2746833 0.6388142 0.8545757 0.2191023 0.9198342 0.8239592 0.0000000 0.0100673 
t16        0.8864954 0.6626257 1.8942965 1.1586745 0.8864954 0.8239592 0.8545757 0.7662384 1.0703373 0.5099265 0.9913169 1.2588231 0.2892469 0.6388142 0.8545757 0.2326162 0.9198342 0.8239592 0.0100673 0.0000000 
