20
t11        0.0000000 1.5901977 1.5901977 1.2070784 1.6785349 1.8942965 1.3144041 1.3744361 2.0310377 1.5111773 1.3744361 1.6785349 1.5111773 1.7786835 1.2070784 1.6785349 1.5901977 1.6785349 1.3744361 1.3144041 
t9         1.5901977 0.0000000 1.4396946 1.1132061 1.4396946 0.9198342 0.9913169 1.1586745 1.1132061 1.1586745 0.9913169 0.9547243 0.7662384 0.8864954 1.1586745 1.5901977 0.8864954 0.9913169 0.9547243 0.9198342 
t13        1.5901977 1.4396946 0.0000000 1.2588231 1.3144041 1.1132061 1.2588231 1.5111773 1.5111773 1.3144041 1.2070784 1.1586745 0.7389627 0.9913169 1.0297869 0.9547243 0.9547243 1.0297869 1.4396946 1.5111773 
t3         1.2070784 1.1132061 1.2588231 0.0000000 1.0703373 0.8864954 0.9913169 1.1132061 0.7662384 0.9913169 0.8545757 0.6872180 1.1132061 1.2070784 1.1586745 1.3144041 0.6626257 0.7662384 1.1586745 1.1586745 
t10        1.6785349 1.4396946 1.3144041 1.0703373 0.0000000 1.2070784 1.2070784 1.3144041 1.2588231 1.1132061 1.2070784 1.1132061 0.9913169 0.9547243 0.8545757 1.0703373 0.9198342 0.9547243 1.5111773 1.3744361 
t5         1.8942965 0.9198342 1.1132061 0.8864954 1.2070784 0.0000000 1.1132061 1.4396946 1.0297869 0.5933457 0.5716050 0.7945437 0.7126442 0.7126442 1.2070784 1.7786835 0.7662384 0.8545757 1.1586745 1.1132061 
t14        1.3144041 0.9913169 1.2588231 0.9913169 1.2070784 1.1132061 0.0000000 0.5716050 0.9547243 0.9198342 0.8864954 1.0297869 1.0297869 1.3744361 1.1132061 1.3744361 0.9547243 1.0703373 0.9198342 0.8864954 
t16        1.3744361 1.1586745 1.5111773 1.1132061 1.3144041 1.4396946 0.5716050 0.0000000 1.1586745 1.1132061 1.2588231 1.0703373 1.1586745 1.2588231 1.1586745 1.3744361 1.0297869 1.2070784 1.2070784 1.2070784 
t15        2.0310377 1.1132061 1.5111773 0.7662384 1.2588231 1.0297869 0.9547243 1.1586745 0.0000000 0.8864954 1.0297869 0.5716050 1.1132061 1.1132061 1.7786835 1.7786835 0.4714565 0.5504769 2.0310377 1.7786835 
t12        1.5111773 1.1586745 1.3144041 0.9913169 1.1132061 0.5933457 0.9198342 1.1132061 0.8864954 0.0000000 0.2326162 0.8545757 0.9547243 0.9198342 1.3144041 1.5111773 0.7662384 0.9198342 0.9547243 0.9547243 
t18        1.3744361 0.9913169 1.2070784 0.8545757 1.2070784 0.5716050 0.8864954 1.2588231 1.0297869 0.2326162 0.0000000 0.8545757 0.8864954 0.8545757 1.3744361 2.1983953 0.8239592 0.9198342 1.0703373 0.9913169 
t7         1.6785349 0.9547243 1.1586745 0.6872180 1.1132061 0.7945437 1.0297869 1.0703373 0.5716050 0.8545757 0.8545757 0.0000000 0.9547243 1.0297869 1.4396946 1.8942965 0.1189538 0.1549607 1.1586745 1.1586745 
t17        1.5111773 0.7662384 0.7389627 1.1132061 0.9913169 0.7126442 1.0297869 1.1586745 1.1132061 0.9547243 0.8864954 0.9547243 0.0000000 0.1549607 0.5716050 0.6626257 0.8239592 0.9547243 1.5111773 1.4396946 
t2         1.7786835 0.8864954 0.9913169 1.2070784 0.9547243 0.7126442 1.3744361 1.2588231 1.1132061 0.9198342 0.8545757 1.0297869 0.1549607 0.0000000 0.6872180 0.8239592 0.9198342 1.0703373 1.7786835 1.5901977 
t4         1.2070784 1.1586745 1.0297869 1.1586745 0.8545757 1.2070784 1.1132061 1.1586745 1.7786835 1.3144041 1.3744361 1.4396946 0.5716050 0.6872180 0.0000000 0.2191023 1.2588231 1.4396946 1.5111773 1.5901977 
t8         1.6785349 1.5901977 0.9547243 1.3144041 1.0703373 1.7786835 1.3744361 1.3744361 1.7786835 1.5111773 2.1983953 1.8942965 0.6626257 0.8239592 0.2191023 0.0000000 1.5111773 1.5111773 1.7786835 1.6785349 
t20        1.5901977 0.8864954 0.9547243 0.6626257 0.9198342 0.7662384 0.9547243 1.0297869 0.4714565 0.7662384 0.8239592 0.1189538 0.8239592 0.9198342 1.2588231 1.5111773 0.0000000 0.0845966 1.1586745 1.1586745 
t6         1.6785349 0.9913169 1.0297869 0.7662384 0.9547243 0.8545757 1.0703373 1.2070784 0.5504769 0.9198342 0.9198342 0.1549607 0.9547243 1.0703373 1.4396946 1.5111773 0.0845966 0.0000000 1.1586745 1.1586745 
t19        1.3744361 0.9547243 1.4396946 1.1586745 1.5111773 1.1586745 0.9198342 1.2070784 2.0310377 0.9547243 1.0703373 1.1586745 1.5111773 1.7786835 1.5111773 1.7786835 1.1586745 1.1586745 0.0000000 0.0517447 
t1         1.3144041 0.9198342 1.5111773 1.1586745 1.3744361 1.1132061 0.8864954 1.2070784 1.7786835 0.9547243 0.9913169 1.1586745 1.4396946 1.5901977 1.5901977 1.6785349 1.1586745 1.1586745 0.0517447 0.0000000 
