20
t14        0.0000000 1.1586745 1.3144041 0.5716050 0.7126442 2.1983953 1.7786835 2.4141569 1.8942965 3.2381161 9.0000000 1.0703373 0.7126442 1.3744361 1.3144041 2.0310377 1.7786835 1.7786835 1.6785349 1.6785349 
t11        1.1586745 0.0000000 1.3744361 0.9547243 1.1586745 2.0310377 2.7182557 9.0000000 2.4141569 9.0000000 2.4141569 2.4141569 1.3744361 1.4396946 1.4396946 2.0310377 2.1983953 1.8942965 1.8942965 1.8942965 
t1         1.3144041 1.3744361 0.0000000 1.1132061 1.0297869 2.0310377 3.2381161 3.2381161 1.7786835 2.7182557 9.0000000 1.2070784 1.2070784 1.4396946 1.4396946 3.2381161 1.8942965 9.0000000 9.0000000 9.0000000 
t16        0.5716050 0.9547243 1.1132061 0.0000000 0.4529370 2.0310377 1.7786835 9.0000000 2.0310377 1.8942965 2.1983953 0.8864954 0.8239592 1.1586745 1.1132061 2.4141569 1.5901977 2.7182557 2.7182557 2.7182557 
t12        0.7126442 1.1586745 1.0297869 0.4529370 0.0000000 1.5111773 2.4141569 9.0000000 9.0000000 9.0000000 9.0000000 0.9547243 0.8864954 0.9913169 0.9198342 9.0000000 2.7182557 1.4396946 1.5111773 1.5111773 
t19        2.1983953 2.0310377 2.0310377 2.0310377 1.5111773 0.0000000 9.0000000 3.2381161 9.0000000 2.7182557 9.0000000 1.6785349 9.0000000 2.4141569 2.0310377 9.0000000 9.0000000 0.3192509 0.3192509 0.3192509 
t5         1.7786835 2.7182557 3.2381161 1.7786835 2.4141569 9.0000000 0.0000000 9.0000000 0.2603971 0.4172160 0.4348639 9.0000000 9.0000000 9.0000000 9.0000000 0.2463781 0.2058276 9.0000000 9.0000000 9.0000000 
t2         2.4141569 9.0000000 3.2381161 9.0000000 9.0000000 3.2381161 9.0000000 0.0000000 2.4141569 3.2381161 9.0000000 9.0000000 1.3744361 0.8239592 0.7389627 9.0000000 9.0000000 9.0000000 9.0000000 9.0000000 
t9         1.8942965 2.4141569 1.7786835 2.0310377 9.0000000 9.0000000 0.2603971 2.4141569 0.0000000 0.6157354 0.5933457 9.0000000 9.0000000 9.0000000 9.0000000 0.1927838 0.1799630 9.0000000 9.0000000 9.0000000 
t17        3.2381161 9.0000000 2.7182557 1.8942965 9.0000000 2.7182557 0.4172160 3.2381161 0.6157354 0.0000000 0.4348639 9.0000000 9.0000000 9.0000000 9.0000000 0.5933457 0.5099265 9.0000000 9.0000000 9.0000000 
t3         9.0000000 2.4141569 9.0000000 2.1983953 9.0000000 9.0000000 0.4348639 9.0000000 0.5933457 0.4348639 0.0000000 9.0000000 9.0000000 9.0000000 9.0000000 0.5299277 0.4714565 9.0000000 9.0000000 9.0000000 
t6         1.0703373 2.4141569 1.2070784 0.8864954 0.9547243 1.6785349 9.0000000 9.0000000 9.0000000 9.0000000 9.0000000 0.0000000 0.5933457 1.2588231 1.2070784 9.0000000 9.0000000 2.0310377 1.7786835 1.7786835 
t7         0.7126442 1.3744361 1.2070784 0.8239592 0.8864954 9.0000000 9.0000000 1.3744361 9.0000000 9.0000000 9.0000000 0.5933457 0.0000000 0.7389627 0.6872180 9.0000000 9.0000000 9.0000000 9.0000000 9.0000000 
t20        1.3744361 1.4396946 1.4396946 1.1586745 0.9913169 2.4141569 9.0000000 0.8239592 9.0000000 9.0000000 9.0000000 1.2588231 0.7389627 0.0000000 0.0517447 9.0000000 9.0000000 3.2381161 2.4141569 2.4141569 
t8         1.3144041 1.4396946 1.4396946 1.1132061 0.9198342 2.0310377 9.0000000 0.7389627 9.0000000 9.0000000 9.0000000 1.2070784 0.6872180 0.0517447 0.0000000 9.0000000 9.0000000 2.1983953 2.0310377 2.0310377 
t13        2.0310377 2.0310377 3.2381161 2.4141569 9.0000000 9.0000000 0.2463781 9.0000000 0.1927838 0.5933457 0.5299277 9.0000000 9.0000000 9.0000000 9.0000000 0.0000000 0.1427653 9.0000000 9.0000000 9.0000000 
t10        1.7786835 2.1983953 1.8942965 1.5901977 2.7182557 9.0000000 0.2058276 9.0000000 0.1799630 0.5099265 0.4714565 9.0000000 9.0000000 9.0000000 9.0000000 0.1427653 0.0000000 9.0000000 9.0000000 9.0000000 
t15        1.7786835 1.8942965 9.0000000 2.7182557 1.4396946 0.3192509 9.0000000 9.0000000 9.0000000 9.0000000 9.0000000 2.0310377 9.0000000 3.2381161 2.1983953 9.0000000 9.0000000 0.0000000 0.0845966 0.0845966 
t4         1.6785349 1.8942965 9.0000000 2.7182557 1.5111773 0.3192509 9.0000000 9.0000000 9.0000000 9.0000000 9.0000000 1.7786835 9.0000000 2.4141569 2.0310377 9.0000000 9.0000000 0.0845966 0.0000000 0.0000010 
t18        1.6785349 1.8942965 9.0000000 2.7182557 1.5111773 0.3192509 9.0000000 9.0000000 9.0000000 9.0000000 9.0000000 1.7786835 9.0000000 2.4141569 2.0310377 9.0000000 9.0000000 0.0845966 0.0000010 0.0000000 
