20
t3         0.0000000 1.7786835 9.0000000 3.2381161 1.8942965 9.0000000 1.8942965 2.4141569 1.8942965 3.2381161 9.0000000 2.7182557 9.0000000 2.1983953 2.7182557 9.0000000 9.0000000 9.0000000 9.0000000 9.0000000 
t5         1.7786835 0.0000000 2.1983953 2.1983953 9.0000000 2.4141569 9.0000000 9.0000000 1.8942965 9.0000000 2.0310377 2.0310377 2.4141569 9.0000000 2.7182557 2.7182557 2.4141569 3.2381161 2.7182557 2.4141569 
t11        9.0000000 2.1983953 0.0000000 9.0000000 2.7182557 9.0000000 9.0000000 9.0000000 9.0000000 9.0000000 9.0000000 9.0000000 9.0000000 9.0000000 9.0000000 9.0000000 9.0000000 9.0000000 9.0000000 9.0000000 
t9         3.2381161 2.1983953 9.0000000 0.0000000 1.4396946 0.9913169 1.8942965 2.1983953 1.8942965 1.2070784 1.0703373 1.7786835 2.1983953 1.4396946 1.2588231 9.0000000 2.0310377 1.2070784 1.3744361 1.3144041 
t2         1.8942965 9.0000000 2.7182557 1.4396946 0.0000000 1.2070784 0.6388142 9.0000000 2.4141569 1.2588231 1.1132061 2.4141569 2.7182557 0.3192509 0.3347153 1.5111773 1.7786835 1.2588231 1.2070784 1.1586745 
t13        9.0000000 2.4141569 9.0000000 0.9913169 1.2070784 0.0000000 2.1983953 1.6785349 1.4396946 0.6626257 0.1927838 0.9198342 0.9547243 1.3744361 1.4396946 0.9198342 0.8545757 0.4529370 0.4172160 0.4172160 
t19        1.8942965 9.0000000 9.0000000 1.8942965 0.6388142 2.1983953 0.0000000 9.0000000 9.0000000 2.4141569 2.0310377 9.0000000 9.0000000 0.4172160 0.4529370 2.4141569 9.0000000 2.7182557 3.2381161 2.4141569 
t4         2.4141569 9.0000000 9.0000000 2.1983953 9.0000000 1.6785349 9.0000000 0.0000000 0.3192509 2.1983953 1.8942965 1.5901977 1.7786835 3.2381161 2.4141569 1.3744361 1.3744361 1.5901977 1.6785349 1.5901977 
t8         1.8942965 1.8942965 9.0000000 1.8942965 2.4141569 1.4396946 9.0000000 0.3192509 0.0000000 2.1983953 1.4396946 1.3744361 2.4141569 2.4141569 2.1983953 1.5111773 1.3744361 1.5111773 1.4396946 1.3744361 
t6         3.2381161 9.0000000 9.0000000 1.2070784 1.2588231 0.6626257 2.4141569 2.1983953 2.1983953 0.0000000 0.6388142 1.0703373 1.2070784 1.7786835 1.4396946 1.5111773 1.8942965 0.6157354 0.6157354 0.6157354 
t12        9.0000000 2.0310377 9.0000000 1.0703373 1.1132061 0.1927838 2.0310377 1.8942965 1.4396946 0.6388142 0.0000000 1.0297869 1.1132061 1.2588231 1.2588231 0.7945437 0.8864954 0.3831192 0.3505054 0.3505054 
t14        2.7182557 2.0310377 9.0000000 1.7786835 2.4141569 0.9198342 9.0000000 1.5901977 1.3744361 1.0703373 1.0297869 0.0000000 0.1927838 2.7182557 2.7182557 1.2588231 1.5111773 0.8864954 0.8239592 0.8239592 
t1         9.0000000 2.4141569 9.0000000 2.1983953 2.7182557 0.9547243 9.0000000 1.7786835 2.4141569 1.2070784 1.1132061 0.1927838 0.0000000 3.2381161 9.0000000 1.8942965 1.8942965 0.9198342 0.9547243 0.9547243 
t17        2.1983953 9.0000000 9.0000000 1.4396946 0.3192509 1.3744361 0.4172160 3.2381161 2.4141569 1.7786835 1.2588231 2.7182557 3.2381161 0.0000000 0.1189538 1.3144041 1.5901977 1.3744361 1.4396946 1.3144041 
t18        2.7182557 2.7182557 9.0000000 1.2588231 0.3347153 1.4396946 0.4529370 2.4141569 2.1983953 1.4396946 1.2588231 2.7182557 9.0000000 0.1189538 0.0000000 1.3744361 1.6785349 1.3144041 1.3744361 1.2588231 
t7         9.0000000 2.7182557 9.0000000 9.0000000 1.5111773 0.9198342 2.4141569 1.3744361 1.5111773 1.5111773 0.7945437 1.2588231 1.8942965 1.3144041 1.3744361 0.0000000 0.1673577 0.6388142 0.6388142 0.6388142 
t10        9.0000000 2.4141569 9.0000000 2.0310377 1.7786835 0.8545757 9.0000000 1.3744361 1.3744361 1.8942965 0.8864954 1.5111773 1.8942965 1.5901977 1.6785349 0.1673577 0.0000000 0.7126442 0.7945437 0.7662384 
t16        9.0000000 3.2381161 9.0000000 1.2070784 1.2588231 0.4529370 2.7182557 1.5901977 1.5111773 0.6157354 0.3831192 0.8864954 0.9198342 1.3744361 1.3144041 0.6388142 0.7126442 0.0000000 0.0517447 0.0411062 
t15        9.0000000 2.7182557 9.0000000 1.3744361 1.2070784 0.4172160 3.2381161 1.6785349 1.4396946 0.6157354 0.3505054 0.8239592 0.9547243 1.4396946 1.3744361 0.6388142 0.7945437 0.0517447 0.0000000 0.0202715 
t20        9.0000000 2.4141569 9.0000000 1.3144041 1.1586745 0.4172160 2.4141569 1.5901977 1.3744361 0.6157354 0.3505054 0.8239592 0.9547243 1.3144041 1.2588231 0.6388142 0.7662384 0.0411062 0.0202715 0.0000000 
