20
t1         0.0000000 0.9913169 2.4141569 0.9913169 2.4141569 1.3144041 1.2588231 1.2588231 1.1586745 0.7662384 0.9198342 1.5901977 0.9547243 0.9198342 1.0703373 1.1586745 1.2070784 1.4396946 1.1586745 1.1586745 
t18        0.9913169 0.0000000 9.0000000 0.7662384 1.1132061 0.8545757 0.9913169 0.6388142 0.5933457 0.5504769 0.4348639 0.9198342 0.5099265 0.4904449 0.4904449 0.5504769 0.7126442 0.7945437 0.7389627 0.6388142 
t3         2.4141569 9.0000000 0.0000000 1.0703373 9.0000000 1.5901977 9.0000000 2.4141569 2.0310377 2.0310377 1.7786835 1.6785349 1.3144041 1.3744361 1.4396946 1.3744361 2.4141569 3.2381161 2.7182557 1.7786835 
t11        0.9913169 0.7662384 1.0703373 0.0000000 3.2381161 0.9547243 1.5111773 1.0297869 1.1586745 0.8545757 0.7945437 1.1586745 0.6872180 0.6626257 0.8545757 0.8864954 1.1132061 1.1586745 1.1132061 1.2070784 
t4         2.4141569 1.1132061 9.0000000 3.2381161 0.0000000 2.0310377 1.1132061 1.3144041 1.4396946 1.2070784 1.2588231 1.5901977 1.7786835 1.7786835 1.3744361 1.5901977 1.3744361 1.5901977 1.3144041 1.0297869 
t2         1.3144041 0.8545757 1.5901977 0.9547243 2.0310377 0.0000000 1.5111773 1.1132061 1.4396946 0.7945437 0.9198342 1.0703373 0.4904449 0.5299277 1.1586745 1.2070784 1.0703373 1.2070784 1.2588231 1.3744361 
t15        1.2588231 0.9913169 9.0000000 1.5111773 1.1132061 1.5111773 0.0000000 0.9547243 0.5933457 0.7945437 0.9198342 0.9547243 1.1586745 1.1132061 0.7126442 0.7945437 0.8239592 0.9547243 0.7126442 0.5933457 
t9         1.2588231 0.6388142 2.4141569 1.0297869 1.3144041 1.1132061 0.9547243 0.0000000 0.6872180 0.8545757 0.8545757 0.6626257 0.6626257 0.6872180 0.2603971 0.3040988 0.7389627 0.9198342 0.7662384 0.6388142 
t14        1.1586745 0.5933457 2.0310377 1.1586745 1.4396946 1.4396946 0.5933457 0.6872180 0.0000000 0.7662384 0.7662384 0.6388142 0.8239592 0.7945437 0.5504769 0.6157354 0.5933457 0.7945437 0.3666350 0.2892469 
t12        0.7662384 0.5504769 2.0310377 0.8545757 1.2070784 0.7945437 0.7945437 0.8545757 0.7662384 0.0000000 0.2058276 0.9547243 0.7126442 0.6872180 0.6626257 0.6626257 0.7662384 0.9198342 0.7662384 0.7126442 
t20        0.9198342 0.4348639 1.7786835 0.7945437 1.2588231 0.9198342 0.9198342 0.8545757 0.7662384 0.2058276 0.0000000 1.2070784 0.7389627 0.7126442 0.7126442 0.7126442 0.9198342 1.1132061 0.8239592 0.7662384 
t19        1.5901977 0.9198342 1.6785349 1.1586745 1.5901977 1.0703373 0.9547243 0.6626257 0.6388142 0.9547243 1.2070784 0.0000000 0.8864954 0.8545757 0.6626257 0.7389627 0.1673577 0.2746833 0.7945437 0.6388142 
t8         0.9547243 0.5099265 1.3144041 0.6872180 1.7786835 0.4904449 1.1586745 0.6626257 0.8239592 0.7126442 0.7389627 0.8864954 0.0000000 0.0411062 0.5716050 0.6388142 0.8239592 0.9913169 0.8545757 0.7126442 
t7         0.9198342 0.4904449 1.3744361 0.6626257 1.7786835 0.5299277 1.1132061 0.6872180 0.7945437 0.6872180 0.7126442 0.8545757 0.0411062 0.0000000 0.5504769 0.6157354 0.7945437 0.9547243 0.8239592 0.7126442 
t16        1.0703373 0.4904449 1.4396946 0.8545757 1.3744361 1.1586745 0.7126442 0.2603971 0.5504769 0.6626257 0.7126442 0.6626257 0.5716050 0.5504769 0.0000000 0.0306165 0.6872180 0.8239592 0.6872180 0.5099265 
t10        1.1586745 0.5504769 1.3744361 0.8864954 1.5901977 1.2070784 0.7945437 0.3040988 0.6157354 0.6626257 0.7126442 0.7389627 0.6388142 0.6157354 0.0306165 0.0000000 0.7662384 0.8864954 0.7662384 0.5716050 
t5         1.2070784 0.7126442 2.4141569 1.1132061 1.3744361 1.0703373 0.8239592 0.7389627 0.5933457 0.7662384 0.9198342 0.1673577 0.8239592 0.7945437 0.6872180 0.7662384 0.0000000 0.1307650 0.6388142 0.4904449 
t17        1.4396946 0.7945437 3.2381161 1.1586745 1.5901977 1.2070784 0.9547243 0.9198342 0.7945437 0.9198342 1.1132061 0.2746833 0.9913169 0.9547243 0.8239592 0.8864954 0.1307650 0.0000000 0.8864954 0.6872180 
t13        1.1586745 0.7389627 2.7182557 1.1132061 1.3144041 1.2588231 0.7126442 0.7662384 0.3666350 0.7662384 0.8239592 0.7945437 0.8545757 0.8239592 0.6872180 0.7662384 0.6388142 0.8864954 0.0000000 0.2603971 
t6         1.1586745 0.6388142 1.7786835 1.2070784 1.0297869 1.3744361 0.5933457 0.6388142 0.2892469 0.7126442 0.7662384 0.6388142 0.7126442 0.7126442 0.5099265 0.5716050 0.4904449 0.6872180 0.2603971 0.0000000 
