20
t10        0.0000000 1.4396946 1.4396946 1.2070784 1.2588231 1.0703373 1.3144041 1.2070784 0.9198342 1.2070784 1.3744361 1.1132061 1.3144041 1.2070784 1.3144041 1.5111773 1.3744361 1.3744361 1.0703373 1.0297869 
t19        1.4396946 0.0000000 1.8942965 2.0310377 1.3744361 1.8942965 1.2070784 1.4396946 1.8942965 1.5901977 2.1983953 1.5901977 1.3744361 2.1983953 1.8942965 2.1983953 1.5901977 1.3744361 1.5111773 1.5111773 
t16        1.4396946 1.8942965 0.0000000 1.3144041 1.1132061 1.3744361 2.0310377 1.5111773 0.7662384 1.3744361 1.3744361 1.5901977 1.7786835 1.2070784 1.3744361 1.4396946 1.5111773 1.1586745 1.1132061 1.0703373 
t13        1.2070784 2.0310377 1.3144041 0.0000000 0.4529370 0.5099265 0.7945437 0.7126442 0.8545757 0.9198342 1.3144041 1.0297869 1.2588231 1.1132061 1.2070784 0.9547243 1.2588231 1.1132061 1.0703373 1.0703373 
t7         1.2588231 1.3744361 1.1132061 0.4529370 0.0000000 0.3666350 0.6626257 0.6157354 0.7945437 0.8545757 1.1132061 0.7945437 1.0703373 0.7662384 0.8545757 0.7389627 0.9547243 0.9198342 0.9198342 0.8864954 
t6         1.0703373 1.8942965 1.3744361 0.5099265 0.3666350 0.0000000 0.6626257 0.6157354 0.7945437 0.9198342 1.1132061 0.8864954 1.2588231 0.8864954 1.0297869 0.8545757 1.0297869 1.0297869 0.9547243 0.9198342 
t3         1.3144041 1.2070784 2.0310377 0.7945437 0.6626257 0.6626257 0.0000000 0.3347153 1.0297869 1.0703373 1.3744361 1.0297869 1.1586745 1.2588231 1.4396946 1.1586745 1.2070784 1.2588231 1.0297869 1.1132061 
t1         1.2070784 1.4396946 1.5111773 0.7126442 0.6157354 0.6157354 0.3347153 0.0000000 0.9198342 0.9913169 1.1586745 0.9913169 0.9913169 0.8864954 1.2070784 1.1132061 0.9198342 0.9198342 0.9913169 1.0297869 
t15        0.9198342 1.8942965 0.7662384 0.8545757 0.7945437 0.7945437 1.0297869 0.9198342 0.0000000 0.6626257 0.8239592 0.7126442 1.3144041 1.1586745 1.3744361 1.1586745 1.4396946 1.1132061 0.4172160 0.3999739 
t17        1.2070784 1.5901977 1.3744361 0.9198342 0.8545757 0.9198342 1.0703373 0.9913169 0.6626257 0.0000000 0.2746833 0.2058276 1.3744361 0.9198342 1.1132061 1.1586745 1.4396946 1.2070784 0.8239592 0.8239592 
t4         1.3744361 2.1983953 1.3744361 1.3144041 1.1132061 1.1132061 1.3744361 1.1586745 0.8239592 0.2746833 0.0000000 0.2326162 1.6785349 1.1132061 1.2588231 1.1132061 1.8942965 1.4396946 0.9913169 0.9547243 
t18        1.1132061 1.5901977 1.5901977 1.0297869 0.7945437 0.8864954 1.0297869 0.9913169 0.7126442 0.2058276 0.2326162 0.0000000 1.2070784 0.9913169 1.1132061 1.1586745 1.3744361 1.2588231 0.8239592 0.8545757 
t12        1.3144041 1.3744361 1.7786835 1.2588231 1.0703373 1.2588231 1.1586745 0.9913169 1.3144041 1.3744361 1.6785349 1.2070784 0.0000000 0.6157354 0.7662384 0.7662384 0.3347153 0.3040988 0.9913169 1.1132061 
t8         1.2070784 2.1983953 1.2070784 1.1132061 0.7662384 0.8864954 1.2588231 0.8864954 1.1586745 0.9198342 1.1132061 0.9913169 0.6157354 0.0000000 0.2326162 0.2191023 0.6872180 0.7126442 0.8545757 0.8864954 
t14        1.3144041 1.8942965 1.3744361 1.2070784 0.8545757 1.0297869 1.4396946 1.2070784 1.3744361 1.1132061 1.2588231 1.1132061 0.7662384 0.2326162 0.0000000 0.1927838 0.7945437 0.7945437 1.0703373 1.1132061 
t9         1.5111773 2.1983953 1.4396946 0.9547243 0.7389627 0.8545757 1.1586745 1.1132061 1.1586745 1.1586745 1.1132061 1.1586745 0.7662384 0.2191023 0.1927838 0.0000000 0.8545757 0.7662384 0.9913169 1.0297869 
t20        1.3744361 1.5901977 1.5111773 1.2588231 0.9547243 1.0297869 1.2070784 0.9198342 1.4396946 1.4396946 1.8942965 1.3744361 0.3347153 0.6872180 0.7945437 0.8545757 0.0000000 0.2463781 1.1132061 1.1586745 
t5         1.3744361 1.3744361 1.1586745 1.1132061 0.9198342 1.0297869 1.2588231 0.9198342 1.1132061 1.2070784 1.4396946 1.2588231 0.3040988 0.7126442 0.7945437 0.7662384 0.2463781 0.0000000 1.0297869 0.9913169 
t2         1.0703373 1.5111773 1.1132061 1.0703373 0.9198342 0.9547243 1.0297869 0.9913169 0.4172160 0.8239592 0.9913169 0.8239592 0.9913169 0.8545757 1.0703373 0.9913169 1.1132061 1.0297869 0.0000000 0.0306165 
t11        1.0297869 1.5111773 1.0703373 1.0703373 0.8864954 0.9198342 1.1132061 1.0297869 0.3999739 0.8239592 0.9547243 0.8545757 1.1132061 0.8864954 1.1132061 1.0297869 1.1586745 0.9913169 0.0306165 0.0000000 
