20
t16        0.0000000 1.3144041 1.2070784 1.0703373 1.7786835 1.5111773 1.5901977 1.3144041 1.3144041 1.2070784 1.2070784 2.0310377 1.5111773 1.3144041 1.3144041 1.6785349 1.5111773 1.3144041 1.5111773 1.3744361 
t8         1.3144041 0.0000000 0.9913169 1.0703373 1.0297869 1.5901977 1.0703373 1.2588231 1.0703373 0.8864954 1.1586745 1.5111773 1.2070784 0.8239592 0.9913169 1.5111773 1.5901977 1.5111773 1.2070784 1.2070784 
t6         1.2070784 0.9913169 0.0000000 0.7945437 0.8545757 1.5111773 1.2588231 1.2588231 0.8864954 0.8239592 1.4396946 1.5111773 1.1586745 1.0703373 0.9198342 1.5111773 0.7389627 0.7662384 1.1586745 1.0703373 
t5         1.0703373 1.0703373 0.7945437 0.0000000 0.4714565 1.1586745 1.0297869 1.0703373 0.7662384 0.6626257 0.7662384 0.7945437 0.8545757 0.7662384 0.7389627 1.2070784 1.2070784 1.3744361 1.0297869 0.9913169 
t11        1.7786835 1.0297869 0.8545757 0.4714565 0.0000000 1.4396946 1.2070784 1.4396946 0.8239592 0.8239592 0.7662384 0.8545757 0.7945437 0.7945437 0.7389627 1.6785349 1.2070784 1.1132061 1.5111773 1.3144041 
t2         1.5111773 1.5901977 1.5111773 1.1586745 1.4396946 0.0000000 1.5111773 1.6785349 0.9913169 0.8864954 2.0310377 2.0310377 1.5901977 1.2070784 1.3144041 0.7662384 1.6785349 1.5111773 0.6388142 0.6157354 
t14        1.5901977 1.0703373 1.2588231 1.0297869 1.2070784 1.5111773 0.0000000 0.5504769 0.9913169 0.7662384 1.5111773 1.3144041 1.6785349 1.2070784 1.2588231 1.3744361 1.5901977 1.5111773 1.3744361 1.3744361 
t18        1.3144041 1.2588231 1.2588231 1.0703373 1.4396946 1.6785349 0.5504769 0.0000000 0.8545757 0.8239592 1.3144041 1.5111773 1.5901977 1.7786835 1.8942965 1.5901977 1.8942965 1.8942965 1.4396946 1.5901977 
t20        1.3144041 1.0703373 0.8864954 0.7662384 0.8239592 0.9913169 0.9913169 0.8545757 0.0000000 0.2326162 1.0703373 0.9913169 1.1586745 0.8545757 0.7945437 1.3744361 1.0703373 1.0703373 1.1586745 1.1586745 
t9         1.2070784 0.8864954 0.8239592 0.6626257 0.8239592 0.8864954 0.7662384 0.8239592 0.2326162 0.0000000 1.1132061 1.1586745 1.0297869 0.6157354 0.6872180 1.3144041 0.9913169 1.0703373 0.9913169 1.0703373 
t19        1.2070784 1.1586745 1.4396946 0.7662384 0.7662384 2.0310377 1.5111773 1.3144041 1.0703373 1.1132061 0.0000000 0.2603971 0.7126442 0.6157354 0.7126442 1.7786835 1.5111773 1.5111773 1.5111773 1.4396946 
t17        2.0310377 1.5111773 1.5111773 0.7945437 0.8545757 2.0310377 1.3144041 1.5111773 0.9913169 1.1586745 0.2603971 0.0000000 0.9198342 0.7662384 0.8239592 1.5901977 1.5901977 1.4396946 1.7786835 1.6785349 
t1         1.5111773 1.2070784 1.1586745 0.8545757 0.7945437 1.5901977 1.6785349 1.5901977 1.1586745 1.0297869 0.7126442 0.9198342 0.0000000 0.3666350 0.3666350 1.6785349 1.5111773 1.5111773 1.5901977 1.5901977 
t12        1.3144041 0.8239592 1.0703373 0.7662384 0.7945437 1.2070784 1.2070784 1.7786835 0.8545757 0.6157354 0.6157354 0.7662384 0.3666350 0.0000000 0.1427653 1.4396946 1.4396946 1.5111773 1.2070784 1.2588231 
t3         1.3144041 0.9913169 0.9198342 0.7389627 0.7389627 1.3144041 1.2588231 1.8942965 0.7945437 0.6872180 0.7126442 0.8239592 0.3666350 0.1427653 0.0000000 1.3144041 1.3744361 1.2070784 1.2588231 1.3144041 
t7         1.6785349 1.5111773 1.5111773 1.2070784 1.6785349 0.7662384 1.3744361 1.5901977 1.3744361 1.3144041 1.7786835 1.5901977 1.6785349 1.4396946 1.3144041 0.0000000 1.1132061 1.1586745 0.2191023 0.2463781 
t13        1.5111773 1.5901977 0.7389627 1.2070784 1.2070784 1.6785349 1.5901977 1.8942965 1.0703373 0.9913169 1.5111773 1.5901977 1.5111773 1.4396946 1.3744361 1.1132061 0.0000000 0.1673577 1.2070784 1.1132061 
t15        1.3144041 1.5111773 0.7662384 1.3744361 1.1132061 1.5111773 1.5111773 1.8942965 1.0703373 1.0703373 1.5111773 1.4396946 1.5111773 1.5111773 1.2070784 1.1586745 0.1673577 0.0000000 1.2070784 1.2070784 
t10        1.5111773 1.2070784 1.1586745 1.0297869 1.5111773 0.6388142 1.3744361 1.4396946 1.1586745 0.9913169 1.5111773 1.7786835 1.5901977 1.2070784 1.2588231 0.2191023 1.2070784 1.2070784 0.0000000 0.1549607 
t4         1.3744361 1.2070784 1.0703373 0.9913169 1.3144041 0.6157354 1.3744361 1.5901977 1.1586745 1.0703373 1.4396946 1.6785349 1.5901977 1.2588231 1.3144041 0.2463781 1.1132061 1.2070784 0.1549607 0.0000000 
