20
t19        0.0000000 0.5933457 0.4904449 0.4714565 0.6388142 0.4904449 0.7662384 0.6872180 0.5933457 0.7662384 0.8864954 1.2070784 0.7945437 0.4904449 0.6626257 0.6626257 0.9913169 1.0297869 0.6157354 0.6626257 
t13        0.5933457 0.0000000 0.6157354 0.7662384 1.1132061 0.7389627 0.8239592 1.0703373 0.9198342 1.1132061 1.1586745 1.3744361 0.9913169 0.8545757 0.9913169 1.1132061 1.0297869 1.0297869 0.8239592 0.7945437 
t3         0.4904449 0.6157354 0.0000000 0.4904449 0.6872180 0.5933457 0.7945437 0.8545757 0.8864954 0.7662384 0.8545757 1.2588231 0.7662384 0.6157354 0.7662384 0.6872180 0.9547243 0.9547243 0.5933457 0.6626257 
t5         0.4714565 0.7662384 0.4904449 0.0000000 0.6388142 0.5299277 0.7126442 0.6626257 0.7389627 0.7126442 0.7662384 1.3744361 0.8864954 0.5933457 0.7126442 0.7945437 0.8864954 0.8545757 0.4904449 0.5099265 
t6         0.6388142 1.1132061 0.6872180 0.6388142 0.0000000 0.8864954 1.2588231 0.5099265 1.0297869 0.4904449 0.5504769 1.3144041 0.6626257 0.9198342 0.9913169 1.3144041 0.8239592 0.8545757 0.8864954 0.9913169 
t11        0.4904449 0.7389627 0.5933457 0.5299277 0.8864954 0.0000000 0.7662384 0.7389627 0.8545757 0.9198342 0.9547243 1.0703373 0.8545757 0.7126442 0.8864954 0.9198342 1.1132061 1.1132061 0.6157354 0.6626257 
t15        0.7662384 0.8239592 0.7945437 0.7126442 1.2588231 0.7662384 0.0000000 0.9198342 1.2588231 1.0703373 0.9913169 1.5111773 1.1586745 1.0297869 1.3144041 1.1132061 1.0297869 1.1132061 0.7945437 0.8239592 
t12        0.6872180 1.0703373 0.8545757 0.6626257 0.5099265 0.7389627 0.9198342 0.0000000 0.9198342 0.3192509 0.3505054 1.0297869 0.5299277 0.9198342 1.0297869 1.0703373 0.5299277 0.5299277 0.7945437 0.8864954 
t20        0.5933457 0.9198342 0.8864954 0.7389627 1.0297869 0.8545757 1.2588231 0.9198342 0.0000000 1.1586745 1.2070784 0.8545757 1.2588231 0.2463781 0.4172160 0.5099265 1.0703373 1.1132061 0.6626257 0.7945437 
t2         0.7662384 1.1132061 0.7662384 0.7126442 0.4904449 0.9198342 1.0703373 0.3192509 1.1586745 0.0000000 0.3040988 1.3144041 0.4904449 1.0703373 1.0703373 1.1132061 0.4714565 0.4714565 0.7945437 0.9547243 
t7         0.8864954 1.1586745 0.8545757 0.7662384 0.5504769 0.9547243 0.9913169 0.3505054 1.2070784 0.3040988 0.0000000 1.2588231 0.6388142 1.0703373 1.3144041 1.2588231 0.5716050 0.5933457 1.1586745 1.0703373 
t17        1.2070784 1.3744361 1.2588231 1.3744361 1.3144041 1.0703373 1.5111773 1.0297869 0.8545757 1.3144041 1.2588231 0.0000000 1.4396946 0.7389627 0.8545757 1.0703373 1.7786835 1.5901977 1.4396946 1.3744361 
t10        0.7945437 0.9913169 0.7662384 0.8864954 0.6626257 0.8545757 1.1586745 0.5299277 1.2588231 0.4904449 0.6388142 1.4396946 0.0000000 1.0703373 1.2588231 1.1586745 0.6872180 0.7126442 1.0297869 1.1132061 
t8         0.4904449 0.8545757 0.6157354 0.5933457 0.9198342 0.7126442 1.0297869 0.9198342 0.2463781 1.0703373 1.0703373 0.7389627 1.0703373 0.0000000 0.1673577 0.2326162 0.9913169 0.8864954 0.6157354 0.6388142 
t4         0.6626257 0.9913169 0.7662384 0.7126442 0.9913169 0.8864954 1.3144041 1.0297869 0.4172160 1.0703373 1.3144041 0.8545757 1.2588231 0.1673577 0.0000000 0.2603971 0.9198342 0.8864954 0.6157354 0.6872180 
t1         0.6626257 1.1132061 0.6872180 0.7945437 1.3144041 0.9198342 1.1132061 1.0703373 0.5099265 1.1132061 1.2588231 1.0703373 1.1586745 0.2326162 0.2603971 0.0000000 1.0703373 1.0297869 0.8864954 0.9913169 
t18        0.9913169 1.0297869 0.9547243 0.8864954 0.8239592 1.1132061 1.0297869 0.5299277 1.0703373 0.4714565 0.5716050 1.7786835 0.6872180 0.9913169 0.9198342 1.0703373 0.0000000 0.0517447 1.1586745 1.3744361 
t16        1.0297869 1.0297869 0.9547243 0.8545757 0.8545757 1.1132061 1.1132061 0.5299277 1.1132061 0.4714565 0.5933457 1.5901977 0.7126442 0.8864954 0.8864954 1.0297869 0.0517447 0.0000000 1.1586745 1.3744361 
t14        0.6157354 0.8239592 0.5933457 0.4904449 0.8864954 0.6157354 0.7945437 0.7945437 0.6626257 0.7945437 1.1586745 1.4396946 1.0297869 0.6157354 0.6157354 0.8864954 1.1586745 1.1586745 0.0000000 0.0958750 
t9         0.6626257 0.7945437 0.6626257 0.5099265 0.9913169 0.6626257 0.8239592 0.8864954 0.7945437 0.9547243 1.0703373 1.3744361 1.1132061 0.6388142 0.6872180 0.9913169 1.3744361 1.3744361 0.0958750 0.0000000 
