20
t8         0.0000000 0.5504769 0.8239592 1.3144041 0.6157354 1.1132061 0.6872180 1.0297869 0.6626257 0.5504769 0.7945437 0.3831192 0.5504769 0.7945437 0.7126442 0.7126442 0.8545757 0.8545757 0.6872180 0.7945437 
t4         0.5504769 0.0000000 0.7662384 1.3144041 0.6388142 0.8239592 0.6626257 0.9198342 0.6157354 0.6388142 1.0297869 0.4348639 0.5933457 0.8239592 0.7945437 0.7662384 0.8545757 0.8545757 0.7126442 0.7945437 
t3         0.8239592 0.7662384 0.0000000 1.0703373 0.7389627 1.4396946 0.9198342 1.5111773 1.0297869 0.7389627 0.7389627 0.5716050 0.9198342 1.2070784 0.6157354 0.6388142 1.1586745 1.1586745 1.1586745 1.1132061 
t18        1.3144041 1.3144041 1.0703373 0.0000000 1.0297869 2.1983953 1.3144041 1.8942965 1.2588231 0.9547243 1.7786835 1.2070784 1.8942965 1.3144041 1.7786835 1.5111773 1.3744361 1.3744361 1.2588231 1.2588231 
t13        0.6157354 0.6388142 0.7389627 1.0297869 0.0000000 1.2070784 0.5933457 1.2588231 0.5299277 0.3666350 0.8864954 0.5504769 0.8545757 0.6872180 0.7389627 0.7126442 0.7662384 0.7945437 0.6388142 0.6626257 
t16        1.1132061 0.8239592 1.4396946 2.1983953 1.2070784 0.0000000 0.6388142 0.9547243 1.2588231 1.1586745 1.7786835 0.8864954 1.2070784 1.2070784 1.1586745 1.2070784 1.3144041 1.3744361 0.9913169 1.1132061 
t15        0.6872180 0.6626257 0.9198342 1.3144041 0.5933457 0.6388142 0.0000000 0.7662384 0.8545757 0.7389627 1.1586745 0.6872180 0.9913169 1.0703373 0.8864954 0.9547243 0.8864954 0.9547243 0.8545757 0.8864954 
t7         1.0297869 0.9198342 1.5111773 1.8942965 1.2588231 0.9547243 0.7662384 0.0000000 1.2588231 1.1586745 1.5111773 0.9913169 1.2070784 1.3744361 1.2588231 1.2588231 1.2588231 1.4396946 1.0297869 1.1132061 
t10        0.6626257 0.6157354 1.0297869 1.2588231 0.5299277 1.2588231 0.8545757 1.2588231 0.0000000 0.4348639 1.2588231 0.6388142 0.8239592 0.5933457 0.9198342 0.9547243 0.9198342 0.9198342 0.5933457 0.5933457 
t11        0.5504769 0.6388142 0.7389627 0.9547243 0.3666350 1.1586745 0.7389627 1.1586745 0.4348639 0.0000000 0.9913169 0.4714565 0.8239592 0.4714565 0.7662384 0.7662384 0.8239592 0.8545757 0.3831192 0.3999739 
t12        0.7945437 1.0297869 0.7389627 1.7786835 0.8864954 1.7786835 1.1586745 1.5111773 1.2588231 0.9913169 0.0000000 0.8239592 0.9913169 1.3744361 0.5299277 0.5504769 1.5111773 1.5901977 1.4396946 1.3744361 
t6         0.3831192 0.4348639 0.5716050 1.2070784 0.5504769 0.8864954 0.6872180 0.9913169 0.6388142 0.4714565 0.8239592 0.0000000 0.3192509 0.7945437 0.4172160 0.4348639 0.9913169 0.9913169 0.7126442 0.6872180 
t17        0.5504769 0.5933457 0.9198342 1.8942965 0.8545757 1.2070784 0.9913169 1.2070784 0.8239592 0.8239592 0.9913169 0.3192509 0.0000000 1.1132061 0.5933457 0.6157354 1.3144041 1.2588231 1.0297869 1.0297869 
t5         0.7945437 0.8239592 1.2070784 1.3144041 0.6872180 1.2070784 1.0703373 1.3744361 0.5933457 0.4714565 1.3744361 0.7945437 1.1132061 0.0000000 1.2070784 1.0703373 1.2070784 1.1586745 0.1799630 0.2191023 
t20        0.7126442 0.7945437 0.6157354 1.7786835 0.7389627 1.1586745 0.8864954 1.2588231 0.9198342 0.7662384 0.5299277 0.4172160 0.5933457 1.2070784 0.0000000 0.0517447 1.2588231 1.3744361 1.0297869 1.0297869 
t1         0.7126442 0.7662384 0.6388142 1.5111773 0.7126442 1.2070784 0.9547243 1.2588231 0.9547243 0.7662384 0.5504769 0.4348639 0.6157354 1.0703373 0.0517447 0.0000000 1.3744361 1.5111773 0.9198342 0.9547243 
t9         0.8545757 0.8545757 1.1586745 1.3744361 0.7662384 1.3144041 0.8864954 1.2588231 0.9198342 0.8239592 1.5111773 0.9913169 1.3144041 1.2070784 1.2588231 1.3744361 0.0000000 0.0734853 1.0703373 1.1132061 
t19        0.8545757 0.8545757 1.1586745 1.3744361 0.7945437 1.3744361 0.9547243 1.4396946 0.9198342 0.8545757 1.5901977 0.9913169 1.2588231 1.1586745 1.3744361 1.5111773 0.0734853 0.0000000 1.1132061 1.2588231 
t14        0.6872180 0.7126442 1.1586745 1.2588231 0.6388142 0.9913169 0.8545757 1.0297869 0.5933457 0.3831192 1.4396946 0.7126442 1.0297869 0.1799630 1.0297869 0.9198342 1.0703373 1.1132061 0.0000000 0.0845966 
t2         0.7945437 0.7945437 1.1132061 1.2588231 0.6626257 1.1132061 0.8864954 1.1132061 0.5933457 0.3999739 1.3744361 0.6872180 1.0297869 0.2191023 1.0297869 0.9547243 1.1132061 1.2588231 0.0845966 0.0000000 
