20
t20        0.0000000 0.7389627 1.1132061 1.1586745 1.0297869 1.0297869 1.2588231 1.1132061 1.0703373 1.1586745 1.2588231 0.9913169 0.9198342 0.7662384 1.1586745 1.1132061 0.8239592 0.7945437 1.2588231 1.2588231 
t4         0.7389627 0.0000000 0.5099265 0.6626257 0.5299277 0.5716050 0.5504769 0.3831192 0.5299277 0.6626257 0.6157354 0.3831192 0.2746833 0.2058276 0.5933457 0.5299277 0.2326162 0.2326162 0.5716050 0.5504769 
t12        1.1132061 0.5099265 0.0000000 1.0297869 0.8239592 0.7662384 0.8545757 0.5504769 0.7945437 0.9547243 0.7662384 0.6388142 0.4904449 0.3347153 0.7945437 0.7389627 0.3666350 0.3831192 0.7662384 0.7389627 
t6         1.1586745 0.6626257 1.0297869 0.0000000 0.3831192 0.5299277 1.0703373 0.8864954 0.4904449 0.6626257 0.5099265 0.9198342 0.7389627 0.6157354 0.6388142 0.5504769 0.6388142 0.6626257 0.5933457 0.5716050 
t1         1.0297869 0.5299277 0.8239592 0.3831192 0.0000000 0.2746833 0.9198342 0.6388142 0.2603971 0.4348639 0.2892469 0.8864954 0.6626257 0.5099265 0.3666350 0.2892469 0.5716050 0.5504769 0.5099265 0.4904449 
t16        1.0297869 0.5716050 0.7662384 0.5299277 0.2746833 0.0000000 0.9547243 0.6388142 0.3040988 0.4172160 0.3666350 0.8239592 0.6388142 0.5099265 0.4714565 0.3999739 0.5504769 0.5504769 0.5299277 0.5099265 
t2         1.2588231 0.5504769 0.8545757 1.0703373 0.9198342 0.9547243 0.0000000 0.2746833 0.9198342 0.8864954 1.0703373 0.8239592 0.7389627 0.4714565 0.9547243 0.9198342 0.5099265 0.4529370 0.9913169 0.9547243 
t11        1.1132061 0.3831192 0.5504769 0.8864954 0.6388142 0.6388142 0.2746833 0.0000000 0.6872180 0.6626257 0.6388142 0.5933457 0.5099265 0.3040988 0.7126442 0.6388142 0.3347153 0.3040988 0.7662384 0.7389627 
t13        1.0703373 0.5299277 0.7945437 0.4904449 0.2603971 0.3040988 0.9198342 0.6872180 0.0000000 0.2058276 0.2463781 0.7126442 0.6157354 0.4714565 0.3040988 0.2603971 0.5299277 0.5099265 0.4172160 0.3999739 
t5         1.1586745 0.6626257 0.9547243 0.6626257 0.4348639 0.4172160 0.8864954 0.6626257 0.2058276 0.0000000 0.4348639 0.8545757 0.7662384 0.5716050 0.4904449 0.4529370 0.6157354 0.6157354 0.5716050 0.5504769 
t3         1.2588231 0.6157354 0.7662384 0.5099265 0.2892469 0.3666350 1.0703373 0.6388142 0.2463781 0.4348639 0.0000000 0.7945437 0.5716050 0.5716050 0.2603971 0.1927838 0.6388142 0.5933457 0.4714565 0.4529370 
t8         0.9913169 0.3831192 0.6388142 0.9198342 0.8864954 0.8239592 0.8239592 0.5933457 0.7126442 0.8545757 0.7945437 0.0000000 0.2463781 0.3831192 0.7662384 0.6626257 0.3999739 0.3831192 0.8239592 0.7945437 
t18        0.9198342 0.2746833 0.4904449 0.7389627 0.6626257 0.6388142 0.7389627 0.5099265 0.6157354 0.7662384 0.5716050 0.2463781 0.0000000 0.2892469 0.6626257 0.5933457 0.3192509 0.3040988 0.6626257 0.6388142 
t15        0.7662384 0.2058276 0.3347153 0.6157354 0.5099265 0.5099265 0.4714565 0.3040988 0.4714565 0.5716050 0.5716050 0.3831192 0.2892469 0.0000000 0.5716050 0.4904449 0.0517447 0.0411062 0.5099265 0.4904449 
t7         1.1586745 0.5933457 0.7945437 0.6388142 0.3666350 0.4714565 0.9547243 0.7126442 0.3040988 0.4904449 0.2603971 0.7662384 0.6626257 0.5716050 0.0000000 0.0517447 0.6388142 0.5933457 0.6157354 0.5933457 
t19        1.1132061 0.5299277 0.7389627 0.5504769 0.2892469 0.3999739 0.9198342 0.6388142 0.2603971 0.4529370 0.1927838 0.6626257 0.5933457 0.4904449 0.0517447 0.0000000 0.5504769 0.5099265 0.5299277 0.5099265 
t9         0.8239592 0.2326162 0.3666350 0.6388142 0.5716050 0.5504769 0.5099265 0.3347153 0.5299277 0.6157354 0.6388142 0.3999739 0.3192509 0.0517447 0.6388142 0.5504769 0.0000000 0.0734853 0.4904449 0.4714565 
t10        0.7945437 0.2326162 0.3831192 0.6626257 0.5504769 0.5504769 0.4529370 0.3040988 0.5099265 0.6157354 0.5933457 0.3831192 0.3040988 0.0411062 0.5933457 0.5099265 0.0734853 0.0000000 0.5504769 0.5299277 
t14        1.2588231 0.5716050 0.7662384 0.5933457 0.5099265 0.5299277 0.9913169 0.7662384 0.4172160 0.5716050 0.4714565 0.8239592 0.6626257 0.5099265 0.6157354 0.5299277 0.4904449 0.5504769 0.0000000 0.0100673 
t17        1.2588231 0.5504769 0.7389627 0.5716050 0.4904449 0.5099265 0.9547243 0.7389627 0.3999739 0.5504769 0.4529370 0.7945437 0.6388142 0.4904449 0.5933457 0.5099265 0.4714565 0.5299277 0.0100673 0.0000000 
