20
t10        0.0000000 1.1132061 0.9913169 1.0703373 0.7945437 1.1586745 0.9547243 0.7662384 1.0703373 1.2070784 1.6785349 1.1586745 0.7126442 0.7945437 1.0703373 1.2070784 1.2070784 0.8864954 0.8239592 0.7126442 
t15        1.1132061 0.0000000 0.9913169 1.2070784 1.1586745 1.0297869 0.9547243 1.3144041 0.8239592 0.7945437 1.6785349 1.5901977 0.9547243 1.0703373 0.9913169 1.0297869 0.9547243 0.9913169 1.1132061 0.9547243 
t13        0.9913169 0.9913169 0.0000000 1.2588231 0.9198342 0.9913169 0.7126442 0.5504769 0.9913169 1.0703373 1.1586745 1.0703373 0.5099265 0.5716050 1.3144041 1.3144041 1.0703373 0.8864954 0.6157354 0.5716050 
t3         1.0703373 1.2070784 1.2588231 0.0000000 0.6157354 0.7945437 1.1586745 1.1586745 1.0297869 0.9913169 0.9547243 0.9547243 1.0297869 1.2588231 0.6626257 0.7389627 0.7945437 0.6626257 1.3144041 1.1586745 
t11        0.7945437 1.1586745 0.9198342 0.6157354 0.0000000 0.5099265 0.9913169 0.8545757 0.9913169 1.0703373 1.0703373 1.1132061 0.7662384 0.8545757 0.5299277 0.6157354 0.5099265 0.3666350 0.8864954 0.8239592 
t16        1.1586745 1.0297869 0.9913169 0.7945437 0.5099265 0.0000000 1.0297869 1.0703373 1.0703373 1.1132061 1.1586745 1.1132061 0.8545757 1.0703373 0.4714565 0.5099265 0.5933457 0.4714565 0.9198342 0.7945437 
t9         0.9547243 0.9547243 0.7126442 1.1586745 0.9913169 1.0297869 0.0000000 0.3831192 1.2070784 0.9913169 1.3744361 1.0703373 0.8239592 0.9198342 1.1586745 1.0703373 0.8864954 0.9913169 0.7389627 0.7126442 
t1         0.7662384 1.3144041 0.5504769 1.1586745 0.8545757 1.0703373 0.3831192 0.0000000 1.3144041 1.0703373 1.3744361 0.9198342 0.7126442 0.6872180 1.2070784 1.2070784 0.9913169 0.9913169 0.7945437 0.7389627 
t19        1.0703373 0.8239592 0.9913169 1.0297869 0.9913169 1.0703373 1.2070784 1.3144041 0.0000000 0.2603971 1.3144041 0.9547243 0.8239592 0.9198342 0.8545757 0.8864954 1.3144041 1.1132061 0.9198342 0.8545757 
t14        1.2070784 0.7945437 1.0703373 0.9913169 1.0703373 1.1132061 0.9913169 1.0703373 0.2603971 0.0000000 1.4396946 1.2588231 0.9913169 1.1132061 1.1132061 1.1132061 1.5111773 1.3144041 1.0703373 0.9913169 
t7         1.6785349 1.6785349 1.1586745 0.9547243 1.0703373 1.1586745 1.3744361 1.3744361 1.3144041 1.4396946 0.0000000 0.2892469 1.0297869 1.1132061 1.0703373 1.0703373 1.1132061 0.9547243 1.2070784 1.0703373 
t4         1.1586745 1.5901977 1.0703373 0.9547243 1.1132061 1.1132061 1.0703373 0.9198342 0.9547243 1.2588231 0.2892469 0.0000000 0.8864954 0.8545757 0.8545757 0.8545757 1.0703373 0.9198342 1.1132061 0.9913169 
t18        0.7126442 0.9547243 0.5099265 1.0297869 0.7662384 0.8545757 0.8239592 0.7126442 0.8239592 0.9913169 1.0297869 0.8864954 0.0000000 0.1189538 0.9198342 0.8864954 0.9198342 0.7126442 0.2746833 0.2326162 
t2         0.7945437 1.0703373 0.5716050 1.2588231 0.8545757 1.0703373 0.9198342 0.6872180 0.9198342 1.1132061 1.1132061 0.8545757 0.1189538 0.0000000 0.9913169 0.9913169 1.0297869 0.8239592 0.3192509 0.3040988 
t5         1.0703373 0.9913169 1.3144041 0.6626257 0.5299277 0.4714565 1.1586745 1.2070784 0.8545757 1.1132061 1.0703373 0.8545757 0.9198342 0.9913169 0.0000000 0.0958750 0.5504769 0.3666350 1.1132061 1.0297869 
t12        1.2070784 1.0297869 1.3144041 0.7389627 0.6157354 0.5099265 1.0703373 1.2070784 0.8864954 1.1132061 1.0703373 0.8545757 0.8864954 0.9913169 0.0958750 0.0000000 0.6157354 0.4348639 1.0703373 0.9547243 
t8         1.2070784 0.9547243 1.0703373 0.7945437 0.5099265 0.5933457 0.8864954 0.9913169 1.3144041 1.5111773 1.1132061 1.0703373 0.9198342 1.0297869 0.5504769 0.6157354 0.0000000 0.1427653 1.0703373 0.9547243 
t20        0.8864954 0.9913169 0.8864954 0.6626257 0.3666350 0.4714565 0.9913169 0.9913169 1.1132061 1.3144041 0.9547243 0.9198342 0.7126442 0.8239592 0.3666350 0.4348639 0.1427653 0.0000000 0.8239592 0.7389627 
t6         0.8239592 1.1132061 0.6157354 1.3144041 0.8864954 0.9198342 0.7389627 0.7945437 0.9198342 1.0703373 1.2070784 1.1132061 0.2746833 0.3192509 1.1132061 1.0703373 1.0703373 0.8239592 0.0000000 0.0734853 
t17        0.7126442 0.9547243 0.5716050 1.1586745 0.8239592 0.7945437 0.7126442 0.7389627 0.8545757 0.9913169 1.0703373 0.9913169 0.2326162 0.3040988 1.0297869 0.9547243 0.9547243 0.7389627 0.0734853 0.0000000 
