20
t3         0.0000000 0.5504769 1.7786835 0.5099265 1.0703373 3.2381161 0.4529370 0.7389627 0.5933457 0.5299277 0.4172160 0.6388142 0.5299277 0.4904449 0.4348639 0.4172160 0.3831192 0.3999739 0.6157354 0.5299277 
t13        0.5504769 0.0000000 1.5901977 0.5299277 0.9198342 1.6785349 0.4714565 0.7945437 0.2746833 0.2463781 0.4529370 0.5716050 0.5504769 0.5099265 0.4529370 0.4348639 0.3831192 0.3666350 0.5716050 0.5299277 
t18        1.7786835 1.5901977 0.0000000 1.7786835 1.8942965 9.0000000 1.5901977 2.4141569 1.2070784 1.1586745 1.5111773 1.7786835 1.7786835 1.6785349 1.5111773 1.4396946 1.4396946 1.4396946 1.5901977 1.6785349 
t1         0.5099265 0.5299277 1.7786835 0.0000000 1.0297869 1.7786835 0.3666350 0.6157354 0.4172160 0.4172160 0.3666350 0.5716050 0.4714565 0.4348639 0.4172160 0.3831192 0.3347153 0.3505054 0.5099265 0.4904449 
t12        1.0703373 0.9198342 1.8942965 1.0297869 0.0000000 1.4396946 0.6157354 1.0297869 1.0297869 0.9913169 0.6157354 0.7945437 0.6872180 0.6157354 0.7126442 0.6388142 0.5933457 0.5933457 0.7945437 0.6626257 
t8         3.2381161 1.6785349 9.0000000 1.7786835 1.4396946 0.0000000 2.0310377 2.0310377 2.4141569 3.2381161 2.0310377 1.6785349 2.7182557 3.2381161 3.2381161 2.7182557 2.4141569 2.1983953 2.4141569 2.7182557 
t5         0.4529370 0.4714565 1.5901977 0.3666350 0.6157354 2.0310377 0.0000000 0.4904449 0.3831192 0.3505054 0.2326162 0.4348639 0.2463781 0.1799630 0.2326162 0.1927838 0.1799630 0.1927838 0.2746833 0.2191023 
t9         0.7389627 0.7945437 2.4141569 0.6157354 1.0297869 2.0310377 0.4904449 0.0000000 0.7389627 0.7662384 0.5299277 0.7945437 0.3666350 0.3347153 0.6626257 0.5504769 0.4714565 0.4904449 0.4172160 0.3831192 
t2         0.5933457 0.2746833 1.2070784 0.4172160 1.0297869 2.4141569 0.3831192 0.7389627 0.0000000 0.0845966 0.3505054 0.5299277 0.4904449 0.3999739 0.3666350 0.3505054 0.3040988 0.3192509 0.5099265 0.4348639 
t4         0.5299277 0.2463781 1.1586745 0.4172160 0.9913169 3.2381161 0.3505054 0.7662384 0.0845966 0.0000000 0.3192509 0.5299277 0.4529370 0.3831192 0.3040988 0.3192509 0.2746833 0.2892469 0.4904449 0.3999739 
t15        0.4172160 0.4529370 1.5111773 0.3666350 0.6157354 2.0310377 0.2326162 0.5299277 0.3505054 0.3192509 0.0000000 0.2463781 0.2892469 0.2191023 0.1189538 0.0958750 0.0734853 0.0845966 0.3040988 0.2603971 
t6         0.6388142 0.5716050 1.7786835 0.5716050 0.7945437 1.6785349 0.4348639 0.7945437 0.5299277 0.5299277 0.2463781 0.0000000 0.5504769 0.4348639 0.3505054 0.2892469 0.2892469 0.2892469 0.5099265 0.4714565 
t20        0.5299277 0.5504769 1.7786835 0.4714565 0.6872180 2.7182557 0.2463781 0.3666350 0.4904449 0.4529370 0.2892469 0.5504769 0.0000000 0.0845966 0.3040988 0.2603971 0.2326162 0.2463781 0.1549607 0.1189538 
t14        0.4904449 0.5099265 1.6785349 0.4348639 0.6157354 3.2381161 0.1799630 0.3347153 0.3999739 0.3831192 0.2191023 0.4348639 0.0845966 0.0000000 0.2603971 0.1927838 0.1673577 0.1799630 0.0734853 0.0306165 
t19        0.4348639 0.4529370 1.5111773 0.4172160 0.7126442 3.2381161 0.2326162 0.6626257 0.3666350 0.3040988 0.1189538 0.3505054 0.3040988 0.2603971 0.0000000 0.0845966 0.1073256 0.1189538 0.3505054 0.2746833 
t10        0.4172160 0.4348639 1.4396946 0.3831192 0.6388142 2.7182557 0.1927838 0.5504769 0.3505054 0.3192509 0.0958750 0.2892469 0.2603971 0.1927838 0.0845966 0.0000000 0.0625362 0.0734853 0.2746833 0.2326162 
t7         0.3831192 0.3831192 1.4396946 0.3347153 0.5933457 2.4141569 0.1799630 0.4714565 0.3040988 0.2746833 0.0734853 0.2892469 0.2326162 0.1673577 0.1073256 0.0625362 0.0000000 0.0100673 0.2326162 0.2058276 
t11        0.3999739 0.3666350 1.4396946 0.3505054 0.5933457 2.1983953 0.1927838 0.4904449 0.3192509 0.2892469 0.0845966 0.2892469 0.2463781 0.1799630 0.1189538 0.0734853 0.0100673 0.0000000 0.2463781 0.2191023 
t16        0.6157354 0.5716050 1.5901977 0.5099265 0.7945437 2.4141569 0.2746833 0.4172160 0.5099265 0.4904449 0.3040988 0.5099265 0.1549607 0.0734853 0.3505054 0.2746833 0.2326162 0.2463781 0.0000000 0.0845966 
t17        0.5299277 0.5299277 1.6785349 0.4904449 0.6626257 2.7182557 0.2191023 0.3831192 0.4348639 0.3999739 0.2603971 0.4714565 0.1189538 0.0306165 0.2746833 0.2326162 0.2058276 0.2191023 0.0845966 0.0000000 
