20
t15        0.0000000 2.7182557 2.7182557 9.0000000 3.2381161 9.0000000 9.0000000 9.0000000 2.7182557 2.7182557 1.8942965 9.0000000 2.7182557 9.0000000 9.0000000 9.0000000 9.0000000 9.0000000 9.0000000 2.4141569 
t6         2.7182557 0.0000000 1.3144041 1.3144041 2.0310377 0.9547243 0.7389627 0.8239592 1.4396946 1.5111773 1.3744361 1.1586745 2.4141569 1.4396946 1.3744361 0.8545757 1.8942965 1.5901977 1.2070784 1.0297869 
t17        2.7182557 1.3144041 0.0000000 9.0000000 9.0000000 2.7182557 1.8942965 2.0310377 9.0000000 2.7182557 2.0310377 3.2381161 1.7786835 1.5901977 3.2381161 2.1983953 1.5901977 1.8942965 2.7182557 2.4141569 
t11        9.0000000 1.3144041 9.0000000 0.0000000 2.1983953 0.6157354 0.7945437 0.7389627 1.6785349 1.6785349 1.5901977 2.0310377 2.4141569 1.2588231 0.7662384 0.8545757 1.4396946 1.3144041 1.5111773 1.1132061 
t20        3.2381161 2.0310377 9.0000000 2.1983953 0.0000000 1.2588231 1.5111773 1.4396946 0.7126442 0.9198342 1.7786835 1.6785349 9.0000000 3.2381161 1.8942965 1.7786835 2.4141569 2.1983953 1.3744361 1.5901977 
t8         9.0000000 0.9547243 2.7182557 0.6157354 1.2588231 0.0000000 0.4348639 0.4714565 1.0297869 1.2588231 2.0310377 1.7786835 2.1983953 0.8864954 0.6626257 0.5504769 0.8545757 0.7126442 1.2588231 1.1586745 
t2         9.0000000 0.7389627 1.8942965 0.7945437 1.5111773 0.4348639 0.0000000 0.2058276 0.9198342 1.0297869 1.4396946 1.2070784 2.4141569 0.5933457 0.5933457 0.5716050 0.6626257 0.5504769 1.3144041 1.1586745 
t9         9.0000000 0.8239592 2.0310377 0.7389627 1.4396946 0.4714565 0.2058276 0.0000000 0.9547243 0.9547243 1.2070784 1.2070784 1.8942965 0.5504769 0.7126442 0.7126442 0.5504769 0.5099265 1.2588231 1.0703373 
t16        2.7182557 1.4396946 9.0000000 1.6785349 0.7126442 1.0297869 0.9198342 0.9547243 0.0000000 0.3040988 1.8942965 1.8942965 9.0000000 1.5111773 1.0703373 1.0703373 1.5111773 1.5111773 1.3144041 2.0310377 
t13        2.7182557 1.5111773 2.7182557 1.6785349 0.9198342 1.2588231 1.0297869 0.9547243 0.3040988 0.0000000 1.6785349 1.3744361 2.4141569 1.2070784 1.3144041 1.2588231 1.2070784 1.1132061 1.6785349 1.5111773 
t1         1.8942965 1.3744361 2.0310377 1.5901977 1.7786835 2.0310377 1.4396946 1.2070784 1.8942965 1.6785349 0.0000000 0.6626257 1.7786835 1.6785349 1.4396946 1.8942965 1.7786835 1.6785349 0.8239592 0.8239592 
t10        9.0000000 1.1586745 3.2381161 2.0310377 1.6785349 1.7786835 1.2070784 1.2070784 1.8942965 1.3744361 0.6626257 0.0000000 2.1983953 1.3144041 1.6785349 1.5111773 1.5901977 1.5901977 0.8545757 0.8545757 
t12        2.7182557 2.4141569 1.7786835 2.4141569 9.0000000 2.1983953 2.4141569 1.8942965 9.0000000 2.4141569 1.7786835 2.1983953 0.0000000 1.7786835 3.2381161 1.8942965 1.8942965 2.4141569 1.6785349 1.1586745 
t7         9.0000000 1.4396946 1.5901977 1.2588231 3.2381161 0.8864954 0.5933457 0.5504769 1.5111773 1.2070784 1.6785349 1.3144041 1.7786835 0.0000000 1.1586745 1.0297869 0.3347153 0.2326162 1.7786835 1.5901977 
t3         9.0000000 1.3744361 3.2381161 0.7662384 1.8942965 0.6626257 0.5933457 0.7126442 1.0703373 1.3144041 1.4396946 1.6785349 3.2381161 1.1586745 0.0000000 0.5099265 0.9547243 1.2588231 1.4396946 1.2070784 
t4         9.0000000 0.8545757 2.1983953 0.8545757 1.7786835 0.5504769 0.5716050 0.7126442 1.0703373 1.2588231 1.8942965 1.5111773 1.8942965 1.0297869 0.5099265 0.0000000 1.1586745 1.2070784 1.5901977 1.2588231 
t5         9.0000000 1.8942965 1.5901977 1.4396946 2.4141569 0.8545757 0.6626257 0.5504769 1.5111773 1.2070784 1.7786835 1.5901977 1.8942965 0.3347153 0.9547243 1.1586745 0.0000000 0.1927838 1.6785349 1.5901977 
t18        9.0000000 1.5901977 1.8942965 1.3144041 2.1983953 0.7126442 0.5504769 0.5099265 1.5111773 1.1132061 1.6785349 1.5901977 2.4141569 0.2326162 1.2588231 1.2070784 0.1927838 0.0000000 1.3744361 1.2588231 
t19        9.0000000 1.2070784 2.7182557 1.5111773 1.3744361 1.2588231 1.3144041 1.2588231 1.3144041 1.6785349 0.8239592 0.8545757 1.6785349 1.7786835 1.4396946 1.5901977 1.6785349 1.3744361 0.0000000 0.3192509 
t14        2.4141569 1.0297869 2.4141569 1.1132061 1.5901977 1.1586745 1.1586745 1.0703373 2.0310377 1.5111773 0.8239592 0.8545757 1.1586745 1.5901977 1.2070784 1.2588231 1.5901977 1.2588231 0.3192509 0.0000000 
