20
t9         0.0000000 9.0000000 1.5111773 3.2381161 3.2381161 1.5901977 2.7182557 1.5901977 2.0310377 2.7182557 9.0000000 1.8942965 9.0000000 2.0310377 1.8942965 1.6785349 2.1983953 2.0310377 2.0310377 1.8942965 
t2         9.0000000 0.0000000 1.1132061 1.5111773 1.8942965 1.1132061 1.1586745 0.8239592 1.2588231 1.3744361 1.2070784 1.4396946 1.4396946 1.3144041 1.4396946 1.5111773 1.3744361 1.5111773 1.7786835 1.4396946 
t12        1.5111773 1.1132061 0.0000000 1.4396946 1.8942965 1.0703373 1.1586745 0.8545757 1.1586745 1.4396946 1.4396946 1.2070784 1.7786835 1.2070784 1.6785349 1.2588231 1.3144041 1.1586745 1.4396946 1.4396946 
t3         3.2381161 1.5111773 1.4396946 0.0000000 0.7126442 1.1586745 1.2588231 0.7945437 1.2070784 1.3744361 1.3744361 1.2070784 1.4396946 1.5901977 1.3144041 1.4396946 1.5111773 1.8942965 1.4396946 1.4396946 
t10        3.2381161 1.8942965 1.8942965 0.7126442 0.0000000 1.3744361 1.4396946 0.9913169 1.5111773 1.7786835 1.6785349 2.0310377 2.4141569 1.4396946 1.4396946 1.7786835 2.4141569 2.1983953 1.5901977 1.7786835 
t8         1.5901977 1.1132061 1.0703373 1.1586745 1.3744361 0.0000000 1.0703373 0.7389627 1.3144041 1.2588231 1.5901977 1.3744361 2.1983953 1.2588231 1.2588231 1.3744361 1.5111773 1.5901977 1.4396946 1.5111773 
t7         2.7182557 1.1586745 1.1586745 1.2588231 1.4396946 1.0703373 0.0000000 0.4904449 1.5111773 1.4396946 1.1132061 1.5111773 1.3144041 1.4396946 1.1586745 1.5111773 1.6785349 1.5901977 1.5111773 1.4396946 
t5         1.5901977 0.8239592 0.8545757 0.7945437 0.9913169 0.7389627 0.4904449 0.0000000 0.9913169 0.9198342 0.9198342 1.1132061 1.5111773 0.8545757 0.9198342 1.1132061 1.1132061 1.1586745 1.2588231 1.2588231 
t18        2.0310377 1.2588231 1.1586745 1.2070784 1.5111773 1.3144041 1.5111773 0.9913169 0.0000000 0.9913169 1.1586745 0.3040988 0.3505054 1.1132061 1.0297869 0.3347153 0.3347153 0.3040988 0.4172160 0.4172160 
t15        2.7182557 1.3744361 1.4396946 1.3744361 1.7786835 1.2588231 1.4396946 0.9198342 0.9913169 0.0000000 0.3192509 1.3144041 1.2070784 0.4904449 0.4904449 0.9913169 1.3744361 1.3144041 1.0703373 1.0297869 
t19        9.0000000 1.2070784 1.4396946 1.3744361 1.6785349 1.5901977 1.1132061 0.9198342 1.1586745 0.3192509 0.0000000 1.6785349 1.3144041 0.4904449 0.4348639 1.1132061 1.5901977 1.4396946 1.2070784 0.9913169 
t16        1.8942965 1.4396946 1.2070784 1.2070784 2.0310377 1.3744361 1.5111773 1.1132061 0.3040988 1.3144041 1.6785349 0.0000000 0.4172160 1.5111773 1.5901977 0.4172160 0.3192509 0.3040988 0.5099265 0.5299277 
t6         9.0000000 1.4396946 1.7786835 1.4396946 2.4141569 2.1983953 1.3144041 1.5111773 0.3505054 1.2070784 1.3144041 0.4172160 0.0000000 1.3744361 1.1586745 0.5299277 0.4348639 0.4348639 0.5504769 0.6157354 
t4         2.0310377 1.3144041 1.2070784 1.5901977 1.4396946 1.2588231 1.4396946 0.8545757 1.1132061 0.4904449 0.4904449 1.5111773 1.3744361 0.0000000 0.2892469 1.2588231 1.3144041 1.3144041 1.5901977 1.5111773 
t13        1.8942965 1.4396946 1.6785349 1.3144041 1.4396946 1.2588231 1.1586745 0.9198342 1.0297869 0.4904449 0.4348639 1.5901977 1.1586745 0.2892469 0.0000000 0.9198342 1.5111773 1.4396946 1.1586745 0.9198342 
t14        1.6785349 1.5111773 1.2588231 1.4396946 1.7786835 1.3744361 1.5111773 1.1132061 0.3347153 0.9913169 1.1132061 0.4172160 0.5299277 1.2588231 0.9198342 0.0000000 0.4904449 0.4529370 0.0845966 0.0958750 
t1         2.1983953 1.3744361 1.3144041 1.5111773 2.4141569 1.5111773 1.6785349 1.1132061 0.3347153 1.3744361 1.5901977 0.3192509 0.4348639 1.3144041 1.5111773 0.4904449 0.0000000 0.1189538 0.5933457 0.6157354 
t20        2.0310377 1.5111773 1.1586745 1.8942965 2.1983953 1.5901977 1.5901977 1.1586745 0.3040988 1.3144041 1.4396946 0.3040988 0.4348639 1.3144041 1.4396946 0.4529370 0.1189538 0.0000000 0.5504769 0.5716050 
t17        2.0310377 1.7786835 1.4396946 1.4396946 1.5901977 1.4396946 1.5111773 1.2588231 0.4172160 1.0703373 1.2070784 0.5099265 0.5504769 1.5901977 1.1586745 0.0845966 0.5933457 0.5504769 0.0000000 0.0958750 
t11        1.8942965 1.4396946 1.4396946 1.4396946 1.7786835 1.5111773 1.4396946 1.2588231 0.4172160 1.0297869 0.9913169 0.5299277 0.6157354 1.5111773 0.9198342 0.0958750 0.6157354 0.5716050 0.0958750 0.0000000 
