20
t15        0.0000000 0.9547243 3.2381161 1.5901977 1.2070784 1.1132061 1.7786835 1.4396946 0.9913169 1.2588231 1.5901977 2.0310377 1.5901977 1.4396946 1.7786835 1.5901977 1.3744361 1.7786835 9.0000000 9.0000000 
t14        0.9547243 0.0000000 1.4396946 1.5901977 0.5933457 1.0703373 1.1586745 1.0297869 0.6388142 1.0703373 1.1586745 2.7182557 1.7786835 1.5901977 1.3744361 1.1586745 1.1132061 1.3144041 9.0000000 9.0000000 
t4         3.2381161 1.4396946 0.0000000 9.0000000 1.6785349 9.0000000 2.4141569 1.7786835 2.1983953 2.0310377 2.4141569 2.4141569 2.4141569 2.7182557 9.0000000 9.0000000 1.8942965 2.0310377 1.8942965 1.6785349 
t9         1.5901977 1.5901977 9.0000000 0.0000000 3.2381161 2.7182557 2.1983953 1.5901977 2.1983953 2.4141569 1.7786835 2.4141569 2.4141569 1.7786835 2.1983953 9.0000000 1.3744361 1.3144041 9.0000000 3.2381161 
t6         1.2070784 0.5933457 1.6785349 3.2381161 0.0000000 0.9913169 1.1132061 1.0703373 0.7126442 1.0703373 1.2588231 1.5901977 1.1132061 1.0703373 1.5111773 1.2588231 1.2070784 1.5901977 9.0000000 9.0000000 
t2         1.1132061 1.0703373 9.0000000 2.7182557 0.9913169 0.0000000 1.5901977 0.4529370 1.0703373 1.7786835 0.5504769 1.3144041 1.3144041 1.3744361 1.3744361 1.2588231 2.7182557 2.1983953 9.0000000 2.4141569 
t10        1.7786835 1.1586745 2.4141569 2.1983953 1.1132061 1.5901977 0.0000000 1.8942965 1.3744361 1.6785349 2.0310377 9.0000000 2.4141569 1.5111773 0.3666350 0.3192509 9.0000000 9.0000000 2.4141569 1.8942965 
t5         1.4396946 1.0297869 1.7786835 1.5901977 1.0703373 0.4529370 1.8942965 0.0000000 1.2070784 1.4396946 0.3999739 1.1132061 1.0703373 1.1132061 1.7786835 1.6785349 2.7182557 2.7182557 9.0000000 2.4141569 
t1         0.9913169 0.6388142 2.1983953 2.1983953 0.7126442 1.0703373 1.3744361 1.2070784 0.0000000 0.3999739 1.3144041 1.8942965 1.2070784 1.4396946 2.0310377 1.6785349 1.3144041 2.0310377 3.2381161 2.4141569 
t20        1.2588231 1.0703373 2.0310377 2.4141569 1.0703373 1.7786835 1.6785349 1.4396946 0.3999739 0.0000000 2.0310377 1.8942965 1.3744361 1.2070784 2.1983953 2.4141569 1.1586745 1.6785349 2.4141569 2.0310377 
t19        1.5901977 1.1586745 2.4141569 1.7786835 1.2588231 0.5504769 2.0310377 0.3999739 1.3144041 2.0310377 0.0000000 0.8239592 1.5901977 1.3744361 2.0310377 2.0310377 1.8942965 1.7786835 9.0000000 9.0000000 
t8         2.0310377 2.7182557 2.4141569 2.4141569 1.5901977 1.3144041 9.0000000 1.1132061 1.8942965 1.8942965 0.8239592 0.0000000 1.0703373 1.2588231 9.0000000 2.4141569 1.6785349 1.3144041 2.4141569 9.0000000 
t12        1.5901977 1.7786835 2.4141569 2.4141569 1.1132061 1.3144041 2.4141569 1.0703373 1.2070784 1.3744361 1.5901977 1.0703373 0.0000000 0.5504769 2.4141569 1.7786835 1.7786835 1.5901977 1.5901977 1.3744361 
t17        1.4396946 1.5901977 2.7182557 1.7786835 1.0703373 1.3744361 1.5111773 1.1132061 1.4396946 1.2070784 1.3744361 1.2588231 0.5504769 0.0000000 1.5111773 1.3744361 2.4141569 2.1983953 2.0310377 1.6785349 
t16        1.7786835 1.3744361 9.0000000 2.1983953 1.5111773 1.3744361 0.3666350 1.7786835 2.0310377 2.1983953 2.0310377 9.0000000 2.4141569 1.5111773 0.0000000 0.2463781 9.0000000 2.4141569 1.8942965 1.5901977 
t18        1.5901977 1.1586745 9.0000000 9.0000000 1.2588231 1.2588231 0.3192509 1.6785349 1.6785349 2.4141569 2.0310377 2.4141569 1.7786835 1.3744361 0.2463781 0.0000000 9.0000000 2.7182557 2.4141569 1.6785349 
t3         1.3744361 1.1132061 1.8942965 1.3744361 1.2070784 2.7182557 9.0000000 2.7182557 1.3144041 1.1586745 1.8942965 1.6785349 1.7786835 2.4141569 9.0000000 9.0000000 0.0000000 0.1799630 9.0000000 9.0000000 
t13        1.7786835 1.3144041 2.0310377 1.3144041 1.5901977 2.1983953 9.0000000 2.7182557 2.0310377 1.6785349 1.7786835 1.3144041 1.5901977 2.1983953 2.4141569 2.7182557 0.1799630 0.0000000 9.0000000 9.0000000 
t11        9.0000000 9.0000000 1.8942965 9.0000000 9.0000000 9.0000000 2.4141569 9.0000000 3.2381161 2.4141569 9.0000000 2.4141569 1.5901977 2.0310377 1.8942965 2.4141569 9.0000000 9.0000000 0.0000000 0.1073256 
t7         9.0000000 9.0000000 1.6785349 3.2381161 9.0000000 2.4141569 1.8942965 2.4141569 2.4141569 2.0310377 9.0000000 9.0000000 1.3744361 1.6785349 1.5901977 1.6785349 9.0000000 9.0000000 0.1073256 0.0000000 
