20
t3         0.0000000 1.6785349 1.3144041 1.3144041 1.2588231 1.1586745 1.5111773 1.5901977 1.4396946 1.1586745 1.2588231 1.3744361 1.3744361 1.3744361 1.2070784 1.1586745 1.3744361 1.3744361 1.5111773 1.6785349 
t12        1.6785349 0.0000000 0.3347153 1.3144041 0.5299277 1.3144041 3.2381161 2.1983953 1.5111773 0.8864954 0.7662384 0.8864954 0.7945437 0.9198342 0.9198342 0.7945437 0.8239592 0.7945437 1.8942965 1.8942965 
t14        1.3144041 0.3347153 0.0000000 1.5111773 0.5299277 1.2070784 2.7182557 1.5111773 1.4396946 0.7126442 0.6872180 0.7389627 0.7662384 0.8864954 0.7662384 0.6388142 0.7389627 0.7389627 1.5111773 1.5901977 
t2         1.3144041 1.3144041 1.5111773 0.0000000 1.3144041 0.6388142 1.0703373 1.0297869 0.7126442 1.3144041 1.3144041 1.2070784 1.5111773 1.3744361 1.2588231 1.5111773 1.2070784 1.2070784 1.5901977 1.6785349 
t19        1.2588231 0.5299277 0.5299277 1.3144041 0.0000000 1.1132061 1.7786835 1.4396946 1.3144041 0.8239592 0.9198342 0.9547243 0.4714565 0.5933457 0.8545757 0.8545757 0.8864954 0.8545757 1.2070784 1.3144041 
t9         1.1586745 1.3144041 1.2070784 0.6388142 1.1132061 0.0000000 1.7786835 0.8239592 0.5716050 0.9913169 1.1132061 1.2070784 1.2588231 1.3744361 0.9913169 1.1132061 1.2070784 1.1586745 1.1586745 1.2588231 
t5         1.5111773 3.2381161 2.7182557 1.0703373 1.7786835 1.7786835 0.0000000 2.4141569 1.4396946 1.5111773 1.4396946 1.5901977 2.7182557 3.2381161 1.2588231 1.5901977 1.5901977 1.4396946 0.7662384 0.7945437 
t11        1.5901977 2.1983953 1.5111773 1.0297869 1.4396946 0.8239592 2.4141569 0.0000000 0.4172160 1.3144041 1.5901977 1.5901977 1.3144041 1.5901977 1.5111773 1.3144041 2.1983953 2.0310377 1.5901977 1.6785349 
t4         1.4396946 1.5111773 1.4396946 0.7126442 1.3144041 0.5716050 1.4396946 0.4172160 0.0000000 1.1132061 1.1132061 1.0703373 1.3144041 1.6785349 1.1132061 1.0703373 1.5111773 1.4396946 1.4396946 1.5111773 
t6         1.1586745 0.8864954 0.7126442 1.3144041 0.8239592 0.9913169 1.5111773 1.3144041 1.1132061 0.0000000 0.2058276 0.2746833 0.9547243 1.0297869 0.1307650 0.1307650 0.2603971 0.2746833 0.8864954 0.8864954 
t8         1.2588231 0.7662384 0.6872180 1.3144041 0.9198342 1.1132061 1.4396946 1.5901977 1.1132061 0.2058276 0.0000000 0.3040988 0.9547243 1.0297869 0.1673577 0.1549607 0.2603971 0.2892469 0.8545757 0.8545757 
t15        1.3744361 0.8864954 0.7389627 1.2070784 0.9547243 1.2070784 1.5901977 1.5901977 1.0703373 0.2746833 0.3040988 0.0000000 0.9547243 1.2588231 0.2058276 0.2463781 0.2463781 0.2326162 0.9547243 0.9547243 
t10        1.3744361 0.7945437 0.7662384 1.5111773 0.4714565 1.2588231 2.7182557 1.3144041 1.3144041 0.9547243 0.9547243 0.9547243 0.0000000 0.2463781 0.9198342 0.9547243 0.8864954 0.8864954 1.5901977 1.6785349 
t1         1.3744361 0.9198342 0.8864954 1.3744361 0.5933457 1.3744361 3.2381161 1.5901977 1.6785349 1.0297869 1.0297869 1.2588231 0.2463781 0.0000000 1.0703373 1.1132061 1.1586745 1.1586745 1.5901977 1.6785349 
t20        1.2070784 0.9198342 0.7662384 1.2588231 0.8545757 0.9913169 1.2588231 1.5111773 1.1132061 0.1307650 0.1673577 0.2058276 0.9198342 1.0703373 0.0000000 0.0958750 0.2463781 0.2603971 0.8864954 0.8864954 
t16        1.1586745 0.7945437 0.6388142 1.5111773 0.8545757 1.1132061 1.5901977 1.3144041 1.0703373 0.1307650 0.1549607 0.2463781 0.9547243 1.1132061 0.0958750 0.0000000 0.2326162 0.2463781 0.9913169 0.9913169 
t18        1.3744361 0.8239592 0.7389627 1.2070784 0.8864954 1.2070784 1.5901977 2.1983953 1.5111773 0.2603971 0.2603971 0.2463781 0.8864954 1.1586745 0.2463781 0.2326162 0.0000000 0.0517447 1.1586745 1.1586745 
t13        1.3744361 0.7945437 0.7389627 1.2070784 0.8545757 1.1586745 1.4396946 2.0310377 1.4396946 0.2746833 0.2892469 0.2326162 0.8864954 1.1586745 0.2603971 0.2463781 0.0517447 0.0000000 1.0703373 1.0703373 
t17        1.5111773 1.8942965 1.5111773 1.5901977 1.2070784 1.1586745 0.7662384 1.5901977 1.4396946 0.8864954 0.8545757 0.9547243 1.5901977 1.5901977 0.8864954 0.9913169 1.1586745 1.0703373 0.0000000 0.0202715 
t7         1.6785349 1.8942965 1.5901977 1.6785349 1.3144041 1.2588231 0.7945437 1.6785349 1.5111773 0.8864954 0.8545757 0.9547243 1.6785349 1.6785349 0.8864954 0.9913169 1.1586745 1.0703373 0.0202715 0.0000000 
