20
t14        0.0000000 9.0000000 1.7786835 2.7182557 9.0000000 2.0310377 9.0000000 1.5111773 9.0000000 2.1983953 2.1983953 9.0000000 1.8942965 2.0310377 9.0000000 9.0000000 3.2381161 2.4141569 9.0000000 9.0000000 
t20        9.0000000 0.0000000 1.7786835 9.0000000 2.1983953 9.0000000 2.0310377 1.8942965 9.0000000 9.0000000 9.0000000 9.0000000 2.1983953 1.8942965 9.0000000 9.0000000 9.0000000 9.0000000 9.0000000 9.0000000 
t13        1.7786835 1.7786835 0.0000000 1.2588231 1.5111773 9.0000000 1.8942965 1.6785349 1.7786835 2.4141569 1.8942965 2.7182557 1.8942965 1.8942965 1.4396946 1.4396946 1.7786835 1.7786835 2.0310377 2.0310377 
t19        2.7182557 9.0000000 1.2588231 0.0000000 1.0297869 1.5111773 9.0000000 1.0297869 0.8545757 1.2070784 0.9913169 9.0000000 1.6785349 1.2070784 0.6157354 0.5716050 2.0310377 1.6785349 1.3744361 1.3744361 
t1         9.0000000 2.1983953 1.5111773 1.0297869 0.0000000 1.3744361 3.2381161 1.7786835 1.0297869 2.7182557 1.1586745 2.1983953 2.1983953 1.3144041 0.8864954 1.0297869 2.7182557 2.7182557 1.4396946 1.4396946 
t9         2.0310377 9.0000000 9.0000000 1.5111773 1.3744361 0.0000000 9.0000000 1.0297869 1.2588231 1.4396946 1.3744361 2.7182557 1.3744361 1.2070784 1.4396946 1.5901977 2.0310377 1.8942965 1.2588231 1.2588231 
t16        9.0000000 2.0310377 1.8942965 9.0000000 3.2381161 9.0000000 0.0000000 9.0000000 9.0000000 9.0000000 9.0000000 3.2381161 2.7182557 9.0000000 9.0000000 9.0000000 1.8942965 1.5901977 1.6785349 1.6785349 
t2         1.5111773 1.8942965 1.6785349 1.0297869 1.7786835 1.0297869 9.0000000 0.0000000 0.7945437 1.1132061 0.8864954 9.0000000 0.7389627 0.6157354 1.1132061 1.0297869 9.0000000 2.4141569 1.3744361 1.3744361 
t15        9.0000000 9.0000000 1.7786835 0.8545757 1.0297869 1.2588231 9.0000000 0.7945437 0.0000000 0.8545757 0.5933457 9.0000000 1.3744361 1.0703373 0.6872180 0.6388142 9.0000000 9.0000000 1.0297869 1.0297869 
t7         2.1983953 9.0000000 2.4141569 1.2070784 2.7182557 1.4396946 9.0000000 1.1132061 0.8545757 0.0000000 0.4172160 9.0000000 1.1132061 1.2588231 1.1132061 1.1586745 9.0000000 2.1983953 1.5111773 1.5111773 
t4         2.1983953 9.0000000 1.8942965 0.9913169 1.1586745 1.3744361 9.0000000 0.8864954 0.5933457 0.4172160 0.0000000 9.0000000 0.9547243 0.9547243 0.7945437 0.8239592 9.0000000 9.0000000 1.0297869 1.0297869 
t3         9.0000000 9.0000000 2.7182557 9.0000000 2.1983953 2.7182557 3.2381161 9.0000000 9.0000000 9.0000000 9.0000000 0.0000000 1.6785349 1.3144041 3.2381161 9.0000000 3.2381161 9.0000000 2.7182557 2.7182557 
t11        1.8942965 2.1983953 1.8942965 1.6785349 2.1983953 1.3744361 2.7182557 0.7389627 1.3744361 1.1132061 0.9547243 1.6785349 0.0000000 0.2746833 1.3744361 1.5901977 9.0000000 2.4141569 1.4396946 1.4396946 
t18        2.0310377 1.8942965 1.8942965 1.2070784 1.3144041 1.2070784 9.0000000 0.6157354 1.0703373 1.2588231 0.9547243 1.3144041 0.2746833 0.0000000 1.0703373 1.2070784 9.0000000 9.0000000 1.3744361 1.3744361 
t10        9.0000000 9.0000000 1.4396946 0.6157354 0.8864954 1.4396946 9.0000000 1.1132061 0.6872180 1.1132061 0.7945437 3.2381161 1.3744361 1.0703373 0.0000000 0.1549607 9.0000000 3.2381161 0.7389627 0.7389627 
t5         9.0000000 9.0000000 1.4396946 0.5716050 1.0297869 1.5901977 9.0000000 1.0297869 0.6388142 1.1586745 0.8239592 9.0000000 1.5901977 1.2070784 0.1549607 0.0000000 9.0000000 9.0000000 0.7662384 0.7662384 
t8         3.2381161 9.0000000 1.7786835 2.0310377 2.7182557 2.0310377 1.8942965 9.0000000 9.0000000 9.0000000 9.0000000 3.2381161 9.0000000 9.0000000 9.0000000 9.0000000 0.0000000 0.1427653 2.0310377 2.0310377 
t12        2.4141569 9.0000000 1.7786835 1.6785349 2.7182557 1.8942965 1.5901977 2.4141569 9.0000000 2.1983953 9.0000000 9.0000000 2.4141569 9.0000000 3.2381161 9.0000000 0.1427653 0.0000000 2.0310377 2.0310377 
t17        9.0000000 9.0000000 2.0310377 1.3744361 1.4396946 1.2588231 1.6785349 1.3744361 1.0297869 1.5111773 1.0297869 2.7182557 1.4396946 1.3744361 0.7389627 0.7662384 2.0310377 2.0310377 0.0000000 0.0000010 
t6         9.0000000 9.0000000 2.0310377 1.3744361 1.4396946 1.2588231 1.6785349 1.3744361 1.0297869 1.5111773 1.0297869 2.7182557 1.4396946 1.3744361 0.7389627 0.7662384 2.0310377 2.0310377 0.0000010 0.0000000 
