20
t13        0.0000000 0.6157354 0.7662384 1.3144041 0.9547243 1.6785349 1.7786835 1.1586745 0.8239592 1.4396946 1.0297869 0.8864954 0.9198342 0.7126442 0.9198342 1.6785349 0.8545757 0.9198342 1.8942965 1.7786835 
t8         0.6157354 0.0000000 0.7945437 1.1132061 0.7126442 1.1132061 0.9547243 0.6388142 0.5299277 1.2588231 0.5933457 0.4904449 0.5716050 0.6157354 0.6626257 2.4141569 0.4714565 0.5099265 2.1983953 2.1983953 
t15        0.7662384 0.7945437 0.0000000 0.9913169 1.2070784 1.1132061 1.3744361 1.3144041 1.2070784 2.4141569 1.2588231 1.1586745 1.1586745 1.0703373 1.1132061 1.8942965 1.1132061 1.3144041 2.7182557 2.4141569 
t12        1.3144041 1.1132061 0.9913169 0.0000000 2.0310377 1.3744361 1.5901977 1.5901977 1.1586745 2.0310377 1.5111773 1.5111773 1.4396946 1.3744361 1.5901977 9.0000000 1.3744361 1.3744361 9.0000000 9.0000000 
t9         0.9547243 0.7126442 1.2070784 2.0310377 0.0000000 1.7786835 1.7786835 1.0297869 0.8545757 1.3144041 1.2588231 0.8864954 1.1132061 1.1132061 0.9547243 2.7182557 0.7945437 0.8545757 2.7182557 2.4141569 
t17        1.6785349 1.1132061 1.1132061 1.3744361 1.7786835 0.0000000 0.5933457 1.8942965 1.3744361 2.4141569 1.2070784 1.2070784 1.8942965 1.1132061 1.2588231 3.2381161 1.5111773 1.4396946 3.2381161 9.0000000 
t16        1.7786835 0.9547243 1.3744361 1.5901977 1.7786835 0.5933457 0.0000000 1.6785349 1.3744361 3.2381161 2.1983953 1.5901977 1.5901977 1.1586745 1.2070784 9.0000000 1.6785349 1.4396946 3.2381161 9.0000000 
t10        1.1586745 0.6388142 1.3144041 1.5901977 1.0297869 1.8942965 1.6785349 0.0000000 0.6626257 1.1132061 0.7389627 0.7945437 0.7126442 1.0703373 0.9547243 2.4141569 0.6872180 0.7389627 1.8942965 1.8942965 
t6         0.8239592 0.5299277 1.2070784 1.1586745 0.8545757 1.3744361 1.3744361 0.6626257 0.0000000 0.6388142 0.6388142 0.6626257 0.6157354 0.9547243 1.0703373 1.7786835 0.5299277 0.5504769 1.7786835 1.7786835 
t19        1.4396946 1.2588231 2.4141569 2.0310377 1.3144041 2.4141569 3.2381161 1.1132061 0.6388142 0.0000000 1.1132061 1.3744361 1.1586745 1.2070784 1.4396946 2.7182557 1.2070784 1.2070784 2.0310377 2.7182557 
t18        1.0297869 0.5933457 1.2588231 1.5111773 1.2588231 1.2070784 2.1983953 0.7389627 0.6388142 1.1132061 0.0000000 0.3666350 0.4529370 0.9547243 1.1132061 9.0000000 0.7126442 0.8239592 9.0000000 9.0000000 
t2         0.8864954 0.4904449 1.1586745 1.5111773 0.8864954 1.2070784 1.5901977 0.7945437 0.6626257 1.3744361 0.3666350 0.0000000 0.3999739 0.9547243 1.2588231 2.1983953 0.5933457 0.6388142 9.0000000 9.0000000 
t1         0.9198342 0.5716050 1.1586745 1.4396946 1.1132061 1.8942965 1.5901977 0.7126442 0.6157354 1.1586745 0.4529370 0.3999739 0.0000000 0.9547243 1.2070784 1.5111773 0.7389627 0.8239592 1.6785349 1.5901977 
t3         0.7126442 0.6157354 1.0703373 1.3744361 1.1132061 1.1132061 1.1586745 1.0703373 0.9547243 1.2070784 0.9547243 0.9547243 0.9547243 0.0000000 0.2746833 2.4141569 0.7389627 0.7126442 2.4141569 2.7182557 
t11        0.9198342 0.6626257 1.1132061 1.5901977 0.9547243 1.2588231 1.2070784 0.9547243 1.0703373 1.4396946 1.1132061 1.2588231 1.2070784 0.2746833 0.0000000 3.2381161 0.8545757 0.8864954 9.0000000 2.4141569 
t7         1.6785349 2.4141569 1.8942965 9.0000000 2.7182557 3.2381161 9.0000000 2.4141569 1.7786835 2.7182557 9.0000000 2.1983953 1.5111773 2.4141569 3.2381161 0.0000000 1.6785349 1.5901977 0.1427653 0.1189538 
t20        0.8545757 0.4714565 1.1132061 1.3744361 0.7945437 1.5111773 1.6785349 0.6872180 0.5299277 1.2070784 0.7126442 0.5933457 0.7389627 0.7389627 0.8545757 1.6785349 0.0000000 0.1307650 1.5901977 1.5901977 
t4         0.9198342 0.5099265 1.3144041 1.3744361 0.8545757 1.4396946 1.4396946 0.7389627 0.5504769 1.2070784 0.8239592 0.6388142 0.8239592 0.7126442 0.8864954 1.5901977 0.1307650 0.0000000 1.5111773 1.5111773 
t14        1.8942965 2.1983953 2.7182557 9.0000000 2.7182557 3.2381161 3.2381161 1.8942965 1.7786835 2.0310377 9.0000000 9.0000000 1.6785349 2.4141569 9.0000000 0.1427653 1.5901977 1.5111773 0.0000000 0.0734853 
t5         1.7786835 2.1983953 2.4141569 9.0000000 2.4141569 9.0000000 9.0000000 1.8942965 1.7786835 2.7182557 9.0000000 9.0000000 1.5901977 2.7182557 2.4141569 0.1189538 1.5901977 1.5111773 0.0734853 0.0000000 
