20
t4         0.0000000 2.4141569 2.4141569 1.3744361 3.2381161 1.7786835 2.1983953 1.3744361 1.6785349 1.5901977 1.7786835 1.6785349 3.2381161 2.4141569 2.4141569 2.1983953 3.2381161 2.7182557 1.6785349 1.6785349 
t8         2.4141569 0.0000000 2.0310377 9.0000000 0.7945437 1.7786835 1.2588231 1.3744361 1.3744361 2.4141569 1.4396946 1.3744361 2.0310377 1.5901977 1.6785349 1.7786835 2.0310377 2.4141569 1.5901977 1.5901977 
t11        2.4141569 2.0310377 0.0000000 1.3144041 1.3744361 1.2588231 1.5111773 1.6785349 1.8942965 1.6785349 1.4396946 1.2588231 2.4141569 1.6785349 1.6785349 1.8942965 1.0703373 1.3144041 1.5111773 1.4396946 
t16        1.3744361 9.0000000 1.3144041 0.0000000 1.5111773 1.2588231 1.2070784 1.3744361 1.2588231 1.2070784 1.1132061 0.9913169 1.5111773 1.3744361 1.6785349 1.7786835 1.1132061 0.9913169 1.2588231 1.2588231 
t9         3.2381161 0.7945437 1.3744361 1.5111773 0.0000000 1.6785349 1.4396946 0.8239592 0.6872180 1.1586745 0.7662384 0.9198342 1.5111773 1.4396946 1.0297869 0.9913169 1.6785349 1.4396946 1.4396946 1.5111773 
t12        1.7786835 1.7786835 1.2588231 1.2588231 1.6785349 0.0000000 1.0703373 2.4141569 1.8942965 0.9913169 1.5111773 1.7786835 2.0310377 9.0000000 1.7786835 1.7786835 0.9547243 0.8545757 1.4396946 1.4396946 
t17        2.1983953 1.2588231 1.5111773 1.2070784 1.4396946 1.0703373 0.0000000 1.4396946 1.6785349 1.2070784 1.3744361 1.0703373 9.0000000 9.0000000 9.0000000 2.4141569 1.1586745 1.1132061 0.6626257 0.6388142 
t3         1.3744361 1.3744361 1.6785349 1.3744361 0.8239592 2.4141569 1.4396946 0.0000000 0.6157354 1.3744361 1.0297869 0.9198342 3.2381161 9.0000000 1.2588231 1.1132061 1.4396946 1.4396946 1.8942965 1.8942965 
t15        1.6785349 1.3744361 1.8942965 1.2588231 0.6872180 1.8942965 1.6785349 0.6157354 0.0000000 1.3744361 1.1586745 1.1132061 1.5901977 1.8942965 1.3744361 1.3144041 2.1983953 1.5901977 1.7786835 1.7786835 
t20        1.5901977 2.4141569 1.6785349 1.2070784 1.1586745 0.9913169 1.2070784 1.3744361 1.3744361 0.0000000 1.1586745 1.3744361 1.4396946 2.4141569 1.6785349 1.7786835 0.5504769 0.4348639 1.5111773 1.4396946 
t14        1.7786835 1.4396946 1.4396946 1.1132061 0.7662384 1.5111773 1.3744361 1.0297869 1.1586745 1.1586745 0.0000000 0.3831192 1.4396946 1.2070784 0.3831192 0.3347153 1.2070784 1.0297869 1.8942965 1.8942965 
t1         1.6785349 1.3744361 1.2588231 0.9913169 0.9198342 1.7786835 1.0703373 0.9198342 1.1132061 1.3744361 0.3831192 0.0000000 1.7786835 1.6785349 0.5716050 0.4529370 1.0297869 0.9913169 1.3144041 1.2588231 
t2         3.2381161 2.0310377 2.4141569 1.5111773 1.5111773 2.0310377 9.0000000 3.2381161 1.5901977 1.4396946 1.4396946 1.7786835 0.0000000 0.4904449 1.6785349 1.7786835 2.4141569 1.8942965 9.0000000 9.0000000 
t13        2.4141569 1.5901977 1.6785349 1.3744361 1.4396946 9.0000000 9.0000000 9.0000000 1.8942965 2.4141569 1.2070784 1.6785349 0.4904449 0.0000000 1.5111773 1.8942965 1.7786835 1.6785349 9.0000000 9.0000000 
t19        2.4141569 1.6785349 1.6785349 1.6785349 1.0297869 1.7786835 9.0000000 1.2588231 1.3744361 1.6785349 0.3831192 0.5716050 1.6785349 1.5111773 0.0000000 0.1427653 1.4396946 1.5901977 2.7182557 2.7182557 
t7         2.1983953 1.7786835 1.8942965 1.7786835 0.9913169 1.7786835 2.4141569 1.1132061 1.3144041 1.7786835 0.3347153 0.4529370 1.7786835 1.8942965 0.1427653 0.0000000 1.5901977 1.5901977 2.7182557 2.7182557 
t6         3.2381161 2.0310377 1.0703373 1.1132061 1.6785349 0.9547243 1.1586745 1.4396946 2.1983953 0.5504769 1.2070784 1.0297869 2.4141569 1.7786835 1.4396946 1.5901977 0.0000000 0.1307650 1.4396946 1.3744361 
t10        2.7182557 2.4141569 1.3144041 0.9913169 1.4396946 0.8545757 1.1132061 1.4396946 1.5901977 0.4348639 1.0297869 0.9913169 1.8942965 1.6785349 1.5901977 1.5901977 0.1307650 0.0000000 1.3744361 1.3144041 
t5         1.6785349 1.5901977 1.5111773 1.2588231 1.4396946 1.4396946 0.6626257 1.8942965 1.7786835 1.5111773 1.8942965 1.3144041 9.0000000 9.0000000 2.7182557 2.7182557 1.4396946 1.3744361 0.0000000 0.0100673 
t18        1.6785349 1.5901977 1.4396946 1.2588231 1.5111773 1.4396946 0.6388142 1.8942965 1.7786835 1.4396946 1.8942965 1.2588231 9.0000000 9.0000000 2.7182557 2.7182557 1.3744361 1.3144041 0.0100673 0.0000000 
