20
t6         0.0000000 0.5933457 0.6872180 0.8864954 0.7126442 0.8545757 0.7126442 0.9547243 0.7126442 0.8864954 0.7389627 0.8864954 0.8239592 0.7662384 0.6157354 0.6872180 0.7662384 0.7389627 0.7662384 0.7126442 
t3         0.5933457 0.0000000 0.6157354 0.7389627 0.6388142 0.8545757 0.7126442 0.7662384 0.8545757 0.6157354 0.5933457 0.9198342 0.5933457 0.5933457 0.6157354 0.5716050 0.6872180 0.6626257 0.8545757 0.8864954 
t9         0.6872180 0.6157354 0.0000000 0.3192509 0.5299277 0.6626257 0.4904449 0.6388142 0.7126442 0.5933457 0.4172160 0.8239592 0.2463781 0.3040988 0.4348639 0.3831192 0.5933457 0.5716050 0.7389627 0.6626257 
t14        0.8864954 0.7389627 0.3192509 0.0000000 0.5716050 0.6626257 0.5504769 0.7389627 0.6872180 0.5716050 0.4348639 0.8239592 0.3040988 0.3347153 0.4714565 0.4172160 0.6157354 0.5933457 0.7389627 0.6626257 
t19        0.7126442 0.6388142 0.5299277 0.5716050 0.0000000 0.7126442 0.5933457 0.8239592 0.7389627 0.3505054 0.2463781 0.6626257 0.5504769 0.5933457 0.3666350 0.3040988 0.5299277 0.5099265 0.7662384 0.7126442 
t13        0.8545757 0.8545757 0.6626257 0.6626257 0.7126442 0.0000000 0.3347153 0.4904449 0.4348639 0.7945437 0.6388142 0.3505054 0.6157354 0.6388142 0.5716050 0.5299277 0.1927838 0.1799630 0.4172160 0.3999739 
t2         0.7126442 0.7126442 0.4904449 0.5504769 0.5933457 0.3347153 0.0000000 0.3040988 0.3831192 0.6626257 0.5299277 0.5299277 0.4529370 0.5299277 0.4348639 0.3999739 0.3347153 0.3192509 0.3505054 0.3347153 
t20        0.9547243 0.7662384 0.6388142 0.7389627 0.8239592 0.4904449 0.3040988 0.0000000 0.5716050 0.9198342 0.7389627 0.6157354 0.5933457 0.6626257 0.6157354 0.5504769 0.4904449 0.4714565 0.5099265 0.4904449 
t15        0.7126442 0.8545757 0.7126442 0.6872180 0.7389627 0.4348639 0.3831192 0.5716050 0.0000000 0.7389627 0.7126442 0.5716050 0.6626257 0.7389627 0.5299277 0.4714565 0.3999739 0.3831192 0.1799630 0.1673577 
t5         0.8864954 0.6157354 0.5933457 0.5716050 0.3505054 0.7945437 0.6626257 0.9198342 0.7389627 0.0000000 0.2746833 0.6626257 0.5099265 0.5299277 0.4172160 0.3347153 0.5299277 0.5504769 0.6626257 0.6626257 
t12        0.7389627 0.5933457 0.4172160 0.4348639 0.2463781 0.6388142 0.5299277 0.7389627 0.7126442 0.2746833 0.0000000 0.5933457 0.3831192 0.4172160 0.2746833 0.2191023 0.4714565 0.4529370 0.6157354 0.5299277 
t10        0.8864954 0.9198342 0.8239592 0.8239592 0.6626257 0.3505054 0.5299277 0.6157354 0.5716050 0.6626257 0.5933457 0.0000000 0.7126442 0.7126442 0.5933457 0.5504769 0.1927838 0.2058276 0.5504769 0.5299277 
t18        0.8239592 0.5933457 0.2463781 0.3040988 0.5504769 0.6157354 0.4529370 0.5933457 0.6626257 0.5099265 0.3831192 0.7126442 0.0000000 0.0734853 0.4348639 0.3999739 0.5299277 0.5099265 0.6626257 0.5933457 
t8         0.7662384 0.5933457 0.3040988 0.3347153 0.5933457 0.6388142 0.5299277 0.6626257 0.7389627 0.5299277 0.4172160 0.7126442 0.0734853 0.0000000 0.4529370 0.4172160 0.5099265 0.4904449 0.7389627 0.6626257 
t11        0.6157354 0.6157354 0.4348639 0.4714565 0.3666350 0.5716050 0.4348639 0.6157354 0.5299277 0.4172160 0.2746833 0.5933457 0.4348639 0.4529370 0.0000000 0.0845966 0.4529370 0.4348639 0.5299277 0.4714565 
t4         0.6872180 0.5716050 0.3831192 0.4172160 0.3040988 0.5299277 0.3999739 0.5504769 0.4714565 0.3347153 0.2191023 0.5504769 0.3999739 0.4172160 0.0845966 0.0000000 0.4172160 0.3999739 0.4529370 0.4348639 
t7         0.7662384 0.6872180 0.5933457 0.6157354 0.5299277 0.1927838 0.3347153 0.4904449 0.3999739 0.5299277 0.4714565 0.1927838 0.5299277 0.5099265 0.4529370 0.4172160 0.0000000 0.0100673 0.3666350 0.3505054 
t16        0.7389627 0.6626257 0.5716050 0.5933457 0.5099265 0.1799630 0.3192509 0.4714565 0.3831192 0.5504769 0.4529370 0.2058276 0.5099265 0.4904449 0.4348639 0.3999739 0.0100673 0.0000000 0.3505054 0.3347153 
t1         0.7662384 0.8545757 0.7389627 0.7389627 0.7662384 0.4172160 0.3505054 0.5099265 0.1799630 0.6626257 0.6157354 0.5504769 0.6626257 0.7389627 0.5299277 0.4529370 0.3666350 0.3505054 0.0000000 0.0517447 
t17        0.7126442 0.8864954 0.6626257 0.6626257 0.7126442 0.3999739 0.3347153 0.4904449 0.1673577 0.6626257 0.5299277 0.5299277 0.5933457 0.6626257 0.4714565 0.4348639 0.3505054 0.3347153 0.0517447 0.0000000 
