20
t19        0.0000000 9.0000000 1.4396946 9.0000000 1.2588231 1.4396946 1.8942965 1.4396946 1.8942965 2.1983953 1.3744361 3.2381161 2.1983953 2.4141569 1.5111773 1.3744361 2.4141569 2.4141569 2.7182557 9.0000000 
t9         9.0000000 0.0000000 3.2381161 9.0000000 9.0000000 9.0000000 9.0000000 2.1983953 3.2381161 9.0000000 9.0000000 9.0000000 3.2381161 3.2381161 9.0000000 9.0000000 9.0000000 9.0000000 9.0000000 9.0000000 
t10        1.4396946 3.2381161 0.0000000 1.1586745 0.7662384 1.2070784 9.0000000 0.3999739 0.2603971 0.4714565 0.9547243 1.4396946 2.1983953 2.4141569 0.8545757 0.7945437 1.6785349 1.5901977 1.2070784 1.2070784 
t14        9.0000000 9.0000000 1.1586745 0.0000000 1.3144041 0.6872180 2.0310377 1.6785349 1.5111773 1.4396946 1.5901977 1.5901977 2.0310377 2.4141569 1.2070784 1.3144041 1.8942965 1.7786835 9.0000000 9.0000000 
t12        1.2588231 9.0000000 0.7662384 1.3144041 0.0000000 1.0703373 1.7786835 0.9198342 0.8545757 0.9547243 0.1549607 1.2070784 1.8942965 1.6785349 0.1927838 0.0958750 1.3744361 1.2070784 3.2381161 3.2381161 
t8         1.4396946 9.0000000 1.2070784 0.6872180 1.0703373 0.0000000 1.5901977 1.3744361 1.4396946 1.2070784 1.3144041 1.3144041 2.7182557 2.0310377 1.1132061 1.1132061 1.5111773 1.5111773 9.0000000 9.0000000 
t7         1.8942965 9.0000000 9.0000000 2.0310377 1.7786835 1.5901977 0.0000000 9.0000000 9.0000000 9.0000000 2.0310377 9.0000000 2.7182557 2.4141569 3.2381161 1.7786835 9.0000000 9.0000000 9.0000000 9.0000000 
t5         1.4396946 2.1983953 0.3999739 1.6785349 0.9198342 1.3744361 9.0000000 0.0000000 0.3666350 0.6157354 0.8864954 1.2588231 2.1983953 2.4141569 0.8239592 0.7945437 1.4396946 1.3744361 1.6785349 1.5901977 
t15        1.8942965 3.2381161 0.2603971 1.5111773 0.8545757 1.4396946 9.0000000 0.3666350 0.0000000 0.3666350 0.9913169 1.4396946 1.7786835 1.8942965 0.8239592 0.8239592 1.6785349 1.5111773 1.1132061 1.1132061 
t16        2.1983953 9.0000000 0.4714565 1.4396946 0.9547243 1.2070784 9.0000000 0.6157354 0.3666350 0.0000000 1.1586745 1.5111773 2.7182557 9.0000000 0.8864954 0.9547243 1.7786835 1.4396946 1.1586745 1.2588231 
t6         1.3744361 9.0000000 0.9547243 1.5901977 0.1549607 1.3144041 2.0310377 0.8864954 0.9913169 1.1586745 0.0000000 1.2588231 1.8942965 2.0310377 0.1927838 0.0845966 1.4396946 1.2588231 2.0310377 2.0310377 
t20        3.2381161 9.0000000 1.4396946 1.5901977 1.2070784 1.3144041 9.0000000 1.2588231 1.4396946 1.5111773 1.2588231 0.0000000 2.7182557 2.1983953 0.8864954 1.1586745 0.1673577 0.1307650 9.0000000 9.0000000 
t11        2.1983953 3.2381161 2.1983953 2.0310377 1.8942965 2.7182557 2.7182557 2.1983953 1.7786835 2.7182557 1.8942965 2.7182557 0.0000000 0.0625362 2.1983953 1.6785349 2.7182557 2.7182557 1.6785349 1.7786835 
t18        2.4141569 3.2381161 2.4141569 2.4141569 1.6785349 2.0310377 2.4141569 2.4141569 1.8942965 9.0000000 2.0310377 2.1983953 0.0625362 0.0000000 2.1983953 1.6785349 2.7182557 2.7182557 1.7786835 1.8942965 
t1         1.5111773 9.0000000 0.8545757 1.2070784 0.1927838 1.1132061 3.2381161 0.8239592 0.8239592 0.8864954 0.1927838 0.8864954 2.1983953 2.1983953 0.0000000 0.1427653 1.1586745 0.9547243 1.6785349 1.6785349 
t3         1.3744361 9.0000000 0.7945437 1.3144041 0.0958750 1.1132061 1.7786835 0.7945437 0.8239592 0.9547243 0.0845966 1.1586745 1.6785349 1.6785349 0.1427653 0.0000000 1.3744361 1.2070784 2.1983953 2.1983953 
t2         2.4141569 9.0000000 1.6785349 1.8942965 1.3744361 1.5111773 9.0000000 1.4396946 1.6785349 1.7786835 1.4396946 0.1673577 2.7182557 2.7182557 1.1586745 1.3744361 0.0000000 0.1189538 9.0000000 9.0000000 
t13        2.4141569 9.0000000 1.5901977 1.7786835 1.2070784 1.5111773 9.0000000 1.3744361 1.5111773 1.4396946 1.2588231 0.1307650 2.7182557 2.7182557 0.9547243 1.2070784 0.1189538 0.0000000 2.7182557 9.0000000 
t4         2.7182557 9.0000000 1.2070784 9.0000000 3.2381161 9.0000000 9.0000000 1.6785349 1.1132061 1.1586745 2.0310377 9.0000000 1.6785349 1.7786835 1.6785349 2.1983953 9.0000000 2.7182557 0.0000000 0.0411062 
t17        9.0000000 9.0000000 1.2070784 9.0000000 3.2381161 9.0000000 9.0000000 1.5901977 1.1132061 1.2588231 2.0310377 9.0000000 1.7786835 1.8942965 1.6785349 2.1983953 9.0000000 9.0000000 0.0411062 0.0000000 
