20
t1         0.0000000 1.2070784 1.5901977 1.3144041 0.9198342 0.5716050 9.0000000 1.7786835 1.3144041 0.8239592 0.8864954 1.1132061 1.0703373 0.9913169 1.2070784 1.1586745 0.9547243 1.0703373 0.7945437 0.7126442 
t19        1.2070784 0.0000000 1.5901977 1.6785349 1.4396946 0.9913169 2.1983953 9.0000000 9.0000000 1.3144041 1.1586745 1.3144041 1.1586745 1.1586745 2.1983953 3.2381161 2.7182557 1.6785349 1.1586745 1.1586745 
t17        1.5901977 1.5901977 0.0000000 1.6785349 1.2588231 1.3744361 1.1132061 0.8545757 0.6626257 1.3744361 1.5901977 1.3744361 1.2070784 2.1983953 2.4141569 1.6785349 1.6785349 1.5111773 1.4396946 1.6785349 
t5         1.3144041 1.6785349 1.6785349 0.0000000 2.4141569 0.9913169 1.7786835 1.5901977 1.6785349 0.9913169 1.6785349 2.0310377 1.5901977 1.7786835 2.1983953 1.8942965 1.2588231 1.0297869 1.7786835 1.5901977 
t12        0.9198342 1.4396946 1.2588231 2.4141569 0.0000000 0.7126442 9.0000000 1.1132061 1.4396946 1.0703373 0.9547243 1.5901977 0.6388142 0.6388142 1.5111773 1.4396946 1.5111773 1.3144041 1.4396946 1.4396946 
t2         0.5716050 0.9913169 1.3744361 0.9913169 0.7126442 0.0000000 3.2381161 1.2588231 1.1586745 0.4714565 0.7126442 0.9198342 0.7389627 0.8864954 0.9198342 0.9913169 0.6872180 0.6388142 0.7662384 0.7126442 
t7         9.0000000 2.1983953 1.1132061 1.7786835 9.0000000 3.2381161 0.0000000 1.2070784 0.8864954 2.4141569 9.0000000 3.2381161 1.5901977 9.0000000 2.7182557 2.7182557 2.1983953 2.0310377 9.0000000 9.0000000 
t4         1.7786835 9.0000000 0.8545757 1.5901977 1.1132061 1.2588231 1.2070784 0.0000000 0.4348639 1.3144041 1.6785349 1.5111773 0.9913169 1.6785349 1.6785349 1.7786835 1.4396946 1.4396946 2.7182557 2.4141569 
t20        1.3144041 9.0000000 0.6626257 1.6785349 1.4396946 1.1586745 0.8864954 0.4348639 0.0000000 1.2588231 2.7182557 1.7786835 1.1586745 2.1983953 1.5111773 1.6785349 1.3744361 1.3144041 2.7182557 2.4141569 
t6         0.8239592 1.3144041 1.3744361 0.9913169 1.0703373 0.4714565 2.4141569 1.3144041 1.2588231 0.0000000 1.1132061 1.1132061 0.8545757 1.2070784 0.9547243 0.9913169 0.3666350 0.3040988 0.9547243 0.9198342 
t8         0.8864954 1.1586745 1.5901977 1.6785349 0.9547243 0.7126442 9.0000000 1.6785349 2.7182557 1.1132061 0.0000000 0.2746833 1.1132061 1.2070784 1.6785349 1.8942965 1.8942965 1.4396946 1.0297869 1.0297869 
t15        1.1132061 1.3144041 1.3744361 2.0310377 1.5901977 0.9198342 3.2381161 1.5111773 1.7786835 1.1132061 0.2746833 0.0000000 1.2070784 1.7786835 1.2588231 1.3144041 1.6785349 1.5111773 1.1586745 1.1586745 
t3         1.0703373 1.1586745 1.2070784 1.5901977 0.6388142 0.7389627 1.5901977 0.9913169 1.1586745 0.8545757 1.1132061 1.2070784 0.0000000 0.3666350 1.1586745 1.1132061 1.1586745 1.1586745 1.1586745 1.0297869 
t16        0.9913169 1.1586745 2.1983953 1.7786835 0.6388142 0.8864954 9.0000000 1.6785349 2.1983953 1.2070784 1.2070784 1.7786835 0.3666350 0.0000000 1.3744361 1.3144041 1.5111773 1.3144041 1.2070784 1.1132061 
t10        1.2070784 2.1983953 2.4141569 2.1983953 1.5111773 0.9198342 2.7182557 1.6785349 1.5111773 0.9547243 1.6785349 1.2588231 1.1586745 1.3744361 0.0000000 0.1073256 0.8239592 0.9198342 1.2588231 1.2070784 
t13        1.1586745 3.2381161 1.6785349 1.8942965 1.4396946 0.9913169 2.7182557 1.7786835 1.6785349 0.9913169 1.8942965 1.3144041 1.1132061 1.3144041 0.1073256 0.0000000 0.8545757 0.9547243 1.4396946 1.4396946 
t9         0.9547243 2.7182557 1.6785349 1.2588231 1.5111773 0.6872180 2.1983953 1.4396946 1.3744361 0.3666350 1.8942965 1.6785349 1.1586745 1.5111773 0.8239592 0.8545757 0.0000000 0.1073256 1.3744361 1.3144041 
t11        1.0703373 1.6785349 1.5111773 1.0297869 1.3144041 0.6388142 2.0310377 1.4396946 1.3144041 0.3040988 1.4396946 1.5111773 1.1586745 1.3144041 0.9198342 0.9547243 0.1073256 0.0000000 1.2588231 1.2070784 
t14        0.7945437 1.1586745 1.4396946 1.7786835 1.4396946 0.7662384 9.0000000 2.7182557 2.7182557 0.9547243 1.0297869 1.1586745 1.1586745 1.2070784 1.2588231 1.4396946 1.3744361 1.2588231 0.0000000 0.0306165 
t18        0.7126442 1.1586745 1.6785349 1.5901977 1.4396946 0.7126442 9.0000000 2.4141569 2.4141569 0.9198342 1.0297869 1.1586745 1.0297869 1.1132061 1.2070784 1.4396946 1.3144041 1.2070784 0.0306165 0.0000000 
