20
t14        0.0000000 9.0000000 1.3744361 1.6785349 1.6785349 3.2381161 1.5901977 1.5111773 1.3144041 1.2588231 1.2588231 1.4396946 2.0310377 3.2381161 2.0310377 2.0310377 1.3144041 1.5111773 1.5111773 1.5111773 
t19        9.0000000 0.0000000 1.5901977 9.0000000 2.4141569 2.4141569 2.4141569 9.0000000 9.0000000 9.0000000 9.0000000 9.0000000 1.5111773 2.0310377 3.2381161 2.7182557 9.0000000 9.0000000 2.1983953 2.1983953 
t17        1.3744361 1.5901977 0.0000000 1.7786835 1.5111773 2.0310377 1.4396946 1.6785349 1.5111773 1.8942965 1.2588231 1.1586745 1.1586745 1.0297869 1.1132061 1.1586745 1.5901977 1.6785349 1.2070784 1.2070784 
t18        1.6785349 9.0000000 1.7786835 0.0000000 1.5111773 1.8942965 1.3144041 0.3831192 9.0000000 2.0310377 0.3192509 0.2603971 1.4396946 1.6785349 1.3144041 1.3144041 0.5716050 0.5099265 1.3144041 1.3144041 
t6         1.6785349 2.4141569 1.5111773 1.5111773 0.0000000 0.4172160 1.5901977 1.5901977 2.0310377 1.6785349 1.1132061 1.1132061 1.6785349 1.7786835 2.1983953 2.4141569 1.7786835 1.6785349 1.4396946 1.4396946 
t2         3.2381161 2.4141569 2.0310377 1.8942965 0.4172160 0.0000000 1.5901977 1.7786835 1.7786835 1.7786835 1.5111773 1.5901977 1.7786835 1.7786835 2.7182557 2.7182557 2.4141569 2.1983953 1.5901977 1.5901977 
t11        1.5901977 2.4141569 1.4396946 1.3144041 1.5901977 1.5901977 0.0000000 1.4396946 1.2588231 0.9198342 1.2588231 1.2588231 0.5716050 0.5099265 0.4714565 0.4714565 1.5901977 1.4396946 0.3831192 0.3831192 
t8         1.5111773 9.0000000 1.6785349 0.3831192 1.5901977 1.7786835 1.4396946 0.0000000 2.4141569 1.5901977 0.2892469 0.2191023 1.2588231 1.3744361 1.3144041 1.4396946 0.6872180 0.6872180 1.4396946 1.4396946 
t20        1.3144041 9.0000000 1.5111773 9.0000000 2.0310377 1.7786835 1.2588231 2.4141569 0.0000000 0.2603971 3.2381161 2.7182557 1.5901977 1.5111773 1.2588231 1.3144041 2.7182557 3.2381161 1.5901977 1.5901977 
t7         1.2588231 9.0000000 1.8942965 2.0310377 1.6785349 1.7786835 0.9198342 1.5901977 0.2603971 0.0000000 1.5111773 1.5111773 1.0297869 0.9198342 0.9913169 1.0297869 1.8942965 1.8942965 1.2070784 1.2070784 
t1         1.2588231 9.0000000 1.2588231 0.3192509 1.1132061 1.5111773 1.2588231 0.2892469 3.2381161 1.5111773 0.0000000 0.0845966 1.1586745 1.3144041 1.3744361 1.3744361 0.5933457 0.5933457 1.1586745 1.1586745 
t3         1.4396946 9.0000000 1.1586745 0.2603971 1.1132061 1.5901977 1.2588231 0.2191023 2.7182557 1.5111773 0.0845966 0.0000000 1.1132061 1.3744361 1.3144041 1.3144041 0.5504769 0.5299277 1.2588231 1.2588231 
t4         2.0310377 1.5111773 1.1586745 1.4396946 1.6785349 1.7786835 0.5716050 1.2588231 1.5901977 1.0297869 1.1586745 1.1132061 0.0000000 0.1073256 0.5504769 0.5504769 1.7786835 1.5111773 0.6388142 0.6388142 
t12        3.2381161 2.0310377 1.0297869 1.6785349 1.7786835 1.7786835 0.5099265 1.3744361 1.5111773 0.9198342 1.3144041 1.3744361 0.1073256 0.0000000 0.5716050 0.5933457 1.8942965 1.5901977 0.5933457 0.5933457 
t13        2.0310377 3.2381161 1.1132061 1.3144041 2.1983953 2.7182557 0.4714565 1.3144041 1.2588231 0.9913169 1.3744361 1.3144041 0.5504769 0.5716050 0.0000000 0.0202715 1.5901977 1.4396946 0.4904449 0.4904449 
t15        2.0310377 2.7182557 1.1586745 1.3144041 2.4141569 2.7182557 0.4714565 1.4396946 1.3144041 1.0297869 1.3744361 1.3144041 0.5504769 0.5933457 0.0202715 0.0000000 1.5901977 1.4396946 0.4714565 0.4714565 
t5         1.3144041 9.0000000 1.5901977 0.5716050 1.7786835 2.4141569 1.5901977 0.6872180 2.7182557 1.8942965 0.5933457 0.5504769 1.7786835 1.8942965 1.5901977 1.5901977 0.0000000 0.0306165 1.5901977 1.5901977 
t9         1.5111773 9.0000000 1.6785349 0.5099265 1.6785349 2.1983953 1.4396946 0.6872180 3.2381161 1.8942965 0.5933457 0.5299277 1.5111773 1.5901977 1.4396946 1.4396946 0.0306165 0.0000000 1.5111773 1.5111773 
t16        1.5111773 2.1983953 1.2070784 1.3144041 1.4396946 1.5901977 0.3831192 1.4396946 1.5901977 1.2070784 1.1586745 1.2588231 0.6388142 0.5933457 0.4904449 0.4714565 1.5901977 1.5111773 0.0000000 0.0000010 
t10        1.5111773 2.1983953 1.2070784 1.3144041 1.4396946 1.5901977 0.3831192 1.4396946 1.5901977 1.2070784 1.1586745 1.2588231 0.6388142 0.5933457 0.4904449 0.4714565 1.5901977 1.5111773 0.0000010 0.0000000 
