20
t20        0.0000000 1.1586745 1.3744361 1.2588231 1.5111773 2.1983953 1.7786835 1.2588231 2.0310377 1.2588231 1.7786835 2.1983953 1.5111773 2.4141569 1.7786835 2.0310377 1.1586745 1.2588231 2.4141569 3.2381161 
t9         1.1586745 0.0000000 0.6626257 0.9547243 0.7662384 1.0703373 1.1586745 1.3144041 1.5111773 0.7662384 0.9913169 1.3744361 0.8545757 1.2070784 1.2588231 1.3144041 0.6872180 0.7389627 1.3744361 1.4396946 
t16        1.3744361 0.6626257 0.0000000 0.9198342 0.9198342 1.4396946 1.2588231 1.1132061 1.1586745 0.7126442 1.0297869 1.2070784 0.9547243 1.1132061 0.9547243 1.2070784 0.6872180 0.6626257 1.5901977 1.6785349 
t18        1.2588231 0.9547243 0.9198342 0.0000000 1.3144041 1.1586745 1.2070784 1.0297869 1.1586745 0.9913169 0.8239592 1.0297869 1.0703373 1.1132061 0.7389627 0.7662384 0.8864954 0.9198342 1.2070784 1.1586745 
t8         1.5111773 0.7662384 0.9198342 1.3144041 0.0000000 1.7786835 1.6785349 1.3144041 1.5111773 1.0703373 1.1132061 1.3744361 0.6388142 0.8239592 1.4396946 1.2588231 0.9913169 0.8864954 1.5111773 1.5901977 
t10        2.1983953 1.0703373 1.4396946 1.1586745 1.7786835 0.0000000 1.1132061 1.3744361 1.2070784 1.3744361 1.2588231 1.4396946 1.2588231 1.6785349 1.3744361 1.3744361 0.8239592 0.8864954 1.2070784 1.1132061 
t3         1.7786835 1.1586745 1.2588231 1.2070784 1.6785349 1.1132061 0.0000000 1.8942965 2.1983953 1.2070784 1.3144041 1.2588231 1.5111773 1.5111773 1.7786835 1.5901977 1.1586745 1.3144041 2.4141569 2.4141569 
t5         1.2588231 1.3144041 1.1132061 1.0297869 1.3144041 1.3744361 1.8942965 0.0000000 0.6626257 1.1132061 0.9547243 1.3744361 0.8545757 1.0297869 1.4396946 1.3744361 1.2070784 1.3744361 1.5901977 1.6785349 
t11        2.0310377 1.5111773 1.1586745 1.1586745 1.5111773 1.2070784 2.1983953 0.6626257 0.0000000 1.0297869 0.9198342 1.2588231 1.0703373 1.0703373 1.1132061 1.3144041 1.1586745 1.3744361 2.0310377 2.0310377 
t14        1.2588231 0.7662384 0.7126442 0.9913169 1.0703373 1.3744361 1.2070784 1.1132061 1.0297869 0.0000000 1.2070784 1.5111773 0.9913169 1.1132061 1.2588231 1.3144041 0.5716050 0.6157354 1.5901977 1.5901977 
t15        1.7786835 0.9913169 1.0297869 0.8239592 1.1132061 1.2588231 1.3144041 0.9547243 0.9198342 1.2070784 0.0000000 0.4714565 1.3144041 1.3744361 0.6157354 0.7389627 1.2070784 1.3144041 1.4396946 1.5901977 
t4         2.1983953 1.3744361 1.2070784 1.0297869 1.3744361 1.4396946 1.2588231 1.3744361 1.2588231 1.5111773 0.4714565 0.0000000 1.5901977 1.5901977 0.7662384 0.9198342 1.6785349 1.5901977 1.4396946 1.6785349 
t1         1.5111773 0.8545757 0.9547243 1.0703373 0.6388142 1.2588231 1.5111773 0.8545757 1.0703373 0.9913169 1.3144041 1.5901977 0.0000000 0.2603971 1.4396946 1.1586745 0.9547243 0.9547243 1.5111773 1.4396946 
t12        2.4141569 1.2070784 1.1132061 1.1132061 0.8239592 1.6785349 1.5111773 1.0297869 1.0703373 1.1132061 1.3744361 1.5901977 0.2603971 0.0000000 1.6785349 1.2588231 1.0297869 1.0297869 3.2381161 2.7182557 
t17        1.7786835 1.2588231 0.9547243 0.7389627 1.4396946 1.3744361 1.7786835 1.4396946 1.1132061 1.2588231 0.6157354 0.7662384 1.4396946 1.6785349 0.0000000 0.3505054 0.9913169 1.0297869 1.4396946 1.5111773 
t7         2.0310377 1.3144041 1.2070784 0.7662384 1.2588231 1.3744361 1.5901977 1.3744361 1.3144041 1.3144041 0.7389627 0.9198342 1.1586745 1.2588231 0.3505054 0.0000000 0.9547243 1.0297869 1.5111773 1.5901977 
t13        1.1586745 0.6872180 0.6872180 0.8864954 0.9913169 0.8239592 1.1586745 1.2070784 1.1586745 0.5716050 1.2070784 1.6785349 0.9547243 1.0297869 0.9913169 0.9547243 0.0000000 0.1073256 1.6785349 1.6785349 
t6         1.2588231 0.7389627 0.6626257 0.9198342 0.8864954 0.8864954 1.3144041 1.3744361 1.3744361 0.6157354 1.3144041 1.5901977 0.9547243 1.0297869 1.0297869 1.0297869 0.1073256 0.0000000 1.8942965 1.8942965 
t19        2.4141569 1.3744361 1.5901977 1.2070784 1.5111773 1.2070784 2.4141569 1.5901977 2.0310377 1.5901977 1.4396946 1.4396946 1.5111773 3.2381161 1.4396946 1.5111773 1.6785349 1.8942965 0.0000000 0.0306165 
t2         3.2381161 1.4396946 1.6785349 1.1586745 1.5901977 1.1132061 2.4141569 1.6785349 2.0310377 1.5901977 1.5901977 1.6785349 1.4396946 2.7182557 1.5111773 1.5901977 1.6785349 1.8942965 0.0306165 0.0000000 
