20
t18        0.0000000 0.8864954 0.7945437 9.0000000 1.6785349 1.5901977 1.7786835 0.6388142 0.8545757 1.0297869 1.7786835 0.5716050 1.8942965 0.6157354 0.7126442 0.6388142 1.6785349 1.7786835 0.6157354 0.6626257 
t7         0.8864954 0.0000000 1.3144041 9.0000000 2.1983953 1.7786835 1.6785349 1.1586745 1.8942965 1.6785349 2.4141569 1.1586745 2.4141569 0.9913169 1.1586745 1.0703373 2.4141569 2.4141569 1.1586745 1.2588231 
t15        0.7945437 1.3144041 0.0000000 9.0000000 1.5901977 3.2381161 2.7182557 1.3744361 1.7786835 1.4396946 1.7786835 1.3744361 2.1983953 1.4396946 1.7786835 1.5111773 1.8942965 1.6785349 1.2588231 1.2588231 
t1         9.0000000 9.0000000 9.0000000 0.0000000 3.2381161 9.0000000 3.2381161 2.7182557 9.0000000 2.4141569 9.0000000 9.0000000 9.0000000 9.0000000 9.0000000 3.2381161 9.0000000 9.0000000 9.0000000 9.0000000 
t17        1.6785349 2.1983953 1.5901977 3.2381161 0.0000000 2.0310377 2.1983953 2.4141569 2.4141569 2.4141569 1.7786835 1.5901977 1.8942965 1.5901977 2.4141569 1.5111773 1.6785349 1.7786835 9.0000000 9.0000000 
t13        1.5901977 1.7786835 3.2381161 9.0000000 2.0310377 0.0000000 0.3666350 1.1586745 2.4141569 2.1983953 9.0000000 1.4396946 9.0000000 1.2070784 1.3144041 1.3144041 9.0000000 9.0000000 1.5901977 1.4396946 
t2         1.7786835 1.6785349 2.7182557 3.2381161 2.1983953 0.3666350 0.0000000 1.2070784 9.0000000 1.7786835 9.0000000 1.5111773 2.1983953 1.6785349 2.1983953 1.6785349 9.0000000 9.0000000 1.4396946 1.3744361 
t6         0.6388142 1.1586745 1.3744361 2.7182557 2.4141569 1.1586745 1.2070784 0.0000000 0.9913169 1.0703373 1.7786835 0.4904449 2.1983953 0.5716050 0.6872180 0.6157354 2.4141569 2.4141569 0.3505054 0.3347153 
t5         0.8545757 1.8942965 1.7786835 9.0000000 2.4141569 2.4141569 9.0000000 0.9913169 0.0000000 1.2588231 1.7786835 1.0703373 9.0000000 1.1586745 0.9913169 1.1586745 2.7182557 2.7182557 1.1586745 1.2070784 
t10        1.0297869 1.6785349 1.4396946 2.4141569 2.4141569 2.1983953 1.7786835 1.0703373 1.2588231 0.0000000 1.5111773 0.9913169 1.8942965 1.1586745 1.3744361 1.2588231 1.7786835 1.7786835 0.9913169 1.0703373 
t3         1.7786835 2.4141569 1.7786835 9.0000000 1.7786835 9.0000000 9.0000000 1.7786835 1.7786835 1.5111773 0.0000000 3.2381161 0.3666350 2.4141569 3.2381161 9.0000000 0.3505054 0.2892469 2.7182557 3.2381161 
t20        0.5716050 1.1586745 1.3744361 9.0000000 1.5901977 1.4396946 1.5111773 0.4904449 1.0703373 0.9913169 3.2381161 0.0000000 1.8942965 0.2058276 0.2892469 0.2326162 2.0310377 1.8942965 0.4348639 0.4172160 
t8         1.8942965 2.4141569 2.1983953 9.0000000 1.8942965 9.0000000 2.1983953 2.1983953 9.0000000 1.8942965 0.3666350 1.8942965 0.0000000 1.8942965 2.7182557 2.7182557 0.1307650 0.0845966 2.7182557 2.7182557 
t12        0.6157354 0.9913169 1.4396946 9.0000000 1.5901977 1.2070784 1.6785349 0.5716050 1.1586745 1.1586745 2.4141569 0.2058276 1.8942965 0.0000000 0.1799630 0.1189538 1.8942965 1.8942965 0.5716050 0.5504769 
t9         0.7126442 1.1586745 1.7786835 9.0000000 2.4141569 1.3144041 2.1983953 0.6872180 0.9913169 1.3744361 3.2381161 0.2892469 2.7182557 0.1799630 0.0000000 0.2058276 2.7182557 2.4141569 0.6157354 0.5933457 
t11        0.6388142 1.0703373 1.5111773 3.2381161 1.5111773 1.3144041 1.6785349 0.6157354 1.1586745 1.2588231 9.0000000 0.2326162 2.7182557 0.1189538 0.2058276 0.0000000 2.7182557 2.7182557 0.6388142 0.6157354 
t19        1.6785349 2.4141569 1.8942965 9.0000000 1.6785349 9.0000000 9.0000000 2.4141569 2.7182557 1.7786835 0.3505054 2.0310377 0.1307650 1.8942965 2.7182557 2.7182557 0.0000000 0.0411062 9.0000000 9.0000000 
t14        1.7786835 2.4141569 1.6785349 9.0000000 1.7786835 9.0000000 9.0000000 2.4141569 2.7182557 1.7786835 0.2892469 1.8942965 0.0845966 1.8942965 2.4141569 2.7182557 0.0411062 0.0000000 3.2381161 3.2381161 
t4         0.6157354 1.1586745 1.2588231 9.0000000 9.0000000 1.5901977 1.4396946 0.3505054 1.1586745 0.9913169 2.7182557 0.4348639 2.7182557 0.5716050 0.6157354 0.6388142 9.0000000 3.2381161 0.0000000 0.0306165 
t16        0.6626257 1.2588231 1.2588231 9.0000000 9.0000000 1.4396946 1.3744361 0.3347153 1.2070784 1.0703373 3.2381161 0.4172160 2.7182557 0.5504769 0.5933457 0.6157354 9.0000000 3.2381161 0.0306165 0.0000000 
