20
t2         0.0000000 0.7945437 0.6872180 0.6872180 1.6785349 1.6785349 1.8942965 9.0000000 2.1983953 1.7786835 1.5901977 1.5111773 1.4396946 1.7786835 1.6785349 1.7786835 1.3144041 1.2070784 9.0000000 9.0000000 
t16        0.7945437 0.0000000 0.9547243 1.0703373 2.0310377 2.0310377 3.2381161 9.0000000 1.8942965 1.7786835 1.7786835 2.4141569 1.2070784 1.5111773 3.2381161 1.8942965 2.4141569 3.2381161 2.4141569 2.4141569 
t4         0.6872180 0.9547243 0.0000000 0.7945437 2.4141569 1.7786835 1.4396946 2.7182557 1.5901977 1.5111773 1.2588231 1.4396946 1.2070784 1.3744361 1.8942965 1.5111773 1.6785349 1.7786835 1.7786835 1.7786835 
t9         0.6872180 1.0703373 0.7945437 0.0000000 1.5111773 1.3744361 1.5111773 1.7786835 1.8942965 1.2588231 1.0703373 1.3744361 1.0703373 1.8942965 1.6785349 1.4396946 1.5111773 1.4396946 1.5901977 1.5901977 
t6         1.6785349 2.0310377 2.4141569 1.5111773 0.0000000 9.0000000 9.0000000 1.6785349 9.0000000 2.7182557 0.9198342 1.0703373 2.7182557 2.7182557 9.0000000 9.0000000 2.1983953 1.7786835 2.4141569 2.4141569 
t5         1.6785349 2.0310377 1.7786835 1.3744361 9.0000000 0.0000000 0.4904449 0.7945437 0.5933457 0.5099265 2.7182557 3.2381161 0.6626257 0.9198342 9.0000000 9.0000000 2.7182557 2.7182557 0.7662384 0.7662384 
t3         1.8942965 3.2381161 1.4396946 1.5111773 9.0000000 0.4904449 0.0000000 0.8545757 0.5099265 0.4348639 3.2381161 9.0000000 0.8239592 0.6872180 9.0000000 9.0000000 2.4141569 1.8942965 0.9547243 0.9547243 
t14        9.0000000 9.0000000 2.7182557 1.7786835 1.6785349 0.7945437 0.8545757 0.0000000 0.7945437 0.7945437 9.0000000 2.4141569 1.4396946 0.9913169 9.0000000 9.0000000 3.2381161 3.2381161 1.2588231 1.2588231 
t10        2.1983953 1.8942965 1.5901977 1.8942965 9.0000000 0.5933457 0.5099265 0.7945437 0.0000000 0.3666350 2.7182557 9.0000000 0.9913169 0.9198342 9.0000000 9.0000000 2.1983953 2.7182557 0.9198342 0.9198342 
t18        1.7786835 1.7786835 1.5111773 1.2588231 2.7182557 0.5099265 0.4348639 0.7945437 0.3666350 0.0000000 2.4141569 9.0000000 0.7945437 0.8545757 9.0000000 9.0000000 2.0310377 2.0310377 0.9198342 0.9198342 
t12        1.5901977 1.7786835 1.2588231 1.0703373 0.9198342 2.7182557 3.2381161 9.0000000 2.7182557 2.4141569 0.0000000 0.2191023 2.1983953 2.1983953 9.0000000 3.2381161 1.8942965 3.2381161 2.0310377 2.0310377 
t17        1.5111773 2.4141569 1.4396946 1.3744361 1.0703373 3.2381161 9.0000000 2.4141569 9.0000000 9.0000000 0.2191023 0.0000000 9.0000000 9.0000000 9.0000000 2.7182557 2.7182557 2.7182557 9.0000000 9.0000000 
t13        1.4396946 1.2070784 1.2070784 1.0703373 2.7182557 0.6626257 0.8239592 1.4396946 0.9913169 0.7945437 2.1983953 9.0000000 0.0000000 0.5504769 9.0000000 3.2381161 2.0310377 1.8942965 1.0297869 1.0297869 
t15        1.7786835 1.5111773 1.3744361 1.8942965 2.7182557 0.9198342 0.6872180 0.9913169 0.9198342 0.8545757 2.1983953 9.0000000 0.5504769 0.0000000 9.0000000 9.0000000 9.0000000 9.0000000 1.0297869 1.0297869 
t8         1.6785349 3.2381161 1.8942965 1.6785349 9.0000000 9.0000000 9.0000000 9.0000000 9.0000000 9.0000000 9.0000000 9.0000000 9.0000000 9.0000000 0.0000000 0.3831192 0.4529370 0.5299277 9.0000000 9.0000000 
t1         1.7786835 1.8942965 1.5111773 1.4396946 9.0000000 9.0000000 9.0000000 9.0000000 9.0000000 9.0000000 3.2381161 2.7182557 3.2381161 9.0000000 0.3831192 0.0000000 0.3831192 0.4172160 9.0000000 9.0000000 
t11        1.3144041 2.4141569 1.6785349 1.5111773 2.1983953 2.7182557 2.4141569 3.2381161 2.1983953 2.0310377 1.8942965 2.7182557 2.0310377 9.0000000 0.4529370 0.3831192 0.0000000 0.1799630 9.0000000 9.0000000 
t7         1.2070784 3.2381161 1.7786835 1.4396946 1.7786835 2.7182557 1.8942965 3.2381161 2.7182557 2.0310377 3.2381161 2.7182557 1.8942965 9.0000000 0.5299277 0.4172160 0.1799630 0.0000000 9.0000000 9.0000000 
t19        9.0000000 2.4141569 1.7786835 1.5901977 2.4141569 0.7662384 0.9547243 1.2588231 0.9198342 0.9198342 2.0310377 9.0000000 1.0297869 1.0297869 9.0000000 9.0000000 9.0000000 9.0000000 0.0000000 0.0000010 
t20        9.0000000 2.4141569 1.7786835 1.5901977 2.4141569 0.7662384 0.9547243 1.2588231 0.9198342 0.9198342 2.0310377 9.0000000 1.0297869 1.0297869 9.0000000 9.0000000 9.0000000 9.0000000 0.0000010 0.0000000 
