20
t11        0.0000000 9.0000000 1.6785349 9.0000000 1.8942965 2.7182557 2.0310377 2.1983953 2.1983953 1.7786835 2.1983953 1.5901977 2.7182557 2.0310377 1.3744361 1.5901977 2.0310377 2.7182557 1.5901977 1.6785349 
t3         9.0000000 0.0000000 1.1132061 2.4141569 9.0000000 1.4396946 1.3144041 1.2070784 1.3144041 1.5111773 1.0703373 1.8942965 1.2070784 1.1586745 1.2070784 1.0703373 1.8942965 1.7786835 1.2588231 1.2588231 
t10        1.6785349 1.1132061 0.0000000 1.5901977 9.0000000 1.3744361 1.7786835 1.6785349 1.8942965 1.5901977 1.6785349 1.6785349 1.7786835 1.5901977 2.0310377 2.1983953 9.0000000 9.0000000 2.0310377 1.8942965 
t18        9.0000000 2.4141569 1.5901977 0.0000000 2.4141569 0.9198342 1.2070784 1.5901977 1.7786835 2.1983953 2.1983953 1.3744361 1.1132061 0.9913169 1.7786835 1.7786835 1.8942965 1.8942965 1.2588231 1.3144041 
t16        1.8942965 9.0000000 9.0000000 2.4141569 0.0000000 9.0000000 2.4141569 9.0000000 1.8942965 1.8942965 1.5901977 9.0000000 9.0000000 9.0000000 1.6785349 2.0310377 2.1983953 2.1983953 2.4141569 2.1983953 
t12        2.7182557 1.4396946 1.3744361 0.9198342 9.0000000 0.0000000 1.0297869 1.2070784 1.7786835 1.1586745 1.6785349 1.5111773 0.9547243 0.9547243 2.0310377 1.4396946 9.0000000 9.0000000 1.3744361 1.5111773 
t4         2.0310377 1.3144041 1.7786835 1.2070784 2.4141569 1.0297869 0.0000000 0.9198342 1.5901977 1.0703373 2.0310377 1.5901977 1.2070784 1.1132061 2.0310377 1.8942965 1.6785349 2.0310377 1.5111773 1.7786835 
t9         2.1983953 1.2070784 1.6785349 1.5901977 9.0000000 1.2070784 0.9198342 0.0000000 1.3744361 1.5111773 2.4141569 2.0310377 1.6785349 1.6785349 1.5111773 1.5111773 9.0000000 9.0000000 1.1586745 1.2070784 
t1         2.1983953 1.3144041 1.8942965 1.7786835 1.8942965 1.7786835 1.5901977 1.3744361 0.0000000 0.5099265 0.8864954 9.0000000 2.7182557 2.1983953 0.9547243 0.9913169 9.0000000 2.0310377 1.0297869 1.1586745 
t14        1.7786835 1.5111773 1.5901977 2.1983953 1.8942965 1.1586745 1.0703373 1.5111773 0.5099265 0.0000000 0.9198342 2.7182557 1.8942965 1.3744361 0.9547243 1.0297869 2.4141569 2.4141569 1.0297869 1.0297869 
t6         2.1983953 1.0703373 1.6785349 2.1983953 1.5901977 1.6785349 2.0310377 2.4141569 0.8864954 0.9198342 0.0000000 2.1983953 1.7786835 1.5901977 0.2463781 0.2326162 1.4396946 1.5901977 0.5504769 0.6388142 
t8         1.5901977 1.8942965 1.6785349 1.3744361 9.0000000 1.5111773 1.5901977 2.0310377 9.0000000 2.7182557 2.1983953 0.0000000 0.5933457 0.6157354 1.6785349 1.5901977 9.0000000 9.0000000 1.3744361 1.3744361 
t5         2.7182557 1.2070784 1.7786835 1.1132061 9.0000000 0.9547243 1.2070784 1.6785349 2.7182557 1.8942965 1.7786835 0.5933457 0.0000000 0.2603971 1.6785349 1.5901977 3.2381161 2.1983953 2.4141569 2.4141569 
t2         2.0310377 1.1586745 1.5901977 0.9913169 9.0000000 0.9547243 1.1132061 1.6785349 2.1983953 1.3744361 1.5901977 0.6157354 0.2603971 0.0000000 1.4396946 1.2588231 2.0310377 1.8942965 1.6785349 1.6785349 
t7         1.3744361 1.2070784 2.0310377 1.7786835 1.6785349 2.0310377 2.0310377 1.5111773 0.9547243 0.9547243 0.2463781 1.6785349 1.6785349 1.4396946 0.0000000 0.1799630 1.3744361 1.5111773 0.5099265 0.5299277 
t19        1.5901977 1.0703373 2.1983953 1.7786835 2.0310377 1.4396946 1.8942965 1.5111773 0.9913169 1.0297869 0.2326162 1.5901977 1.5901977 1.2588231 0.1799630 0.0000000 1.5111773 1.7786835 0.4904449 0.5299277 
t20        2.0310377 1.8942965 9.0000000 1.8942965 2.1983953 9.0000000 1.6785349 9.0000000 9.0000000 2.4141569 1.4396946 9.0000000 3.2381161 2.0310377 1.3744361 1.5111773 0.0000000 0.1307650 1.5901977 2.0310377 
t13        2.7182557 1.7786835 9.0000000 1.8942965 2.1983953 9.0000000 2.0310377 9.0000000 2.0310377 2.4141569 1.5901977 9.0000000 2.1983953 1.8942965 1.5111773 1.7786835 0.1307650 0.0000000 1.7786835 2.4141569 
t17        1.5901977 1.2588231 2.0310377 1.2588231 2.4141569 1.3744361 1.5111773 1.1586745 1.0297869 1.0297869 0.5504769 1.3744361 2.4141569 1.6785349 0.5099265 0.4904449 1.5901977 1.7786835 0.0000000 0.1189538 
t15        1.6785349 1.2588231 1.8942965 1.3144041 2.1983953 1.5111773 1.7786835 1.2070784 1.1586745 1.0297869 0.6388142 1.3744361 2.4141569 1.6785349 0.5299277 0.5299277 2.0310377 2.4141569 0.1189538 0.0000000 
