20
t4         0.0000000 0.9913169 1.2070784 0.9913169 1.2070784 1.0297869 1.2070784 1.1586745 1.2588231 1.2588231 1.1586745 1.1132061 1.1586745 1.2070784 1.2588231 1.6785349 1.8942965 1.5901977 1.4396946 1.3744361 
t17        0.9913169 0.0000000 0.3999739 0.4529370 0.4529370 0.4714565 0.4714565 0.5299277 0.4348639 0.8239592 0.6157354 0.5504769 0.5299277 0.7126442 0.7389627 0.7126442 0.6388142 0.6388142 0.5933457 0.6157354 
t14        1.2070784 0.3999739 0.0000000 0.2191023 0.7945437 0.9198342 0.7126442 0.7389627 0.6388142 0.7126442 0.3666350 0.9198342 0.8864954 0.9913169 0.9913169 1.1586745 1.0297869 1.1586745 1.0297869 1.0703373 
t18        0.9913169 0.4529370 0.2191023 0.0000000 0.8864954 0.9198342 0.7389627 0.6157354 0.6388142 0.6872180 0.4172160 0.8864954 0.8545757 0.9913169 0.9913169 0.9913169 0.9198342 1.2588231 1.1132061 1.0703373 
t9         1.2070784 0.4529370 0.7945437 0.8864954 0.0000000 0.2463781 0.3347153 0.3999739 0.2746833 1.5901977 0.9913169 0.5716050 0.6157354 0.6157354 0.6388142 0.6157354 0.5933457 0.5299277 0.5099265 0.5299277 
t16        1.0297869 0.4714565 0.9198342 0.9198342 0.2463781 0.0000000 0.5299277 0.5299277 0.4348639 1.5111773 0.9547243 0.6626257 0.7389627 0.7389627 0.7662384 0.7389627 0.7126442 0.6388142 0.6157354 0.6388142 
t10        1.2070784 0.4714565 0.7126442 0.7389627 0.3347153 0.5299277 0.0000000 0.4172160 0.3192509 1.1586745 1.0297869 0.6388142 0.6626257 0.6872180 0.7126442 0.6626257 0.5933457 0.2191023 0.1799630 0.1927838 
t1         1.1586745 0.5299277 0.7389627 0.6157354 0.3999739 0.5299277 0.4172160 0.0000000 0.3040988 1.1132061 0.7945437 0.7662384 0.8545757 0.8545757 0.8864954 0.6388142 0.6388142 0.5933457 0.5933457 0.5716050 
t12        1.2588231 0.4348639 0.6388142 0.6388142 0.2746833 0.4348639 0.3192509 0.3040988 0.0000000 0.9913169 0.6626257 0.5933457 0.5933457 0.5716050 0.5933457 0.5716050 0.5299277 0.4904449 0.4714565 0.4904449 
t20        1.2588231 0.8239592 0.7126442 0.6872180 1.5901977 1.5111773 1.1586745 1.1132061 0.9913169 0.0000000 0.9198342 1.3744361 1.3144041 1.3744361 1.3144041 1.3144041 1.3144041 1.8942965 1.8942965 2.0310377 
t2         1.1586745 0.6157354 0.3666350 0.4172160 0.9913169 0.9547243 1.0297869 0.7945437 0.6626257 0.9198342 0.0000000 1.2070784 1.2070784 1.2588231 1.3144041 1.4396946 1.2588231 1.2588231 1.3144041 1.3744361 
t7         1.1132061 0.5504769 0.9198342 0.8864954 0.5716050 0.6626257 0.6388142 0.7662384 0.5933457 1.3744361 1.2070784 0.0000000 0.0845966 0.1673577 0.1799630 1.2588231 1.1586745 0.7945437 0.7662384 0.7945437 
t11        1.1586745 0.5299277 0.8864954 0.8545757 0.6157354 0.7389627 0.6626257 0.8545757 0.5933457 1.3144041 1.2070784 0.0845966 0.0000000 0.1673577 0.1799630 1.1586745 1.0703373 0.8239592 0.7945437 0.8239592 
t19        1.2070784 0.7126442 0.9913169 0.9913169 0.6157354 0.7389627 0.6872180 0.8545757 0.5716050 1.3744361 1.2588231 0.1673577 0.1673577 0.0000000 0.0306165 1.3744361 1.2588231 0.8545757 0.8545757 0.8864954 
t6         1.2588231 0.7389627 0.9913169 0.9913169 0.6388142 0.7662384 0.7126442 0.8864954 0.5933457 1.3144041 1.3144041 0.1799630 0.1799630 0.0306165 0.0000000 1.3744361 1.2588231 0.8864954 0.8864954 0.9198342 
t3         1.6785349 0.7126442 1.1586745 0.9913169 0.6157354 0.7389627 0.6626257 0.6388142 0.5716050 1.3144041 1.4396946 1.2588231 1.1586745 1.3744361 1.3744361 0.0000000 0.0306165 0.7945437 0.7126442 0.7389627 
t8         1.8942965 0.6388142 1.0297869 0.9198342 0.5933457 0.7126442 0.5933457 0.6388142 0.5299277 1.3144041 1.2588231 1.1586745 1.0703373 1.2588231 1.2588231 0.0306165 0.0000000 0.7389627 0.6626257 0.6872180 
t15        1.5901977 0.6388142 1.1586745 1.2588231 0.5299277 0.6388142 0.2191023 0.5933457 0.4904449 1.8942965 1.2588231 0.7945437 0.8239592 0.8545757 0.8864954 0.7945437 0.7389627 0.0000000 0.0411062 0.0517447 
t5         1.4396946 0.5933457 1.0297869 1.1132061 0.5099265 0.6157354 0.1799630 0.5933457 0.4714565 1.8942965 1.3144041 0.7662384 0.7945437 0.8545757 0.8864954 0.7126442 0.6626257 0.0411062 0.0000000 0.0100673 
t13        1.3744361 0.6157354 1.0703373 1.0703373 0.5299277 0.6388142 0.1927838 0.5716050 0.4904449 2.0310377 1.3744361 0.7945437 0.8239592 0.8864954 0.9198342 0.7389627 0.6872180 0.0517447 0.0100673 0.0000000 
