20
t2         0.0000000 1.1586745 0.7662384 1.3744361 0.8545757 1.7786835 1.6785349 1.0297869 0.8545757 0.9547243 0.8545757 0.9547243 1.5901977 1.8942965 0.8864954 0.7389627 0.9913169 0.9198342 1.3744361 1.5111773 
t19        1.1586745 0.0000000 1.0703373 1.3744361 0.9913169 2.1983953 2.4141569 0.8864954 0.7389627 0.7126442 1.2588231 1.4396946 1.5901977 1.5111773 1.3144041 1.4396946 0.9198342 0.7662384 1.0703373 1.1586745 
t1         0.7662384 1.0703373 0.0000000 1.3144041 1.0297869 1.5901977 2.0310377 0.9547243 0.9198342 1.1132061 0.4714565 0.6626257 1.1586745 1.2588231 0.3666350 0.3831192 1.1586745 0.8864954 1.2588231 1.3144041 
t14        1.3744361 1.3744361 1.3144041 0.0000000 1.0703373 1.5111773 1.4396946 0.8864954 0.8239592 0.8545757 0.9547243 0.9198342 1.0297869 1.0703373 1.0703373 1.1132061 0.8239592 0.8545757 0.7945437 0.7945437 
t12        0.8545757 0.9913169 1.0297869 1.0703373 0.0000000 1.3744361 1.1586745 0.4714565 0.2603971 0.3040988 1.1132061 1.1586745 1.0703373 1.2588231 1.0703373 1.1586745 0.3666350 0.2746833 1.0297869 1.1132061 
t10        1.7786835 2.1983953 1.5901977 1.5111773 1.3744361 0.0000000 0.3666350 0.9913169 1.0297869 1.0297869 1.7786835 2.4141569 0.8545757 0.8545757 1.3744361 1.5111773 1.5901977 1.4396946 1.6785349 1.8942965 
t9         1.6785349 2.4141569 2.0310377 1.4396946 1.1586745 0.3666350 0.0000000 1.2070784 1.1586745 1.1586745 1.8942965 1.7786835 1.0703373 1.0703373 1.7786835 1.8942965 1.6785349 1.4396946 1.7786835 2.0310377 
t16        1.0297869 0.8864954 0.9547243 0.8864954 0.4714565 0.9913169 1.2070784 0.0000000 0.3347153 0.4714565 0.8864954 0.9198342 0.7126442 0.8864954 0.9198342 1.1132061 0.5099265 0.4348639 1.0703373 1.1132061 
t18        0.8545757 0.7389627 0.9198342 0.8239592 0.2603971 1.0297869 1.1586745 0.3347153 0.0000000 0.1189538 0.7945437 0.8239592 0.8864954 1.0297869 0.7945437 0.8864954 0.3347153 0.2326162 0.9198342 0.9913169 
t15        0.9547243 0.7126442 1.1132061 0.8545757 0.3040988 1.0297869 1.1586745 0.4714565 0.1189538 0.0000000 1.1132061 1.0703373 1.0703373 1.2070784 1.0703373 1.2588231 0.3999739 0.3192509 1.1132061 1.2070784 
t13        0.8545757 1.2588231 0.4714565 0.9547243 1.1132061 1.7786835 1.8942965 0.8864954 0.7945437 1.1132061 0.0000000 0.2892469 1.3144041 1.3744361 0.2463781 0.3040988 0.9913169 0.9198342 1.1132061 1.1586745 
t5         0.9547243 1.4396946 0.6626257 0.9198342 1.1586745 2.4141569 1.7786835 0.9198342 0.8239592 1.0703373 0.2892469 0.0000000 1.4396946 1.5901977 0.4904449 0.5504769 0.8545757 0.9198342 1.3144041 1.3744361 
t7         1.5901977 1.5901977 1.1586745 1.0297869 1.0703373 0.8545757 1.0703373 0.7126442 0.8864954 1.0703373 1.3144041 1.4396946 0.0000000 0.1189538 1.3144041 1.5111773 1.1132061 1.0703373 1.1132061 1.2070784 
t4         1.8942965 1.5111773 1.2588231 1.0703373 1.2588231 0.8545757 1.0703373 0.8864954 1.0297869 1.2070784 1.3744361 1.5901977 0.1189538 0.0000000 1.2588231 1.6785349 1.2588231 1.1132061 1.1132061 1.2070784 
t11        0.8864954 1.3144041 0.3666350 1.0703373 1.0703373 1.3744361 1.7786835 0.9198342 0.7945437 1.0703373 0.2463781 0.4904449 1.3144041 1.2588231 0.0000000 0.1307650 0.9913169 0.9198342 1.1132061 1.1132061 
t3         0.7389627 1.4396946 0.3831192 1.1132061 1.1586745 1.5111773 1.8942965 1.1132061 0.8864954 1.2588231 0.3040988 0.5504769 1.5111773 1.6785349 0.1307650 0.0000000 1.0297869 1.0297869 1.0297869 1.0297869 
t17        0.9913169 0.9198342 1.1586745 0.8239592 0.3666350 1.5901977 1.6785349 0.5099265 0.3347153 0.3999739 0.9913169 0.8545757 1.1132061 1.2588231 0.9913169 1.0297869 0.0000000 0.1673577 1.0703373 1.0703373 
t6         0.9198342 0.7662384 0.8864954 0.8545757 0.2746833 1.4396946 1.4396946 0.4348639 0.2326162 0.3192509 0.9198342 0.9198342 1.0703373 1.1132061 0.9198342 1.0297869 0.1673577 0.0000000 0.9198342 0.9198342 
t8         1.3744361 1.0703373 1.2588231 0.7945437 1.0297869 1.6785349 1.7786835 1.0703373 0.9198342 1.1132061 1.1132061 1.3144041 1.1132061 1.1132061 1.1132061 1.0297869 1.0703373 0.9198342 0.0000000 0.0202715 
t20        1.5111773 1.1586745 1.3144041 0.7945437 1.1132061 1.8942965 2.0310377 1.1132061 0.9913169 1.2070784 1.1586745 1.3744361 1.2070784 1.2070784 1.1132061 1.0297869 1.0703373 0.9198342 0.0202715 0.0000000 
