20
t18        0.0000000 1.0297869 0.9547243 1.3144041 1.5901977 9.0000000 1.4396946 1.5901977 2.1983953 2.0310377 1.8942965 1.7786835 2.1983953 1.8942965 1.0297869 1.0703373 9.0000000 9.0000000 1.7786835 1.7786835 
t16        1.0297869 0.0000000 0.3505054 0.6626257 1.1132061 2.1983953 0.6872180 0.6872180 9.0000000 1.4396946 1.1132061 0.6157354 9.0000000 2.7182557 0.4904449 0.4172160 2.1983953 2.0310377 0.6872180 0.6872180 
t2         0.9547243 0.3505054 0.0000000 0.8545757 1.5111773 2.4141569 1.0703373 0.8239592 2.7182557 1.5901977 1.5111773 0.7662384 2.7182557 9.0000000 0.6157354 0.5933457 2.7182557 2.7182557 0.8239592 0.8239592 
t8         1.3144041 0.6626257 0.8545757 0.0000000 1.3144041 1.7786835 0.9913169 1.1586745 3.2381161 1.5111773 1.0703373 0.9547243 2.7182557 2.1983953 0.7662384 0.6872180 1.3744361 1.4396946 1.1132061 1.0297869 
t11        1.5901977 1.1132061 1.5111773 1.3144041 0.0000000 9.0000000 1.0297869 1.1586745 2.7182557 0.5716050 0.2058276 1.0703373 9.0000000 2.0310377 0.7126442 0.8545757 9.0000000 9.0000000 1.0297869 0.9547243 
t20        9.0000000 2.1983953 2.4141569 1.7786835 9.0000000 0.0000000 2.0310377 3.2381161 1.3744361 9.0000000 9.0000000 1.7786835 1.2070784 1.2070784 3.2381161 2.0310377 0.2326162 0.2191023 2.4141569 2.4141569 
t10        1.4396946 0.6872180 1.0703373 0.9913169 1.0297869 2.0310377 0.0000000 0.4714565 9.0000000 1.6785349 1.3144041 0.5299277 9.0000000 9.0000000 0.6157354 0.5299277 2.0310377 2.1983953 0.5504769 0.6157354 
t17        1.5901977 0.6872180 0.8239592 1.1586745 1.1586745 3.2381161 0.4714565 0.0000000 9.0000000 1.8942965 1.2588231 0.4529370 9.0000000 9.0000000 0.5933457 0.4714565 2.7182557 9.0000000 0.4904449 0.5099265 
t19        2.1983953 9.0000000 2.7182557 3.2381161 2.7182557 1.3744361 9.0000000 9.0000000 0.0000000 9.0000000 3.2381161 9.0000000 0.1549607 0.2603971 2.7182557 1.8942965 1.3744361 1.3144041 9.0000000 9.0000000 
t4         2.0310377 1.4396946 1.5901977 1.5111773 0.5716050 9.0000000 1.6785349 1.8942965 9.0000000 0.0000000 0.3999739 1.6785349 9.0000000 9.0000000 1.1132061 1.2070784 9.0000000 9.0000000 1.5901977 1.5111773 
t13        1.8942965 1.1132061 1.5111773 1.0703373 0.2058276 9.0000000 1.3144041 1.2588231 3.2381161 0.3999739 0.0000000 1.2588231 9.0000000 2.7182557 0.8545757 0.9547243 3.2381161 9.0000000 1.3744361 1.2070784 
t12        1.7786835 0.6157354 0.7662384 0.9547243 1.0703373 1.7786835 0.5299277 0.4529370 9.0000000 1.6785349 1.2588231 0.0000000 9.0000000 9.0000000 0.5504769 0.4172160 2.1983953 2.7182557 0.2058276 0.1927838 
t15        2.1983953 9.0000000 2.7182557 2.7182557 9.0000000 1.2070784 9.0000000 9.0000000 0.1549607 9.0000000 9.0000000 9.0000000 0.0000000 0.2058276 2.7182557 2.0310377 1.2070784 1.2588231 9.0000000 9.0000000 
t9         1.8942965 2.7182557 9.0000000 2.1983953 2.0310377 1.2070784 9.0000000 9.0000000 0.2603971 9.0000000 2.7182557 9.0000000 0.2058276 0.0000000 2.4141569 2.0310377 1.4396946 1.3744361 9.0000000 9.0000000 
t5         1.0297869 0.4904449 0.6157354 0.7662384 0.7126442 3.2381161 0.6157354 0.5933457 2.7182557 1.1132061 0.8545757 0.5504769 2.7182557 2.4141569 0.0000000 0.1799630 2.4141569 2.7182557 0.5933457 0.6157354 
t6         1.0703373 0.4172160 0.5933457 0.6872180 0.8545757 2.0310377 0.5299277 0.4714565 1.8942965 1.2070784 0.9547243 0.4172160 2.0310377 2.0310377 0.1799630 0.0000000 2.0310377 2.4141569 0.4529370 0.4348639 
t7         9.0000000 2.1983953 2.7182557 1.3744361 9.0000000 0.2326162 2.0310377 2.7182557 1.3744361 9.0000000 3.2381161 2.1983953 1.2070784 1.4396946 2.4141569 2.0310377 0.0000000 0.0411062 2.1983953 2.4141569 
t14        9.0000000 2.0310377 2.7182557 1.4396946 9.0000000 0.2191023 2.1983953 9.0000000 1.3144041 9.0000000 9.0000000 2.7182557 1.2588231 1.3744361 2.7182557 2.4141569 0.0411062 0.0000000 2.4141569 2.7182557 
t3         1.7786835 0.6872180 0.8239592 1.1132061 1.0297869 2.4141569 0.5504769 0.4904449 9.0000000 1.5901977 1.3744361 0.2058276 9.0000000 9.0000000 0.5933457 0.4529370 2.1983953 2.4141569 0.0000000 0.0734853 
t1         1.7786835 0.6872180 0.8239592 1.0297869 0.9547243 2.4141569 0.6157354 0.5099265 9.0000000 1.5111773 1.2070784 0.1927838 9.0000000 9.0000000 0.6157354 0.4348639 2.4141569 2.7182557 0.0734853 0.0000000 
