20
t14        0.0000000 1.7786835 1.0703373 1.5901977 0.9913169 1.7786835 1.4396946 0.9547243 1.5111773 0.9913169 1.5111773 1.5901977 1.2588231 1.0703373 1.5111773 1.6785349 1.3744361 1.2588231 1.5901977 1.8942965 
t5         1.7786835 0.0000000 1.2588231 0.7945437 2.1983953 1.4396946 1.8942965 1.2588231 1.4396946 2.1983953 1.4396946 1.4396946 9.0000000 2.1983953 1.7786835 1.7786835 1.5901977 1.6785349 1.6785349 1.5901977 
t18        1.0703373 1.2588231 0.0000000 0.4714565 1.4396946 1.1586745 1.1132061 1.1586745 1.0703373 1.4396946 1.3144041 1.3144041 1.4396946 1.5901977 1.1586745 1.1586745 1.1586745 1.0703373 1.3144041 1.5901977 
t11        1.5901977 0.7945437 0.4714565 0.0000000 1.3744361 0.9198342 0.9198342 0.8239592 0.7389627 1.4396946 0.9547243 0.8239592 1.7786835 1.6785349 1.1586745 1.5111773 0.9547243 0.9547243 1.0703373 1.1132061 
t10        0.9913169 2.1983953 1.4396946 1.3744361 0.0000000 1.6785349 1.3144041 1.1132061 1.2588231 0.4714565 1.4396946 1.1586745 0.6388142 0.6157354 0.9547243 1.0297869 1.3744361 1.3744361 1.3744361 1.4396946 
t9         1.7786835 1.4396946 1.1586745 0.9198342 1.6785349 0.0000000 0.7945437 0.8545757 0.7662384 2.0310377 0.9198342 0.8545757 2.1983953 2.1983953 2.4141569 2.7182557 1.0297869 0.9547243 2.1983953 2.7182557 
t8         1.4396946 1.8942965 1.1132061 0.9198342 1.3144041 0.7945437 0.0000000 0.4904449 0.3999739 1.4396946 0.6388142 0.5504769 1.6785349 1.5901977 1.4396946 1.4396946 0.6388142 0.5933457 1.5111773 1.5901977 
t15        0.9547243 1.2588231 1.1586745 0.8239592 1.1132061 0.8545757 0.4904449 0.0000000 0.3192509 1.0703373 0.5504769 0.4904449 1.3744361 1.2070784 1.1586745 1.2588231 0.3666350 0.3666350 1.1586745 1.3144041 
t3         1.5111773 1.4396946 1.0703373 0.7389627 1.2588231 0.7662384 0.3999739 0.3192509 0.0000000 1.1586745 0.3831192 0.2892469 1.3744361 1.2588231 0.9913169 1.0703373 0.5299277 0.4904449 1.0297869 1.1586745 
t4         0.9913169 2.1983953 1.4396946 1.4396946 0.4714565 2.0310377 1.4396946 1.0703373 1.1586745 0.0000000 1.3144041 1.2588231 0.2463781 0.1549607 0.9547243 1.1132061 1.4396946 1.4396946 1.0703373 1.2070784 
t16        1.5111773 1.4396946 1.3144041 0.9547243 1.4396946 0.9198342 0.6388142 0.5504769 0.3831192 1.3144041 0.0000000 0.1673577 1.5111773 1.5111773 1.0703373 1.1132061 0.8545757 0.7945437 1.2070784 1.3144041 
t12        1.5901977 1.4396946 1.3144041 0.8239592 1.1586745 0.8545757 0.5504769 0.4904449 0.2892469 1.2588231 0.1673577 0.0000000 1.4396946 1.4396946 1.1132061 1.1586745 0.7389627 0.6872180 1.2070784 1.3144041 
t19        1.2588231 9.0000000 1.4396946 1.7786835 0.6388142 2.1983953 1.6785349 1.3744361 1.3744361 0.2463781 1.5111773 1.4396946 0.0000000 0.1927838 1.2070784 1.3144041 1.3144041 1.2588231 1.2588231 1.3744361 
t20        1.0703373 2.1983953 1.5901977 1.6785349 0.6157354 2.1983953 1.5901977 1.2070784 1.2588231 0.1549607 1.5111773 1.4396946 0.1927838 0.0000000 1.2070784 1.3744361 1.5901977 1.5111773 1.2070784 1.3744361 
t13        1.5111773 1.7786835 1.1586745 1.1586745 0.9547243 2.4141569 1.4396946 1.1586745 0.9913169 0.9547243 1.0703373 1.1132061 1.2070784 1.2070784 0.0000000 0.0625362 1.6785349 1.5111773 0.3347153 0.4172160 
t2         1.6785349 1.7786835 1.1586745 1.5111773 1.0297869 2.7182557 1.4396946 1.2588231 1.0703373 1.1132061 1.1132061 1.1586745 1.3144041 1.3744361 0.0625362 0.0000000 1.7786835 1.5901977 0.4172160 0.5099265 
t17        1.3744361 1.5901977 1.1586745 0.9547243 1.3744361 1.0297869 0.6388142 0.3666350 0.5299277 1.4396946 0.8545757 0.7389627 1.3144041 1.5901977 1.6785349 1.7786835 0.0000000 0.0202715 1.3744361 1.4396946 
t1         1.2588231 1.6785349 1.0703373 0.9547243 1.3744361 0.9547243 0.5933457 0.3666350 0.4904449 1.4396946 0.7945437 0.6872180 1.2588231 1.5111773 1.5111773 1.5901977 0.0202715 0.0000000 1.2588231 1.3744361 
t6         1.5901977 1.6785349 1.3144041 1.0703373 1.3744361 2.1983953 1.5111773 1.1586745 1.0297869 1.0703373 1.2070784 1.2070784 1.2588231 1.2070784 0.3347153 0.4172160 1.3744361 1.2588231 0.0000000 0.0517447 
t7         1.8942965 1.5901977 1.5901977 1.1132061 1.4396946 2.7182557 1.5901977 1.3144041 1.1586745 1.2070784 1.3144041 1.3144041 1.3744361 1.3744361 0.4172160 0.5099265 1.4396946 1.3744361 0.0517447 0.0000000 
