20
t11        0.0000000 0.9547243 2.7182557 9.0000000 2.1983953 9.0000000 9.0000000 9.0000000 1.7786835 9.0000000 1.8942965 2.0310377 2.4141569 2.0310377 2.4141569 2.7182557 2.1983953 2.1983953 1.3144041 1.4396946 
t12        0.9547243 0.0000000 9.0000000 2.0310377 3.2381161 9.0000000 9.0000000 2.7182557 0.7389627 1.0703373 0.8239592 1.8942965 1.5901977 1.6785349 1.4396946 1.4396946 1.8942965 1.8942965 0.7662384 0.8239592 
t13        2.7182557 9.0000000 0.0000000 1.0703373 3.2381161 1.1132061 0.8864954 0.8864954 2.1983953 2.0310377 2.4141569 1.1132061 1.0297869 9.0000000 9.0000000 9.0000000 1.5111773 1.5901977 2.0310377 1.8942965 
t16        9.0000000 2.0310377 1.0703373 0.0000000 3.2381161 0.9547243 0.4904449 0.4348639 2.7182557 3.2381161 2.7182557 0.7662384 0.9198342 9.0000000 9.0000000 9.0000000 0.8545757 0.9547243 9.0000000 9.0000000 
t7         2.1983953 3.2381161 3.2381161 3.2381161 0.0000000 9.0000000 2.7182557 2.4141569 9.0000000 2.4141569 9.0000000 2.4141569 9.0000000 2.7182557 9.0000000 9.0000000 2.1983953 2.0310377 1.6785349 1.6785349 
t2         9.0000000 9.0000000 1.1132061 0.9547243 9.0000000 0.0000000 0.7126442 0.7662384 9.0000000 9.0000000 9.0000000 1.0297869 1.2588231 9.0000000 9.0000000 9.0000000 1.3144041 1.3744361 9.0000000 9.0000000 
t9         9.0000000 9.0000000 0.8864954 0.4904449 2.7182557 0.7126442 0.0000000 0.0734853 9.0000000 3.2381161 2.7182557 0.8239592 0.9913169 2.4141569 9.0000000 9.0000000 0.7662384 0.8239592 9.0000000 9.0000000 
t14        9.0000000 2.7182557 0.8864954 0.4348639 2.4141569 0.7662384 0.0734853 0.0000000 9.0000000 9.0000000 9.0000000 0.7662384 0.9198342 9.0000000 9.0000000 9.0000000 0.7662384 0.8239592 9.0000000 9.0000000 
t10        1.7786835 0.7389627 2.1983953 2.7182557 9.0000000 9.0000000 9.0000000 9.0000000 0.0000000 0.4172160 0.1073256 2.4141569 2.0310377 1.7786835 1.8942965 2.7182557 9.0000000 9.0000000 0.5933457 0.6157354 
t5         9.0000000 1.0703373 2.0310377 3.2381161 2.4141569 9.0000000 3.2381161 9.0000000 0.4172160 0.0000000 0.4904449 2.7182557 2.4141569 2.1983953 2.4141569 2.4141569 9.0000000 9.0000000 1.0297869 1.0703373 
t19        1.8942965 0.8239592 2.4141569 2.7182557 9.0000000 9.0000000 2.7182557 9.0000000 0.1073256 0.4904449 0.0000000 9.0000000 2.7182557 1.8942965 1.7786835 2.1983953 9.0000000 9.0000000 0.6626257 0.6872180 
t18        2.0310377 1.8942965 1.1132061 0.7662384 2.4141569 1.0297869 0.8239592 0.7662384 2.4141569 2.7182557 9.0000000 0.0000000 0.4172160 3.2381161 9.0000000 9.0000000 1.3744361 1.5111773 9.0000000 9.0000000 
t8         2.4141569 1.5901977 1.0297869 0.9198342 9.0000000 1.2588231 0.9913169 0.9198342 2.0310377 2.4141569 2.7182557 0.4172160 0.0000000 9.0000000 9.0000000 9.0000000 1.5111773 1.5111773 9.0000000 9.0000000 
t6         2.0310377 1.6785349 9.0000000 9.0000000 2.7182557 9.0000000 2.4141569 9.0000000 1.7786835 2.1983953 1.8942965 3.2381161 9.0000000 0.0000000 0.4714565 0.5504769 9.0000000 9.0000000 2.1983953 2.7182557 
t3         2.4141569 1.4396946 9.0000000 9.0000000 9.0000000 9.0000000 9.0000000 9.0000000 1.8942965 2.4141569 1.7786835 9.0000000 9.0000000 0.4714565 0.0000000 0.3347153 9.0000000 9.0000000 2.1983953 2.7182557 
t17        2.7182557 1.4396946 9.0000000 9.0000000 9.0000000 9.0000000 9.0000000 9.0000000 2.7182557 2.4141569 2.1983953 9.0000000 9.0000000 0.5504769 0.3347153 0.0000000 9.0000000 9.0000000 1.5901977 1.7786835 
t15        2.1983953 1.8942965 1.5111773 0.8545757 2.1983953 1.3144041 0.7662384 0.7662384 9.0000000 9.0000000 9.0000000 1.3744361 1.5111773 9.0000000 9.0000000 9.0000000 0.0000000 0.0845966 2.0310377 2.1983953 
t4         2.1983953 1.8942965 1.5901977 0.9547243 2.0310377 1.3744361 0.8239592 0.8239592 9.0000000 9.0000000 9.0000000 1.5111773 1.5111773 9.0000000 9.0000000 9.0000000 0.0845966 0.0000000 1.6785349 1.7786835 
t1         1.3144041 0.7662384 2.0310377 9.0000000 1.6785349 9.0000000 9.0000000 9.0000000 0.5933457 1.0297869 0.6626257 9.0000000 9.0000000 2.1983953 2.1983953 1.5901977 2.0310377 1.6785349 0.0000000 0.0411062 
t20        1.4396946 0.8239592 1.8942965 9.0000000 1.6785349 9.0000000 9.0000000 9.0000000 0.6157354 1.0703373 0.6872180 9.0000000 9.0000000 2.7182557 2.7182557 1.7786835 2.1983953 1.7786835 0.0411062 0.0000000 
