20
t16        0.0000000 0.8864954 0.7945437 0.7389627 0.5099265 0.4904449 0.6872180 0.4714565 0.5716050 0.4904449 0.4714565 0.6157354 0.6872180 0.7662384 0.7126442 0.4904449 0.4348639 0.8864954 0.7126442 0.6872180 
t4         0.8864954 0.0000000 1.2588231 0.9547243 1.0703373 0.8864954 0.9547243 0.9198342 0.9913169 0.8239592 0.8239592 1.0297869 1.2070784 1.0703373 1.2070784 1.0297869 0.9913169 0.7662384 0.7126442 0.7126442 
t13        0.7945437 1.2588231 0.0000000 0.6872180 0.8545757 0.7662384 1.1586745 0.6157354 0.8239592 0.7945437 0.9547243 1.0703373 1.1586745 0.9547243 0.8864954 0.6872180 0.6388142 1.1586745 1.1132061 0.9913169 
t1         0.7389627 0.9547243 0.6872180 0.0000000 0.8864954 0.7945437 0.8545757 0.7662384 0.7945437 0.7126442 0.7945437 0.9547243 1.1132061 1.0297869 0.9913169 0.7126442 0.6388142 1.1132061 0.9547243 0.9198342 
t14        0.5099265 1.0703373 0.8545757 0.8864954 0.0000000 0.5099265 0.9547243 0.5504769 0.6626257 0.6388142 0.5716050 0.7945437 1.0297869 0.8864954 1.0297869 0.5099265 0.4904449 1.0297869 0.9198342 0.8239592 
t10        0.4904449 0.8864954 0.7662384 0.7945437 0.5099265 0.0000000 0.6626257 0.4348639 0.4904449 0.5504769 0.6157354 0.7662384 0.6872180 0.8864954 0.9913169 0.5716050 0.4714565 0.8864954 0.8239592 0.8239592 
t8         0.6872180 0.9547243 1.1586745 0.8545757 0.9547243 0.6626257 0.0000000 0.8864954 0.8239592 0.5716050 0.6626257 0.5504769 0.6157354 0.6388142 0.6872180 0.6157354 0.5299277 0.9913169 0.8239592 0.8864954 
t3         0.4714565 0.9198342 0.6157354 0.7662384 0.5504769 0.4348639 0.8864954 0.0000000 0.4904449 0.5099265 0.5716050 0.7126442 0.7389627 0.7662384 0.7945437 0.5299277 0.5099265 0.7945437 0.7389627 0.7126442 
t9         0.5716050 0.9913169 0.8239592 0.7945437 0.6626257 0.4904449 0.8239592 0.4904449 0.0000000 0.7126442 0.7389627 0.8864954 0.8239592 0.9547243 0.9913169 0.6626257 0.5716050 0.7126442 0.6872180 0.6872180 
t12        0.4904449 0.8239592 0.7945437 0.7126442 0.6388142 0.5504769 0.5716050 0.5099265 0.7126442 0.0000000 0.1927838 0.5716050 0.6626257 0.7389627 0.7126442 0.3192509 0.2746833 0.9547243 0.7662384 0.7945437 
t15        0.4714565 0.8239592 0.9547243 0.7945437 0.5716050 0.6157354 0.6626257 0.5716050 0.7389627 0.1927838 0.0000000 0.5716050 0.6626257 0.8545757 0.8545757 0.3347153 0.3040988 0.9913169 0.8545757 0.8545757 
t2         0.6157354 1.0297869 1.0703373 0.9547243 0.7945437 0.7662384 0.5504769 0.7126442 0.8864954 0.5716050 0.5716050 0.0000000 0.2463781 0.8864954 0.7945437 0.6388142 0.5504769 1.0297869 0.9198342 0.9547243 
t11        0.6872180 1.2070784 1.1586745 1.1132061 1.0297869 0.6872180 0.6157354 0.7389627 0.8239592 0.6626257 0.6626257 0.2463781 0.0000000 0.9913169 0.9547243 0.7126442 0.6157354 0.9913169 0.9913169 0.9547243 
t5         0.7662384 1.0703373 0.9547243 1.0297869 0.8864954 0.8864954 0.6388142 0.7662384 0.9547243 0.7389627 0.8545757 0.8864954 0.9913169 0.0000000 0.2058276 0.7126442 0.6872180 0.9198342 0.9913169 0.9913169 
t20        0.7126442 1.2070784 0.8864954 0.9913169 1.0297869 0.9913169 0.6872180 0.7945437 0.9913169 0.7126442 0.8545757 0.7945437 0.9547243 0.2058276 0.0000000 0.7126442 0.7126442 0.9547243 0.9198342 0.9198342 
t18        0.4904449 1.0297869 0.6872180 0.7126442 0.5099265 0.5716050 0.6157354 0.5299277 0.6626257 0.3192509 0.3347153 0.6388142 0.7126442 0.7126442 0.7126442 0.0000000 0.0845966 0.9913169 0.8239592 0.7945437 
t6         0.4348639 0.9913169 0.6388142 0.6388142 0.4904449 0.4714565 0.5299277 0.5099265 0.5716050 0.2746833 0.3040988 0.5504769 0.6157354 0.6872180 0.7126442 0.0845966 0.0000000 0.9198342 0.7945437 0.7662384 
t19        0.8864954 0.7662384 1.1586745 1.1132061 1.0297869 0.8864954 0.9913169 0.7945437 0.7126442 0.9547243 0.9913169 1.0297869 0.9913169 0.9198342 0.9547243 0.9913169 0.9198342 0.0000000 0.1189538 0.1549607 
t17        0.7126442 0.7126442 1.1132061 0.9547243 0.9198342 0.8239592 0.8239592 0.7389627 0.6872180 0.7662384 0.8545757 0.9198342 0.9913169 0.9913169 0.9198342 0.8239592 0.7945437 0.1189538 0.0000000 0.0958750 
t7         0.6872180 0.7126442 0.9913169 0.9198342 0.8239592 0.8239592 0.8864954 0.7126442 0.6872180 0.7945437 0.8545757 0.9547243 0.9547243 0.9913169 0.9198342 0.7945437 0.7662384 0.1549607 0.0958750 0.0000000 
