20
t20        0.0000000 2.1983953 2.4141569 1.5901977 1.3144041 1.5901977 1.2070784 1.1586745 1.3144041 1.8942965 1.5901977 1.5901977 1.5111773 1.1586745 1.4396946 1.5111773 1.2070784 1.4396946 2.0310377 1.7786835 
t8         2.1983953 0.0000000 1.7786835 1.5111773 1.5111773 1.4396946 1.2588231 1.7786835 2.4141569 1.8942965 1.0297869 1.6785349 1.4396946 1.7786835 1.4396946 1.6785349 1.5111773 1.3744361 1.6785349 1.5901977 
t18        2.4141569 1.7786835 0.0000000 0.8239592 1.1586745 2.7182557 1.3744361 2.1983953 1.1586745 0.9198342 1.3144041 3.2381161 1.6785349 0.9198342 2.4141569 1.5111773 0.9198342 0.8545757 1.8942965 1.7786835 
t11        1.5901977 1.5111773 0.8239592 0.0000000 1.1586745 1.2588231 0.7662384 1.5111773 0.5716050 0.4714565 1.3144041 1.3744361 1.3144041 0.3666350 1.7786835 1.5111773 0.3999739 0.3831192 1.0297869 1.0703373 
t4         1.3144041 1.5111773 1.1586745 1.1586745 0.0000000 1.2588231 0.5716050 0.8239592 1.1132061 1.4396946 1.0297869 0.3666350 0.3040988 0.8239592 0.5099265 0.4904449 0.9547243 0.9913169 1.3144041 1.4396946 
t6         1.5901977 1.4396946 2.7182557 1.2588231 1.2588231 0.0000000 1.2070784 1.2070784 1.2070784 1.3744361 0.6872180 1.1586745 1.2070784 1.1586745 1.5111773 1.3744361 1.2070784 1.1132061 0.7389627 0.7945437 
t5         1.2070784 1.2588231 1.3744361 0.7662384 0.5716050 1.2070784 0.0000000 0.8864954 0.8864954 1.0703373 1.2070784 0.6626257 0.4714565 0.6872180 0.7389627 0.6872180 0.7662384 0.8239592 1.1132061 1.1132061 
t1         1.1586745 1.7786835 2.1983953 1.5111773 0.8239592 1.2070784 0.8864954 0.0000000 1.4396946 1.4396946 1.4396946 1.0703373 0.7389627 1.1132061 0.9547243 1.2588231 1.3144041 1.3144041 1.3144041 1.3744361 
t15        1.3144041 2.4141569 1.1586745 0.5716050 1.1132061 1.2070784 0.8864954 1.4396946 0.0000000 0.6157354 1.3744361 1.0297869 0.8864954 0.5299277 1.3144041 1.2070784 0.5099265 0.5099265 1.3744361 1.5901977 
t13        1.8942965 1.8942965 0.9198342 0.4714565 1.4396946 1.3744361 1.0703373 1.4396946 0.6157354 0.0000000 1.0703373 1.2070784 1.1586745 0.4529370 1.3744361 1.4396946 0.5504769 0.4904449 1.0703373 1.1132061 
t16        1.5901977 1.0297869 1.3144041 1.3144041 1.0297869 0.6872180 1.2070784 1.4396946 1.3744361 1.0703373 0.0000000 1.3144041 1.1586745 1.0297869 1.5901977 1.3744361 1.2588231 1.1132061 0.5933457 0.6872180 
t17        1.5901977 1.6785349 3.2381161 1.3744361 0.3666350 1.1586745 0.6626257 1.0703373 1.0297869 1.2070784 1.3144041 0.0000000 0.2892469 1.1132061 0.5504769 0.5299277 1.2070784 1.1586745 1.2070784 1.3144041 
t14        1.5111773 1.4396946 1.6785349 1.3144041 0.3040988 1.2070784 0.4714565 0.7389627 0.8864954 1.1586745 1.1586745 0.2892469 0.0000000 0.9198342 0.4348639 0.4714565 0.8864954 0.8545757 0.9913169 1.0703373 
t7         1.1586745 1.7786835 0.9198342 0.3666350 0.8239592 1.1586745 0.6872180 1.1132061 0.5299277 0.4529370 1.0297869 1.1132061 0.9198342 0.0000000 1.1132061 1.0297869 0.2058276 0.2058276 1.1132061 1.3144041 
t12        1.4396946 1.4396946 2.4141569 1.7786835 0.5099265 1.5111773 0.7389627 0.9547243 1.3144041 1.3744361 1.5901977 0.5504769 0.4348639 1.1132061 0.0000000 0.3505054 1.3744361 1.3744361 1.6785349 2.1983953 
t10        1.5111773 1.6785349 1.5111773 1.5111773 0.4904449 1.3744361 0.6872180 1.2588231 1.2070784 1.4396946 1.3744361 0.5299277 0.4714565 1.0297869 0.3505054 0.0000000 1.1132061 1.2070784 1.5901977 1.8942965 
t3         1.2070784 1.5111773 0.9198342 0.3999739 0.9547243 1.2070784 0.7662384 1.3144041 0.5099265 0.5504769 1.2588231 1.2070784 0.8864954 0.2058276 1.3744361 1.1132061 0.0000000 0.0958750 1.2070784 1.2588231 
t2         1.4396946 1.3744361 0.8545757 0.3831192 0.9913169 1.1132061 0.8239592 1.3144041 0.5099265 0.4904449 1.1132061 1.1586745 0.8545757 0.2058276 1.3744361 1.2070784 0.0958750 0.0000000 1.1132061 1.1586745 
t9         2.0310377 1.6785349 1.8942965 1.0297869 1.3144041 0.7389627 1.1132061 1.3144041 1.3744361 1.0703373 0.5933457 1.2070784 0.9913169 1.1132061 1.6785349 1.5901977 1.2070784 1.1132061 0.0000000 0.1073256 
t19        1.7786835 1.5901977 1.7786835 1.0703373 1.4396946 0.7945437 1.1132061 1.3744361 1.5901977 1.1132061 0.6872180 1.3144041 1.0703373 1.3144041 2.1983953 1.8942965 1.2588231 1.1586745 0.1073256 0.0000000 
