20
t10        0.0000000 1.7786835 1.1586745 2.0310377 2.1983953 1.5901977 1.8942965 1.7786835 2.7182557 2.4141569 2.0310377 1.1132061 9.0000000 2.4141569 1.7786835 1.5901977 1.1132061 1.2588231 1.6785349 1.5901977 
t2         1.7786835 0.0000000 2.0310377 1.5111773 1.5901977 2.0310377 1.5111773 1.6785349 1.5111773 0.8545757 0.9198342 1.8942965 2.0310377 1.5901977 1.2070784 1.6785349 0.6626257 0.7126442 2.0310377 1.8942965 
t6         1.1586745 2.0310377 0.0000000 0.9913169 0.8239592 0.5099265 1.5111773 1.2588231 0.9547243 1.5111773 1.5901977 0.8864954 1.2588231 1.0297869 0.7389627 0.7126442 1.2588231 1.3144041 1.1132061 1.0297869 
t17        2.0310377 1.5111773 0.9913169 0.0000000 0.8239592 0.6388142 1.5901977 1.5901977 1.3144041 1.4396946 1.1132061 1.1586745 1.5111773 1.2588231 0.8545757 1.1132061 1.1586745 1.3144041 1.6785349 1.4396946 
t20        2.1983953 1.5901977 0.8239592 0.8239592 0.0000000 0.5933457 1.3144041 1.2588231 1.0703373 1.7786835 1.7786835 1.3144041 1.0703373 1.0297869 0.8239592 1.0703373 1.4396946 1.3744361 1.6785349 1.3744361 
t5         1.5901977 2.0310377 0.5099265 0.6388142 0.5933457 0.0000000 1.5901977 1.5111773 1.1586745 1.5901977 1.3144041 1.0703373 1.2070784 1.0703373 0.7662384 0.8239592 0.9913169 1.0297869 1.5111773 1.4396946 
t3         1.8942965 1.5111773 1.5111773 1.5901977 1.3144041 1.5901977 0.0000000 0.4348639 1.7786835 1.1132061 1.7786835 1.5901977 1.6785349 1.5901977 0.9198342 1.2588231 1.1586745 1.1586745 1.6785349 1.5111773 
t4         1.7786835 1.6785349 1.2588231 1.5901977 1.2588231 1.5111773 0.4348639 0.0000000 1.6785349 1.3744361 1.7786835 1.2070784 1.5111773 1.5111773 0.9913169 1.1586745 0.9198342 1.0703373 1.3744361 1.1586745 
t15        2.7182557 1.5111773 0.9547243 1.3144041 1.0703373 1.1586745 1.7786835 1.6785349 0.0000000 1.5111773 1.7786835 1.5901977 0.6157354 0.5099265 1.3144041 1.2070784 1.3744361 1.5901977 1.5111773 1.5111773 
t1         2.4141569 0.8545757 1.5111773 1.4396946 1.7786835 1.5901977 1.1132061 1.3744361 1.5111773 0.0000000 0.5299277 1.5901977 2.4141569 1.7786835 1.3744361 1.5901977 0.5933457 0.7126442 2.4141569 1.7786835 
t18        2.0310377 0.9198342 1.5901977 1.1132061 1.7786835 1.3144041 1.7786835 1.7786835 1.7786835 0.5299277 0.0000000 1.1586745 1.7786835 1.4396946 1.1132061 1.3144041 0.5933457 0.6388142 2.0310377 1.5111773 
t11        1.1132061 1.8942965 0.8864954 1.1586745 1.3144041 1.0703373 1.5901977 1.2070784 1.5901977 1.5901977 1.1586745 0.0000000 1.2070784 0.9198342 0.7662384 0.8545757 1.0297869 1.0703373 0.4714565 0.4714565 
t13        9.0000000 2.0310377 1.2588231 1.5111773 1.0703373 1.2070784 1.6785349 1.5111773 0.6157354 2.4141569 1.7786835 1.2070784 0.0000000 0.2326162 1.1132061 1.2588231 1.5901977 1.6785349 1.4396946 1.3744361 
t7         2.4141569 1.5901977 1.0297869 1.2588231 1.0297869 1.0703373 1.5901977 1.5111773 0.5099265 1.7786835 1.4396946 0.9198342 0.2326162 0.0000000 1.1132061 1.0297869 1.2070784 1.2588231 1.2588231 1.0703373 
t9         1.7786835 1.2070784 0.7389627 0.8545757 0.8239592 0.7662384 0.9198342 0.9913169 1.3144041 1.3744361 1.1132061 0.7662384 1.1132061 1.1132061 0.0000000 0.1799630 1.3144041 1.3744361 1.1586745 1.0703373 
t16        1.5901977 1.6785349 0.7126442 1.1132061 1.0703373 0.8239592 1.2588231 1.1586745 1.2070784 1.5901977 1.3144041 0.8545757 1.2588231 1.0297869 0.1799630 0.0000000 1.5111773 1.5901977 1.2588231 1.1586745 
t12        1.1132061 0.6626257 1.2588231 1.1586745 1.4396946 0.9913169 1.1586745 0.9198342 1.3744361 0.5933457 0.5933457 1.0297869 1.5901977 1.2070784 1.3144041 1.5111773 0.0000000 0.0734853 1.0297869 1.0297869 
t19        1.2588231 0.7126442 1.3144041 1.3144041 1.3744361 1.0297869 1.1586745 1.0703373 1.5901977 0.7126442 0.6388142 1.0703373 1.6785349 1.2588231 1.3744361 1.5901977 0.0734853 0.0000000 1.1586745 1.1586745 
t14        1.6785349 2.0310377 1.1132061 1.6785349 1.6785349 1.5111773 1.6785349 1.3744361 1.5111773 2.4141569 2.0310377 0.4714565 1.4396946 1.2588231 1.1586745 1.2588231 1.0297869 1.1586745 0.0000000 0.0625362 
t8         1.5901977 1.8942965 1.0297869 1.4396946 1.3744361 1.4396946 1.5111773 1.1586745 1.5111773 1.7786835 1.5111773 0.4714565 1.3744361 1.0703373 1.0703373 1.1586745 1.0297869 1.1586745 0.0625362 0.0000000 
