20
t2         0.0000000 0.4714565 0.7389627 0.6872180 0.5933457 0.7662384 0.8545757 0.5504769 0.5099265 0.7945437 0.6388142 0.6157354 0.7389627 0.7945437 0.6388142 0.6626257 0.6388142 0.6157354 1.0297869 1.0297869 
t11        0.4714565 0.0000000 0.6872180 0.7389627 0.6388142 0.7662384 1.0297869 0.7126442 0.7389627 0.9198342 0.7389627 0.6872180 0.7389627 0.6872180 0.6388142 0.7126442 0.6388142 0.6388142 1.0703373 1.0703373 
t4         0.7389627 0.6872180 0.0000000 1.0297869 0.4714565 0.6157354 0.7945437 0.3831192 0.6157354 1.2070784 0.5099265 0.4714565 0.3999739 0.3999739 0.3666350 0.3999739 1.0703373 0.9913169 1.5111773 1.5111773 
t8         0.6872180 0.7389627 1.0297869 0.0000000 0.9547243 0.9198342 0.9198342 0.7662384 0.7126442 0.5299277 0.9547243 0.8864954 1.0703373 1.0297869 0.9547243 1.0297869 0.7945437 0.9547243 0.5933457 0.5933457 
t18        0.5933457 0.6388142 0.4714565 0.9547243 0.0000000 0.4904449 0.7126442 0.2892469 0.4904449 0.9547243 0.3192509 0.2603971 0.4529370 0.4714565 0.3831192 0.4348639 0.9198342 0.9198342 1.1132061 1.1132061 
t1         0.7662384 0.7662384 0.6157354 0.9198342 0.4904449 0.0000000 0.6388142 0.4172160 0.5933457 1.0297869 0.5933457 0.5716050 0.6157354 0.6157354 0.4904449 0.5299277 1.0703373 0.9547243 1.1586745 1.1586745 
t9         0.8545757 1.0297869 0.7945437 0.9198342 0.7126442 0.6388142 0.0000000 0.4172160 0.6157354 1.2070784 0.7662384 0.7389627 0.7389627 0.9198342 0.6872180 0.6872180 0.9547243 1.0297869 1.2588231 1.2588231 
t5         0.5504769 0.7126442 0.3831192 0.7662384 0.2892469 0.4172160 0.4172160 0.0000000 0.2326162 1.0297869 0.3666350 0.3040988 0.3999739 0.4348639 0.3040988 0.3192509 0.8239592 0.8545757 1.0297869 1.0297869 
t7         0.5099265 0.7389627 0.6157354 0.7126442 0.4904449 0.5933457 0.6157354 0.2326162 0.0000000 1.2070784 0.5504769 0.4529370 0.6626257 0.6388142 0.5504769 0.5504769 0.9198342 0.9913169 1.1586745 1.1586745 
t6         0.7945437 0.9198342 1.2070784 0.5299277 0.9547243 1.0297869 1.2070784 1.0297869 1.2070784 0.0000000 0.8864954 0.9547243 1.3144041 1.1586745 0.9198342 1.0703373 0.8239592 0.8545757 0.3347153 0.3347153 
t13        0.6388142 0.7389627 0.5099265 0.9547243 0.3192509 0.5933457 0.7662384 0.3666350 0.5504769 0.8864954 0.0000000 0.1427653 0.5299277 0.4714565 0.4348639 0.4172160 0.9198342 0.8864954 1.2070784 1.2070784 
t3         0.6157354 0.6872180 0.4714565 0.8864954 0.2603971 0.5716050 0.7389627 0.3040988 0.4529370 0.9547243 0.1427653 0.0000000 0.4904449 0.4172160 0.4348639 0.4172160 0.8545757 0.8239592 1.2070784 1.2070784 
t16        0.7389627 0.7389627 0.3999739 1.0703373 0.4529370 0.6157354 0.7389627 0.3999739 0.6626257 1.3144041 0.5299277 0.4904449 0.0000000 0.1549607 0.1799630 0.2058276 0.8864954 0.9198342 1.3744361 1.3744361 
t14        0.7945437 0.6872180 0.3999739 1.0297869 0.4714565 0.6157354 0.9198342 0.4348639 0.6388142 1.1586745 0.4714565 0.4172160 0.1549607 0.0000000 0.1673577 0.1927838 0.9198342 0.9547243 1.4396946 1.4396946 
t15        0.6388142 0.6388142 0.3666350 0.9547243 0.3831192 0.4904449 0.6872180 0.3040988 0.5504769 0.9198342 0.4348639 0.4348639 0.1799630 0.1673577 0.0000000 0.0411062 0.8239592 0.8545757 1.1132061 1.1132061 
t20        0.6626257 0.7126442 0.3999739 1.0297869 0.4348639 0.5299277 0.6872180 0.3192509 0.5504769 1.0703373 0.4172160 0.4172160 0.2058276 0.1927838 0.0411062 0.0000000 0.9198342 0.9913169 1.3144041 1.3144041 
t10        0.6388142 0.6388142 1.0703373 0.7945437 0.9198342 1.0703373 0.9547243 0.8239592 0.9198342 0.8239592 0.9198342 0.8545757 0.8864954 0.9198342 0.8239592 0.9198342 0.0000000 0.0958750 1.0297869 1.0297869 
t19        0.6157354 0.6388142 0.9913169 0.9547243 0.9198342 0.9547243 1.0297869 0.8545757 0.9913169 0.8545757 0.8864954 0.8239592 0.9198342 0.9547243 0.8545757 0.9913169 0.0958750 0.0000000 1.1132061 1.1132061 
t12        1.0297869 1.0703373 1.5111773 0.5933457 1.1132061 1.1586745 1.2588231 1.0297869 1.1586745 0.3347153 1.2070784 1.2070784 1.3744361 1.4396946 1.1132061 1.3144041 1.0297869 1.1132061 0.0000000 0.0000010 
t17        1.0297869 1.0703373 1.5111773 0.5933457 1.1132061 1.1586745 1.2588231 1.0297869 1.1586745 0.3347153 1.2070784 1.2070784 1.3744361 1.4396946 1.1132061 1.3144041 1.0297869 1.1132061 0.0000010 0.0000000 
