20
t11        0.0000000 1.5111773 1.5901977 1.6785349 1.1586745 1.4396946 1.0703373 1.0297869 1.1132061 1.2588231 0.7389627 0.9913169 0.8545757 0.7662384 1.1586745 1.2588231 1.3744361 1.3144041 1.3144041 1.3144041 
t6         1.5111773 0.0000000 1.2070784 1.5111773 1.5901977 2.1983953 1.3144041 1.5111773 1.8942965 0.7389627 2.0310377 2.7182557 1.7786835 1.5901977 0.9198342 0.8239592 1.1586745 1.2070784 1.1586745 1.1586745 
t5         1.5901977 1.2070784 0.0000000 1.5901977 0.5716050 0.7662384 1.5111773 1.8942965 1.1132061 1.3144041 2.1983953 2.1983953 1.2070784 1.3144041 1.5111773 1.4396946 1.5901977 1.6785349 1.5901977 1.5901977 
t1         1.6785349 1.5111773 1.5901977 0.0000000 1.7786835 1.3744361 0.8545757 0.9547243 1.5901977 2.1983953 1.4396946 1.6785349 1.3744361 1.3744361 2.7182557 2.4141569 0.3999739 0.4348639 0.3831192 0.3831192 
t9         1.1586745 1.5901977 0.5716050 1.7786835 0.0000000 0.4172160 1.2588231 1.3144041 1.2588231 1.3744361 1.2588231 1.6785349 1.1132061 1.2070784 1.5901977 1.5111773 1.2070784 1.2070784 1.1132061 1.1132061 
t20        1.4396946 2.1983953 0.7662384 1.3744361 0.4172160 0.0000000 1.1132061 1.0703373 1.2588231 1.5901977 1.5901977 1.8942965 1.5901977 1.6785349 1.6785349 1.3744361 1.3144041 1.3144041 1.2070784 1.2070784 
t7         1.0703373 1.3144041 1.5111773 0.8545757 1.2588231 1.1132061 0.0000000 0.3347153 1.3144041 1.4396946 1.6785349 1.5901977 1.2588231 1.3144041 1.5111773 1.2070784 1.0297869 1.1132061 0.9913169 0.9913169 
t4         1.0297869 1.5111773 1.8942965 0.9547243 1.3144041 1.0703373 0.3347153 0.0000000 1.2070784 1.1132061 1.3144041 1.3144041 1.2588231 1.3144041 1.3144041 1.0703373 0.7945437 0.7945437 0.7662384 0.7662384 
t15        1.1132061 1.8942965 1.1132061 1.5901977 1.2588231 1.2588231 1.3144041 1.2070784 0.0000000 1.8942965 0.3999739 0.4348639 0.3347153 0.3666350 2.0310377 1.6785349 1.3744361 1.3744361 1.3144041 1.3144041 
t2         1.2588231 0.7389627 1.3144041 2.1983953 1.3744361 1.5901977 1.4396946 1.1132061 1.8942965 0.0000000 2.4141569 2.7182557 1.8942965 1.7786835 0.2326162 0.2191023 1.5111773 1.4396946 1.3144041 1.3144041 
t17        0.7389627 2.0310377 2.1983953 1.4396946 1.2588231 1.5901977 1.6785349 1.3144041 0.3999739 2.4141569 0.0000000 0.2892469 0.3347153 0.3831192 1.7786835 2.0310377 1.2070784 1.2588231 1.2070784 1.2070784 
t19        0.9913169 2.7182557 2.1983953 1.6785349 1.6785349 1.8942965 1.5901977 1.3144041 0.4348639 2.7182557 0.2892469 0.0000000 0.3831192 0.3999739 2.0310377 2.1983953 1.5901977 1.5901977 1.5901977 1.5901977 
t8         0.8545757 1.7786835 1.2070784 1.3744361 1.1132061 1.5901977 1.2588231 1.2588231 0.3347153 1.8942965 0.3347153 0.3831192 0.0000000 0.0845966 1.7786835 1.5901977 1.1586745 1.3744361 1.2588231 1.2588231 
t13        0.7662384 1.5901977 1.3144041 1.3744361 1.2070784 1.6785349 1.3144041 1.3144041 0.3666350 1.7786835 0.3831192 0.3999739 0.0845966 0.0000000 1.7786835 1.5901977 1.3144041 1.5901977 1.4396946 1.4396946 
t14        1.1586745 0.9198342 1.5111773 2.7182557 1.5901977 1.6785349 1.5111773 1.3144041 2.0310377 0.2326162 1.7786835 2.0310377 1.7786835 1.7786835 0.0000000 0.1673577 1.6785349 1.5111773 1.4396946 1.4396946 
t3         1.2588231 0.8239592 1.4396946 2.4141569 1.5111773 1.3744361 1.2070784 1.0703373 1.6785349 0.2191023 2.0310377 2.1983953 1.5901977 1.5901977 0.1673577 0.0000000 1.5111773 1.4396946 1.3144041 1.3144041 
t10        1.3744361 1.1586745 1.5901977 0.3999739 1.2070784 1.3144041 1.0297869 0.7945437 1.3744361 1.5111773 1.2070784 1.5901977 1.1586745 1.3144041 1.6785349 1.5111773 0.0000000 0.0625362 0.0306165 0.0306165 
t12        1.3144041 1.2070784 1.6785349 0.4348639 1.2070784 1.3144041 1.1132061 0.7945437 1.3744361 1.4396946 1.2588231 1.5901977 1.3744361 1.5901977 1.5111773 1.4396946 0.0625362 0.0000000 0.0306165 0.0306165 
t16        1.3144041 1.1586745 1.5901977 0.3831192 1.1132061 1.2070784 0.9913169 0.7662384 1.3144041 1.3144041 1.2070784 1.5901977 1.2588231 1.4396946 1.4396946 1.3144041 0.0306165 0.0306165 0.0000000 0.0000010 
t18        1.3144041 1.1586745 1.5901977 0.3831192 1.1132061 1.2070784 0.9913169 0.7662384 1.3144041 1.3144041 1.2070784 1.5901977 1.2588231 1.4396946 1.4396946 1.3144041 0.0306165 0.0306165 0.0000010 0.0000000 
