20
t4         0.0000000 0.5716050 0.8545757 0.6872180 0.9547243 1.0297869 1.5901977 1.7786835 0.3999739 0.6872180 0.4529370 0.7389627 0.6388142 1.3744361 0.8864954 0.9547243 1.6785349 1.6785349 2.1983953 1.6785349 
t8         0.5716050 0.0000000 0.7126442 1.1132061 1.5901977 1.8942965 2.7182557 1.7786835 0.7389627 1.0297869 0.8545757 0.6872180 0.5716050 2.7182557 1.7786835 1.5111773 1.7786835 1.6785349 9.0000000 2.7182557 
t18        0.8545757 0.7126442 0.0000000 1.1132061 1.2588231 1.5111773 2.4141569 2.0310377 0.9198342 1.1132061 0.8864954 0.2603971 0.5099265 2.0310377 1.5901977 1.6785349 1.7786835 2.1983953 1.8942965 1.7786835 
t17        0.6872180 1.1132061 1.1132061 0.0000000 1.0297869 1.2070784 9.0000000 9.0000000 0.3347153 0.6157354 0.2191023 1.1132061 1.0297869 1.1132061 0.9547243 1.4396946 2.1983953 2.4141569 2.1983953 1.7786835 
t1         0.9547243 1.5901977 1.2588231 1.0297869 0.0000000 0.3347153 1.7786835 3.2381161 1.0703373 1.2070784 0.9547243 1.0297869 1.1132061 0.6872180 0.3505054 2.1983953 2.1983953 9.0000000 1.8942965 1.7786835 
t13        1.0297869 1.8942965 1.5111773 1.2070784 0.3347153 0.0000000 2.1983953 9.0000000 1.0703373 1.2588231 1.0297869 1.2588231 1.5901977 0.6157354 0.4714565 1.3144041 1.5901977 2.7182557 2.4141569 1.8942965 
t14        1.5901977 2.7182557 2.4141569 9.0000000 1.7786835 2.1983953 0.0000000 2.0310377 2.1983953 2.1983953 3.2381161 2.7182557 9.0000000 1.7786835 1.7786835 1.7786835 1.8942965 2.7182557 1.6785349 1.7786835 
t7         1.7786835 1.7786835 2.0310377 9.0000000 3.2381161 9.0000000 2.0310377 0.0000000 2.1983953 1.6785349 9.0000000 3.2381161 1.5111773 9.0000000 3.2381161 9.0000000 9.0000000 9.0000000 0.8545757 0.9547243 
t9         0.3999739 0.7389627 0.9198342 0.3347153 1.0703373 1.0703373 2.1983953 2.1983953 0.0000000 0.4348639 0.1799630 0.7945437 0.7945437 1.3744361 1.0703373 1.1586745 1.5111773 1.5901977 9.0000000 9.0000000 
t19        0.6872180 1.0297869 1.1132061 0.6157354 1.2070784 1.2588231 2.1983953 1.6785349 0.4348639 0.0000000 0.4529370 1.2070784 1.0297869 1.4396946 1.0703373 1.5111773 2.1983953 3.2381161 9.0000000 2.1983953 
t15        0.4529370 0.8545757 0.8864954 0.2191023 0.9547243 1.0297869 3.2381161 9.0000000 0.1799630 0.4529370 0.0000000 0.8545757 0.7662384 1.0297869 0.8545757 1.2070784 1.5901977 1.8942965 9.0000000 9.0000000 
t2         0.7389627 0.6872180 0.2603971 1.1132061 1.0297869 1.2588231 2.7182557 3.2381161 0.7945437 1.2070784 0.8545757 0.0000000 0.4172160 2.0310377 1.1586745 1.6785349 1.5901977 1.6785349 2.0310377 2.0310377 
t3         0.6388142 0.5716050 0.5099265 1.0297869 1.1132061 1.5901977 9.0000000 1.5111773 0.7945437 1.0297869 0.7662384 0.4172160 0.0000000 2.0310377 1.3144041 2.0310377 1.7786835 1.7786835 2.4141569 2.1983953 
t16        1.3744361 2.7182557 2.0310377 1.1132061 0.6872180 0.6157354 1.7786835 9.0000000 1.3744361 1.4396946 1.0297869 2.0310377 2.0310377 0.0000000 0.3347153 2.0310377 9.0000000 9.0000000 9.0000000 9.0000000 
t11        0.8864954 1.7786835 1.5901977 0.9547243 0.3505054 0.4714565 1.7786835 3.2381161 1.0703373 1.0703373 0.8545757 1.1586745 1.3144041 0.3347153 0.0000000 1.8942965 9.0000000 9.0000000 2.4141569 2.4141569 
t5         0.9547243 1.5111773 1.6785349 1.4396946 2.1983953 1.3144041 1.7786835 9.0000000 1.1586745 1.5111773 1.2070784 1.6785349 2.0310377 2.0310377 1.8942965 0.0000000 0.6388142 0.5933457 9.0000000 9.0000000 
t6         1.6785349 1.7786835 1.7786835 2.1983953 2.1983953 1.5901977 1.8942965 9.0000000 1.5111773 2.1983953 1.5901977 1.5901977 1.7786835 9.0000000 9.0000000 0.6388142 0.0000000 0.2058276 9.0000000 2.7182557 
t12        1.6785349 1.6785349 2.1983953 2.4141569 9.0000000 2.7182557 2.7182557 9.0000000 1.5901977 3.2381161 1.8942965 1.6785349 1.7786835 9.0000000 9.0000000 0.5933457 0.2058276 0.0000000 9.0000000 9.0000000 
t10        2.1983953 9.0000000 1.8942965 2.1983953 1.8942965 2.4141569 1.6785349 0.8545757 9.0000000 9.0000000 9.0000000 2.0310377 2.4141569 9.0000000 2.4141569 9.0000000 9.0000000 9.0000000 0.0000000 0.1307650 
t20        1.6785349 2.7182557 1.7786835 1.7786835 1.7786835 1.8942965 1.7786835 0.9547243 9.0000000 2.1983953 9.0000000 2.0310377 2.1983953 9.0000000 2.4141569 9.0000000 2.7182557 9.0000000 0.1307650 0.0000000 
