20
t12        0.0000000 1.2588231 1.5901977 1.3744361 1.5901977 1.6785349 9.0000000 1.4396946 1.5111773 2.0310377 1.7786835 1.2070784 2.4141569 9.0000000 2.0310377 2.7182557 1.4396946 1.5111773 1.7786835 1.7786835 
t15        1.2588231 0.0000000 0.5933457 0.8545757 1.1132061 0.5933457 1.0297869 0.6157354 0.4529370 0.6872180 1.0703373 0.6872180 0.7126442 1.7786835 1.0297869 1.1586745 0.5099265 0.4172160 0.7389627 0.7389627 
t1         1.5901977 0.5933457 0.0000000 0.7389627 0.8864954 0.6157354 0.9198342 0.6872180 0.4529370 0.6872180 1.3144041 0.7389627 0.7389627 1.8942965 1.3144041 1.5111773 0.6872180 0.6157354 0.6388142 0.6388142 
t16        1.3744361 0.8545757 0.7389627 0.0000000 1.1132061 0.7389627 1.2070784 0.8239592 0.6157354 0.8864954 0.9913169 0.7662384 0.7662384 9.0000000 1.3144041 1.5111773 0.8545757 0.7126442 0.8864954 0.8864954 
t4         1.5901977 1.1132061 0.8864954 1.1132061 0.0000000 0.5504769 1.2070784 1.1132061 0.8545757 1.4396946 1.1586745 0.9547243 1.3744361 1.3144041 1.4396946 1.4396946 1.1586745 0.9547243 1.1132061 1.0703373 
t9         1.6785349 0.5933457 0.6157354 0.7389627 0.5504769 0.0000000 1.0297869 0.7389627 0.5299277 0.7126442 0.7945437 0.6626257 0.7945437 1.6785349 1.2588231 1.2070784 0.7389627 0.6157354 0.8545757 0.8545757 
t20        9.0000000 1.0297869 0.9198342 1.2070784 1.2070784 1.0297869 0.0000000 0.5099265 0.8864954 1.2588231 1.3744361 1.1586745 1.2588231 1.6785349 2.0310377 2.4141569 1.2070784 0.9913169 1.1132061 1.1132061 
t8         1.4396946 0.6157354 0.6872180 0.8239592 1.1132061 0.7389627 0.5099265 0.0000000 0.5504769 0.7662384 1.0703373 0.7389627 0.7945437 1.5111773 1.2588231 1.4396946 0.7389627 0.6626257 0.9547243 0.9913169 
t10        1.5111773 0.4529370 0.4529370 0.6157354 0.8545757 0.5299277 0.8864954 0.5504769 0.0000000 0.3347153 0.5716050 0.2463781 0.2892469 1.0297869 1.2588231 1.4396946 0.3666350 0.3192509 0.4348639 0.4172160 
t14        2.0310377 0.6872180 0.6872180 0.8864954 1.4396946 0.7126442 1.2588231 0.7662384 0.3347153 0.0000000 0.8545757 0.5299277 0.5099265 1.3144041 1.5901977 1.8942965 0.5933457 0.5933457 0.7662384 0.8239592 
t6         1.7786835 1.0703373 1.3144041 0.9913169 1.1586745 0.7945437 1.3744361 1.0703373 0.5716050 0.8545757 0.0000000 0.4172160 0.8545757 1.3144041 1.7786835 2.0310377 0.8864954 0.7945437 0.9547243 0.9547243 
t5         1.2070784 0.6872180 0.7389627 0.7662384 0.9547243 0.6626257 1.1586745 0.7389627 0.2463781 0.5299277 0.4172160 0.0000000 0.5099265 1.2070784 1.2070784 1.3744361 0.4348639 0.4714565 0.5716050 0.5504769 
t3         2.4141569 0.7126442 0.7389627 0.7662384 1.3744361 0.7945437 1.2588231 0.7945437 0.2892469 0.5099265 0.8545757 0.5099265 0.0000000 1.1586745 1.4396946 1.5901977 0.5504769 0.4904449 0.5933457 0.5933457 
t7         9.0000000 1.7786835 1.8942965 9.0000000 1.3144041 1.6785349 1.6785349 1.5111773 1.0297869 1.3144041 1.3144041 1.2070784 1.1586745 0.0000000 9.0000000 3.2381161 1.4396946 1.3144041 1.4396946 1.3744361 
t11        2.0310377 1.0297869 1.3144041 1.3144041 1.4396946 1.2588231 2.0310377 1.2588231 1.2588231 1.5901977 1.7786835 1.2070784 1.4396946 9.0000000 0.0000000 0.1799630 1.5111773 1.3144041 1.0297869 1.0297869 
t17        2.7182557 1.1586745 1.5111773 1.5111773 1.4396946 1.2070784 2.4141569 1.4396946 1.4396946 1.8942965 2.0310377 1.3744361 1.5901977 3.2381161 0.1799630 0.0000000 1.4396946 1.6785349 1.2588231 1.2588231 
t13        1.4396946 0.5099265 0.6872180 0.8545757 1.1586745 0.7389627 1.2070784 0.7389627 0.3666350 0.5933457 0.8864954 0.4348639 0.5504769 1.4396946 1.5111773 1.4396946 0.0000000 0.1073256 0.4348639 0.4348639 
t18        1.5111773 0.4172160 0.6157354 0.7126442 0.9547243 0.6157354 0.9913169 0.6626257 0.3192509 0.5933457 0.7945437 0.4714565 0.4904449 1.3144041 1.3144041 1.6785349 0.1073256 0.0000000 0.3666350 0.3666350 
t2         1.7786835 0.7389627 0.6388142 0.8864954 1.1132061 0.8545757 1.1132061 0.9547243 0.4348639 0.7662384 0.9547243 0.5716050 0.5933457 1.4396946 1.0297869 1.2588231 0.4348639 0.3666350 0.0000000 0.0202715 
t19        1.7786835 0.7389627 0.6388142 0.8864954 1.0703373 0.8545757 1.1132061 0.9913169 0.4172160 0.8239592 0.9547243 0.5504769 0.5933457 1.3744361 1.0297869 1.2588231 0.4348639 0.3666350 0.0202715 0.0000000 
