20
t19        0.0000000 9.0000000 9.0000000 9.0000000 3.2381161 9.0000000 9.0000000 9.0000000 9.0000000 3.2381161 9.0000000 9.0000000 9.0000000 9.0000000 9.0000000 9.0000000 9.0000000 3.2381161 3.2381161 9.0000000 
t11        9.0000000 0.0000000 1.4396946 1.1132061 1.3744361 1.0703373 1.8942965 0.9547243 1.5111773 2.4141569 2.4141569 1.6785349 1.5901977 1.0297869 1.8942965 1.7786835 2.1983953 1.6785349 2.1983953 2.7182557 
t16        9.0000000 1.4396946 0.0000000 1.5901977 1.6785349 3.2381161 2.1983953 1.3744361 1.7786835 9.0000000 2.4141569 9.0000000 1.5901977 1.5111773 3.2381161 2.4141569 9.0000000 9.0000000 9.0000000 9.0000000 
t5         9.0000000 1.1132061 1.5901977 0.0000000 1.2070784 1.8942965 3.2381161 0.4714565 1.1586745 2.4141569 9.0000000 1.6785349 1.7786835 1.1132061 2.4141569 2.1983953 9.0000000 2.7182557 2.1983953 2.1983953 
t10        3.2381161 1.3744361 1.6785349 1.2070784 0.0000000 1.4396946 1.8942965 0.8864954 1.2588231 2.1983953 9.0000000 9.0000000 1.3144041 0.7126442 9.0000000 3.2381161 2.4141569 2.4141569 9.0000000 9.0000000 
t15        9.0000000 1.0703373 3.2381161 1.8942965 1.4396946 0.0000000 9.0000000 1.1132061 1.5111773 1.5901977 9.0000000 1.7786835 2.0310377 1.5901977 1.3144041 1.3144041 1.3744361 1.3144041 2.0310377 2.0310377 
t1         9.0000000 1.8942965 2.1983953 3.2381161 1.8942965 9.0000000 0.0000000 9.0000000 9.0000000 9.0000000 9.0000000 3.2381161 1.7786835 3.2381161 9.0000000 9.0000000 2.7182557 2.1983953 9.0000000 9.0000000 
t17        9.0000000 0.9547243 1.3744361 0.4714565 0.8864954 1.1132061 9.0000000 0.0000000 0.5716050 1.8942965 9.0000000 1.5901977 1.3144041 0.7662384 1.6785349 1.5901977 1.6785349 1.5901977 2.0310377 1.8942965 
t8         9.0000000 1.5111773 1.7786835 1.1586745 1.2588231 1.5111773 9.0000000 0.5716050 0.0000000 2.7182557 9.0000000 1.7786835 1.4396946 1.3744361 1.3744361 1.3144041 1.7786835 1.8942965 2.0310377 2.0310377 
t18        3.2381161 2.4141569 9.0000000 2.4141569 2.1983953 1.5901977 9.0000000 1.8942965 2.7182557 0.0000000 1.8942965 0.7126442 1.8942965 1.2588231 0.6872180 0.5716050 0.4714565 0.5099265 0.5504769 0.6157354 
t14        9.0000000 2.4141569 2.4141569 9.0000000 9.0000000 9.0000000 9.0000000 9.0000000 9.0000000 1.8942965 0.0000000 1.6785349 1.6785349 9.0000000 1.6785349 1.8942965 1.6785349 2.0310377 1.8942965 1.7786835 
t12        9.0000000 1.6785349 9.0000000 1.6785349 9.0000000 1.7786835 3.2381161 1.5901977 1.7786835 0.7126442 1.6785349 0.0000000 1.6785349 1.3144041 0.2892469 0.2746833 0.3666350 0.3999739 0.2463781 0.2463781 
t3         9.0000000 1.5901977 1.5901977 1.7786835 1.3144041 2.0310377 1.7786835 1.3144041 1.4396946 1.8942965 1.6785349 1.6785349 0.0000000 0.7662384 2.1983953 2.1983953 2.4141569 2.7182557 2.0310377 2.4141569 
t13        9.0000000 1.0297869 1.5111773 1.1132061 0.7126442 1.5901977 3.2381161 0.7662384 1.3744361 1.2588231 9.0000000 1.3144041 0.7662384 0.0000000 1.5111773 1.3744361 1.2070784 1.2588231 1.3144041 1.3744361 
t2         9.0000000 1.8942965 3.2381161 2.4141569 9.0000000 1.3144041 9.0000000 1.6785349 1.3744361 0.6872180 1.6785349 0.2892469 2.1983953 1.5111773 0.0000000 0.1189538 0.4529370 0.5099265 0.3505054 0.3192509 
t9         9.0000000 1.7786835 2.4141569 2.1983953 3.2381161 1.3144041 9.0000000 1.5901977 1.3144041 0.5716050 1.8942965 0.2746833 2.1983953 1.3744361 0.1189538 0.0000000 0.3347153 0.4348639 0.2603971 0.2603971 
t6         9.0000000 2.1983953 9.0000000 9.0000000 2.4141569 1.3744361 2.7182557 1.6785349 1.7786835 0.4714565 1.6785349 0.3666350 2.4141569 1.2070784 0.4529370 0.3347153 0.0000000 0.1549607 0.2892469 0.3040988 
t20        3.2381161 1.6785349 9.0000000 2.7182557 2.4141569 1.3144041 2.1983953 1.5901977 1.8942965 0.5099265 2.0310377 0.3999739 2.7182557 1.2588231 0.5099265 0.4348639 0.1549607 0.0000000 0.3347153 0.3666350 
t4         3.2381161 2.1983953 9.0000000 2.1983953 9.0000000 2.0310377 9.0000000 2.0310377 2.0310377 0.5504769 1.8942965 0.2463781 2.0310377 1.3144041 0.3505054 0.2603971 0.2892469 0.3347153 0.0000000 0.0517447 
t7         9.0000000 2.7182557 9.0000000 2.1983953 9.0000000 2.0310377 9.0000000 1.8942965 2.0310377 0.6157354 1.7786835 0.2463781 2.4141569 1.3744361 0.3192509 0.2603971 0.3040988 0.3666350 0.0517447 0.0000000 
