20
t15        0.0000000 9.0000000 9.0000000 1.4396946 1.6785349 1.6785349 1.4396946 2.1983953 1.5111773 2.0310377 1.5901977 1.6785349 2.1983953 1.7786835 1.7786835 1.8942965 1.8942965 2.0310377 1.8942965 1.8942965 
t16        9.0000000 0.0000000 9.0000000 2.4141569 1.7786835 1.5901977 2.4141569 2.7182557 2.0310377 1.3744361 2.0310377 2.0310377 1.5901977 1.5111773 1.3144041 1.3744361 2.4141569 2.4141569 1.5111773 1.5901977 
t3         9.0000000 9.0000000 0.0000000 1.6785349 1.3744361 1.2588231 1.5111773 1.2070784 1.3744361 1.8942965 2.1983953 2.1983953 1.6785349 1.5901977 1.3744361 1.3744361 2.1983953 2.1983953 1.5901977 1.5111773 
t14        1.4396946 2.4141569 1.6785349 0.0000000 0.9198342 0.7945437 0.6872180 0.9198342 0.7662384 1.2070784 0.6626257 0.7126442 1.0297869 1.0703373 0.8545757 0.8864954 0.6388142 0.6626257 0.9913169 1.0297869 
t5         1.6785349 1.7786835 1.3744361 0.9198342 0.0000000 0.3040988 0.3192509 0.5504769 0.4172160 0.6388142 0.7389627 0.7945437 0.8545757 0.8545757 0.5504769 0.5716050 0.7389627 0.7126442 0.8545757 0.8239592 
t8         1.6785349 1.5901977 1.2588231 0.7945437 0.3040988 0.0000000 0.1549607 0.4172160 0.3192509 0.4904449 0.7126442 0.7389627 0.5716050 0.6388142 0.3347153 0.3505054 0.6872180 0.6872180 0.6388142 0.6157354 
t19        1.4396946 2.4141569 1.5111773 0.6872180 0.3192509 0.1549607 0.0000000 0.3666350 0.2603971 0.5504769 0.6626257 0.6626257 0.6626257 0.6388142 0.3666350 0.3831192 0.5716050 0.5933457 0.6388142 0.6157354 
t11        2.1983953 2.7182557 1.2070784 0.9198342 0.5504769 0.4172160 0.3666350 0.0000000 0.2191023 0.5933457 0.6872180 0.7945437 0.7389627 0.6872180 0.4348639 0.4529370 0.7126442 0.7662384 0.7126442 0.6872180 
t10        1.5111773 2.0310377 1.3744361 0.7662384 0.4172160 0.3192509 0.2603971 0.2191023 0.0000000 0.5504769 0.6626257 0.6872180 0.5716050 0.6388142 0.3831192 0.3999739 0.6157354 0.6388142 0.6626257 0.6388142 
t7         2.0310377 1.3744361 1.8942965 1.2070784 0.6388142 0.4904449 0.5504769 0.5933457 0.5504769 0.0000000 1.1586745 1.2070784 0.8239592 0.8864954 0.3347153 0.3505054 1.0297869 1.0297869 0.9547243 0.9198342 
t4         1.5901977 2.0310377 2.1983953 0.6626257 0.7389627 0.7126442 0.6626257 0.6872180 0.6626257 1.1586745 0.0000000 0.1927838 0.8545757 0.8864954 0.7389627 0.7126442 0.3040988 0.3347153 0.8545757 0.8864954 
t12        1.6785349 2.0310377 2.1983953 0.7126442 0.7945437 0.7389627 0.6626257 0.7945437 0.6872180 1.2070784 0.1927838 0.0000000 1.1586745 1.1586745 0.7389627 0.7126442 0.2746833 0.3040988 1.0703373 1.1132061 
t9         2.1983953 1.5901977 1.6785349 1.0297869 0.8545757 0.5716050 0.6626257 0.7389627 0.5716050 0.8239592 0.8545757 1.1586745 0.0000000 0.1927838 0.6626257 0.6626257 0.9913169 0.9547243 0.2326162 0.2191023 
t1         1.7786835 1.5111773 1.5901977 1.0703373 0.8545757 0.6388142 0.6388142 0.6872180 0.6388142 0.8864954 0.8864954 1.1586745 0.1927838 0.0000000 0.5933457 0.6157354 1.0703373 1.1132061 0.0411062 0.0306165 
t2         1.7786835 1.3144041 1.3744361 0.8545757 0.5504769 0.3347153 0.3666350 0.4348639 0.3831192 0.3347153 0.7389627 0.7389627 0.6626257 0.5933457 0.0000000 0.0100673 0.8239592 0.8545757 0.5933457 0.5716050 
t18        1.8942965 1.3744361 1.3744361 0.8864954 0.5716050 0.3505054 0.3831192 0.4529370 0.3999739 0.3505054 0.7126442 0.7126442 0.6626257 0.6157354 0.0100673 0.0000000 0.8239592 0.8545757 0.6157354 0.5933457 
t6         1.8942965 2.4141569 2.1983953 0.6388142 0.7389627 0.6872180 0.5716050 0.7126442 0.6157354 1.0297869 0.3040988 0.2746833 0.9913169 1.0703373 0.8239592 0.8239592 0.0000000 0.0411062 0.9913169 1.0297869 
t20        2.0310377 2.4141569 2.1983953 0.6626257 0.7126442 0.6872180 0.5933457 0.7662384 0.6388142 1.0297869 0.3347153 0.3040988 0.9547243 1.1132061 0.8545757 0.8545757 0.0411062 0.0000000 1.0297869 1.0703373 
t17        1.8942965 1.5111773 1.5901977 0.9913169 0.8545757 0.6388142 0.6388142 0.7126442 0.6626257 0.9547243 0.8545757 1.0703373 0.2326162 0.0411062 0.5933457 0.6157354 0.9913169 1.0297869 0.0000000 0.0100673 
t13        1.8942965 1.5901977 1.5111773 1.0297869 0.8239592 0.6157354 0.6157354 0.6872180 0.6388142 0.9198342 0.8864954 1.1132061 0.2191023 0.0306165 0.5716050 0.5933457 1.0297869 1.0703373 0.0100673 0.0000000 
