20
t15        0.0000000 0.7389627 0.9198342 0.8545757 0.7945437 1.1132061 0.9198342 0.9198342 1.2070784 1.1132061 1.3144041 0.9913169 0.8864954 0.9198342 1.4396946 1.3744361 0.8239592 0.7389627 0.7389627 0.7945437 
t19        0.7389627 0.0000000 0.6872180 0.7662384 0.7662384 0.7662384 0.7662384 0.6626257 0.8239592 0.6157354 0.9547243 0.8545757 0.6872180 0.8239592 0.7945437 0.8545757 0.8239592 0.7662384 0.7662384 0.7945437 
t4         0.9198342 0.6872180 0.0000000 0.8864954 1.2588231 0.9913169 0.9198342 0.9198342 1.0297869 0.8545757 0.9913169 0.8864954 0.8239592 1.1586745 1.0297869 1.2070784 1.1132061 0.9547243 0.9913169 1.0703373 
t10        0.8545757 0.7662384 0.8864954 0.0000000 0.6872180 0.6872180 0.5504769 0.7945437 0.8239592 0.8545757 0.9198342 1.2070784 0.9547243 0.7945437 1.0703373 1.2070784 0.6388142 0.5933457 0.6626257 0.6157354 
t2         0.7945437 0.7662384 1.2588231 0.6872180 0.0000000 0.8239592 0.6626257 0.9547243 1.2070784 1.0703373 1.1586745 1.1132061 1.0297869 0.7662384 1.2070784 0.9547243 0.6626257 0.5933457 0.5933457 0.6157354 
t12        1.1132061 0.7662384 0.9913169 0.6872180 0.8239592 0.0000000 0.2058276 1.0703373 1.0703373 1.1586745 1.1586745 1.2588231 0.9547243 0.6626257 0.8864954 0.8864954 0.5716050 0.5504769 0.6388142 0.6388142 
t18        0.9198342 0.7662384 0.9198342 0.5504769 0.6626257 0.2058276 0.0000000 0.9198342 0.9547243 1.0297869 0.8864954 0.9913169 0.8239592 0.6157354 0.9547243 0.9913169 0.5504769 0.5299277 0.5933457 0.6157354 
t6         0.9198342 0.6626257 0.9198342 0.7945437 0.9547243 1.0703373 0.9198342 0.0000000 0.3040988 0.2326162 0.3505054 0.6872180 0.5716050 0.9547243 0.9547243 1.1132061 0.9198342 0.9198342 0.8239592 0.8864954 
t5         1.2070784 0.8239592 1.0297869 0.8239592 1.2070784 1.0703373 0.9547243 0.3040988 0.0000000 0.3040988 0.3831192 0.8864954 0.6626257 1.0297869 1.2070784 1.3744361 0.9913169 0.9547243 0.9198342 0.9913169 
t17        1.1132061 0.6157354 0.8545757 0.8545757 1.0703373 1.1586745 1.0297869 0.2326162 0.3040988 0.0000000 0.2892469 0.7126442 0.5716050 1.0297869 1.0703373 1.1132061 0.9913169 0.9547243 0.9198342 0.9547243 
t8         1.3144041 0.9547243 0.9913169 0.9198342 1.1586745 1.1586745 0.8864954 0.3505054 0.3831192 0.2892469 0.0000000 0.7662384 0.7389627 1.1132061 1.3144041 1.2070784 0.9913169 1.0297869 1.0703373 1.1586745 
t11        0.9913169 0.8545757 0.8864954 1.2070784 1.1132061 1.2588231 0.9913169 0.6872180 0.8864954 0.7126442 0.7662384 0.0000000 0.2603971 1.2070784 1.5111773 1.5111773 1.2070784 1.1132061 0.9913169 1.0703373 
t9         0.8864954 0.6872180 0.8239592 0.9547243 1.0297869 0.9547243 0.8239592 0.5716050 0.6626257 0.5716050 0.7389627 0.2603971 0.0000000 1.0297869 1.3144041 1.3144041 0.9547243 0.8864954 0.7945437 0.9198342 
t20        0.9198342 0.8239592 1.1586745 0.7945437 0.7662384 0.6626257 0.6157354 0.9547243 1.0297869 1.0297869 1.1132061 1.2070784 1.0297869 0.0000000 0.9547243 0.8864954 0.2326162 0.2326162 0.2058276 0.2746833 
t16        1.4396946 0.7945437 1.0297869 1.0703373 1.2070784 0.8864954 0.9547243 0.9547243 1.2070784 1.0703373 1.3144041 1.5111773 1.3144041 0.9547243 0.0000000 0.3347153 1.0297869 0.8864954 0.8864954 0.8239592 
t1         1.3744361 0.8545757 1.2070784 1.2070784 0.9547243 0.8864954 0.9913169 1.1132061 1.3744361 1.1132061 1.2070784 1.5111773 1.3144041 0.8864954 0.3347153 0.0000000 0.8545757 0.7945437 0.8864954 0.9198342 
t14        0.8239592 0.8239592 1.1132061 0.6388142 0.6626257 0.5716050 0.5504769 0.9198342 0.9913169 0.9913169 0.9913169 1.2070784 0.9547243 0.2326162 1.0297869 0.8545757 0.0000000 0.0411062 0.0845966 0.1427653 
t7         0.7389627 0.7662384 0.9547243 0.5933457 0.5933457 0.5504769 0.5299277 0.9198342 0.9547243 0.9547243 1.0297869 1.1132061 0.8864954 0.2326162 0.8864954 0.7945437 0.0411062 0.0000000 0.0625362 0.1189538 
t3         0.7389627 0.7662384 0.9913169 0.6626257 0.5933457 0.6388142 0.5933457 0.8239592 0.9198342 0.9198342 1.0703373 0.9913169 0.7945437 0.2058276 0.8864954 0.8864954 0.0845966 0.0625362 0.0000000 0.0734853 
t13        0.7945437 0.7945437 1.0703373 0.6157354 0.6157354 0.6388142 0.6157354 0.8864954 0.9913169 0.9547243 1.1586745 1.0703373 0.9198342 0.2746833 0.8239592 0.9198342 0.1427653 0.1189538 0.0734853 0.0000000 
