20
t10        0.0000000 0.9198342 1.0297869 1.4396946 1.2588231 1.7786835 2.0310377 1.2070784 9.0000000 1.2070784 9.0000000 3.2381161 1.6785349 0.9547243 2.0310377 9.0000000 1.4396946 1.5111773 9.0000000 9.0000000 
t19        0.9198342 0.0000000 0.4714565 1.0297869 1.1586745 2.7182557 2.0310377 1.7786835 2.1983953 0.8864954 2.1983953 9.0000000 1.3144041 0.7126442 9.0000000 9.0000000 0.8864954 0.9547243 3.2381161 3.2381161 
t14        1.0297869 0.4714565 0.0000000 1.1132061 0.8545757 1.8942965 2.7182557 1.3744361 2.7182557 0.6388142 1.8942965 2.4141569 1.4396946 0.5716050 2.7182557 3.2381161 0.7126442 0.7389627 3.2381161 3.2381161 
t11        1.4396946 1.0297869 1.1132061 0.0000000 1.5111773 1.7786835 2.4141569 9.0000000 2.4141569 1.5111773 9.0000000 9.0000000 1.8942965 0.9547243 9.0000000 9.0000000 1.0703373 1.2070784 9.0000000 9.0000000 
t8         1.2588231 1.1586745 0.8545757 1.5111773 0.0000000 1.4396946 2.4141569 2.0310377 9.0000000 1.2588231 2.1983953 3.2381161 1.8942965 1.3744361 9.0000000 9.0000000 1.5111773 1.5111773 2.1983953 2.1983953 
t16        1.7786835 2.7182557 1.8942965 1.7786835 1.4396946 0.0000000 0.8864954 2.1983953 2.7182557 1.6785349 9.0000000 3.2381161 2.1983953 1.5901977 1.2070784 1.5111773 9.0000000 9.0000000 2.0310377 2.0310377 
t17        2.0310377 2.0310377 2.7182557 2.4141569 2.4141569 0.8864954 0.0000000 9.0000000 1.1586745 1.8942965 2.4141569 2.4141569 2.0310377 2.1983953 2.1983953 2.1983953 3.2381161 3.2381161 1.5901977 1.5901977 
t3         1.2070784 1.7786835 1.3744361 9.0000000 2.0310377 2.1983953 9.0000000 0.0000000 2.1983953 1.7786835 9.0000000 2.0310377 9.0000000 2.1983953 3.2381161 9.0000000 2.4141569 2.4141569 1.5111773 1.5111773 
t6         9.0000000 2.1983953 2.7182557 2.4141569 9.0000000 2.7182557 1.1586745 2.1983953 0.0000000 2.4141569 9.0000000 2.1983953 9.0000000 9.0000000 9.0000000 9.0000000 2.7182557 2.0310377 2.7182557 2.7182557 
t20        1.2070784 0.8864954 0.6388142 1.5111773 1.2588231 1.6785349 1.8942965 1.7786835 2.4141569 0.0000000 9.0000000 2.4141569 1.7786835 0.9547243 3.2381161 3.2381161 0.7126442 0.7126442 9.0000000 9.0000000 
t7         9.0000000 2.1983953 1.8942965 9.0000000 2.1983953 9.0000000 2.4141569 9.0000000 9.0000000 9.0000000 0.0000000 1.5111773 2.1983953 9.0000000 9.0000000 9.0000000 3.2381161 9.0000000 1.1132061 1.1132061 
t4         3.2381161 9.0000000 2.4141569 9.0000000 3.2381161 3.2381161 2.4141569 2.0310377 2.1983953 2.4141569 1.5111773 0.0000000 2.4141569 3.2381161 9.0000000 9.0000000 9.0000000 9.0000000 1.2070784 1.2070784 
t9         1.6785349 1.3144041 1.4396946 1.8942965 1.8942965 2.1983953 2.0310377 9.0000000 9.0000000 1.7786835 2.1983953 2.4141569 0.0000000 0.7662384 9.0000000 9.0000000 1.7786835 1.7786835 1.8942965 1.8942965 
t1         0.9547243 0.7126442 0.5716050 0.9547243 1.3744361 1.5901977 2.1983953 2.1983953 9.0000000 0.9547243 9.0000000 3.2381161 0.7662384 0.0000000 3.2381161 2.4141569 0.8239592 0.8864954 3.2381161 3.2381161 
t18        2.0310377 9.0000000 2.7182557 9.0000000 9.0000000 1.2070784 2.1983953 3.2381161 9.0000000 3.2381161 9.0000000 9.0000000 9.0000000 3.2381161 0.0000000 0.0845966 9.0000000 3.2381161 9.0000000 9.0000000 
t5         9.0000000 9.0000000 3.2381161 9.0000000 9.0000000 1.5111773 2.1983953 9.0000000 9.0000000 3.2381161 9.0000000 9.0000000 9.0000000 2.4141569 0.0845966 0.0000000 3.2381161 2.7182557 9.0000000 9.0000000 
t13        1.4396946 0.8864954 0.7126442 1.0703373 1.5111773 9.0000000 3.2381161 2.4141569 2.7182557 0.7126442 3.2381161 9.0000000 1.7786835 0.8239592 9.0000000 3.2381161 0.0000000 0.0517447 9.0000000 9.0000000 
t12        1.5111773 0.9547243 0.7389627 1.2070784 1.5111773 9.0000000 3.2381161 2.4141569 2.0310377 0.7126442 9.0000000 9.0000000 1.7786835 0.8864954 3.2381161 2.7182557 0.0517447 0.0000000 9.0000000 9.0000000 
t15        9.0000000 3.2381161 3.2381161 9.0000000 2.1983953 2.0310377 1.5901977 1.5111773 2.7182557 9.0000000 1.1132061 1.2070784 1.8942965 3.2381161 9.0000000 9.0000000 9.0000000 9.0000000 0.0000000 0.0000010 
t2         9.0000000 3.2381161 3.2381161 9.0000000 2.1983953 2.0310377 1.5901977 1.5111773 2.7182557 9.0000000 1.1132061 1.2070784 1.8942965 3.2381161 9.0000000 9.0000000 9.0000000 9.0000000 0.0000010 0.0000000 
