20
t15        0.0000000 1.2070784 1.1132061 0.9547243 1.3144041 0.9198342 0.8864954 0.9913169 0.9913169 1.1132061 0.9913169 1.1132061 0.8864954 1.1586745 1.1586745 1.0703373 1.0297869 0.9913169 1.0297869 1.1132061 
t19        1.2070784 0.0000000 0.9198342 0.9547243 0.9198342 0.9547243 0.9547243 0.5933457 0.7662384 0.9198342 0.8239592 0.7662384 0.8545757 0.9547243 1.0297869 0.9198342 0.8864954 0.8545757 0.8864954 0.8239592 
t10        1.1132061 0.9198342 0.0000000 0.9547243 0.5933457 0.6388142 0.5504769 0.4529370 0.4529370 0.4529370 0.4348639 0.8864954 0.9547243 0.8864954 0.9198342 0.6872180 0.9198342 0.8864954 0.7389627 0.6626257 
t20        0.9547243 0.9547243 0.9547243 0.0000000 1.1132061 0.9913169 0.9913169 0.8545757 1.0297869 1.1132061 1.0703373 0.3040988 0.3999739 1.0297869 0.9913169 1.1132061 0.3666350 0.3505054 1.1586745 1.1132061 
t13        1.3144041 0.9198342 0.5933457 1.1132061 0.0000000 0.4714565 0.3505054 0.3192509 0.3831192 0.3666350 0.3192509 0.9547243 0.9547243 1.0703373 1.1132061 0.9913169 0.9913169 0.9547243 1.0297869 0.9913169 
t12        0.9198342 0.9547243 0.6388142 0.9913169 0.4714565 0.0000000 0.3666350 0.3040988 0.3666350 0.4714565 0.3999739 0.9913169 0.9198342 1.2588231 1.3144041 0.7945437 0.9913169 1.0297869 0.7389627 0.7945437 
t16        0.8864954 0.9547243 0.5504769 0.9913169 0.3505054 0.3666350 0.0000000 0.2058276 0.2892469 0.4714565 0.3831192 0.8864954 0.8239592 0.9198342 1.0703373 0.7389627 0.7945437 0.8239592 0.7126442 0.7389627 
t3         0.9913169 0.5933457 0.4529370 0.8545757 0.3192509 0.3040988 0.2058276 0.0000000 0.2326162 0.3999739 0.3040988 0.7662384 0.7662384 0.8545757 0.9547243 0.7126442 0.7945437 0.7662384 0.6388142 0.7126442 
t4         0.9913169 0.7662384 0.4529370 1.0297869 0.3831192 0.3666350 0.2892469 0.2326162 0.0000000 0.4348639 0.3505054 0.8864954 0.8864954 0.9913169 1.2070784 0.7126442 0.9198342 0.8545757 0.6872180 0.6872180 
t11        1.1132061 0.9198342 0.4529370 1.1132061 0.3666350 0.4714565 0.4714565 0.3999739 0.4348639 0.0000000 0.1549607 0.9913169 0.9198342 0.8239592 0.8864954 0.7126442 0.9913169 0.9913169 0.7389627 0.7126442 
t8         0.9913169 0.8239592 0.4348639 1.0703373 0.3192509 0.3999739 0.3831192 0.3040988 0.3505054 0.1549607 0.0000000 0.9547243 0.8864954 0.9547243 1.0297869 0.6626257 0.9547243 0.9547243 0.7126442 0.6626257 
t2         1.1132061 0.7662384 0.8864954 0.3040988 0.9547243 0.9913169 0.8864954 0.7662384 0.8864954 0.9913169 0.9547243 0.0000000 0.1673577 1.0703373 1.1132061 1.1132061 0.1307650 0.1189538 1.1586745 1.0297869 
t9         0.8864954 0.8545757 0.9547243 0.3999739 0.9547243 0.9198342 0.8239592 0.7662384 0.8864954 0.9198342 0.8864954 0.1673577 0.0000000 1.0703373 1.1586745 0.9913169 0.1073256 0.1189538 1.0297869 0.9913169 
t7         1.1586745 0.9547243 0.8864954 1.0297869 1.0703373 1.2588231 0.9198342 0.8545757 0.9913169 0.8239592 0.9547243 1.0703373 1.0703373 0.0000000 0.0958750 0.8545757 0.9547243 1.0703373 0.8239592 0.8545757 
t17        1.1586745 1.0297869 0.9198342 0.9913169 1.1132061 1.3144041 1.0703373 0.9547243 1.2070784 0.8864954 1.0297869 1.1132061 1.1586745 0.0958750 0.0000000 0.8864954 1.1132061 1.1586745 0.8545757 0.8864954 
t5         1.0703373 0.9198342 0.6872180 1.1132061 0.9913169 0.7945437 0.7389627 0.7126442 0.7126442 0.7126442 0.6626257 1.1132061 0.9913169 0.8545757 0.8864954 0.0000000 0.9913169 0.9198342 0.1189538 0.0625362 
t1         1.0297869 0.8864954 0.9198342 0.3666350 0.9913169 0.9913169 0.7945437 0.7945437 0.9198342 0.9913169 0.9547243 0.1307650 0.1073256 0.9547243 1.1132061 0.9913169 0.0000000 0.0845966 1.0297869 0.9547243 
t18        0.9913169 0.8545757 0.8864954 0.3505054 0.9547243 1.0297869 0.8239592 0.7662384 0.8545757 0.9913169 0.9547243 0.1189538 0.1189538 1.0703373 1.1586745 0.9198342 0.0845966 0.0000000 0.9547243 0.8864954 
t14        1.0297869 0.8864954 0.7389627 1.1586745 1.0297869 0.7389627 0.7126442 0.6388142 0.6872180 0.7389627 0.7126442 1.1586745 1.0297869 0.8239592 0.8545757 0.1189538 1.0297869 0.9547243 0.0000000 0.1189538 
t6         1.1132061 0.8239592 0.6626257 1.1132061 0.9913169 0.7945437 0.7389627 0.7126442 0.6872180 0.7126442 0.6626257 1.0297869 0.9913169 0.8545757 0.8864954 0.0625362 0.9547243 0.8864954 0.1189538 0.0000000 
