20
t3         0.0000000 0.5716050 0.7945437 0.9913169 0.8545757 0.9198342 0.7662384 0.6626257 0.8545757 0.7126442 0.6872180 0.5504769 0.5933457 0.9913169 0.7126442 0.7662384 0.6626257 0.5504769 0.9913169 0.9913169 
t20        0.5716050 0.0000000 1.0703373 1.0297869 0.7945437 1.1586745 0.9198342 0.8239592 0.8545757 0.7389627 0.9198342 0.8239592 0.5504769 0.7945437 0.9547243 0.8545757 0.7126442 0.5716050 1.0703373 1.0703373 
t7         0.7945437 1.0703373 0.0000000 1.8942965 1.0703373 1.7786835 1.2588231 1.4396946 1.3144041 1.1132061 1.0297869 1.0703373 1.1586745 1.3744361 1.4396946 1.3144041 1.1586745 1.0703373 1.5901977 1.6785349 
t5         0.9913169 1.0297869 1.8942965 0.0000000 0.8864954 1.4396946 1.8942965 1.0703373 1.6785349 1.4396946 1.7786835 1.3744361 0.9913169 1.1132061 0.9547243 1.0297869 1.4396946 1.2588231 1.2070784 1.1132061 
t14        0.8545757 0.7945437 1.0703373 0.8864954 0.0000000 0.8545757 1.2070784 0.9198342 1.3144041 0.8239592 1.1586745 1.1132061 0.8545757 0.9913169 0.7662384 0.6872180 1.0297869 0.8545757 0.8545757 0.8239592 
t11        0.9198342 1.1586745 1.7786835 1.4396946 0.8545757 0.0000000 1.7786835 1.0297869 1.6785349 1.5901977 1.1586745 1.0297869 1.0703373 1.2588231 0.8239592 0.7945437 1.0703373 0.9547243 0.9547243 0.9198342 
t18        0.7662384 0.9198342 1.2588231 1.8942965 1.2070784 1.7786835 0.0000000 1.1586745 1.2070784 0.8864954 0.5716050 0.5716050 1.1586745 1.1586745 1.3144041 1.5901977 1.1132061 1.1132061 1.3144041 1.2588231 
t4         0.6626257 0.8239592 1.4396946 1.0703373 0.9198342 1.0297869 1.1586745 0.0000000 1.5111773 1.3144041 1.0703373 0.9198342 0.6626257 0.8239592 1.1132061 1.2070784 0.5504769 0.4348639 1.3744361 1.2588231 
t16        0.8545757 0.8545757 1.3144041 1.6785349 1.3144041 1.6785349 1.2070784 1.5111773 0.0000000 0.5099265 1.4396946 1.3144041 1.0703373 1.1586745 1.0703373 0.9198342 1.0297869 1.0297869 1.2588231 1.2588231 
t8         0.7126442 0.7389627 1.1132061 1.4396946 0.8239592 1.5901977 0.8864954 1.3144041 0.5099265 0.0000000 0.8864954 0.9547243 0.9198342 1.1586745 0.9547243 1.0297869 1.1586745 0.9913169 1.4396946 1.5111773 
t6         0.6872180 0.9198342 1.0297869 1.7786835 1.1586745 1.1586745 0.5716050 1.0703373 1.4396946 0.8864954 0.0000000 0.2191023 0.9198342 1.0703373 1.4396946 1.2070784 0.8239592 0.8239592 1.2588231 1.2588231 
t2         0.5504769 0.8239592 1.0703373 1.3744361 1.1132061 1.0297869 0.5716050 0.9198342 1.3144041 0.9547243 0.2191023 0.0000000 0.8239592 0.9913169 1.3744361 1.2070784 0.7662384 0.7389627 1.4396946 1.3744361 
t19        0.5933457 0.5504769 1.1586745 0.9913169 0.8545757 1.0703373 1.1586745 0.6626257 1.0703373 0.9198342 0.9198342 0.8239592 0.0000000 0.3831192 0.9198342 0.8864954 0.7126442 0.5099265 0.9913169 1.0703373 
t12        0.9913169 0.7945437 1.3744361 1.1132061 0.9913169 1.2588231 1.1586745 0.8239592 1.1586745 1.1586745 1.0703373 0.9913169 0.3831192 0.0000000 1.1586745 1.0297869 0.7389627 0.6157354 1.3744361 1.3744361 
t9         0.7126442 0.9547243 1.4396946 0.9547243 0.7662384 0.8239592 1.3144041 1.1132061 1.0703373 0.9547243 1.4396946 1.3744361 0.9198342 1.1586745 0.0000000 0.1927838 0.9198342 0.8239592 0.4348639 0.4714565 
t15        0.7662384 0.8545757 1.3144041 1.0297869 0.6872180 0.7945437 1.5901977 1.2070784 0.9198342 1.0297869 1.2070784 1.2070784 0.8864954 1.0297869 0.1927838 0.0000000 0.8864954 0.7945437 0.4348639 0.4529370 
t13        0.6626257 0.7126442 1.1586745 1.4396946 1.0297869 1.0703373 1.1132061 0.5504769 1.0297869 1.1586745 0.8239592 0.7662384 0.7126442 0.7389627 0.9198342 0.8864954 0.0000000 0.1549607 1.1132061 1.1132061 
t1         0.5504769 0.5716050 1.0703373 1.2588231 0.8545757 0.9547243 1.1132061 0.4348639 1.0297869 0.9913169 0.8239592 0.7389627 0.5099265 0.6157354 0.8239592 0.7945437 0.1549607 0.0000000 1.1132061 1.1132061 
t10        0.9913169 1.0703373 1.5901977 1.2070784 0.8545757 0.9547243 1.3144041 1.3744361 1.2588231 1.4396946 1.2588231 1.4396946 0.9913169 1.3744361 0.4348639 0.4348639 1.1132061 1.1132061 0.0000000 0.0202715 
t17        0.9913169 1.0703373 1.6785349 1.1132061 0.8239592 0.9198342 1.2588231 1.2588231 1.2588231 1.5111773 1.2588231 1.3744361 1.0703373 1.3744361 0.4714565 0.4529370 1.1132061 1.1132061 0.0202715 0.0000000 
