20
t16        0.0000000 1.1586745 0.9913169 1.2588231 0.8864954 0.8864954 0.8239592 0.7945437 1.1132061 0.9198342 1.0703373 1.0297869 0.8864954 0.7945437 0.8239592 0.7389627 0.8239592 0.7945437 0.7662384 0.7662384 
t11        1.1586745 0.0000000 1.3144041 0.7945437 0.6626257 0.8545757 0.5099265 1.0703373 0.7945437 0.7126442 0.4172160 0.3666350 0.7945437 0.6872180 1.2588231 1.0703373 1.2588231 1.2070784 0.9913169 0.9913169 
t19        0.9913169 1.3144041 0.0000000 1.3744361 0.8239592 1.3144041 1.0297869 1.6785349 1.1132061 1.3144041 0.9913169 1.0297869 1.3144041 1.0297869 1.4396946 0.3831192 1.4396946 1.5111773 0.3831192 0.3666350 
t3         1.2588231 0.7945437 1.3744361 0.0000000 0.3505054 0.5504769 0.3347153 1.0703373 0.5099265 0.5099265 0.7126442 0.8545757 0.5933457 0.5716050 1.1132061 0.9198342 1.0297869 1.0703373 1.0297869 0.9913169 
t2         0.8864954 0.6626257 0.8239592 0.3505054 0.0000000 0.5299277 0.2746833 1.1132061 0.4529370 0.3999739 0.5299277 0.5933457 0.5299277 0.4714565 0.9913169 0.6626257 0.9198342 0.9547243 0.7126442 0.6872180 
t6         0.8864954 0.8545757 1.3144041 0.5504769 0.5299277 0.0000000 0.4904449 0.8545757 0.7662384 0.6872180 0.7662384 0.8239592 0.2191023 0.1673577 0.9198342 0.9198342 0.8545757 0.8864954 0.9547243 0.9198342 
t8         0.8239592 0.5099265 1.0297869 0.3347153 0.2746833 0.4904449 0.0000000 1.0703373 0.2603971 0.2603971 0.5504769 0.5933457 0.5099265 0.4172160 1.0297869 0.7126442 0.9198342 0.9913169 0.7662384 0.7662384 
t15        0.7945437 1.0703373 1.6785349 1.0703373 1.1132061 0.8545757 1.0703373 0.0000000 0.9913169 0.9913169 0.9913169 0.8545757 1.0703373 0.9198342 0.1927838 1.0703373 0.2191023 0.1799630 1.0297869 0.9913169 
t9         1.1132061 0.7945437 1.1132061 0.5099265 0.4529370 0.7662384 0.2603971 0.9913169 0.0000000 0.2191023 0.8864954 1.0703373 0.7126442 0.6388142 0.9913169 0.8864954 0.8864954 0.9547243 0.9547243 0.9547243 
t13        0.9198342 0.7126442 1.3144041 0.5099265 0.3999739 0.6872180 0.2603971 0.9913169 0.2191023 0.0000000 0.7662384 0.8864954 0.6388142 0.5504769 0.9913169 0.7945437 0.9198342 0.9547243 0.8545757 0.8545757 
t20        1.0703373 0.4172160 0.9913169 0.7126442 0.5299277 0.7662384 0.5504769 0.9913169 0.8864954 0.7662384 0.0000000 0.1799630 0.7126442 0.5716050 0.9198342 0.8239592 0.8864954 0.8864954 0.7945437 0.7662384 
t17        1.0297869 0.3666350 1.0297869 0.8545757 0.5933457 0.8239592 0.5933457 0.8545757 1.0703373 0.8864954 0.1799630 0.0000000 0.8239592 0.6872180 0.9198342 0.7389627 0.9913169 0.8864954 0.6626257 0.6872180 
t5         0.8864954 0.7945437 1.3144041 0.5933457 0.5299277 0.2191023 0.5099265 1.0703373 0.7126442 0.6388142 0.7126442 0.8239592 0.0000000 0.0845966 1.0297869 0.9913169 1.0297869 0.9913169 1.0297869 0.9913169 
t10        0.7945437 0.6872180 1.0297869 0.5716050 0.4714565 0.1673577 0.4172160 0.9198342 0.6388142 0.5504769 0.5716050 0.6872180 0.0845966 0.0000000 0.8864954 0.8239592 0.8545757 0.8545757 0.8239592 0.7945437 
t18        0.8239592 1.2588231 1.4396946 1.1132061 0.9913169 0.9198342 1.0297869 0.1927838 0.9913169 0.9913169 0.9198342 0.9198342 1.0297869 0.8864954 0.0000000 0.8864954 0.0625362 0.0306165 0.7945437 0.7662384 
t4         0.7389627 1.0703373 0.3831192 0.9198342 0.6626257 0.9198342 0.7126442 1.0703373 0.8864954 0.7945437 0.8239592 0.7389627 0.9913169 0.8239592 0.8864954 0.0000000 0.9547243 0.9547243 0.0625362 0.0517447 
t12        0.8239592 1.2588231 1.4396946 1.0297869 0.9198342 0.8545757 0.9198342 0.2191023 0.8864954 0.9198342 0.8864954 0.9913169 1.0297869 0.8545757 0.0625362 0.9547243 0.0000000 0.0517447 0.8545757 0.8239592 
t1         0.7945437 1.2070784 1.5111773 1.0703373 0.9547243 0.8864954 0.9913169 0.1799630 0.9547243 0.9547243 0.8864954 0.8864954 0.9913169 0.8545757 0.0306165 0.9547243 0.0517447 0.0000000 0.8545757 0.8239592 
t7         0.7662384 0.9913169 0.3831192 1.0297869 0.7126442 0.9547243 0.7662384 1.0297869 0.9547243 0.8545757 0.7945437 0.6626257 1.0297869 0.8239592 0.7945437 0.0625362 0.8545757 0.8545757 0.0000000 0.0100673 
t14        0.7662384 0.9913169 0.3666350 0.9913169 0.6872180 0.9198342 0.7662384 0.9913169 0.9547243 0.8545757 0.7662384 0.6872180 0.9913169 0.7945437 0.7662384 0.0517447 0.8239592 0.8239592 0.0100673 0.0000000 
