20
t10        0.0000000 0.4348639 0.4529370 1.1586745 1.2588231 0.7945437 0.8239592 0.8545757 0.8239592 0.8864954 0.9547243 0.9913169 0.9913169 0.9913169 0.7662384 0.8864954 0.9198342 1.1132061 0.8545757 0.8239592 
t16        0.4348639 0.0000000 0.4529370 1.2588231 1.1586745 0.9547243 0.9198342 0.9913169 0.9547243 0.9198342 0.8545757 1.1132061 1.1586745 1.1132061 0.8545757 0.8239592 1.1132061 1.2588231 0.9198342 0.9198342 
t6         0.4529370 0.4529370 0.0000000 0.9547243 0.9547243 0.8864954 0.7662384 0.8864954 0.9198342 0.9547243 0.8545757 0.9547243 1.1132061 0.9547243 0.7945437 0.8545757 1.0703373 1.0703373 0.8545757 0.7945437 
t15        1.1586745 1.2588231 0.9547243 0.0000000 0.6388142 0.5099265 0.8239592 0.9198342 0.5716050 0.6626257 0.7126442 0.6872180 0.7389627 0.5933457 0.4714565 0.5716050 0.6626257 0.6388142 0.5299277 0.5299277 
t3         1.2588231 1.1586745 0.9547243 0.6388142 0.0000000 0.6872180 0.9547243 1.2070784 0.8239592 0.7662384 0.7945437 0.7945437 0.8239592 0.7662384 0.7126442 0.7389627 0.6626257 0.6626257 0.6157354 0.6388142 
t4         0.7945437 0.9547243 0.8864954 0.5099265 0.6872180 0.0000000 0.8864954 0.9913169 0.5716050 0.7389627 0.7662384 0.5299277 0.6872180 0.6872180 0.4172160 0.4348639 0.5716050 0.5504769 0.5299277 0.5299277 
t2         0.8239592 0.9198342 0.7662384 0.8239592 0.9547243 0.8864954 0.0000000 0.5299277 0.8239592 0.5716050 0.5299277 0.7389627 0.8545757 0.7662384 0.6872180 0.7126442 0.7662384 0.7662384 0.6157354 0.6157354 
t18        0.8545757 0.9913169 0.8864954 0.9198342 1.2070784 0.9913169 0.5299277 0.0000000 0.8864954 0.6157354 0.5504769 0.7945437 0.9913169 0.8239592 0.8864954 0.8545757 0.9198342 0.9198342 0.7945437 0.7662384 
t19        0.8239592 0.9547243 0.9198342 0.5716050 0.8239592 0.5716050 0.8239592 0.8864954 0.0000000 0.7126442 0.6626257 0.2603971 0.3666350 0.3347153 0.4529370 0.4904449 0.5099265 0.5716050 0.2603971 0.2746833 
t13        0.8864954 0.9198342 0.9547243 0.6626257 0.7662384 0.7389627 0.5716050 0.6157354 0.7126442 0.0000000 0.3040988 0.6872180 0.9198342 0.7945437 0.6626257 0.6157354 0.8545757 0.9198342 0.6157354 0.6388142 
t11        0.9547243 0.8545757 0.8545757 0.7126442 0.7945437 0.7662384 0.5299277 0.5504769 0.6626257 0.3040988 0.0000000 0.7389627 0.9547243 0.8239592 0.6388142 0.6388142 0.6872180 0.7389627 0.5504769 0.5299277 
t5         0.9913169 1.1132061 0.9547243 0.6872180 0.7945437 0.5299277 0.7389627 0.7945437 0.2603971 0.6872180 0.7389627 0.0000000 0.3040988 0.2603971 0.5299277 0.5504769 0.5099265 0.5716050 0.2191023 0.2603971 
t7         0.9913169 1.1586745 1.1132061 0.7389627 0.8239592 0.6872180 0.8545757 0.9913169 0.3666350 0.9198342 0.9547243 0.3040988 0.0000000 0.2191023 0.6626257 0.6872180 0.5933457 0.6388142 0.3347153 0.3831192 
t17        0.9913169 1.1132061 0.9547243 0.5933457 0.7662384 0.6872180 0.7662384 0.8239592 0.3347153 0.7945437 0.8239592 0.2603971 0.2191023 0.0000000 0.5716050 0.6157354 0.5716050 0.5933457 0.2603971 0.3040988 
t12        0.7662384 0.8545757 0.7945437 0.4714565 0.7126442 0.4172160 0.6872180 0.8864954 0.4529370 0.6626257 0.6388142 0.5299277 0.6626257 0.5716050 0.0000000 0.2191023 0.5099265 0.5504769 0.3666350 0.3831192 
t20        0.8864954 0.8239592 0.8545757 0.5716050 0.7389627 0.4348639 0.7126442 0.8545757 0.4904449 0.6157354 0.6388142 0.5504769 0.6872180 0.6157354 0.2191023 0.0000000 0.5299277 0.5933457 0.3831192 0.3831192 
t9         0.9198342 1.1132061 1.0703373 0.6626257 0.6626257 0.5716050 0.7662384 0.9198342 0.5099265 0.8545757 0.6872180 0.5099265 0.5933457 0.5716050 0.5099265 0.5299277 0.0000000 0.0517447 0.4529370 0.4529370 
t8         1.1132061 1.2588231 1.0703373 0.6388142 0.6626257 0.5504769 0.7662384 0.9198342 0.5716050 0.9198342 0.7389627 0.5716050 0.6388142 0.5933457 0.5504769 0.5933457 0.0517447 0.0000000 0.4904449 0.4904449 
t14        0.8545757 0.9198342 0.8545757 0.5299277 0.6157354 0.5299277 0.6157354 0.7945437 0.2603971 0.6157354 0.5504769 0.2191023 0.3347153 0.2603971 0.3666350 0.3831192 0.4529370 0.4904449 0.0000000 0.0411062 
t1         0.8239592 0.9198342 0.7945437 0.5299277 0.6388142 0.5299277 0.6157354 0.7662384 0.2746833 0.6388142 0.5299277 0.2603971 0.3831192 0.3040988 0.3831192 0.3831192 0.4529370 0.4904449 0.0411062 0.0000000 
