20
t2         0.0000000 0.6626257 0.7126442 0.7389627 0.6388142 0.6872180 0.6872180 0.8864954 0.8864954 0.7662384 0.7389627 0.9547243 1.1586745 0.4529370 0.4904449 0.8864954 0.8239592 0.8864954 0.9547243 0.9198342 
t15        0.6626257 0.0000000 1.1132061 1.2070784 0.8545757 0.8239592 0.9547243 1.0297869 0.8864954 0.7662384 1.3144041 1.4396946 1.2070784 0.6388142 0.6626257 0.9198342 0.9198342 1.0703373 0.9198342 0.9913169 
t3         0.7126442 1.1132061 0.0000000 0.7662384 0.3347153 0.9198342 0.3666350 1.2070784 1.0703373 0.9913169 0.8239592 1.0297869 1.3144041 0.7662384 0.7662384 0.4714565 1.1132061 1.2070784 0.5504769 0.4904449 
t5         0.7389627 1.2070784 0.7662384 0.0000000 1.1132061 0.7126442 0.9547243 0.9198342 0.8864954 1.0297869 0.2463781 0.3505054 0.9198342 0.7945437 0.7126442 1.0297869 0.9547243 0.9547243 1.1586745 0.9913169 
t20        0.6388142 0.8545757 0.3347153 1.1132061 0.0000000 0.7389627 0.2326162 0.9198342 0.8545757 0.9913169 1.2588231 1.5111773 1.3744361 0.6388142 0.6157354 0.2603971 0.9913169 1.2070784 0.2746833 0.2746833 
t9         0.6872180 0.8239592 0.9198342 0.7126442 0.7389627 0.0000000 0.9198342 0.2603971 0.3505054 0.6157354 0.8239592 1.1132061 0.5504769 0.5504769 0.5299277 0.9913169 0.5716050 0.5716050 0.9547243 0.9913169 
t7         0.6872180 0.9547243 0.3666350 0.9547243 0.2326162 0.9198342 0.0000000 1.1132061 1.1132061 0.9547243 1.0297869 1.3744361 1.2588231 0.7662384 0.7662384 0.2603971 0.9547243 1.0703373 0.2746833 0.2892469 
t11        0.8864954 1.0297869 1.2070784 0.9198342 0.9198342 0.2603971 1.1132061 0.0000000 0.4172160 0.7126442 1.0703373 1.3144041 0.6872180 0.7662384 0.6626257 1.1132061 0.6388142 0.6872180 1.2070784 1.2070784 
t1         0.8864954 0.8864954 1.0703373 0.8864954 0.8545757 0.3505054 1.1132061 0.4172160 0.0000000 0.7662384 0.9913169 1.1586745 0.7126442 0.7389627 0.6388142 1.0703373 0.7662384 0.7662384 1.1132061 1.1132061 
t6         0.7662384 0.7662384 0.9913169 1.0297869 0.9913169 0.6157354 0.9547243 0.7126442 0.7662384 0.0000000 1.0297869 1.3144041 0.5716050 0.8864954 0.8239592 1.1132061 0.5299277 0.5504769 1.1586745 1.2588231 
t4         0.7389627 1.3144041 0.8239592 0.2463781 1.2588231 0.8239592 1.0297869 1.0703373 0.9913169 1.0297869 0.0000000 0.2191023 1.0703373 0.8545757 0.7662384 1.2070784 1.0703373 0.9913169 1.3144041 1.1586745 
t18        0.9547243 1.4396946 1.0297869 0.3505054 1.5111773 1.1132061 1.3744361 1.3144041 1.1586745 1.3144041 0.2191023 0.0000000 1.2588231 1.1586745 1.0297869 1.2588231 1.2588231 1.2070784 1.4396946 1.2070784 
t14        1.1586745 1.2070784 1.3144041 0.9198342 1.3744361 0.5504769 1.2588231 0.6872180 0.7126442 0.5716050 1.0703373 1.2588231 0.0000000 0.9913169 0.8864954 1.5901977 0.1927838 0.2191023 1.7786835 1.7786835 
t13        0.4529370 0.6388142 0.7662384 0.7945437 0.6388142 0.5504769 0.7662384 0.7662384 0.7389627 0.8864954 0.8545757 1.1586745 0.9913169 0.0000000 0.0845966 0.7389627 0.9198342 0.9198342 0.7945437 0.7662384 
t17        0.4904449 0.6626257 0.7662384 0.7126442 0.6157354 0.5299277 0.7662384 0.6626257 0.6388142 0.8239592 0.7662384 1.0297869 0.8864954 0.0845966 0.0000000 0.7662384 0.8239592 0.8864954 0.7945437 0.7389627 
t10        0.8864954 0.9198342 0.4714565 1.0297869 0.2603971 0.9913169 0.2603971 1.1132061 1.0703373 1.1132061 1.2070784 1.2588231 1.5901977 0.7389627 0.7662384 0.0000000 1.2588231 1.3744361 0.0734853 0.0845966 
t12        0.8239592 0.9198342 1.1132061 0.9547243 0.9913169 0.5716050 0.9547243 0.6388142 0.7662384 0.5299277 1.0703373 1.2588231 0.1927838 0.9198342 0.8239592 1.2588231 0.0000000 0.0734853 1.3744361 1.3744361 
t16        0.8864954 1.0703373 1.2070784 0.9547243 1.2070784 0.5716050 1.0703373 0.6872180 0.7662384 0.5504769 0.9913169 1.2070784 0.2191023 0.9198342 0.8864954 1.3744361 0.0734853 0.0000000 1.5111773 1.5111773 
t8         0.9547243 0.9198342 0.5504769 1.1586745 0.2746833 0.9547243 0.2746833 1.2070784 1.1132061 1.1586745 1.3144041 1.4396946 1.7786835 0.7945437 0.7945437 0.0734853 1.3744361 1.5111773 0.0000000 0.0517447 
t19        0.9198342 0.9913169 0.4904449 0.9913169 0.2746833 0.9913169 0.2892469 1.2070784 1.1132061 1.2588231 1.1586745 1.2070784 1.7786835 0.7662384 0.7389627 0.0845966 1.3744361 1.5111773 0.0517447 0.0000000 
