20
t19        0.0000000 0.9913169 0.7945437 0.7389627 0.7126442 0.9913169 1.3744361 1.7786835 1.6785349 0.7662384 0.8545757 1.0297869 1.1132061 1.1132061 1.1586745 0.9913169 1.3144041 1.2588231 0.8545757 0.8239592 
t15        0.9913169 0.0000000 1.0297869 0.8545757 1.0703373 0.7389627 0.9198342 1.1132061 1.3144041 1.2070784 0.7945437 1.3744361 1.2588231 1.5901977 1.8942965 1.5111773 1.4396946 1.5901977 1.0703373 0.9913169 
t17        0.7945437 1.0297869 0.0000000 0.3505054 0.5299277 0.7662384 1.3144041 0.8864954 1.0297869 0.2746833 0.3192509 0.9547243 0.8545757 0.9913169 0.9198342 0.7945437 1.2588231 1.1586745 0.6388142 0.6626257 
t16        0.7389627 0.8545757 0.3505054 0.0000000 0.6388142 0.8545757 1.4396946 0.9547243 1.0297869 0.4904449 0.4172160 1.1132061 1.0297869 1.3144041 1.0297869 0.8864954 1.6785349 1.3744361 0.7126442 0.7126442 
t2         0.7126442 1.0703373 0.5299277 0.6388142 0.0000000 0.5933457 1.0297869 0.9198342 1.1132061 0.5504769 0.5933457 0.6388142 0.6388142 0.8239592 0.7126442 0.7389627 1.0297869 0.8864954 0.1673577 0.1673577 
t7         0.9913169 0.7389627 0.7662384 0.8545757 0.5933457 0.0000000 0.6872180 1.0297869 1.1586745 0.9198342 0.9547243 0.9198342 0.9547243 1.0703373 1.1586745 1.0703373 1.1132061 1.1132061 0.6872180 0.7126442 
t18        1.3744361 0.9198342 1.3144041 1.4396946 1.0297869 0.6872180 0.0000000 1.3744361 1.5901977 1.7786835 1.4396946 1.2070784 1.1586745 1.3144041 1.6785349 1.5111773 1.7786835 1.3744361 0.9198342 0.9547243 
t9         1.7786835 1.1132061 0.8864954 0.9547243 0.9198342 1.0297869 1.3744361 0.0000000 0.4714565 1.1132061 1.1132061 1.5111773 1.2070784 1.2070784 0.9547243 0.9913169 1.1132061 1.2070784 0.9547243 0.9913169 
t1         1.6785349 1.3144041 1.0297869 1.0297869 1.1132061 1.1586745 1.5901977 0.4714565 0.0000000 1.3144041 1.1132061 1.8942965 1.0703373 1.1132061 1.1132061 1.0703373 1.3144041 1.3744361 1.0703373 1.2070784 
t6         0.7662384 1.2070784 0.2746833 0.4904449 0.5504769 0.9198342 1.7786835 1.1132061 1.3144041 0.0000000 0.2463781 1.0703373 0.9913169 1.1586745 0.9547243 0.8239592 1.2070784 1.2070784 0.6388142 0.6157354 
t10        0.8545757 0.7945437 0.3192509 0.4172160 0.5933457 0.9547243 1.4396946 1.1132061 1.1132061 0.2463781 0.0000000 1.0297869 0.9198342 1.2070784 0.9198342 0.7945437 1.2588231 1.2588231 0.6626257 0.6388142 
t13        1.0297869 1.3744361 0.9547243 1.1132061 0.6388142 0.9198342 1.2070784 1.5111773 1.8942965 1.0703373 1.0297869 0.0000000 0.2326162 0.3347153 1.2588231 1.2070784 0.4714565 0.3666350 0.7126442 0.7389627 
t4         1.1132061 1.2588231 0.8545757 1.0297869 0.6388142 0.9547243 1.1586745 1.2070784 1.0703373 0.9913169 0.9198342 0.2326162 0.0000000 0.2746833 1.0703373 0.9547243 0.4172160 0.3040988 0.6626257 0.6872180 
t20        1.1132061 1.5901977 0.9913169 1.3144041 0.8239592 1.0703373 1.3144041 1.2070784 1.1132061 1.1586745 1.2070784 0.3347153 0.2746833 0.0000000 1.4396946 1.3744361 0.3505054 0.2326162 0.8864954 0.9198342 
t8         1.1586745 1.8942965 0.9198342 1.0297869 0.7126442 1.1586745 1.6785349 0.9547243 1.1132061 0.9547243 0.9198342 1.2588231 1.0703373 1.4396946 0.0000000 0.1189538 1.3744361 1.2070784 0.8239592 0.8545757 
t5         0.9913169 1.5111773 0.7945437 0.8864954 0.7389627 1.0703373 1.5111773 0.9913169 1.0703373 0.8239592 0.7945437 1.2070784 0.9547243 1.3744361 0.1189538 0.0000000 1.4396946 1.2588231 0.8239592 0.8545757 
t11        1.3144041 1.4396946 1.2588231 1.6785349 1.0297869 1.1132061 1.7786835 1.1132061 1.3144041 1.2070784 1.2588231 0.4714565 0.4172160 0.3505054 1.3744361 1.4396946 0.0000000 0.1549607 1.0297869 1.0297869 
t14        1.2588231 1.5901977 1.1586745 1.3744361 0.8864954 1.1132061 1.3744361 1.2070784 1.3744361 1.2070784 1.2588231 0.3666350 0.3040988 0.2326162 1.2070784 1.2588231 0.1549607 0.0000000 0.9547243 0.9547243 
t3         0.8545757 1.0703373 0.6388142 0.7126442 0.1673577 0.6872180 0.9198342 0.9547243 1.0703373 0.6388142 0.6626257 0.7126442 0.6626257 0.8864954 0.8239592 0.8239592 1.0297869 0.9547243 0.0000000 0.0411062 
t12        0.8239592 0.9913169 0.6626257 0.7126442 0.1673577 0.7126442 0.9547243 0.9913169 1.2070784 0.6157354 0.6388142 0.7389627 0.6872180 0.9198342 0.8545757 0.8545757 1.0297869 0.9547243 0.0411062 0.0000000 
