20
t20        0.0000000 2.4141569 1.8942965 9.0000000 1.8942965 9.0000000 9.0000000 9.0000000 1.4396946 9.0000000 3.2381161 9.0000000 2.4141569 2.4141569 9.0000000 2.4141569 2.7182557 3.2381161 9.0000000 3.2381161 
t5         2.4141569 0.0000000 1.2070784 1.3144041 9.0000000 1.7786835 2.1983953 1.6785349 1.8942965 1.5901977 1.3744361 2.1983953 1.7786835 2.1983953 3.2381161 9.0000000 9.0000000 2.0310377 1.3144041 1.5901977 
t15        1.8942965 1.2070784 0.0000000 0.4529370 3.2381161 2.0310377 1.4396946 1.3144041 3.2381161 1.3744361 1.2588231 3.2381161 2.4141569 3.2381161 2.7182557 3.2381161 9.0000000 9.0000000 1.5901977 1.5111773 
t3         9.0000000 1.3144041 0.4529370 0.0000000 9.0000000 2.0310377 1.2070784 1.4396946 2.1983953 1.7786835 1.0297869 1.5111773 9.0000000 9.0000000 2.7182557 3.2381161 9.0000000 3.2381161 1.7786835 2.0310377 
t17        1.8942965 9.0000000 3.2381161 9.0000000 0.0000000 1.5111773 3.2381161 9.0000000 2.0310377 2.4141569 9.0000000 2.0310377 9.0000000 9.0000000 3.2381161 9.0000000 9.0000000 9.0000000 9.0000000 9.0000000 
t9         9.0000000 1.7786835 2.0310377 2.0310377 1.5111773 0.0000000 2.1983953 3.2381161 9.0000000 3.2381161 9.0000000 3.2381161 3.2381161 9.0000000 9.0000000 9.0000000 9.0000000 9.0000000 1.8942965 1.5901977 
t4         9.0000000 2.1983953 1.4396946 1.2070784 3.2381161 2.1983953 0.0000000 0.6626257 2.0310377 0.9913169 0.9198342 0.9198342 3.2381161 2.1983953 3.2381161 2.0310377 9.0000000 3.2381161 0.7662384 0.7126442 
t10        9.0000000 1.6785349 1.3144041 1.4396946 9.0000000 3.2381161 0.6626257 0.0000000 2.4141569 0.8864954 0.7945437 1.1132061 1.6785349 2.0310377 2.4141569 1.6785349 9.0000000 2.7182557 0.6872180 0.7662384 
t1         1.4396946 1.8942965 3.2381161 2.1983953 2.0310377 9.0000000 2.0310377 2.4141569 0.0000000 2.4141569 1.3744361 2.7182557 0.5299277 0.4714565 0.7662384 0.8239592 0.6157354 0.6626257 2.7182557 1.8942965 
t16        9.0000000 1.5901977 1.3744361 1.7786835 2.4141569 3.2381161 0.9913169 0.8864954 2.4141569 0.0000000 0.9547243 1.2588231 3.2381161 3.2381161 2.4141569 1.7786835 9.0000000 2.7182557 1.0703373 1.0297869 
t2         3.2381161 1.3744361 1.2588231 1.0297869 9.0000000 9.0000000 0.9198342 0.7945437 1.3744361 0.9547243 0.0000000 0.6626257 1.6785349 1.5901977 3.2381161 2.0310377 2.4141569 1.7786835 0.9913169 1.0703373 
t19        9.0000000 2.1983953 3.2381161 1.5111773 2.0310377 3.2381161 0.9198342 1.1132061 2.7182557 1.2588231 0.6626257 0.0000000 1.8942965 1.8942965 9.0000000 2.4141569 9.0000000 2.7182557 1.2588231 1.2588231 
t7         2.4141569 1.7786835 2.4141569 9.0000000 9.0000000 3.2381161 3.2381161 1.6785349 0.5299277 3.2381161 1.6785349 1.8942965 0.0000000 0.3666350 0.7945437 0.8239592 0.7945437 0.7389627 2.0310377 2.0310377 
t11        2.4141569 2.1983953 3.2381161 9.0000000 9.0000000 9.0000000 2.1983953 2.0310377 0.4714565 3.2381161 1.5901977 1.8942965 0.3666350 0.0000000 0.7945437 0.6388142 0.5504769 0.5933457 2.1983953 1.8942965 
t14        9.0000000 3.2381161 2.7182557 2.7182557 3.2381161 9.0000000 3.2381161 2.4141569 0.7662384 2.4141569 3.2381161 9.0000000 0.7945437 0.7945437 0.0000000 0.7662384 0.6626257 0.7126442 3.2381161 2.7182557 
t13        2.4141569 9.0000000 3.2381161 3.2381161 9.0000000 9.0000000 2.0310377 1.6785349 0.8239592 1.7786835 2.0310377 2.4141569 0.8239592 0.6388142 0.7662384 0.0000000 0.4904449 0.3999739 2.7182557 2.0310377 
t12        2.7182557 9.0000000 9.0000000 9.0000000 9.0000000 9.0000000 9.0000000 9.0000000 0.6157354 9.0000000 2.4141569 9.0000000 0.7945437 0.5504769 0.6626257 0.4904449 0.0000000 0.3040988 9.0000000 9.0000000 
t6         3.2381161 2.0310377 9.0000000 3.2381161 9.0000000 9.0000000 3.2381161 2.7182557 0.6626257 2.7182557 1.7786835 2.7182557 0.7389627 0.5933457 0.7126442 0.3999739 0.3040988 0.0000000 2.7182557 2.1983953 
t8         9.0000000 1.3144041 1.5901977 1.7786835 9.0000000 1.8942965 0.7662384 0.6872180 2.7182557 1.0703373 0.9913169 1.2588231 2.0310377 2.1983953 3.2381161 2.7182557 9.0000000 2.7182557 0.0000000 0.1189538 
t18        3.2381161 1.5901977 1.5111773 2.0310377 9.0000000 1.5901977 0.7126442 0.7662384 1.8942965 1.0297869 1.0703373 1.2588231 2.0310377 1.8942965 2.7182557 2.0310377 9.0000000 2.1983953 0.1189538 0.0000000 
