20
t6         0.0000000 0.4348639 0.5716050 0.6157354 0.4714565 0.4348639 0.5504769 0.8864954 0.4714565 0.4348639 0.5504769 0.4172160 0.4529370 0.3666350 0.4348639 0.7126442 0.7126442 0.4172160 0.4904449 0.4714565 
t3         0.4348639 0.0000000 0.6157354 0.6872180 0.3999739 0.2191023 0.3347153 0.6157354 0.2326162 0.4172160 0.5299277 0.1927838 0.2746833 0.2892469 0.3347153 0.5716050 0.6388142 0.3505054 0.4172160 0.3831192 
t4         0.5716050 0.6157354 0.0000000 0.6388142 0.4172160 0.5504769 0.6872180 1.0703373 0.6626257 0.6626257 0.6157354 0.5716050 0.5504769 0.5504769 0.6626257 0.7126442 0.7945437 0.5299277 0.5716050 0.5504769 
t7         0.6157354 0.6872180 0.6388142 0.0000000 0.3666350 0.6626257 0.7126442 1.1586745 0.6872180 0.7389627 0.8864954 0.6388142 0.5716050 0.6157354 0.6626257 0.9198342 0.9547243 0.6388142 0.7126442 0.7126442 
t17        0.4714565 0.3999739 0.4172160 0.3666350 0.0000000 0.3999739 0.4904449 0.8239592 0.4172160 0.4904449 0.5504769 0.3831192 0.4172160 0.3666350 0.4714565 0.5504769 0.6388142 0.3831192 0.4348639 0.3999739 
t11        0.4348639 0.2191023 0.5504769 0.6626257 0.3999739 0.0000000 0.2191023 0.6157354 0.2191023 0.3831192 0.4904449 0.1189538 0.1927838 0.3505054 0.3999739 0.5504769 0.5933457 0.3831192 0.4714565 0.4348639 
t19        0.5504769 0.3347153 0.6872180 0.7126442 0.4904449 0.2191023 0.0000000 0.6872180 0.3347153 0.3831192 0.4714565 0.1673577 0.2326162 0.5099265 0.5504769 0.6388142 0.6872180 0.4714565 0.5716050 0.5299277 
t8         0.8864954 0.6157354 1.0703373 1.1586745 0.8239592 0.6157354 0.6872180 0.0000000 0.4172160 0.9198342 0.9547243 0.6157354 0.6157354 0.8864954 1.0703373 0.9198342 0.9547243 1.0297869 1.1132061 1.0703373 
t5         0.4714565 0.2326162 0.6626257 0.6872180 0.4172160 0.2191023 0.3347153 0.4172160 0.0000000 0.3999739 0.4714565 0.1927838 0.2603971 0.3999739 0.4529370 0.5299277 0.5933457 0.4529370 0.5504769 0.5099265 
t9         0.4348639 0.4172160 0.6626257 0.7389627 0.4904449 0.3831192 0.3831192 0.9198342 0.3999739 0.0000000 0.1189538 0.2746833 0.3505054 0.4172160 0.4529370 0.6626257 0.7945437 0.5099265 0.5933457 0.5299277 
t14        0.5504769 0.5299277 0.6157354 0.8864954 0.5504769 0.4904449 0.4714565 0.9547243 0.4714565 0.1189538 0.0000000 0.3666350 0.4172160 0.5099265 0.5504769 0.6872180 0.7945437 0.5933457 0.6626257 0.6157354 
t18        0.4172160 0.1927838 0.5716050 0.6388142 0.3831192 0.1189538 0.1673577 0.6157354 0.1927838 0.2746833 0.3666350 0.0000000 0.1427653 0.3347153 0.3831192 0.5299277 0.5504769 0.3347153 0.4172160 0.3831192 
t1         0.4529370 0.2746833 0.5504769 0.5716050 0.4172160 0.1927838 0.2326162 0.6157354 0.2603971 0.3505054 0.4172160 0.1427653 0.0000000 0.3831192 0.4172160 0.5299277 0.5716050 0.4172160 0.4714565 0.4714565 
t20        0.3666350 0.2892469 0.5504769 0.6157354 0.3666350 0.3505054 0.5099265 0.8864954 0.3999739 0.4172160 0.5099265 0.3347153 0.3831192 0.0000000 0.1073256 0.6388142 0.6872180 0.2603971 0.3192509 0.2892469 
t15        0.4348639 0.3347153 0.6626257 0.6626257 0.4714565 0.3999739 0.5504769 1.0703373 0.4529370 0.4529370 0.5504769 0.3831192 0.4172160 0.1073256 0.0000000 0.7662384 0.7945437 0.2463781 0.3192509 0.3040988 
t16        0.7126442 0.5716050 0.7126442 0.9198342 0.5504769 0.5504769 0.6388142 0.9198342 0.5299277 0.6626257 0.6872180 0.5299277 0.5299277 0.6388142 0.7662384 0.0000000 0.1549607 0.6388142 0.6626257 0.6388142 
t10        0.7126442 0.6388142 0.7945437 0.9547243 0.6388142 0.5933457 0.6872180 0.9547243 0.5933457 0.7945437 0.7945437 0.5504769 0.5716050 0.6872180 0.7945437 0.1549607 0.0000000 0.7126442 0.7389627 0.7126442 
t13        0.4172160 0.3505054 0.5299277 0.6388142 0.3831192 0.3831192 0.4714565 1.0297869 0.4529370 0.5099265 0.5933457 0.3347153 0.4172160 0.2603971 0.2463781 0.6388142 0.7126442 0.0000000 0.0845966 0.0411062 
t2         0.4904449 0.4172160 0.5716050 0.7126442 0.4348639 0.4714565 0.5716050 1.1132061 0.5504769 0.5933457 0.6626257 0.4172160 0.4714565 0.3192509 0.3192509 0.6626257 0.7389627 0.0845966 0.0000000 0.0411062 
t12        0.4714565 0.3831192 0.5504769 0.7126442 0.3999739 0.4348639 0.5299277 1.0703373 0.5099265 0.5299277 0.6157354 0.3831192 0.4714565 0.2892469 0.3040988 0.6388142 0.7126442 0.0411062 0.0411062 0.0000000 
