20
t1         0.0000000 2.4141569 1.6785349 2.7182557 1.3744361 2.1983953 1.5111773 1.2588231 1.8942965 1.8942965 9.0000000 9.0000000 1.7786835 1.8942965 1.4396946 1.5901977 1.3144041 1.5111773 1.6785349 1.6785349 
t13        2.4141569 0.0000000 1.0703373 1.3744361 1.1132061 1.2070784 1.5111773 1.8942965 1.0297869 1.3744361 1.3744361 1.2588231 1.0297869 1.1132061 1.0703373 1.0703373 1.2070784 1.1586745 1.2588231 1.2588231 
t9         1.6785349 1.0703373 0.0000000 0.7389627 0.8239592 0.9547243 1.5111773 1.3144041 0.7389627 0.8239592 0.7662384 0.7945437 1.0297869 0.7945437 0.7662384 0.7662384 1.0297869 0.9913169 0.7945437 0.7945437 
t2         2.7182557 1.3744361 0.7389627 0.0000000 0.7945437 0.9913169 9.0000000 1.5901977 0.7945437 0.9198342 1.0297869 1.0297869 1.3744361 0.9198342 0.8239592 1.0297869 1.3144041 1.2588231 0.6872180 0.6872180 
t18        1.3744361 1.1132061 0.8239592 0.7945437 0.0000000 0.6872180 1.1586745 1.2588231 0.3505054 0.4172160 0.8545757 0.8864954 1.1586745 0.5716050 0.6388142 0.7126442 1.2070784 1.2070784 0.4714565 0.4714565 
t6         2.1983953 1.2070784 0.9547243 0.9913169 0.6872180 0.0000000 1.5901977 1.5901977 0.8545757 0.8864954 1.0297869 0.8864954 0.9913169 0.3999739 0.4714565 0.4904449 1.0703373 1.0297869 0.8239592 0.8239592 
t16        1.5111773 1.5111773 1.5111773 9.0000000 1.1586745 1.5901977 0.0000000 0.4348639 1.8942965 1.8942965 2.1983953 1.5901977 1.6785349 2.0310377 1.6785349 1.4396946 1.3144041 1.4396946 1.6785349 1.6785349 
t5         1.2588231 1.8942965 1.3144041 1.5901977 1.2588231 1.5901977 0.4348639 0.0000000 1.5901977 1.7786835 2.4141569 1.6785349 1.5901977 1.6785349 1.3744361 1.2588231 1.4396946 1.5901977 1.3144041 1.3144041 
t8         1.8942965 1.0297869 0.7389627 0.7945437 0.3505054 0.8545757 1.8942965 1.5901977 0.0000000 0.2463781 0.6626257 0.7126442 1.2588231 0.6157354 0.5716050 0.7126442 1.3144041 1.3144041 0.4529370 0.4529370 
t4         1.8942965 1.3744361 0.8239592 0.9198342 0.4172160 0.8864954 1.8942965 1.7786835 0.2463781 0.0000000 0.5504769 0.6157354 1.4396946 0.7126442 0.6626257 0.9198342 1.5901977 1.5901977 0.4348639 0.4348639 
t20        9.0000000 1.3744361 0.7662384 1.0297869 0.8545757 1.0297869 2.1983953 2.4141569 0.6626257 0.5504769 0.0000000 0.1927838 1.5901977 0.7945437 0.8545757 0.9198342 1.6785349 1.5111773 0.7126442 0.7126442 
t7         9.0000000 1.2588231 0.7945437 1.0297869 0.8864954 0.8864954 1.5901977 1.6785349 0.7126442 0.6157354 0.1927838 0.0000000 1.3744361 0.5933457 0.7662384 0.7126442 1.6785349 1.5111773 0.7126442 0.7126442 
t17        1.7786835 1.0297869 1.0297869 1.3744361 1.1586745 0.9913169 1.6785349 1.5901977 1.2588231 1.4396946 1.5901977 1.3744361 0.0000000 0.9913169 0.9547243 1.0703373 0.2326162 0.2191023 1.2070784 1.2070784 
t3         1.8942965 1.1132061 0.7945437 0.9198342 0.5716050 0.3999739 2.0310377 1.6785349 0.6157354 0.7126442 0.7945437 0.5933457 0.9913169 0.0000000 0.2191023 0.2326162 0.9913169 0.9547243 0.7945437 0.7945437 
t11        1.4396946 1.0703373 0.7662384 0.8239592 0.6388142 0.4714565 1.6785349 1.3744361 0.5716050 0.6626257 0.8545757 0.7662384 0.9547243 0.2191023 0.0000000 0.1927838 0.9547243 0.9198342 0.8239592 0.8239592 
t19        1.5901977 1.0703373 0.7662384 1.0297869 0.7126442 0.4904449 1.4396946 1.2588231 0.7126442 0.9198342 0.9198342 0.7126442 1.0703373 0.2326162 0.1927838 0.0000000 0.9547243 0.9547243 0.8239592 0.8239592 
t10        1.3144041 1.2070784 1.0297869 1.3144041 1.2070784 1.0703373 1.3144041 1.4396946 1.3144041 1.5901977 1.6785349 1.6785349 0.2326162 0.9913169 0.9547243 0.9547243 0.0000000 0.0734853 1.1586745 1.1586745 
t14        1.5111773 1.1586745 0.9913169 1.2588231 1.2070784 1.0297869 1.4396946 1.5901977 1.3144041 1.5901977 1.5111773 1.5111773 0.2191023 0.9547243 0.9198342 0.9547243 0.0734853 0.0000000 1.2070784 1.2070784 
t15        1.6785349 1.2588231 0.7945437 0.6872180 0.4714565 0.8239592 1.6785349 1.3144041 0.4529370 0.4348639 0.7126442 0.7126442 1.2070784 0.7945437 0.8239592 0.8239592 1.1586745 1.2070784 0.0000000 0.0000010 
t12        1.6785349 1.2588231 0.7945437 0.6872180 0.4714565 0.8239592 1.6785349 1.3144041 0.4529370 0.4348639 0.7126442 0.7126442 1.2070784 0.7945437 0.8239592 0.8239592 1.1586745 1.2070784 0.0000010 0.0000000 
