20
t7         0.0000000 1.6785349 0.7945437 0.7126442 1.4396946 1.1586745 1.1586745 1.0703373 1.5111773 1.1586745 9.0000000 2.4141569 0.8864954 0.9913169 1.2588231 1.0703373 0.6388142 0.6626257 0.9547243 1.0703373 
t4         1.6785349 0.0000000 1.5901977 1.4396946 2.1983953 1.6785349 1.5111773 1.5901977 1.3144041 1.4396946 2.7182557 3.2381161 1.8942965 3.2381161 1.8942965 2.4141569 1.7786835 1.7786835 1.5111773 1.5111773 
t10        0.7945437 1.5901977 0.0000000 0.3040988 1.7786835 1.2070784 1.0703373 1.0297869 1.0297869 1.4396946 2.7182557 2.7182557 0.8545757 0.9547243 1.1586745 1.1586745 0.7389627 0.7126442 0.9547243 1.0297869 
t19        0.7126442 1.4396946 0.3040988 0.0000000 1.8942965 1.2070784 1.0703373 0.8864954 1.1132061 0.9547243 2.7182557 2.7182557 0.7662384 0.7389627 1.0297869 1.0703373 0.6388142 0.6157354 0.6872180 0.7126442 
t13        1.4396946 2.1983953 1.7786835 1.8942965 0.0000000 1.0703373 1.2070784 2.1983953 1.4396946 1.5901977 9.0000000 9.0000000 2.4141569 2.4141569 2.0310377 2.7182557 1.8942965 1.8942965 1.7786835 1.7786835 
t20        1.1586745 1.6785349 1.2070784 1.2070784 1.0703373 0.0000000 1.2070784 2.4141569 1.7786835 1.4396946 9.0000000 3.2381161 1.7786835 1.8942965 1.5901977 1.5111773 1.5901977 1.6785349 1.3144041 1.3144041 
t6         1.1586745 1.5111773 1.0703373 1.0703373 1.2070784 1.2070784 0.0000000 1.2588231 0.9913169 0.6626257 9.0000000 9.0000000 1.4396946 1.5901977 1.3144041 1.6785349 0.9198342 0.8864954 0.5716050 0.6388142 
t17        1.0703373 1.5901977 1.0297869 0.8864954 2.1983953 2.4141569 1.2588231 0.0000000 0.6157354 1.1132061 9.0000000 9.0000000 1.5111773 1.7786835 1.4396946 1.6785349 0.6626257 0.6388142 0.9913169 1.0297869 
t15        1.5111773 1.3144041 1.0297869 1.1132061 1.4396946 1.7786835 0.9913169 0.6157354 0.0000000 1.3744361 2.4141569 1.8942965 1.2588231 1.4396946 1.4396946 2.0310377 0.7389627 0.7126442 1.0297869 1.0297869 
t12        1.1586745 1.4396946 1.4396946 0.9547243 1.5901977 1.4396946 0.6626257 1.1132061 1.3744361 0.0000000 9.0000000 9.0000000 1.4396946 1.5901977 1.3744361 1.6785349 0.9547243 0.9547243 0.3666350 0.3999739 
t5         9.0000000 2.7182557 2.7182557 2.7182557 9.0000000 9.0000000 9.0000000 9.0000000 2.4141569 9.0000000 0.0000000 0.3666350 9.0000000 3.2381161 9.0000000 9.0000000 9.0000000 9.0000000 3.2381161 2.4141569 
t1         2.4141569 3.2381161 2.7182557 2.7182557 9.0000000 3.2381161 9.0000000 9.0000000 1.8942965 9.0000000 0.3666350 0.0000000 3.2381161 2.7182557 9.0000000 9.0000000 9.0000000 9.0000000 2.7182557 2.7182557 
t3         0.8864954 1.8942965 0.8545757 0.7662384 2.4141569 1.7786835 1.4396946 1.5111773 1.2588231 1.4396946 9.0000000 3.2381161 0.0000000 0.1307650 0.3666350 0.3831192 0.8239592 0.7945437 1.1132061 1.2588231 
t14        0.9913169 3.2381161 0.9547243 0.7389627 2.4141569 1.8942965 1.5901977 1.7786835 1.4396946 1.5901977 3.2381161 2.7182557 0.1307650 0.0000000 0.3666350 0.3666350 0.7662384 0.7389627 1.0297869 1.1586745 
t8         1.2588231 1.8942965 1.1586745 1.0297869 2.0310377 1.5901977 1.3144041 1.4396946 1.4396946 1.3744361 9.0000000 9.0000000 0.3666350 0.3666350 0.0000000 0.0845966 0.8239592 0.7945437 0.9547243 1.0703373 
t9         1.0703373 2.4141569 1.1586745 1.0703373 2.7182557 1.5111773 1.6785349 1.6785349 2.0310377 1.6785349 9.0000000 9.0000000 0.3831192 0.3666350 0.0845966 0.0000000 0.7945437 0.8239592 1.1132061 1.2588231 
t18        0.6388142 1.7786835 0.7389627 0.6388142 1.8942965 1.5901977 0.9198342 0.6626257 0.7389627 0.9547243 9.0000000 9.0000000 0.8239592 0.7662384 0.8239592 0.7945437 0.0000000 0.0100673 0.5933457 0.6626257 
t2         0.6626257 1.7786835 0.7126442 0.6157354 1.8942965 1.6785349 0.8864954 0.6388142 0.7126442 0.9547243 9.0000000 9.0000000 0.7945437 0.7389627 0.7945437 0.8239592 0.0100673 0.0000000 0.5716050 0.6388142 
t16        0.9547243 1.5111773 0.9547243 0.6872180 1.7786835 1.3144041 0.5716050 0.9913169 1.0297869 0.3666350 3.2381161 2.7182557 1.1132061 1.0297869 0.9547243 1.1132061 0.5933457 0.5716050 0.0000000 0.0306165 
t11        1.0703373 1.5111773 1.0297869 0.7126442 1.7786835 1.3144041 0.6388142 1.0297869 1.0297869 0.3999739 2.4141569 2.7182557 1.2588231 1.1586745 1.0703373 1.2588231 0.6626257 0.6388142 0.0306165 0.0000000 
