20
t1         0.0000000 9.0000000 1.5901977 1.8942965 9.0000000 1.3744361 3.2381161 1.5901977 9.0000000 1.7786835 9.0000000 2.7182557 1.7786835 1.8942965 9.0000000 2.1983953 9.0000000 9.0000000 9.0000000 2.7182557 
t3         9.0000000 0.0000000 1.4396946 1.6785349 1.3144041 9.0000000 1.3744361 1.5901977 3.2381161 2.1983953 9.0000000 9.0000000 2.7182557 3.2381161 1.1132061 1.4396946 1.5901977 2.4141569 9.0000000 9.0000000 
t10        1.5901977 1.4396946 0.0000000 0.8864954 2.0310377 2.4141569 2.4141569 1.6785349 1.5901977 1.8942965 9.0000000 9.0000000 9.0000000 9.0000000 1.3744361 1.4396946 1.5901977 2.4141569 2.7182557 9.0000000 
t19        1.8942965 1.6785349 0.8864954 0.0000000 1.5901977 9.0000000 3.2381161 1.3744361 1.1586745 1.1586745 9.0000000 9.0000000 9.0000000 9.0000000 1.2588231 2.0310377 2.0310377 3.2381161 9.0000000 9.0000000 
t17        9.0000000 1.3144041 2.0310377 1.5901977 0.0000000 3.2381161 0.9913169 1.0297869 1.1132061 1.8942965 1.5111773 9.0000000 1.8942965 1.3744361 0.9198342 1.0703373 1.1132061 1.8942965 1.7786835 9.0000000 
t5         1.3744361 9.0000000 2.4141569 9.0000000 3.2381161 0.0000000 9.0000000 1.8942965 1.5111773 1.4396946 9.0000000 3.2381161 0.7945437 0.7662384 2.7182557 2.7182557 2.0310377 2.0310377 9.0000000 9.0000000 
t9         3.2381161 1.3744361 2.4141569 3.2381161 0.9913169 9.0000000 0.0000000 0.7662384 1.5111773 2.1983953 2.0310377 3.2381161 2.1983953 1.7786835 1.1586745 1.2588231 1.3144041 1.5111773 9.0000000 9.0000000 
t7         1.5901977 1.5901977 1.6785349 1.3744361 1.0297869 1.8942965 0.7662384 0.0000000 1.6785349 2.4141569 2.7182557 9.0000000 1.4396946 1.5901977 1.2070784 1.1586745 1.3144041 1.7786835 3.2381161 9.0000000 
t11        9.0000000 3.2381161 1.5901977 1.1586745 1.1132061 1.5111773 1.5111773 1.6785349 0.0000000 0.5504769 9.0000000 1.6785349 1.2070784 1.3744361 1.6785349 1.5111773 1.4396946 1.7786835 1.5901977 2.1983953 
t4         1.7786835 2.1983953 1.8942965 1.1586745 1.8942965 1.4396946 2.1983953 2.4141569 0.5504769 0.0000000 9.0000000 1.6785349 1.3744361 1.5111773 9.0000000 2.4141569 3.2381161 2.4141569 1.5901977 2.0310377 
t13        9.0000000 9.0000000 9.0000000 9.0000000 1.5111773 9.0000000 2.0310377 2.7182557 9.0000000 9.0000000 0.0000000 9.0000000 2.0310377 1.7786835 2.1983953 9.0000000 0.7945437 0.6157354 9.0000000 9.0000000 
t12        2.7182557 9.0000000 9.0000000 9.0000000 9.0000000 3.2381161 3.2381161 9.0000000 1.6785349 1.6785349 9.0000000 0.0000000 1.6785349 2.0310377 9.0000000 9.0000000 9.0000000 9.0000000 0.4714565 0.6626257 
t20        1.7786835 2.7182557 9.0000000 9.0000000 1.8942965 0.7945437 2.1983953 1.4396946 1.2070784 1.3744361 2.0310377 1.6785349 0.0000000 0.2892469 2.4141569 2.0310377 2.4141569 2.0310377 1.6785349 2.0310377 
t2         1.8942965 3.2381161 9.0000000 9.0000000 1.3744361 0.7662384 1.7786835 1.5901977 1.3744361 1.5111773 1.7786835 2.0310377 0.2892469 0.0000000 2.4141569 1.8942965 2.4141569 1.8942965 1.8942965 2.1983953 
t18        9.0000000 1.1132061 1.3744361 1.2588231 0.9198342 2.7182557 1.1586745 1.2070784 1.6785349 9.0000000 2.1983953 9.0000000 2.4141569 2.4141569 0.0000000 0.3347153 1.0703373 1.5111773 3.2381161 9.0000000 
t15        2.1983953 1.4396946 1.4396946 2.0310377 1.0703373 2.7182557 1.2588231 1.1586745 1.5111773 2.4141569 9.0000000 9.0000000 2.0310377 1.8942965 0.3347153 0.0000000 1.3744361 1.5901977 9.0000000 3.2381161 
t6         9.0000000 1.5901977 1.5901977 2.0310377 1.1132061 2.0310377 1.3144041 1.3144041 1.4396946 3.2381161 0.7945437 9.0000000 2.4141569 2.4141569 1.0703373 1.3744361 0.0000000 0.2463781 9.0000000 9.0000000 
t14        9.0000000 2.4141569 2.4141569 3.2381161 1.8942965 2.0310377 1.5111773 1.7786835 1.7786835 2.4141569 0.6157354 9.0000000 2.0310377 1.8942965 1.5111773 1.5901977 0.2463781 0.0000000 9.0000000 9.0000000 
t16        9.0000000 9.0000000 2.7182557 9.0000000 1.7786835 9.0000000 9.0000000 3.2381161 1.5901977 1.5901977 9.0000000 0.4714565 1.6785349 1.8942965 3.2381161 9.0000000 9.0000000 9.0000000 0.0000000 0.2326162 
t8         2.7182557 9.0000000 9.0000000 9.0000000 9.0000000 9.0000000 9.0000000 9.0000000 2.1983953 2.0310377 9.0000000 0.6626257 2.0310377 2.1983953 9.0000000 3.2381161 9.0000000 9.0000000 0.2326162 0.0000000 
