20
t10        0.0000000 1.5901977 3.2381161 1.2070784 1.4396946 9.0000000 2.7182557 9.0000000 1.5111773 2.0310377 2.7182557 2.1983953 2.7182557 2.1983953 1.8942965 2.0310377 1.6785349 1.7786835 2.0310377 2.1983953 
t9         1.5901977 0.0000000 1.5111773 1.6785349 1.7786835 1.2588231 1.2588231 2.0310377 9.0000000 1.5111773 1.5111773 1.3144041 1.6785349 1.3144041 1.8942965 1.3144041 1.3144041 1.3744361 1.5111773 1.5111773 
t11        3.2381161 1.5111773 0.0000000 1.1586745 1.5901977 1.2070784 1.3144041 1.3144041 1.2588231 1.2588231 1.3144041 1.0703373 1.1132061 0.7662384 2.0310377 1.5111773 1.5111773 1.5111773 1.4396946 1.3744361 
t6         1.2070784 1.6785349 1.1586745 0.0000000 1.2588231 1.7786835 1.2588231 1.3144041 1.3744361 1.3144041 1.4396946 1.7786835 1.0297869 1.1586745 1.6785349 2.0310377 1.5901977 1.7786835 1.1132061 1.1586745 
t13        1.4396946 1.7786835 1.5901977 1.2588231 0.0000000 1.2070784 1.6785349 1.3744361 1.5111773 1.3744361 1.8942965 1.2588231 2.0310377 1.4396946 1.0703373 1.1586745 0.9913169 1.0297869 1.8942965 1.8942965 
t17        9.0000000 1.2588231 1.2070784 1.7786835 1.2070784 0.0000000 1.3744361 2.4141569 2.1983953 1.0297869 2.1983953 0.9547243 1.5901977 1.2588231 9.0000000 1.6785349 1.5111773 1.5901977 0.9198342 0.8864954 
t3         2.7182557 1.2588231 1.3144041 1.2588231 1.6785349 1.3744361 0.0000000 1.8942965 2.1983953 0.9198342 1.4396946 1.4396946 1.0297869 0.7389627 2.4141569 2.1983953 1.7786835 1.8942965 1.0703373 1.0703373 
t16        9.0000000 2.0310377 1.3144041 1.3144041 1.3744361 2.4141569 1.8942965 0.0000000 1.0703373 1.4396946 1.3744361 1.3744361 1.6785349 1.5111773 2.7182557 3.2381161 2.1983953 1.8942965 1.4396946 1.3744361 
t12        1.5111773 9.0000000 1.2588231 1.3744361 1.5111773 2.1983953 2.1983953 1.0703373 0.0000000 2.0310377 3.2381161 1.6785349 1.6785349 1.2588231 1.7786835 1.8942965 1.5901977 1.6785349 1.1132061 1.0703373 
t2         2.0310377 1.5111773 1.2588231 1.3144041 1.3744361 1.0297869 0.9198342 1.4396946 2.0310377 0.0000000 1.3144041 0.6388142 1.3144041 0.9913169 3.2381161 2.1983953 1.5111773 1.6785349 0.7945437 0.7662384 
t14        2.7182557 1.5111773 1.3144041 1.4396946 1.8942965 2.1983953 1.4396946 1.3744361 3.2381161 1.3144041 0.0000000 1.4396946 0.8239592 0.7662384 1.5111773 2.0310377 1.8942965 1.6785349 1.2588231 1.2588231 
t1         2.1983953 1.3144041 1.0703373 1.7786835 1.2588231 0.9547243 1.4396946 1.3744361 1.6785349 0.6388142 1.4396946 0.0000000 1.5901977 1.3744361 9.0000000 2.7182557 1.5901977 1.8942965 0.6872180 0.6626257 
t20        2.7182557 1.6785349 1.1132061 1.0297869 2.0310377 1.5901977 1.0297869 1.6785349 1.6785349 1.3144041 0.8239592 1.5901977 0.0000000 0.4904449 1.5901977 1.1586745 1.1132061 1.1586745 1.1132061 1.1132061 
t7         2.1983953 1.3144041 0.7662384 1.1586745 1.4396946 1.2588231 0.7389627 1.5111773 1.2588231 0.9913169 0.7662384 1.3744361 0.4904449 0.0000000 1.5901977 1.3144041 1.2070784 1.2588231 1.1132061 1.1132061 
t18        1.8942965 1.8942965 2.0310377 1.6785349 1.0703373 9.0000000 2.4141569 2.7182557 1.7786835 3.2381161 1.5111773 9.0000000 1.5901977 1.5901977 0.0000000 0.3831192 0.3505054 0.3192509 9.0000000 9.0000000 
t8         2.0310377 1.3144041 1.5111773 2.0310377 1.1586745 1.6785349 2.1983953 3.2381161 1.8942965 2.1983953 2.0310377 2.7182557 1.1586745 1.3144041 0.3831192 0.0000000 0.1189538 0.1189538 1.8942965 1.8942965 
t19        1.6785349 1.3144041 1.5111773 1.5901977 0.9913169 1.5111773 1.7786835 2.1983953 1.5901977 1.5111773 1.8942965 1.5901977 1.1132061 1.2070784 0.3505054 0.1189538 0.0000000 0.0625362 1.5111773 1.5111773 
t4         1.7786835 1.3744361 1.5111773 1.7786835 1.0297869 1.5901977 1.8942965 1.8942965 1.6785349 1.6785349 1.6785349 1.8942965 1.1586745 1.2588231 0.3192509 0.1189538 0.0625362 0.0000000 1.7786835 1.7786835 
t15        2.0310377 1.5111773 1.4396946 1.1132061 1.8942965 0.9198342 1.0703373 1.4396946 1.1132061 0.7945437 1.2588231 0.6872180 1.1132061 1.1132061 9.0000000 1.8942965 1.5111773 1.7786835 0.0000000 0.0100673 
t5         2.1983953 1.5111773 1.3744361 1.1586745 1.8942965 0.8864954 1.0703373 1.3744361 1.0703373 0.7662384 1.2588231 0.6626257 1.1132061 1.1132061 9.0000000 1.8942965 1.5111773 1.7786835 0.0100673 0.0000000 
