20
t2         0.0000000 1.3744361 1.3744361 0.9198342 1.3744361 1.0297869 1.2588231 0.9913169 0.7126442 1.1132061 1.1586745 1.5111773 1.3744361 1.3744361 1.3744361 0.7126442 0.6157354 0.6388142 1.3144041 1.3144041 
t20        1.3744361 0.0000000 3.2381161 2.0310377 2.0310377 9.0000000 1.5111773 9.0000000 2.4141569 1.6785349 1.5901977 9.0000000 9.0000000 1.7786835 1.4396946 2.4141569 2.1983953 2.7182557 2.7182557 2.7182557 
t13        1.3744361 3.2381161 0.0000000 1.1586745 1.5901977 1.7786835 1.7786835 1.5111773 2.0310377 1.5111773 1.7786835 9.0000000 2.7182557 2.1983953 2.0310377 1.8942965 1.8942965 2.1983953 3.2381161 3.2381161 
t17        0.9198342 2.0310377 1.1586745 0.0000000 1.4396946 1.5901977 1.3144041 1.4396946 1.0703373 0.4172160 0.4529370 1.7786835 1.5111773 0.6626257 0.4714565 1.3144041 1.4396946 1.5111773 0.7945437 0.7945437 
t12        1.3744361 2.0310377 1.5901977 1.4396946 0.0000000 1.5901977 1.6785349 1.2588231 1.1132061 1.4396946 1.6785349 1.8942965 1.6785349 2.1983953 1.8942965 1.3744361 1.3744361 1.5111773 1.3744361 1.3744361 
t6         1.0297869 9.0000000 1.7786835 1.5901977 1.5901977 0.0000000 1.1586745 1.8942965 1.3744361 1.2070784 1.5111773 1.2588231 1.3744361 2.0310377 1.5901977 1.5901977 1.3144041 1.4396946 9.0000000 9.0000000 
t10        1.2588231 1.5111773 1.7786835 1.3144041 1.6785349 1.1586745 0.0000000 9.0000000 1.8942965 1.5901977 1.2588231 1.7786835 1.8942965 1.7786835 1.7786835 1.6785349 1.7786835 1.8942965 2.7182557 2.7182557 
t16        0.9913169 9.0000000 1.5111773 1.4396946 1.2588231 1.8942965 9.0000000 0.0000000 0.5099265 2.1983953 9.0000000 3.2381161 2.7182557 9.0000000 3.2381161 0.8864954 0.7389627 0.7126442 1.7786835 1.7786835 
t15        0.7126442 2.4141569 2.0310377 1.0703373 1.1132061 1.3744361 1.8942965 0.5099265 0.0000000 1.3144041 1.5901977 1.6785349 1.6785349 1.7786835 1.6785349 0.7662384 0.5716050 0.5716050 1.7786835 1.7786835 
t18        1.1132061 1.6785349 1.5111773 0.4172160 1.4396946 1.2070784 1.5901977 2.1983953 1.3144041 0.0000000 0.5099265 1.8942965 1.6785349 0.6872180 0.5504769 1.2588231 1.4396946 1.3744361 0.5716050 0.5716050 
t7         1.1586745 1.5901977 1.7786835 0.4529370 1.6785349 1.5111773 1.2588231 9.0000000 1.5901977 0.5099265 0.0000000 1.7786835 1.4396946 0.2058276 0.1307650 1.7786835 1.4396946 1.5111773 0.8239592 0.8239592 
t14        1.5111773 9.0000000 9.0000000 1.7786835 1.8942965 1.2588231 1.7786835 3.2381161 1.6785349 1.8942965 1.7786835 0.0000000 0.0958750 1.7786835 1.6785349 1.3744361 1.3744361 1.5111773 2.7182557 2.7182557 
t11        1.3744361 9.0000000 2.7182557 1.5111773 1.6785349 1.3744361 1.8942965 2.7182557 1.6785349 1.6785349 1.4396946 0.0958750 0.0000000 1.5111773 1.3744361 1.2070784 1.2588231 1.3744361 1.8942965 1.8942965 
t19        1.3744361 1.7786835 2.1983953 0.6626257 2.1983953 2.0310377 1.7786835 9.0000000 1.7786835 0.6872180 0.2058276 1.7786835 1.5111773 0.0000000 0.1073256 2.4141569 2.1983953 2.1983953 0.9913169 0.9913169 
t1         1.3744361 1.4396946 2.0310377 0.4714565 1.8942965 1.5901977 1.7786835 3.2381161 1.6785349 0.5504769 0.1307650 1.6785349 1.3744361 0.1073256 0.0000000 1.8942965 1.6785349 1.6785349 0.8239592 0.8239592 
t5         0.7126442 2.4141569 1.8942965 1.3144041 1.3744361 1.5901977 1.6785349 0.8864954 0.7662384 1.2588231 1.7786835 1.3744361 1.2070784 2.4141569 1.8942965 0.0000000 0.2191023 0.2463781 1.3744361 1.3744361 
t8         0.6157354 2.1983953 1.8942965 1.4396946 1.3744361 1.3144041 1.7786835 0.7389627 0.5716050 1.4396946 1.4396946 1.3744361 1.2588231 2.1983953 1.6785349 0.2191023 0.0000000 0.0411062 1.8942965 1.8942965 
t3         0.6388142 2.7182557 2.1983953 1.5111773 1.5111773 1.4396946 1.8942965 0.7126442 0.5716050 1.3744361 1.5111773 1.5111773 1.3744361 2.1983953 1.6785349 0.2463781 0.0411062 0.0000000 1.6785349 1.6785349 
t4         1.3144041 2.7182557 3.2381161 0.7945437 1.3744361 9.0000000 2.7182557 1.7786835 1.7786835 0.5716050 0.8239592 2.7182557 1.8942965 0.9913169 0.8239592 1.3744361 1.8942965 1.6785349 0.0000000 0.0000010 
t9         1.3144041 2.7182557 3.2381161 0.7945437 1.3744361 9.0000000 2.7182557 1.7786835 1.7786835 0.5716050 0.8239592 2.7182557 1.8942965 0.9913169 0.8239592 1.3744361 1.8942965 1.6785349 0.0000010 0.0000000 
