20
t3         0.0000000 1.3144041 0.6157354 1.0703373 0.8239592 0.9913169 0.8864954 0.9547243 0.6626257 0.6626257 0.8545757 0.9913169 0.8864954 1.6785349 0.5504769 0.5504769 1.2588231 1.2070784 1.3744361 1.2070784 
t10        1.3144041 0.0000000 0.7945437 1.3144041 0.8545757 1.0703373 0.9547243 1.7786835 0.9198342 1.2070784 2.1983953 1.0297869 1.2070784 1.4396946 1.6785349 1.7786835 0.7126442 0.6872180 1.5901977 1.5901977 
t17        0.6157354 0.7945437 0.0000000 0.6157354 0.3666350 0.6157354 0.5099265 0.9198342 0.3666350 0.7662384 1.0297869 0.4529370 0.4714565 1.4396946 0.7945437 0.7662384 0.8239592 0.8239592 1.2070784 1.2070784 
t13        1.0703373 1.3144041 0.6157354 0.0000000 0.9198342 1.5111773 1.1586745 1.2588231 0.8864954 1.4396946 1.5901977 1.0703373 1.0703373 1.2588231 0.9547243 1.0297869 1.3144041 1.3144041 1.2070784 1.0703373 
t12        0.8239592 0.8545757 0.3666350 0.9198342 0.0000000 0.3347153 0.2191023 0.7389627 0.1307650 0.9913169 1.6785349 0.5299277 0.5716050 1.3744361 1.3744361 1.2588231 0.9913169 0.9547243 1.2588231 1.3144041 
t8         0.9913169 1.0703373 0.6157354 1.5111773 0.3347153 0.0000000 0.4714565 1.1132061 0.3040988 1.1132061 2.7182557 0.6157354 0.6626257 2.0310377 1.4396946 1.5111773 1.5111773 1.5111773 1.5901977 1.5901977 
t5         0.8864954 0.9547243 0.5099265 1.1586745 0.2191023 0.4714565 0.0000000 0.9198342 0.2746833 1.1132061 2.0310377 0.5716050 0.6157354 1.2070784 1.2588231 1.2588231 1.0703373 1.0297869 1.0703373 1.2070784 
t19        0.9547243 1.7786835 0.9198342 1.2588231 0.7389627 1.1132061 0.9198342 0.0000000 0.7389627 1.3144041 1.4396946 1.0703373 0.9198342 9.0000000 1.2588231 1.5111773 9.0000000 2.4141569 2.4141569 2.4141569 
t1         0.6626257 0.9198342 0.3666350 0.8864954 0.1307650 0.3040988 0.2746833 0.7389627 0.0000000 0.8239592 1.4396946 0.5099265 0.5299277 1.5111773 1.1586745 1.2070784 1.0297869 0.9913169 1.3144041 1.3744361 
t4         0.6626257 1.2070784 0.7662384 1.4396946 0.9913169 1.1132061 1.1132061 1.3144041 0.8239592 0.0000000 0.3666350 0.9198342 1.0703373 2.4141569 1.2070784 1.1586745 1.1132061 1.0703373 2.0310377 1.7786835 
t6         0.8545757 2.1983953 1.0297869 1.5901977 1.6785349 2.7182557 2.0310377 1.4396946 1.4396946 0.3666350 0.0000000 1.1586745 1.1586745 2.0310377 1.3744361 1.5111773 1.3744361 1.3744361 2.0310377 2.0310377 
t15        0.9913169 1.0297869 0.4529370 1.0703373 0.5299277 0.6157354 0.5716050 1.0703373 0.5099265 0.9198342 1.1586745 0.0000000 0.1073256 1.5901977 1.2070784 1.0297869 0.9913169 0.9913169 1.4396946 1.5111773 
t7         0.8864954 1.2070784 0.4714565 1.0703373 0.5716050 0.6626257 0.6157354 0.9198342 0.5299277 1.0703373 1.1586745 0.1073256 0.0000000 1.7786835 1.0703373 0.9913169 1.1586745 1.1586745 1.5901977 1.5901977 
t11        1.6785349 1.4396946 1.4396946 1.2588231 1.3744361 2.0310377 1.2070784 9.0000000 1.5111773 2.4141569 2.0310377 1.5901977 1.7786835 0.0000000 1.5901977 1.4396946 1.2070784 1.4396946 0.1673577 0.1799630 
t18        0.5504769 1.6785349 0.7945437 0.9547243 1.3744361 1.4396946 1.2588231 1.2588231 1.1586745 1.2070784 1.3744361 1.2070784 1.0703373 1.5901977 0.0000000 0.1799630 1.3144041 1.3744361 1.7786835 1.4396946 
t16        0.5504769 1.7786835 0.7662384 1.0297869 1.2588231 1.5111773 1.2588231 1.5111773 1.2070784 1.1586745 1.5111773 1.0297869 0.9913169 1.4396946 0.1799630 0.0000000 1.2070784 1.2070784 1.4396946 1.2070784 
t2         1.2588231 0.7126442 0.8239592 1.3144041 0.9913169 1.5111773 1.0703373 9.0000000 1.0297869 1.1132061 1.3744361 0.9913169 1.1586745 1.2070784 1.3144041 1.2070784 0.0000000 0.0517447 1.2588231 1.2070784 
t20        1.2070784 0.6872180 0.8239592 1.3144041 0.9547243 1.5111773 1.0297869 2.4141569 0.9913169 1.0703373 1.3744361 0.9913169 1.1586745 1.4396946 1.3744361 1.2070784 0.0517447 0.0000000 1.3744361 1.4396946 
t9         1.3744361 1.5901977 1.2070784 1.2070784 1.2588231 1.5901977 1.0703373 2.4141569 1.3144041 2.0310377 2.0310377 1.4396946 1.5901977 0.1673577 1.7786835 1.4396946 1.2588231 1.3744361 0.0000000 0.0734853 
t14        1.2070784 1.5901977 1.2070784 1.0703373 1.3144041 1.5901977 1.2070784 2.4141569 1.3744361 1.7786835 2.0310377 1.5111773 1.5901977 0.1799630 1.4396946 1.2070784 1.2070784 1.4396946 0.0734853 0.0000000 
