20
t12        0.0000000 1.3744361 0.3999739 0.6388142 0.6388142 0.7389627 0.9547243 0.8864954 0.7945437 0.7389627 3.2381161 1.0703373 0.8239592 0.7945437 0.6872180 0.4904449 1.1586745 1.5111773 0.9198342 1.1586745 
t5         1.3744361 0.0000000 1.4396946 1.5111773 2.4141569 9.0000000 1.6785349 2.1983953 2.1983953 1.8942965 9.0000000 1.8942965 1.5111773 2.0310377 1.8942965 1.7786835 2.0310377 1.7786835 1.3144041 1.4396946 
t17        0.3999739 1.4396946 0.0000000 0.5099265 0.5716050 0.4348639 0.7945437 0.4904449 0.3505054 0.6872180 1.7786835 0.6626257 0.6157354 0.6626257 0.8864954 0.5299277 0.9198342 1.1132061 0.7662384 0.8545757 
t20        0.6388142 1.5111773 0.5099265 0.0000000 0.7389627 0.8545757 0.8239592 0.9547243 0.8545757 1.1132061 2.0310377 0.9547243 0.8864954 0.9198342 1.2070784 0.7945437 1.0297869 1.3744361 0.7662384 0.7945437 
t16        0.6388142 2.4141569 0.5716050 0.7389627 0.0000000 0.5299277 1.7786835 0.8864954 0.8545757 0.8864954 2.0310377 1.1132061 0.8239592 0.9198342 1.3144041 0.7662384 1.1132061 0.9547243 1.2588231 1.2070784 
t6         0.7389627 9.0000000 0.4348639 0.8545757 0.5299277 0.0000000 1.1586745 0.7662384 0.6872180 0.9913169 9.0000000 1.0297869 0.8545757 0.9198342 1.1586745 0.8545757 1.0297869 1.1132061 0.9913169 1.1132061 
t19        0.9547243 1.6785349 0.7945437 0.8239592 1.7786835 1.1586745 0.0000000 1.1132061 0.7945437 1.1586745 2.4141569 1.5111773 1.3144041 1.3144041 1.3144041 1.4396946 1.2588231 1.8942965 1.0297869 1.2588231 
t2         0.8864954 2.1983953 0.4904449 0.9547243 0.8864954 0.7662384 1.1132061 0.0000000 0.2603971 1.2070784 1.3744361 0.8545757 1.1132061 0.9547243 1.2070784 0.9198342 1.7786835 1.4396946 1.3144041 1.2588231 
t4         0.7945437 2.1983953 0.3505054 0.8545757 0.8545757 0.6872180 0.7945437 0.2603971 0.0000000 0.9547243 1.1132061 0.6872180 0.9547243 1.0297869 1.1586745 0.9198342 1.5901977 1.6785349 1.2588231 1.3744361 
t8         0.7389627 1.8942965 0.6872180 1.1132061 0.8864954 0.9913169 1.1586745 1.2070784 0.9547243 0.0000000 9.0000000 1.1586745 0.3999739 0.4172160 1.4396946 0.8545757 1.1132061 1.3144041 1.7786835 2.1983953 
t1         3.2381161 9.0000000 1.7786835 2.0310377 2.0310377 9.0000000 2.4141569 1.3744361 1.1132061 9.0000000 0.0000000 1.0703373 3.2381161 9.0000000 9.0000000 2.0310377 9.0000000 2.7182557 2.7182557 9.0000000 
t3         1.0703373 1.8942965 0.6626257 0.9547243 1.1132061 1.0297869 1.5111773 0.8545757 0.6872180 1.1586745 1.0703373 0.0000000 0.9913169 1.0703373 1.8942965 1.0703373 1.6785349 1.5111773 1.5901977 1.3744361 
t13        0.8239592 1.5111773 0.6157354 0.8864954 0.8239592 0.8545757 1.3144041 1.1132061 0.9547243 0.3999739 3.2381161 0.9913169 0.0000000 0.2463781 1.2588231 0.7662384 1.0297869 1.3744361 1.2588231 1.5111773 
t7         0.7945437 2.0310377 0.6626257 0.9198342 0.9198342 0.9198342 1.3144041 0.9547243 1.0297869 0.4172160 9.0000000 1.0703373 0.2463781 0.0000000 1.5111773 0.8864954 1.1586745 1.0703373 1.6785349 1.6785349 
t18        0.6872180 1.8942965 0.8864954 1.2070784 1.3144041 1.1586745 1.3144041 1.2070784 1.1586745 1.4396946 9.0000000 1.8942965 1.2588231 1.5111773 0.0000000 0.4714565 1.4396946 2.4141569 1.5111773 2.0310377 
t11        0.4904449 1.7786835 0.5299277 0.7945437 0.7662384 0.8545757 1.4396946 0.9198342 0.9198342 0.8545757 2.0310377 1.0703373 0.7662384 0.8864954 0.4714565 0.0000000 0.9547243 1.3744361 1.0297869 1.4396946 
t15        1.1586745 2.0310377 0.9198342 1.0297869 1.1132061 1.0297869 1.2588231 1.7786835 1.5901977 1.1132061 9.0000000 1.6785349 1.0297869 1.1586745 1.4396946 0.9547243 0.0000000 0.6388142 1.3744361 1.7786835 
t14        1.5111773 1.7786835 1.1132061 1.3744361 0.9547243 1.1132061 1.8942965 1.4396946 1.6785349 1.3144041 2.7182557 1.5111773 1.3744361 1.0703373 2.4141569 1.3744361 0.6388142 0.0000000 1.2070784 1.0703373 
t9         0.9198342 1.3144041 0.7662384 0.7662384 1.2588231 0.9913169 1.0297869 1.3144041 1.2588231 1.7786835 2.7182557 1.5901977 1.2588231 1.6785349 1.5111773 1.0297869 1.3744361 1.2070784 0.0000000 0.1549607 
t10        1.1586745 1.4396946 0.8545757 0.7945437 1.2070784 1.1132061 1.2588231 1.2588231 1.3744361 2.1983953 9.0000000 1.3744361 1.5111773 1.6785349 2.0310377 1.4396946 1.7786835 1.0703373 0.1549607 0.0000000 
