20
t20        0.0000000 0.9913169 1.0297869 1.1586745 2.0310377 1.1586745 0.9547243 1.6785349 1.2070784 1.2070784 1.7786835 9.0000000 1.5111773 0.8239592 0.8545757 1.6785349 1.4396946 1.5111773 1.5111773 1.5901977 
t8         0.9913169 0.0000000 1.3744361 2.4141569 2.4141569 2.0310377 1.6785349 3.2381161 1.8942965 1.3744361 1.6785349 2.4141569 9.0000000 0.9913169 1.0703373 9.0000000 2.4141569 3.2381161 2.1983953 2.1983953 
t11        1.0297869 1.3744361 0.0000000 1.1586745 2.0310377 1.1132061 1.1586745 1.2588231 1.4396946 1.6785349 2.4141569 1.8942965 2.4141569 0.8864954 0.9198342 2.4141569 1.7786835 2.4141569 1.8942965 1.7786835 
t16        1.1586745 2.4141569 1.1586745 0.0000000 1.7786835 0.5933457 0.7126442 1.8942965 1.2070784 1.2070784 1.3744361 1.7786835 1.6785349 1.2588231 1.1586745 1.8942965 1.5901977 2.1983953 1.6785349 2.0310377 
t17        2.0310377 2.4141569 2.0310377 1.7786835 0.0000000 1.2070784 1.2588231 2.1983953 1.7786835 2.1983953 3.2381161 9.0000000 3.2381161 1.8942965 1.8942965 9.0000000 9.0000000 9.0000000 9.0000000 9.0000000 
t12        1.1586745 2.0310377 1.1132061 0.5933457 1.2070784 0.0000000 0.3666350 1.5901977 1.1132061 1.8942965 1.3144041 1.7786835 2.7182557 1.3744361 1.3144041 2.7182557 2.7182557 9.0000000 1.7786835 2.0310377 
t13        0.9547243 1.6785349 1.1586745 0.7126442 1.2588231 0.3666350 0.0000000 1.2588231 0.9547243 1.2588231 1.3744361 1.5901977 1.3744361 1.0703373 1.2070784 1.5901977 1.5111773 1.6785349 1.1586745 1.2588231 
t19        1.6785349 3.2381161 1.2588231 1.8942965 2.1983953 1.5901977 1.2588231 0.0000000 9.0000000 3.2381161 0.9547243 1.0297869 1.8942965 1.5901977 1.2588231 9.0000000 1.8942965 2.1983953 2.0310377 3.2381161 
t6         1.2070784 1.8942965 1.4396946 1.2070784 1.7786835 1.1132061 0.9547243 9.0000000 0.0000000 0.5299277 9.0000000 1.5901977 0.9198342 1.1132061 1.5111773 0.9547243 0.9198342 1.0297869 1.0703373 1.0703373 
t2         1.2070784 1.3744361 1.6785349 1.2070784 2.1983953 1.8942965 1.2588231 3.2381161 0.5299277 0.0000000 2.0310377 1.8942965 1.0703373 0.9547243 1.4396946 0.9198342 0.8239592 1.1132061 1.2588231 1.3744361 
t1         1.7786835 1.6785349 2.4141569 1.3744361 3.2381161 1.3144041 1.3744361 0.9547243 9.0000000 2.0310377 0.0000000 0.5299277 2.4141569 1.6785349 1.3144041 2.1983953 1.5111773 1.8942965 9.0000000 9.0000000 
t10        9.0000000 2.4141569 1.8942965 1.7786835 9.0000000 1.7786835 1.5901977 1.0297869 1.5901977 1.8942965 0.5299277 0.0000000 2.0310377 1.5901977 1.5901977 1.8942965 1.6785349 1.7786835 2.4141569 2.0310377 
t15        1.5111773 9.0000000 2.4141569 1.6785349 3.2381161 2.7182557 1.3744361 1.8942965 0.9198342 1.0703373 2.4141569 2.0310377 0.0000000 2.0310377 1.8942965 0.5299277 0.5299277 0.6157354 1.3144041 1.5111773 
t14        0.8239592 0.9913169 0.8864954 1.2588231 1.8942965 1.3744361 1.0703373 1.5901977 1.1132061 0.9547243 1.6785349 1.5901977 2.0310377 0.0000000 0.2892469 1.3744361 1.2588231 1.4396946 1.2588231 1.5901977 
t18        0.8545757 1.0703373 0.9198342 1.1586745 1.8942965 1.3144041 1.2070784 1.2588231 1.5111773 1.4396946 1.3144041 1.5901977 1.8942965 0.2892469 0.0000000 1.8942965 1.5901977 1.6785349 1.7786835 2.0310377 
t9         1.6785349 9.0000000 2.4141569 1.8942965 9.0000000 2.7182557 1.5901977 9.0000000 0.9547243 0.9198342 2.1983953 1.8942965 0.5299277 1.3744361 1.8942965 0.0000000 0.1549607 0.1673577 1.1586745 1.1132061 
t4         1.4396946 2.4141569 1.7786835 1.5901977 9.0000000 2.7182557 1.5111773 1.8942965 0.9198342 0.8239592 1.5111773 1.6785349 0.5299277 1.2588231 1.5901977 0.1549607 0.0000000 0.1927838 1.1586745 1.1586745 
t5         1.5111773 3.2381161 2.4141569 2.1983953 9.0000000 9.0000000 1.6785349 2.1983953 1.0297869 1.1132061 1.8942965 1.7786835 0.6157354 1.4396946 1.6785349 0.1673577 0.1927838 0.0000000 1.2588231 1.2588231 
t7         1.5111773 2.1983953 1.8942965 1.6785349 9.0000000 1.7786835 1.1586745 2.0310377 1.0703373 1.2588231 9.0000000 2.4141569 1.3144041 1.2588231 1.7786835 1.1586745 1.1586745 1.2588231 0.0000000 0.1189538 
t3         1.5901977 2.1983953 1.7786835 2.0310377 9.0000000 2.0310377 1.2588231 3.2381161 1.0703373 1.3744361 9.0000000 2.0310377 1.5111773 1.5901977 2.0310377 1.1132061 1.1586745 1.2588231 0.1189538 0.0000000 
