20
t20        0.0000000 1.1586745 0.7945437 0.5933457 1.0297869 1.1586745 0.8545757 0.8545757 1.3744361 0.9198342 0.9547243 1.6785349 1.0703373 0.9913169 1.0703373 1.0703373 0.8239592 0.8239592 0.9547243 0.9547243 
t15        1.1586745 0.0000000 0.9198342 0.8239592 1.1132061 1.6785349 1.3744361 1.5111773 1.4396946 1.2070784 1.2588231 1.6785349 1.5111773 1.3744361 1.4396946 1.3744361 1.7786835 1.5901977 1.2070784 1.2070784 
t12        0.7945437 0.9198342 0.0000000 0.3831192 0.8545757 1.0297869 0.8239592 0.9913169 1.5901977 0.9198342 0.9913169 1.4396946 1.2588231 0.9547243 0.8864954 0.9547243 1.0297869 1.0703373 0.7945437 0.7945437 
t14        0.5933457 0.8239592 0.3831192 0.0000000 0.7662384 0.7662384 0.6626257 0.7126442 0.9547243 0.7389627 0.7389627 1.3144041 0.8864954 0.6872180 0.7662384 0.8545757 0.9198342 0.8864954 0.7945437 0.7945437 
t6         1.0297869 1.1132061 0.8545757 0.7662384 0.0000000 0.7945437 0.7126442 0.9913169 0.6626257 0.2603971 0.7126442 0.7126442 1.2588231 0.9547243 0.6157354 0.7126442 0.9913169 0.8864954 0.5716050 0.5716050 
t13        1.1586745 1.6785349 1.0297869 0.7662384 0.7945437 0.0000000 0.6626257 0.7389627 1.2070784 0.5933457 1.1586745 1.1586745 0.4348639 0.2892469 0.5933457 0.5933457 0.6626257 0.6388142 0.8545757 0.8545757 
t2         0.8545757 1.3744361 0.8239592 0.6626257 0.7126442 0.6626257 0.0000000 0.2892469 1.0703373 0.6388142 0.9547243 1.0703373 0.8545757 0.6626257 0.5299277 0.5933457 0.5099265 0.4904449 0.7389627 0.7389627 
t18        0.8545757 1.5111773 0.9913169 0.7126442 0.9913169 0.7389627 0.2892469 0.0000000 1.1132061 0.8239592 1.2588231 1.8942965 0.8864954 0.7389627 0.5504769 0.5933457 0.5099265 0.5299277 0.9198342 0.9198342 
t7         1.3744361 1.4396946 1.5901977 0.9547243 0.6626257 1.2070784 1.0703373 1.1132061 0.0000000 0.4714565 0.9913169 0.8545757 1.5111773 1.0297869 1.1586745 1.2588231 1.1132061 1.1132061 1.0703373 1.0703373 
t1         0.9198342 1.2070784 0.9198342 0.7389627 0.2603971 0.5933457 0.6388142 0.8239592 0.4714565 0.0000000 0.5099265 0.4904449 0.7945437 0.6157354 0.6157354 0.5933457 0.7126442 0.7389627 0.4529370 0.4529370 
t4         0.9547243 1.2588231 0.9913169 0.7389627 0.7126442 1.1586745 0.9547243 1.2588231 0.9913169 0.5099265 0.0000000 0.7945437 1.2070784 1.0703373 1.0297869 1.0297869 1.2070784 1.1586745 0.9198342 0.9198342 
t5         1.6785349 1.6785349 1.4396946 1.3144041 0.7126442 1.1586745 1.0703373 1.8942965 0.8545757 0.4904449 0.7945437 0.0000000 1.3144041 1.0703373 1.0297869 1.0297869 1.5901977 1.3744361 0.9547243 0.9547243 
t11        1.0703373 1.5111773 1.2588231 0.8864954 1.2588231 0.4348639 0.8545757 0.8864954 1.5111773 0.7945437 1.2070784 1.3144041 0.0000000 0.2463781 0.7389627 0.7945437 0.8545757 0.8545757 0.9198342 0.9198342 
t19        0.9913169 1.3744361 0.9547243 0.6872180 0.9547243 0.2892469 0.6626257 0.7389627 1.0297869 0.6157354 1.0703373 1.0703373 0.2463781 0.0000000 0.6626257 0.5933457 0.6388142 0.6388142 0.8545757 0.8545757 
t10        1.0703373 1.4396946 0.8864954 0.7662384 0.6157354 0.5933457 0.5299277 0.5504769 1.1586745 0.6157354 1.0297869 1.0297869 0.7389627 0.6626257 0.0000000 0.1549607 0.6626257 0.6388142 0.6872180 0.6872180 
t16        1.0703373 1.3744361 0.9547243 0.8545757 0.7126442 0.5933457 0.5933457 0.5933457 1.2588231 0.5933457 1.0297869 1.0297869 0.7945437 0.5933457 0.1549607 0.0000000 0.6872180 0.7662384 0.7662384 0.7662384 
t17        0.8239592 1.7786835 1.0297869 0.9198342 0.9913169 0.6626257 0.5099265 0.5099265 1.1132061 0.7126442 1.2070784 1.5901977 0.8545757 0.6388142 0.6626257 0.6872180 0.0000000 0.0625362 0.8239592 0.8239592 
t8         0.8239592 1.5901977 1.0703373 0.8864954 0.8864954 0.6388142 0.4904449 0.5299277 1.1132061 0.7389627 1.1586745 1.3744361 0.8545757 0.6388142 0.6388142 0.7662384 0.0625362 0.0000000 0.8239592 0.8239592 
t9         0.9547243 1.2070784 0.7945437 0.7945437 0.5716050 0.8545757 0.7389627 0.9198342 1.0703373 0.4529370 0.9198342 0.9547243 0.9198342 0.8545757 0.6872180 0.7662384 0.8239592 0.8239592 0.0000000 0.0000010 
t3         0.9547243 1.2070784 0.7945437 0.7945437 0.5716050 0.8545757 0.7389627 0.9198342 1.0703373 0.4529370 0.9198342 0.9547243 0.9198342 0.8545757 0.6872180 0.7662384 0.8239592 0.8239592 0.0000010 0.0000000 
