20
t3         0.0000000 0.9547243 0.8239592 0.7662384 0.8239592 1.5901977 1.2588231 0.7945437 0.9547243 0.7662384 0.9547243 0.8239592 0.9913169 0.6872180 0.6626257 0.7662384 1.2588231 0.9913169 0.9198342 1.0703373 
t20        0.9547243 0.0000000 1.5111773 1.3744361 1.5111773 1.3144041 1.1132061 1.3744361 2.0310377 0.7389627 0.9547243 1.0297869 1.2070784 0.8239592 0.7662384 0.7945437 1.3144041 1.0703373 1.3144041 1.3744361 
t6         0.8239592 1.5111773 0.0000000 1.0297869 0.8864954 1.0297869 1.2070784 1.1586745 1.3144041 1.2070784 1.2588231 1.0297869 1.1132061 1.0297869 1.1132061 1.0703373 1.1586745 1.1586745 1.1586745 1.2070784 
t17        0.7662384 1.3744361 1.0297869 0.0000000 0.5299277 1.3744361 1.1586745 0.8545757 1.0703373 0.7662384 1.1132061 0.6872180 0.9198342 0.8545757 0.7945437 0.9198342 1.2588231 1.0703373 0.9198342 0.9198342 
t13        0.8239592 1.5111773 0.8864954 0.5299277 0.0000000 1.2070784 1.4396946 1.1586745 1.2070784 0.8545757 1.0703373 0.7389627 1.2588231 0.9913169 0.9547243 1.1586745 1.3144041 1.0297869 1.3144041 1.3744361 
t14        1.5901977 1.3144041 1.0297869 1.3744361 1.2070784 0.0000000 0.6157354 1.3144041 1.4396946 1.2070784 1.1132061 0.9547243 1.3744361 0.9547243 0.9547243 0.8239592 0.8864954 0.6872180 1.5111773 1.3744361 
t11        1.2588231 1.1132061 1.2070784 1.1586745 1.4396946 0.6157354 0.0000000 1.1586745 1.4396946 0.9547243 1.2070784 0.9913169 1.3144041 0.9547243 0.9547243 0.8545757 0.9198342 0.6626257 1.2070784 1.2588231 
t2         0.7945437 1.3744361 1.1586745 0.8545757 1.1586745 1.3144041 1.1586745 0.0000000 0.3666350 0.8545757 1.2070784 0.7662384 0.2892469 0.8545757 0.8545757 0.9198342 1.2588231 1.1132061 0.2191023 0.3192509 
t8         0.9547243 2.0310377 1.3144041 1.0703373 1.2070784 1.4396946 1.4396946 0.3666350 0.0000000 1.0297869 1.7786835 1.0703373 0.5504769 1.2588231 1.2070784 1.3144041 1.3744361 1.0297869 0.4904449 0.6157354 
t1         0.7662384 0.7389627 1.2070784 0.7662384 0.8545757 1.2070784 0.9547243 0.8545757 1.0297869 0.0000000 0.5299277 0.3666350 1.1132061 0.4904449 0.5099265 0.5504769 1.2588231 0.9913169 1.1132061 0.9913169 
t10        0.9547243 0.9547243 1.2588231 1.1132061 1.0703373 1.1132061 1.2070784 1.2070784 1.7786835 0.5299277 0.0000000 0.7126442 1.5901977 0.8545757 0.8545757 0.8864954 1.7786835 1.2070784 1.5111773 1.4396946 
t9         0.8239592 1.0297869 1.0297869 0.6872180 0.7389627 0.9547243 0.9913169 0.7662384 1.0703373 0.3666350 0.7126442 0.0000000 1.1586745 0.6157354 0.6157354 0.6626257 1.2070784 0.9198342 1.1586745 0.9913169 
t15        0.9913169 1.2070784 1.1132061 0.9198342 1.2588231 1.3744361 1.3144041 0.2892469 0.5504769 1.1132061 1.5901977 1.1586745 0.0000000 1.1586745 1.2070784 1.3144041 1.2070784 1.1586745 0.1427653 0.1927838 
t5         0.6872180 0.8239592 1.0297869 0.8545757 0.9913169 0.9547243 0.9547243 0.8545757 1.2588231 0.4904449 0.8545757 0.6157354 1.1586745 0.0000000 0.0625362 0.0958750 1.3144041 0.8545757 1.0703373 1.3144041 
t16        0.6626257 0.7662384 1.1132061 0.7945437 0.9547243 0.9547243 0.9547243 0.8545757 1.2070784 0.5099265 0.8545757 0.6157354 1.2070784 0.0625362 0.0000000 0.1189538 1.2588231 0.7945437 1.1132061 1.3144041 
t4         0.7662384 0.7945437 1.0703373 0.9198342 1.1586745 0.8239592 0.8545757 0.9198342 1.3144041 0.5504769 0.8864954 0.6626257 1.3144041 0.0958750 0.1189538 0.0000000 1.2588231 0.8545757 1.2070784 1.3744361 
t12        1.2588231 1.3144041 1.1586745 1.2588231 1.3144041 0.8864954 0.9198342 1.2588231 1.3744361 1.2588231 1.7786835 1.2070784 1.2070784 1.3144041 1.2588231 1.2588231 0.0000000 0.2603971 1.4396946 1.4396946 
t19        0.9913169 1.0703373 1.1586745 1.0703373 1.0297869 0.6872180 0.6626257 1.1132061 1.0297869 0.9913169 1.2070784 0.9198342 1.1586745 0.8545757 0.7945437 0.8545757 0.2603971 0.0000000 1.1586745 1.2070784 
t18        0.9198342 1.3144041 1.1586745 0.9198342 1.3144041 1.5111773 1.2070784 0.2191023 0.4904449 1.1132061 1.5111773 1.1586745 0.1427653 1.0703373 1.1132061 1.2070784 1.4396946 1.1586745 0.0000000 0.1427653 
t7         1.0703373 1.3744361 1.2070784 0.9198342 1.3744361 1.3744361 1.2588231 0.3192509 0.6157354 0.9913169 1.4396946 0.9913169 0.1927838 1.3144041 1.3144041 1.3744361 1.4396946 1.2070784 0.1427653 0.0000000 
