20
t11        0.0000000 0.5099265 0.6388142 0.7662384 1.5901977 1.2070784 1.3144041 1.0703373 0.7945437 0.7945437 1.2588231 1.2588231 1.1586745 1.0703373 0.8545757 0.9547243 1.1132061 1.1586745 1.1586745 1.2070784 
t8         0.5099265 0.0000000 0.1549607 0.3666350 0.8239592 0.7945437 0.7945437 0.6157354 0.3192509 0.4904449 0.7389627 0.6872180 0.6157354 0.5299277 0.3666350 0.3999739 0.5504769 0.5504769 0.7662384 0.7945437 
t6         0.6388142 0.1549607 0.0000000 0.3666350 0.9198342 0.7662384 0.6872180 0.5933457 0.3192509 0.5716050 0.7662384 0.7389627 0.5716050 0.4714565 0.4172160 0.4172160 0.4904449 0.4904449 0.7662384 0.7945437 
t1         0.7662384 0.3666350 0.3666350 0.0000000 1.0703373 1.0703373 0.9913169 0.7945437 0.6388142 0.9547243 0.9547243 0.9913169 0.7945437 0.7126442 0.6872180 0.7945437 0.7389627 0.7126442 0.9913169 1.0297869 
t3         1.5901977 0.8239592 0.9198342 1.0703373 0.0000000 0.4714565 0.5299277 0.6872180 0.7945437 0.9547243 1.0703373 1.0297869 0.7945437 0.7389627 0.8545757 0.8545757 0.7662384 0.8239592 1.2070784 1.2588231 
t17        1.2070784 0.7945437 0.7662384 1.0703373 0.4714565 0.0000000 0.1673577 0.6157354 0.7389627 0.8239592 0.9913169 0.9198342 0.5933457 0.5504769 0.8545757 0.9198342 0.5716050 0.6157354 0.9547243 0.9913169 
t5         1.3144041 0.7945437 0.6872180 0.9913169 0.5299277 0.1673577 0.0000000 0.6626257 0.7126442 0.8864954 0.8864954 0.8545757 0.6157354 0.5933457 0.8864954 0.8864954 0.6157354 0.6626257 0.8545757 0.8545757 
t18        1.0703373 0.6157354 0.5933457 0.7945437 0.6872180 0.6157354 0.6626257 0.0000000 0.5933457 0.6872180 0.8864954 0.8545757 0.2058276 0.1799630 0.6626257 0.7389627 0.1927838 0.2326162 0.9547243 0.9913169 
t19        0.7945437 0.3192509 0.3192509 0.6388142 0.7945437 0.7389627 0.7126442 0.5933457 0.0000000 0.2746833 0.5933457 0.5716050 0.5716050 0.5716050 0.3666350 0.3831192 0.5933457 0.6626257 0.6872180 0.7126442 
t14        0.7945437 0.4904449 0.5716050 0.9547243 0.9547243 0.8239592 0.8864954 0.6872180 0.2746833 0.0000000 0.7662384 0.7389627 0.8239592 0.7945437 0.5716050 0.5933457 0.8239592 0.8545757 0.8864954 0.9198342 
t13        1.2588231 0.7389627 0.7662384 0.9547243 1.0703373 0.9913169 0.8864954 0.8864954 0.5933457 0.7662384 0.0000000 0.0306165 0.8864954 0.8239592 0.7662384 0.8239592 0.8545757 0.9198342 0.1799630 0.1927838 
t2         1.2588231 0.6872180 0.7389627 0.9913169 1.0297869 0.9198342 0.8545757 0.8545757 0.5716050 0.7389627 0.0306165 0.0000000 0.8545757 0.7662384 0.7126442 0.7662384 0.7945437 0.8545757 0.1549607 0.1673577 
t7         1.1586745 0.6157354 0.5716050 0.7945437 0.7945437 0.5933457 0.6157354 0.2058276 0.5716050 0.8239592 0.8864954 0.8545757 0.0000000 0.0625362 0.6872180 0.7662384 0.0734853 0.1073256 0.8545757 0.8864954 
t9         1.0703373 0.5299277 0.4714565 0.7126442 0.7389627 0.5504769 0.5933457 0.1799630 0.5716050 0.7945437 0.8239592 0.7662384 0.0625362 0.0000000 0.6157354 0.6872180 0.0100673 0.0411062 0.7662384 0.7945437 
t4         0.8545757 0.3666350 0.4172160 0.6872180 0.8545757 0.8545757 0.8864954 0.6626257 0.3666350 0.5716050 0.7662384 0.7126442 0.6872180 0.6157354 0.0000000 0.0625362 0.6388142 0.6626257 0.7662384 0.7945437 
t10        0.9547243 0.3999739 0.4172160 0.7945437 0.8545757 0.9198342 0.8864954 0.7389627 0.3831192 0.5933457 0.8239592 0.7662384 0.7662384 0.6872180 0.0625362 0.0000000 0.7126442 0.7389627 0.7945437 0.8239592 
t16        1.1132061 0.5504769 0.4904449 0.7389627 0.7662384 0.5716050 0.6157354 0.1927838 0.5933457 0.8239592 0.8545757 0.7945437 0.0734853 0.0100673 0.6388142 0.7126442 0.0000000 0.0306165 0.7945437 0.8239592 
t15        1.1586745 0.5504769 0.4904449 0.7126442 0.8239592 0.6157354 0.6626257 0.2326162 0.6626257 0.8545757 0.9198342 0.8545757 0.1073256 0.0411062 0.6626257 0.7389627 0.0306165 0.0000000 0.8545757 0.8864954 
t20        1.1586745 0.7662384 0.7662384 0.9913169 1.2070784 0.9547243 0.8545757 0.9547243 0.6872180 0.8864954 0.1799630 0.1549607 0.8545757 0.7662384 0.7662384 0.7945437 0.7945437 0.8545757 0.0000000 0.0100673 
t12        1.2070784 0.7945437 0.7945437 1.0297869 1.2588231 0.9913169 0.8545757 0.9913169 0.7126442 0.9198342 0.1927838 0.1673577 0.8864954 0.7945437 0.7945437 0.8239592 0.8239592 0.8864954 0.0100673 0.0000000 
