20
t12        0.0000000 0.8239592 0.7126442 0.8239592 0.7662384 0.6388142 0.6626257 0.3831192 0.3831192 0.4348639 0.7389627 0.7389627 0.7945437 0.3192509 0.2892469 0.3040988 0.3192509 0.3831192 1.5901977 1.5901977 
t8         0.8239592 0.0000000 0.2603971 0.9913169 0.9198342 0.3505054 1.2070784 0.9547243 0.9913169 0.8239592 0.9198342 0.3505054 0.3666350 0.9198342 0.8545757 0.9198342 0.7389627 0.7945437 1.1586745 1.1586745 
t1         0.7126442 0.2603971 0.0000000 1.1132061 1.1132061 0.1427653 1.0297869 0.7945437 0.8545757 0.8545757 0.9547243 0.1427653 0.1549607 0.7389627 0.6872180 0.7389627 0.6872180 0.6872180 1.5111773 1.5111773 
t17        0.8239592 0.9913169 1.1132061 0.0000000 0.3040988 1.1586745 0.9198342 0.7662384 0.7126442 0.8545757 0.1927838 1.1586745 1.1586745 0.6626257 0.6157354 0.6388142 0.6872180 0.7945437 1.5901977 1.5901977 
t13        0.7662384 0.9198342 1.1132061 0.3040988 0.0000000 1.1132061 0.8545757 0.7945437 0.6157354 0.8545757 0.1927838 1.3144041 1.2588231 0.6157354 0.5933457 0.6626257 0.7126442 0.7945437 1.5111773 1.5111773 
t5         0.6388142 0.3505054 0.1427653 1.1586745 1.1132061 0.0000000 1.0703373 0.7662384 0.8239592 0.7945437 0.9547243 0.1549607 0.1673577 0.6872180 0.6626257 0.6872180 0.6388142 0.6388142 2.0310377 1.8942965 
t11        0.6626257 1.2070784 1.0297869 0.9198342 0.8545757 1.0703373 0.0000000 0.5099265 0.4904449 0.6626257 0.8864954 1.2588231 1.2070784 0.4172160 0.3831192 0.4172160 0.5716050 0.6872180 1.7786835 1.7786835 
t15        0.3831192 0.9547243 0.7945437 0.7662384 0.7945437 0.7662384 0.5099265 0.0000000 0.1073256 0.3666350 0.7662384 0.9198342 0.8864954 0.1673577 0.1307650 0.1307650 0.2603971 0.3505054 2.4141569 2.4141569 
t3         0.3831192 0.9913169 0.8545757 0.7126442 0.6157354 0.8239592 0.4904449 0.1073256 0.0000000 0.3999739 0.7126442 0.9913169 0.9547243 0.1673577 0.1549607 0.1673577 0.3192509 0.3999739 1.7786835 1.7786835 
t20        0.4348639 0.8239592 0.8545757 0.8545757 0.8545757 0.7945437 0.6626257 0.3666350 0.3999739 0.0000000 0.7662384 0.7945437 0.8239592 0.3505054 0.3040988 0.3192509 0.0958750 0.1927838 2.1983953 2.1983953 
t7         0.7389627 0.9198342 0.9547243 0.1927838 0.1927838 0.9547243 0.8864954 0.7662384 0.7126442 0.7662384 0.0000000 1.1132061 1.1132061 0.6388142 0.5933457 0.6157354 0.6388142 0.7126442 1.4396946 1.4396946 
t4         0.7389627 0.3505054 0.1427653 1.1586745 1.3144041 0.1549607 1.2588231 0.9198342 0.9913169 0.7945437 1.1132061 0.0000000 0.0625362 0.8239592 0.7662384 0.7662384 0.7389627 0.7389627 1.4396946 1.4396946 
t18        0.7945437 0.3666350 0.1549607 1.1586745 1.2588231 0.1673577 1.2070784 0.8864954 0.9547243 0.8239592 1.1132061 0.0625362 0.0000000 0.8239592 0.7662384 0.7662384 0.7662384 0.7662384 1.7786835 1.7786835 
t16        0.3192509 0.9198342 0.7389627 0.6626257 0.6157354 0.6872180 0.4172160 0.1673577 0.1673577 0.3505054 0.6388142 0.8239592 0.8239592 0.0000000 0.0517447 0.0625362 0.2463781 0.3666350 1.7786835 1.7786835 
t9         0.2892469 0.8545757 0.6872180 0.6157354 0.5933457 0.6626257 0.3831192 0.1307650 0.1549607 0.3040988 0.5933457 0.7662384 0.7662384 0.0517447 0.0000000 0.0306165 0.2058276 0.3192509 1.6785349 1.6785349 
t10        0.3040988 0.9198342 0.7389627 0.6388142 0.6626257 0.6872180 0.4172160 0.1307650 0.1673577 0.3192509 0.6157354 0.7662384 0.7662384 0.0625362 0.0306165 0.0000000 0.2191023 0.3347153 1.6785349 1.6785349 
t14        0.3192509 0.7389627 0.6872180 0.6872180 0.7126442 0.6388142 0.5716050 0.2603971 0.3192509 0.0958750 0.6388142 0.7389627 0.7662384 0.2463781 0.2058276 0.2191023 0.0000000 0.0845966 2.0310377 2.0310377 
t19        0.3831192 0.7945437 0.6872180 0.7945437 0.7945437 0.6388142 0.6872180 0.3505054 0.3999739 0.1927838 0.7126442 0.7389627 0.7662384 0.3666350 0.3192509 0.3347153 0.0845966 0.0000000 2.1983953 2.1983953 
t2         1.5901977 1.1586745 1.5111773 1.5901977 1.5111773 2.0310377 1.7786835 2.4141569 1.7786835 2.1983953 1.4396946 1.4396946 1.7786835 1.7786835 1.6785349 1.6785349 2.0310377 2.1983953 0.0000000 0.0202715 
t6         1.5901977 1.1586745 1.5111773 1.5901977 1.5111773 1.8942965 1.7786835 2.4141569 1.7786835 2.1983953 1.4396946 1.4396946 1.7786835 1.7786835 1.6785349 1.6785349 2.0310377 2.1983953 0.0202715 0.0000000 
