20
t5         0.0000000 1.2070784 0.7126442 0.7945437 0.8545757 0.7945437 0.7389627 0.6626257 0.6157354 1.0703373 0.9913169 1.0297869 0.6388142 0.6157354 0.8545757 0.9913169 0.7945437 0.8239592 1.0703373 1.2588231 
t6         1.2070784 0.0000000 0.5716050 0.7945437 0.7126442 0.7662384 0.4904449 0.8239592 0.7389627 0.7126442 0.6626257 0.5716050 0.5933457 0.6626257 0.6626257 0.7126442 0.5299277 0.5504769 0.9547243 0.9198342 
t9         0.7126442 0.5716050 0.0000000 0.6872180 0.6157354 0.7389627 0.3347153 0.6388142 0.5504769 0.3347153 0.5299277 0.5099265 0.4172160 0.4529370 0.2746833 0.3347153 0.2463781 0.2603971 0.7945437 0.8239592 
t13        0.7945437 0.7945437 0.6872180 0.0000000 0.3040988 0.6388142 0.6626257 0.8239592 0.7389627 1.0297869 0.8545757 0.9547243 0.7389627 0.7389627 0.7126442 0.8545757 0.7662384 0.7662384 0.8239592 0.8864954 
t8         0.8545757 0.7126442 0.6157354 0.3040988 0.0000000 0.5933457 0.6157354 0.7662384 0.6872180 0.8239592 0.7945437 0.8545757 0.6388142 0.7126442 0.6157354 0.7662384 0.6626257 0.6872180 0.7126442 0.7389627 
t10        0.7945437 0.7662384 0.7389627 0.6388142 0.5933457 0.0000000 0.6872180 0.9547243 0.8545757 1.0297869 0.9198342 0.7662384 0.6388142 0.7389627 0.7389627 0.8864954 0.7389627 0.7389627 0.3666350 0.4348639 
t16        0.7389627 0.4904449 0.3347153 0.6626257 0.6157354 0.6872180 0.0000000 0.6157354 0.5504769 0.4904449 0.2746833 0.2603971 0.4529370 0.5299277 0.3505054 0.4348639 0.4172160 0.4348639 0.7945437 0.8239592 
t4         0.6626257 0.8239592 0.6388142 0.8239592 0.7662384 0.9547243 0.6157354 0.0000000 0.2746833 0.8239592 0.8864954 0.8239592 0.6388142 0.5933457 0.5933457 0.6157354 0.7389627 0.7662384 0.8864954 0.9198342 
t20        0.6157354 0.7389627 0.5504769 0.7389627 0.6872180 0.8545757 0.5504769 0.2746833 0.0000000 0.7389627 0.7389627 0.5933457 0.5299277 0.6157354 0.5504769 0.6872180 0.5504769 0.5716050 0.8864954 0.9198342 
t7         1.0703373 0.7126442 0.3347153 1.0297869 0.8239592 1.0297869 0.4904449 0.8239592 0.7389627 0.0000000 0.6388142 0.5933457 0.5504769 0.5933457 0.4904449 0.5299277 0.2746833 0.2892469 1.1132061 1.0703373 
t19        0.9913169 0.6626257 0.5299277 0.8545757 0.7945437 0.9198342 0.2746833 0.8864954 0.7389627 0.6388142 0.0000000 0.1673577 0.5299277 0.6626257 0.5299277 0.5299277 0.7126442 0.7389627 0.9198342 0.9547243 
t15        1.0297869 0.5716050 0.5099265 0.9547243 0.8545757 0.7662384 0.2603971 0.8239592 0.5933457 0.5933457 0.1673577 0.0000000 0.5504769 0.7389627 0.4529370 0.4714565 0.6388142 0.6626257 1.0297869 0.9913169 
t11        0.6388142 0.5933457 0.4172160 0.7389627 0.6388142 0.6388142 0.4529370 0.6388142 0.5299277 0.5504769 0.5299277 0.5504769 0.0000000 0.2058276 0.5504769 0.5933457 0.4714565 0.4904449 0.7662384 0.7945437 
t17        0.6157354 0.6626257 0.4529370 0.7389627 0.7126442 0.7389627 0.5299277 0.5933457 0.6157354 0.5933457 0.6626257 0.7389627 0.2058276 0.0000000 0.5504769 0.5716050 0.5099265 0.5299277 0.7662384 0.9198342 
t1         0.8545757 0.6626257 0.2746833 0.7126442 0.6157354 0.7389627 0.3505054 0.5933457 0.5504769 0.4904449 0.5299277 0.4529370 0.5504769 0.5504769 0.0000000 0.0845966 0.3505054 0.3666350 0.8545757 0.9198342 
t14        0.9913169 0.7126442 0.3347153 0.8545757 0.7662384 0.8864954 0.4348639 0.6157354 0.6872180 0.5299277 0.5299277 0.4714565 0.5933457 0.5716050 0.0845966 0.0000000 0.4348639 0.4529370 0.8864954 0.9547243 
t18        0.7945437 0.5299277 0.2463781 0.7662384 0.6626257 0.7389627 0.4172160 0.7389627 0.5504769 0.2746833 0.7126442 0.6388142 0.4714565 0.5099265 0.3505054 0.4348639 0.0000000 0.0100673 0.9198342 0.9547243 
t12        0.8239592 0.5504769 0.2603971 0.7662384 0.6872180 0.7389627 0.4348639 0.7662384 0.5716050 0.2892469 0.7389627 0.6626257 0.4904449 0.5299277 0.3666350 0.4529370 0.0100673 0.0000000 0.9198342 0.9547243 
t2         1.0703373 0.9547243 0.7945437 0.8239592 0.7126442 0.3666350 0.7945437 0.8864954 0.8864954 1.1132061 0.9198342 1.0297869 0.7662384 0.7662384 0.8545757 0.8864954 0.9198342 0.9198342 0.0000000 0.0517447 
t3         1.2588231 0.9198342 0.8239592 0.8864954 0.7389627 0.4348639 0.8239592 0.9198342 0.9198342 1.0703373 0.9547243 0.9913169 0.7945437 0.9198342 0.9198342 0.9547243 0.9547243 0.9547243 0.0517447 0.0000000 
