20
t18        0.0000000 1.3744361 1.1586745 1.0297869 1.3144041 1.3744361 2.0310377 1.3144041 1.3744361 1.5111773 0.8239592 0.9198342 0.8864954 1.0297869 1.3144041 1.1586745 1.3744361 1.3144041 1.4396946 1.3744361 
t14        1.3744361 0.0000000 0.5299277 1.1132061 0.9913169 1.0703373 1.1586745 1.1132061 1.0703373 0.8545757 0.8545757 0.8545757 0.8864954 0.8545757 0.8239592 0.8239592 0.8545757 0.8545757 0.9198342 0.8864954 
t20        1.1586745 0.5299277 0.0000000 0.8864954 0.9913169 1.0297869 0.7662384 0.9547243 0.8864954 0.7945437 0.7389627 0.8239592 0.7945437 0.7945437 0.6872180 0.6388142 0.7389627 0.7389627 0.7945437 0.7662384 
t7         1.0297869 1.1132061 0.8864954 0.0000000 1.2070784 1.4396946 0.9547243 1.3144041 1.5901977 1.0297869 0.7389627 0.7389627 0.8239592 0.7662384 1.2070784 1.2070784 1.2070784 1.1586745 1.3744361 1.3144041 
t12        1.3144041 0.9913169 0.9913169 1.2070784 0.0000000 1.2588231 1.2588231 1.1586745 1.1586745 1.0297869 0.9913169 0.9198342 0.8864954 0.7945437 1.3144041 1.2588231 0.9547243 1.0297869 1.0703373 1.0297869 
t8         1.3744361 1.0703373 1.0297869 1.4396946 1.2588231 0.0000000 1.0297869 1.0297869 1.0703373 0.9547243 1.4396946 1.5901977 1.3144041 1.1586745 0.9913169 0.9547243 0.8545757 0.8239592 0.9547243 0.9547243 
t16        2.0310377 1.1586745 0.7662384 0.9547243 1.2588231 1.0297869 0.0000000 1.3144041 1.1586745 0.9913169 1.2588231 1.2588231 1.2070784 1.0297869 1.1132061 1.1132061 0.9913169 0.9547243 1.0703373 1.1132061 
t11        1.3144041 1.1132061 0.9547243 1.3144041 1.1586745 1.0297869 1.3144041 0.0000000 0.2463781 0.4714565 1.4396946 1.4396946 1.4396946 1.4396946 0.8239592 0.8864954 0.3999739 0.4348639 0.4172160 0.3999739 
t17        1.3744361 1.0703373 0.8864954 1.5901977 1.1586745 1.0703373 1.1586745 0.2463781 0.0000000 0.4172160 1.4396946 1.3744361 1.5111773 1.3144041 0.7945437 0.8239592 0.3505054 0.3831192 0.4172160 0.3999739 
t4         1.5111773 0.8545757 0.7945437 1.0297869 1.0297869 0.9547243 0.9913169 0.4714565 0.4172160 0.0000000 1.2070784 1.3144041 1.2588231 1.2070784 0.8545757 1.0297869 0.1673577 0.1799630 0.2058276 0.2058276 
t13        0.8239592 0.8545757 0.7389627 0.7389627 0.9913169 1.4396946 1.2588231 1.4396946 1.4396946 1.2070784 0.0000000 0.0958750 0.2326162 0.2463781 1.1132061 1.1586745 1.3144041 1.3744361 1.5111773 1.4396946 
t2         0.9198342 0.8545757 0.8239592 0.7389627 0.9198342 1.5901977 1.2588231 1.4396946 1.3744361 1.3144041 0.0958750 0.0000000 0.1799630 0.2058276 1.1586745 1.1586745 1.3144041 1.4396946 1.5111773 1.4396946 
t5         0.8864954 0.8864954 0.7945437 0.8239592 0.8864954 1.3144041 1.2070784 1.4396946 1.5111773 1.2588231 0.2326162 0.1799630 0.0000000 0.1189538 1.0297869 1.0703373 1.5111773 1.5901977 1.6785349 1.6785349 
t3         1.0297869 0.8545757 0.7945437 0.7662384 0.7945437 1.1586745 1.0297869 1.4396946 1.3144041 1.2070784 0.2463781 0.2058276 0.1189538 0.0000000 0.9913169 1.0297869 1.3144041 1.3744361 1.5111773 1.4396946 
t15        1.3144041 0.8239592 0.6872180 1.2070784 1.3144041 0.9913169 1.1132061 0.8239592 0.7945437 0.8545757 1.1132061 1.1586745 1.0297869 0.9913169 0.0000000 0.0734853 0.7662384 0.7662384 0.7945437 0.7945437 
t1         1.1586745 0.8239592 0.6388142 1.2070784 1.2588231 0.9547243 1.1132061 0.8864954 0.8239592 1.0297869 1.1586745 1.1586745 1.0703373 1.0297869 0.0734853 0.0000000 0.8545757 0.8545757 0.9198342 0.8864954 
t6         1.3744361 0.8545757 0.7389627 1.2070784 0.9547243 0.8545757 0.9913169 0.3999739 0.3505054 0.1673577 1.3144041 1.3144041 1.5111773 1.3144041 0.7662384 0.8545757 0.0000000 0.0202715 0.0411062 0.0306165 
t19        1.3144041 0.8545757 0.7389627 1.1586745 1.0297869 0.8239592 0.9547243 0.4348639 0.3831192 0.1799630 1.3744361 1.4396946 1.5901977 1.3744361 0.7662384 0.8545757 0.0202715 0.0000000 0.0625362 0.0517447 
t9         1.4396946 0.9198342 0.7945437 1.3744361 1.0703373 0.9547243 1.0703373 0.4172160 0.4172160 0.2058276 1.5111773 1.5111773 1.6785349 1.5111773 0.7945437 0.9198342 0.0411062 0.0625362 0.0000000 0.0100673 
t10        1.3744361 0.8864954 0.7662384 1.3144041 1.0297869 0.9547243 1.1132061 0.3999739 0.3999739 0.2058276 1.4396946 1.4396946 1.6785349 1.4396946 0.7945437 0.8864954 0.0306165 0.0517447 0.0100673 0.0000000 
