20
t10        0.0000000 0.8239592 1.3144041 1.7786835 0.9913169 0.8864954 0.8545757 1.0297869 2.7182557 0.8239592 0.7126442 2.1983953 1.8942965 1.2588231 1.0703373 1.1586745 1.5901977 1.6785349 1.7786835 1.7786835 
t4         0.8239592 0.0000000 1.8942965 2.0310377 0.8864954 1.0297869 0.8545757 0.9198342 2.0310377 1.2070784 0.9913169 1.6785349 1.8942965 1.5901977 1.3744361 1.4396946 3.2381161 2.1983953 2.1983953 2.1983953 
t3         1.3144041 1.8942965 0.0000000 9.0000000 9.0000000 1.8942965 1.7786835 1.6785349 1.0297869 1.1132061 1.2070784 0.8864954 0.8545757 1.8942965 1.7786835 2.1983953 2.1983953 1.8942965 0.8239592 0.7945437 
t14        1.7786835 2.0310377 9.0000000 0.0000000 3.2381161 2.4141569 2.1983953 2.7182557 9.0000000 1.3744361 1.5111773 9.0000000 9.0000000 2.0310377 2.0310377 2.0310377 2.1983953 3.2381161 1.8942965 2.0310377 
t6         0.9913169 0.8864954 9.0000000 3.2381161 0.0000000 0.7945437 0.7126442 0.9198342 9.0000000 1.2588231 1.2588231 9.0000000 9.0000000 1.3744361 1.7786835 1.6785349 2.7182557 3.2381161 9.0000000 9.0000000 
t7         0.8864954 1.0297869 1.8942965 2.4141569 0.7945437 0.0000000 0.5716050 0.6626257 9.0000000 0.9913169 0.8864954 9.0000000 3.2381161 1.7786835 1.3144041 1.3744361 1.3744361 1.3144041 9.0000000 9.0000000 
t9         0.8545757 0.8545757 1.7786835 2.1983953 0.7126442 0.5716050 0.0000000 0.8545757 9.0000000 1.2588231 1.0703373 9.0000000 9.0000000 1.3744361 1.3744361 1.5901977 2.0310377 1.7786835 9.0000000 2.7182557 
t15        1.0297869 0.9198342 1.6785349 2.7182557 0.9198342 0.6626257 0.8545757 0.0000000 9.0000000 1.1586745 0.9913169 9.0000000 2.7182557 1.7786835 1.5111773 1.4396946 2.1983953 1.8942965 2.1983953 2.4141569 
t19        2.7182557 2.0310377 1.0297869 9.0000000 9.0000000 9.0000000 9.0000000 9.0000000 0.0000000 2.1983953 3.2381161 0.4172160 0.5504769 9.0000000 2.1983953 2.7182557 2.0310377 2.4141569 1.0703373 1.0297869 
t8         0.8239592 1.2070784 1.1132061 1.3744361 1.2588231 0.9913169 1.2588231 1.1586745 2.1983953 0.0000000 0.2326162 2.4141569 2.1983953 1.3744361 1.3744361 1.5111773 2.0310377 2.4141569 1.4396946 1.4396946 
t11        0.7126442 0.9913169 1.2070784 1.5111773 1.2588231 0.8864954 1.0703373 0.9913169 3.2381161 0.2326162 0.0000000 2.7182557 1.8942965 1.3744361 1.5901977 1.5901977 1.6785349 1.8942965 1.3744361 1.3744361 
t13        2.1983953 1.6785349 0.8864954 9.0000000 9.0000000 9.0000000 9.0000000 9.0000000 0.4172160 2.4141569 2.7182557 0.0000000 0.3999739 9.0000000 9.0000000 9.0000000 1.5901977 1.5901977 1.0297869 0.9913169 
t5         1.8942965 1.8942965 0.8545757 9.0000000 9.0000000 3.2381161 9.0000000 2.7182557 0.5504769 2.1983953 1.8942965 0.3999739 0.0000000 9.0000000 9.0000000 9.0000000 1.6785349 1.8942965 1.0703373 1.0297869 
t12        1.2588231 1.5901977 1.8942965 2.0310377 1.3744361 1.7786835 1.3744361 1.7786835 9.0000000 1.3744361 1.3744361 9.0000000 9.0000000 0.0000000 0.4172160 0.4529370 2.4141569 2.4141569 2.1983953 2.0310377 
t2         1.0703373 1.3744361 1.7786835 2.0310377 1.7786835 1.3144041 1.3744361 1.5111773 2.1983953 1.3744361 1.5901977 9.0000000 9.0000000 0.4172160 0.0000000 0.1673577 2.4141569 1.8942965 1.5901977 1.5901977 
t17        1.1586745 1.4396946 2.1983953 2.0310377 1.6785349 1.3744361 1.5901977 1.4396946 2.7182557 1.5111773 1.5901977 9.0000000 9.0000000 0.4529370 0.1673577 0.0000000 2.7182557 3.2381161 1.5111773 1.5111773 
t18        1.5901977 3.2381161 2.1983953 2.1983953 2.7182557 1.3744361 2.0310377 2.1983953 2.0310377 2.0310377 1.6785349 1.5901977 1.6785349 2.4141569 2.4141569 2.7182557 0.0000000 0.0958750 2.0310377 2.0310377 
t20        1.6785349 2.1983953 1.8942965 3.2381161 3.2381161 1.3144041 1.7786835 1.8942965 2.4141569 2.4141569 1.8942965 1.5901977 1.8942965 2.4141569 1.8942965 3.2381161 0.0958750 0.0000000 2.4141569 2.4141569 
t1         1.7786835 2.1983953 0.8239592 1.8942965 9.0000000 9.0000000 9.0000000 2.1983953 1.0703373 1.4396946 1.3744361 1.0297869 1.0703373 2.1983953 1.5901977 1.5111773 2.0310377 2.4141569 0.0000000 0.0202715 
t16        1.7786835 2.1983953 0.7945437 2.0310377 9.0000000 9.0000000 2.7182557 2.4141569 1.0297869 1.4396946 1.3744361 0.9913169 1.0297869 2.0310377 1.5901977 1.5111773 2.0310377 2.4141569 0.0202715 0.0000000 
