20
t19        0.0000000 2.0310377 1.1586745 1.4396946 1.2588231 1.8942965 1.5111773 1.7786835 1.2070784 1.6785349 1.4396946 2.1983953 1.7786835 1.5111773 1.8942965 1.5901977 1.7786835 1.5111773 1.1586745 1.2588231 
t6         2.0310377 0.0000000 1.7786835 2.1983953 9.0000000 1.6785349 1.6785349 1.6785349 1.5111773 1.6785349 2.0310377 1.3744361 1.1586745 1.7786835 3.2381161 2.7182557 1.6785349 2.0310377 1.5901977 1.7786835 
t3         1.1586745 1.7786835 0.0000000 1.6785349 1.5111773 1.1132061 1.0297869 1.2070784 0.9547243 1.5111773 2.7182557 1.3144041 0.8864954 1.5901977 0.9547243 0.8239592 2.1983953 1.7786835 2.0310377 2.4141569 
t17        1.4396946 2.1983953 1.6785349 0.0000000 1.8942965 1.5111773 1.7786835 2.1983953 1.6785349 1.4396946 1.7786835 1.7786835 9.0000000 2.0310377 1.5901977 1.3744361 1.5111773 1.4396946 2.0310377 2.0310377 
t9         1.2588231 9.0000000 1.5111773 1.8942965 0.0000000 1.5111773 1.5111773 3.2381161 1.7786835 1.0703373 2.0310377 9.0000000 2.1983953 1.6785349 1.7786835 1.5901977 1.2070784 1.2070784 1.6785349 1.5111773 
t11        1.8942965 1.6785349 1.1132061 1.5111773 1.5111773 0.0000000 0.9547243 0.9547243 0.9547243 1.3744361 1.8942965 1.0297869 0.9913169 2.4141569 0.8239592 0.7945437 1.2070784 1.4396946 2.4141569 3.2381161 
t13        1.5111773 1.6785349 1.0297869 1.7786835 1.5111773 0.9547243 0.0000000 0.9198342 1.1132061 1.3144041 3.2381161 1.3744361 1.1132061 9.0000000 0.9913169 0.7945437 1.3144041 1.2070784 1.6785349 1.5111773 
t4         1.7786835 1.6785349 1.2070784 2.1983953 3.2381161 0.9547243 0.9198342 0.0000000 0.8239592 1.7786835 2.1983953 0.9198342 0.8239592 2.1983953 0.9913169 0.7945437 1.4396946 1.5111773 2.1983953 2.4141569 
t18        1.2070784 1.5111773 0.9547243 1.6785349 1.7786835 0.9547243 1.1132061 0.8239592 0.0000000 1.8942965 1.7786835 0.5716050 0.5933457 2.1983953 1.0297869 0.9198342 1.7786835 1.5901977 1.8942965 2.4141569 
t7         1.6785349 1.6785349 1.5111773 1.4396946 1.0703373 1.3744361 1.3144041 1.7786835 1.8942965 0.0000000 1.8942965 1.4396946 1.3144041 1.6785349 1.3144041 1.0703373 0.8239592 0.7662384 1.3744361 1.3144041 
t8         1.4396946 2.0310377 2.7182557 1.7786835 2.0310377 1.8942965 3.2381161 2.1983953 1.7786835 1.8942965 0.0000000 2.0310377 1.8942965 0.5099265 1.6785349 1.6785349 1.1586745 1.1132061 0.3831192 0.4172160 
t1         2.1983953 1.3744361 1.3144041 1.7786835 9.0000000 1.0297869 1.3744361 0.9198342 0.5716050 1.4396946 2.0310377 0.0000000 0.3666350 2.1983953 1.0703373 0.9547243 1.6785349 1.7786835 2.4141569 3.2381161 
t15        1.7786835 1.1586745 0.8864954 9.0000000 2.1983953 0.9913169 1.1132061 0.8239592 0.5933457 1.3144041 1.8942965 0.3666350 0.0000000 1.6785349 0.7662384 0.7389627 1.3144041 1.3144041 1.5901977 1.6785349 
t10        1.5111773 1.7786835 1.5901977 2.0310377 1.6785349 2.4141569 9.0000000 2.1983953 2.1983953 1.6785349 0.5099265 2.1983953 1.6785349 0.0000000 1.5901977 1.3144041 1.7786835 1.5901977 0.2603971 0.2892469 
t20        1.8942965 3.2381161 0.9547243 1.5901977 1.7786835 0.8239592 0.9913169 0.9913169 1.0297869 1.3144041 1.6785349 1.0703373 0.7662384 1.5901977 0.0000000 0.3192509 1.3144041 1.3744361 1.7786835 1.6785349 
t12        1.5901977 2.7182557 0.8239592 1.3744361 1.5901977 0.7945437 0.7945437 0.7945437 0.9198342 1.0703373 1.6785349 0.9547243 0.7389627 1.3144041 0.3192509 0.0000000 1.3144041 1.3144041 1.2070784 1.1586745 
t14        1.7786835 1.6785349 2.1983953 1.5111773 1.2070784 1.2070784 1.3144041 1.4396946 1.7786835 0.8239592 1.1586745 1.6785349 1.3144041 1.7786835 1.3144041 1.3144041 0.0000000 0.1073256 1.5901977 1.5111773 
t5         1.5111773 2.0310377 1.7786835 1.4396946 1.2070784 1.4396946 1.2070784 1.5111773 1.5901977 0.7662384 1.1132061 1.7786835 1.3144041 1.5901977 1.3744361 1.3144041 0.1073256 0.0000000 1.5111773 1.5111773 
t2         1.1586745 1.5901977 2.0310377 2.0310377 1.6785349 2.4141569 1.6785349 2.1983953 1.8942965 1.3744361 0.3831192 2.4141569 1.5901977 0.2603971 1.7786835 1.2070784 1.5901977 1.5111773 0.0000000 0.0625362 
t16        1.2588231 1.7786835 2.4141569 2.0310377 1.5111773 3.2381161 1.5111773 2.4141569 2.4141569 1.3144041 0.4172160 3.2381161 1.6785349 0.2892469 1.6785349 1.1586745 1.5111773 1.5111773 0.0625362 0.0000000 
