20
t9         0.0000000 0.6388142 0.8239592 0.6626257 0.6872180 0.8545757 1.1586745 0.5299277 0.9913169 0.8545757 0.8864954 0.9547243 1.1586745 0.9913169 1.2070784 1.6785349 0.8239592 1.0297869 0.7126442 0.6872180 
t8         0.6388142 0.0000000 0.6388142 0.7126442 0.6157354 0.7945437 1.0703373 0.3831192 0.4529370 0.6157354 0.7389627 0.8864954 0.9913169 0.8239592 1.0297869 0.9913169 0.6872180 0.8239592 0.2603971 0.1927838 
t18        0.8239592 0.6388142 0.0000000 0.6626257 0.5933457 0.3347153 1.1132061 0.2892469 0.7389627 0.1549607 0.4529370 0.3999739 0.4714565 0.4172160 0.5504769 0.6872180 0.2058276 0.3999739 0.5933457 0.6388142 
t15        0.6626257 0.7126442 0.6626257 0.0000000 0.1799630 0.7662384 1.2588231 0.3505054 0.9913169 0.5933457 0.5933457 0.7945437 0.9547243 0.7389627 1.0703373 0.9547243 0.6626257 0.8239592 0.7945437 0.7389627 
t10        0.6872180 0.6157354 0.5933457 0.1799630 0.0000000 0.6157354 1.2070784 0.3505054 0.9547243 0.5716050 0.8239592 0.7662384 0.9913169 0.7662384 1.1132061 0.9913169 0.6157354 0.7662384 0.7126442 0.5504769 
t4         0.8545757 0.7945437 0.3347153 0.7662384 0.6157354 0.0000000 0.9913169 0.4348639 0.7945437 0.3666350 0.6872180 0.5716050 0.6388142 0.5716050 0.6872180 0.7662384 0.3505054 0.5716050 0.6626257 0.6388142 
t17        1.1586745 1.0703373 1.1132061 1.2588231 1.2070784 0.9913169 0.0000000 0.6872180 1.2588231 1.5111773 1.5111773 1.2588231 2.1983953 1.4396946 2.1983953 2.4141569 1.4396946 1.3744361 1.0297869 1.0297869 
t14        0.5299277 0.3831192 0.2892469 0.3505054 0.3505054 0.4348639 0.6872180 0.0000000 0.5933457 0.3347153 0.4904449 0.4904449 0.7126442 0.5099265 0.7945437 0.8239592 0.3505054 0.5299277 0.3831192 0.3505054 
t1         0.9913169 0.4529370 0.7389627 0.9913169 0.9547243 0.7945437 1.2588231 0.5933457 0.0000000 0.7389627 0.9198342 1.0297869 1.0703373 0.9913169 1.0297869 1.4396946 0.7945437 0.8545757 0.5299277 0.4714565 
t11        0.8545757 0.6157354 0.1549607 0.5933457 0.5716050 0.3666350 1.5111773 0.3347153 0.7389627 0.0000000 0.4529370 0.4714565 0.4714565 0.3505054 0.5504769 0.5933457 0.1549607 0.3192509 0.5716050 0.5716050 
t3         0.8864954 0.7389627 0.4529370 0.5933457 0.8239592 0.6872180 1.5111773 0.4904449 0.9198342 0.4529370 0.0000000 0.6626257 0.7662384 0.7662384 0.8545757 0.8239592 0.4529370 0.5933457 0.7126442 0.7389627 
t13        0.9547243 0.8864954 0.3999739 0.7945437 0.7662384 0.5716050 1.2588231 0.4904449 1.0297869 0.4714565 0.6626257 0.0000000 0.6626257 0.8545757 0.6872180 0.8545757 0.4529370 0.6872180 0.7945437 0.7662384 
t5         1.1586745 0.9913169 0.4714565 0.9547243 0.9913169 0.6388142 2.1983953 0.7126442 1.0703373 0.4714565 0.7662384 0.6626257 0.0000000 0.6626257 0.0411062 0.3192509 0.4348639 0.7662384 0.9913169 0.9913169 
t16        0.9913169 0.8239592 0.4172160 0.7389627 0.7662384 0.5716050 1.4396946 0.5099265 0.9913169 0.3505054 0.7662384 0.8545757 0.6626257 0.0000000 0.6388142 0.7945437 0.3040988 0.4348639 0.8239592 0.8545757 
t2         1.2070784 1.0297869 0.5504769 1.0703373 1.1132061 0.6872180 2.1983953 0.7945437 1.0297869 0.5504769 0.8545757 0.6872180 0.0411062 0.6388142 0.0000000 0.3040988 0.4904449 0.7945437 1.0297869 1.0297869 
t6         1.6785349 0.9913169 0.6872180 0.9547243 0.9913169 0.7662384 2.4141569 0.8239592 1.4396946 0.5933457 0.8239592 0.8545757 0.3192509 0.7945437 0.3040988 0.0000000 0.5716050 0.8864954 1.2588231 1.0297869 
t7         0.8239592 0.6872180 0.2058276 0.6626257 0.6157354 0.3505054 1.4396946 0.3505054 0.7945437 0.1549607 0.4529370 0.4529370 0.4348639 0.3040988 0.4904449 0.5716050 0.0000000 0.2058276 0.6388142 0.6388142 
t19        1.0297869 0.8239592 0.3999739 0.8239592 0.7662384 0.5716050 1.3744361 0.5299277 0.8545757 0.3192509 0.5933457 0.6872180 0.7662384 0.4348639 0.7945437 0.8864954 0.2058276 0.0000000 0.8239592 0.8239592 
t12        0.7126442 0.2603971 0.5933457 0.7945437 0.7126442 0.6626257 1.0297869 0.3831192 0.5299277 0.5716050 0.7126442 0.7945437 0.9913169 0.8239592 1.0297869 1.2588231 0.6388142 0.8239592 0.0000000 0.1307650 
t20        0.6872180 0.1927838 0.6388142 0.7389627 0.5504769 0.6388142 1.0297869 0.3505054 0.4714565 0.5716050 0.7389627 0.7662384 0.9913169 0.8545757 1.0297869 1.0297869 0.6388142 0.8239592 0.1307650 0.0000000 
