20
t12        0.0000000 0.9913169 0.8864954 1.0703373 1.0703373 0.5716050 0.7662384 0.7662384 0.6388142 0.9198342 1.3144041 1.3744361 0.8864954 1.0297869 1.2070784 1.0297869 0.8545757 0.8545757 0.7662384 0.7662384 
t6         0.9913169 0.0000000 0.6626257 0.7389627 0.4904449 0.6388142 0.7945437 0.7662384 0.6388142 0.4904449 1.0703373 0.8545757 0.7389627 0.6872180 0.7945437 0.7662384 0.6626257 0.6157354 0.9547243 0.9547243 
t5         0.8864954 0.6626257 0.0000000 0.8239592 0.7126442 0.6157354 0.7389627 0.6157354 0.5504769 0.6872180 1.1586745 0.8864954 0.6626257 0.6872180 0.8864954 0.7662384 0.6388142 0.6388142 0.7389627 0.7126442 
t11        1.0703373 0.7389627 0.8239592 0.0000000 0.7389627 0.8239592 0.7389627 1.2070784 0.6872180 0.5933457 1.3144041 0.9198342 0.9913169 0.7126442 0.8864954 0.8545757 0.9913169 0.8545757 1.2588231 1.2070784 
t9         1.0703373 0.4904449 0.7126442 0.7389627 0.0000000 0.7662384 0.8864954 0.8239592 0.7945437 0.4904449 1.2588231 0.7945437 0.8545757 0.6157354 0.7389627 0.7126442 0.7945437 0.7389627 0.9547243 0.9547243 
t20        0.5716050 0.6388142 0.6157354 0.8239592 0.7662384 0.0000000 0.5933457 0.6157354 0.4714565 0.7662384 0.8864954 0.7389627 0.6388142 0.8864954 0.9547243 0.9913169 0.5933457 0.5933457 0.6626257 0.6626257 
t14        0.7662384 0.7945437 0.7389627 0.7389627 0.8864954 0.5933457 0.0000000 0.8864954 0.6157354 0.7662384 1.1132061 1.0703373 0.4529370 0.8545757 0.8864954 0.9547243 0.3505054 0.3666350 0.8239592 0.8239592 
t10        0.7662384 0.7662384 0.6157354 1.2070784 0.8239592 0.6157354 0.8864954 0.0000000 0.4348639 0.9913169 1.0703373 0.9913169 0.8545757 1.0703373 1.2588231 1.3144041 0.6388142 0.6872180 0.6157354 0.6388142 
t13        0.6388142 0.6388142 0.5504769 0.6872180 0.7945437 0.4714565 0.6157354 0.4348639 0.0000000 0.7389627 0.8545757 0.7126442 0.7126442 0.8239592 0.9913169 0.9913169 0.5716050 0.5716050 0.6157354 0.6157354 
t2         0.9198342 0.4904449 0.6872180 0.5933457 0.4904449 0.7662384 0.7662384 0.9913169 0.7389627 0.0000000 0.9547243 0.7945437 0.9547243 0.3999739 0.5504769 0.4904449 0.7389627 0.5933457 0.9913169 1.0703373 
t4         1.3144041 1.0703373 1.1586745 1.3144041 1.2588231 0.8864954 1.1132061 1.0703373 0.8545757 0.9547243 0.0000000 0.5504769 0.9198342 1.1586745 1.1586745 1.1132061 1.1586745 1.0297869 0.9547243 1.0297869 
t16        1.3744361 0.8545757 0.8864954 0.9198342 0.7945437 0.7389627 1.0703373 0.9913169 0.7126442 0.7945437 0.5504769 0.0000000 0.9198342 0.8545757 0.9913169 0.9547243 0.9547243 0.8239592 1.0297869 1.1132061 
t8         0.8864954 0.7389627 0.6626257 0.9913169 0.8545757 0.6388142 0.4529370 0.8545757 0.7126442 0.9547243 0.9198342 0.9198342 0.0000000 1.1132061 0.9547243 0.8864954 0.4172160 0.3831192 0.6872180 0.6872180 
t7         1.0297869 0.6872180 0.6872180 0.7126442 0.6157354 0.8864954 0.8545757 1.0703373 0.8239592 0.3999739 1.1586745 0.8545757 1.1132061 0.0000000 0.2463781 0.2058276 0.8239592 0.6872180 1.1586745 1.1586745 
t18        1.2070784 0.7945437 0.8864954 0.8864954 0.7389627 0.9547243 0.8864954 1.2588231 0.9913169 0.5504769 1.1586745 0.9913169 0.9547243 0.2463781 0.0000000 0.1307650 0.8239592 0.7126442 1.3144041 1.3144041 
t15        1.0297869 0.7662384 0.7662384 0.8545757 0.7126442 0.9913169 0.9547243 1.3144041 0.9913169 0.4904449 1.1132061 0.9547243 0.8864954 0.2058276 0.1307650 0.0000000 0.8545757 0.7126442 1.2588231 1.2588231 
t19        0.8545757 0.6626257 0.6388142 0.9913169 0.7945437 0.5933457 0.3505054 0.6388142 0.5716050 0.7389627 1.1586745 0.9547243 0.4172160 0.8239592 0.8239592 0.8545757 0.0000000 0.0625362 0.6157354 0.6388142 
t17        0.8545757 0.6157354 0.6388142 0.8545757 0.7389627 0.5933457 0.3666350 0.6872180 0.5716050 0.5933457 1.0297869 0.8239592 0.3831192 0.6872180 0.7126442 0.7126442 0.0625362 0.0000000 0.6388142 0.6872180 
t3         0.7662384 0.9547243 0.7389627 1.2588231 0.9547243 0.6626257 0.8239592 0.6157354 0.6157354 0.9913169 0.9547243 1.0297869 0.6872180 1.1586745 1.3144041 1.2588231 0.6157354 0.6388142 0.0000000 0.0202715 
t1         0.7662384 0.9547243 0.7126442 1.2070784 0.9547243 0.6626257 0.8239592 0.6388142 0.6157354 1.0703373 1.0297869 1.1132061 0.6872180 1.1586745 1.3144041 1.2588231 0.6388142 0.6872180 0.0202715 0.0000000 
