20
t8         0.0000000 0.7945437 0.9198342 0.6872180 1.3144041 0.7389627 0.8545757 1.1132061 1.0297869 0.8545757 0.8239592 0.8545757 0.8239592 0.7662384 0.7662384 0.6872180 0.8239592 0.9198342 0.9547243 0.9913169 
t5         0.7945437 0.0000000 0.8239592 0.8239592 1.3744361 1.0703373 0.9198342 1.4396946 1.3144041 0.8545757 0.7126442 1.3144041 1.1586745 0.7126442 0.6626257 0.7126442 1.1132061 1.0297869 1.3744361 1.3144041 
t9         0.9198342 0.8239592 0.0000000 0.7126442 1.2588231 0.7389627 0.7945437 0.8545757 1.1132061 0.7662384 0.6626257 1.0703373 0.8545757 0.6872180 0.7945437 0.8545757 0.8239592 0.9913169 0.9913169 0.9547243 
t14        0.6872180 0.8239592 0.7126442 0.0000000 0.9547243 0.7945437 0.4348639 0.8545757 1.1586745 0.5504769 0.3999739 1.1132061 0.7945437 0.5299277 0.5299277 0.5504769 0.8239592 0.7945437 0.9547243 0.9547243 
t17        1.3144041 1.3744361 1.2588231 0.9547243 0.0000000 0.6388142 1.2070784 0.7945437 0.7945437 1.1586745 0.9547243 0.7945437 0.9198342 1.2588231 1.1132061 1.1586745 0.9547243 0.8864954 0.7945437 0.7945437 
t11        0.7389627 1.0703373 0.7389627 0.7945437 0.6388142 0.0000000 1.0297869 0.5299277 0.4714565 1.0297869 0.7389627 0.4348639 0.5716050 0.8239592 0.8239592 0.8864954 0.8545757 0.7945437 0.4172160 0.4348639 
t20        0.8545757 0.9198342 0.7945437 0.4348639 1.2070784 1.0297869 0.0000000 0.9198342 0.9198342 0.5716050 0.4714565 1.1132061 0.8864954 0.6157354 0.7126442 0.6626257 1.0297869 1.1586745 1.1586745 1.2588231 
t13        1.1132061 1.4396946 0.8545757 0.8545757 0.7945437 0.5299277 0.9198342 0.0000000 0.6872180 1.0703373 0.8545757 0.6626257 0.7662384 1.0703373 1.0703373 0.9913169 0.8864954 0.9913169 0.6388142 0.6388142 
t7         1.0297869 1.3144041 1.1132061 1.1586745 0.7945437 0.4714565 0.9198342 0.6872180 0.0000000 1.1132061 1.0703373 0.7126442 0.9547243 1.3144041 1.1132061 1.0297869 0.9198342 0.8864954 0.5933457 0.6388142 
t1         0.8545757 0.8545757 0.7662384 0.5504769 1.1586745 1.0297869 0.5716050 1.0703373 1.1132061 0.0000000 0.3831192 1.0703373 0.8239592 0.5716050 0.5299277 0.5099265 1.0297869 0.9547243 1.2070784 1.1586745 
t3         0.8239592 0.7126442 0.6626257 0.3999739 0.9547243 0.7389627 0.4714565 0.8545757 1.0703373 0.3831192 0.0000000 0.9547243 0.8545757 0.4714565 0.4529370 0.4714565 0.9547243 0.9547243 0.8545757 0.8545757 
t6         0.8545757 1.3144041 1.0703373 1.1132061 0.7945437 0.4348639 1.1132061 0.6626257 0.7126442 1.0703373 0.9547243 0.0000000 0.7945437 0.9547243 0.9547243 0.9913169 0.9547243 0.9198342 0.3831192 0.4172160 
t19        0.8239592 1.1586745 0.8545757 0.7945437 0.9198342 0.5716050 0.8864954 0.7662384 0.9547243 0.8239592 0.8545757 0.7945437 0.0000000 0.7945437 0.8239592 0.9547243 0.5933457 0.5299277 0.8864954 0.8545757 
t18        0.7662384 0.7126442 0.6872180 0.5299277 1.2588231 0.8239592 0.6157354 1.0703373 1.3144041 0.5716050 0.4714565 0.9547243 0.7945437 0.0000000 0.3505054 0.3040988 0.9547243 0.8545757 0.9913169 1.0297869 
t15        0.7662384 0.6626257 0.7945437 0.5299277 1.1132061 0.8239592 0.7126442 1.0703373 1.1132061 0.5299277 0.4529370 0.9547243 0.8239592 0.3505054 0.0000000 0.2191023 0.8239592 0.7389627 1.1132061 1.0703373 
t2         0.6872180 0.7126442 0.8545757 0.5504769 1.1586745 0.8864954 0.6626257 0.9913169 1.0297869 0.5099265 0.4714565 0.9913169 0.9547243 0.3040988 0.2191023 0.0000000 0.9913169 1.0703373 0.9198342 0.8864954 
t12        0.8239592 1.1132061 0.8239592 0.8239592 0.9547243 0.8545757 1.0297869 0.8864954 0.9198342 1.0297869 0.9547243 0.9547243 0.5933457 0.9547243 0.8239592 0.9913169 0.0000000 0.1927838 1.0297869 1.0297869 
t16        0.9198342 1.0297869 0.9913169 0.7945437 0.8864954 0.7945437 1.1586745 0.9913169 0.8864954 0.9547243 0.9547243 0.9198342 0.5299277 0.8545757 0.7389627 1.0703373 0.1927838 0.0000000 0.9913169 0.9913169 
t10        0.9547243 1.3744361 0.9913169 0.9547243 0.7945437 0.4172160 1.1586745 0.6388142 0.5933457 1.2070784 0.8545757 0.3831192 0.8864954 0.9913169 1.1132061 0.9198342 1.0297869 0.9913169 0.0000000 0.0411062 
t4         0.9913169 1.3144041 0.9547243 0.9547243 0.7945437 0.4348639 1.2588231 0.6388142 0.6388142 1.1586745 0.8545757 0.4172160 0.8545757 1.0297869 1.0703373 0.8864954 1.0297869 0.9913169 0.0411062 0.0000000 
