20
t17        0.0000000 1.1132061 1.1586745 1.3744361 0.8239592 1.2588231 1.1132061 1.2070784 1.2070784 1.2588231 1.3744361 0.8239592 0.7945437 0.7662384 0.9913169 1.1132061 1.3144041 1.6785349 0.9913169 1.0703373 
t19        1.1132061 0.0000000 0.9913169 1.1586745 0.9547243 1.5111773 1.2070784 1.2070784 1.0297869 1.1586745 1.5111773 1.0703373 0.9913169 1.1132061 1.1132061 1.1586745 1.3744361 1.4396946 0.9547243 0.9913169 
t11        1.1586745 0.9913169 0.0000000 1.2588231 0.9547243 1.5111773 1.0703373 1.1132061 1.2070784 1.0297869 2.4141569 1.0297869 0.7389627 0.7389627 1.1132061 1.1586745 1.0703373 1.6785349 1.3144041 1.2588231 
t4         1.3744361 1.1586745 1.2588231 0.0000000 1.1586745 1.2588231 0.8864954 1.1586745 1.4396946 1.1132061 1.5111773 1.3144041 1.1132061 1.2070784 1.2070784 1.2070784 1.4396946 2.0310377 1.5901977 1.5901977 
t12        0.8239592 0.9547243 0.9547243 1.1586745 0.0000000 1.0703373 0.9547243 0.9547243 0.8864954 0.9913169 1.6785349 0.7945437 0.4904449 0.6157354 0.9547243 1.1132061 1.2588231 1.5111773 1.0703373 0.9913169 
t14        1.2588231 1.5111773 1.5111773 1.2588231 1.0703373 0.0000000 0.7945437 1.8942965 1.7786835 1.1132061 1.5901977 3.2381161 1.7786835 1.4396946 2.4141569 2.4141569 1.6785349 2.1983953 1.4396946 1.3144041 
t9         1.1132061 1.2070784 1.0703373 0.8864954 0.9547243 0.7945437 0.0000000 0.7389627 1.1586745 1.0297869 1.7786835 0.9547243 0.9547243 1.0297869 1.2070784 1.2588231 1.2588231 1.6785349 1.2588231 1.3744361 
t3         1.2070784 1.2070784 1.1132061 1.1586745 0.9547243 1.8942965 0.7389627 0.0000000 0.5504769 1.1132061 1.8942965 0.5299277 0.7945437 0.9547243 0.5933457 0.6872180 1.2070784 1.4396946 1.1132061 1.1586745 
t15        1.2070784 1.0297869 1.2070784 1.4396946 0.8864954 1.7786835 1.1586745 0.5504769 0.0000000 1.4396946 2.0310377 0.6157354 0.8239592 0.9547243 0.5933457 0.6626257 1.0297869 1.2070784 1.1132061 1.0703373 
t2         1.2588231 1.1586745 1.0297869 1.1132061 0.9913169 1.1132061 1.0297869 1.1132061 1.4396946 0.0000000 0.9913169 1.4396946 1.1132061 1.0297869 1.4396946 1.4396946 1.5111773 1.7786835 1.1586745 1.2588231 
t20        1.3744361 1.5111773 2.4141569 1.5111773 1.6785349 1.5901977 1.7786835 1.8942965 2.0310377 0.9913169 0.0000000 3.2381161 1.6785349 1.6785349 2.0310377 1.5901977 1.5901977 2.1983953 1.1132061 1.0703373 
t16        0.8239592 1.0703373 1.0297869 1.3144041 0.7945437 3.2381161 0.9547243 0.5299277 0.6157354 1.4396946 3.2381161 0.0000000 0.7389627 0.8545757 0.3999739 0.5099265 1.5111773 1.8942965 1.3144041 1.4396946 
t6         0.7945437 0.9913169 0.7389627 1.1132061 0.4904449 1.7786835 0.9547243 0.7945437 0.8239592 1.1132061 1.6785349 0.7389627 0.0000000 0.1799630 0.8864954 0.9547243 0.8545757 0.9913169 1.1132061 1.1132061 
t18        0.7662384 1.1132061 0.7389627 1.2070784 0.6157354 1.4396946 1.0297869 0.9547243 0.9547243 1.0297869 1.6785349 0.8545757 0.1799630 0.0000000 0.9913169 1.0703373 0.9198342 1.1132061 1.5111773 1.5111773 
t8         0.9913169 1.1132061 1.1132061 1.2070784 0.9547243 2.4141569 1.2070784 0.5933457 0.5933457 1.4396946 2.0310377 0.3999739 0.8864954 0.9913169 0.0000000 0.1549607 1.5901977 2.0310377 1.2588231 1.3144041 
t7         1.1132061 1.1586745 1.1586745 1.2070784 1.1132061 2.4141569 1.2588231 0.6872180 0.6626257 1.4396946 1.5901977 0.5099265 0.9547243 1.0703373 0.1549607 0.0000000 1.4396946 1.7786835 1.2070784 1.2070784 
t1         1.3144041 1.3744361 1.0703373 1.4396946 1.2588231 1.6785349 1.2588231 1.2070784 1.0297869 1.5111773 1.5901977 1.5111773 0.8545757 0.9198342 1.5901977 1.4396946 0.0000000 0.1927838 1.4396946 1.5111773 
t5         1.6785349 1.4396946 1.6785349 2.0310377 1.5111773 2.1983953 1.6785349 1.4396946 1.2070784 1.7786835 2.1983953 1.8942965 0.9913169 1.1132061 2.0310377 1.7786835 0.1927838 0.0000000 1.6785349 1.7786835 
t10        0.9913169 0.9547243 1.3144041 1.5901977 1.0703373 1.4396946 1.2588231 1.1132061 1.1132061 1.1586745 1.1132061 1.3144041 1.1132061 1.5111773 1.2588231 1.2070784 1.4396946 1.6785349 0.0000000 0.0517447 
t13        1.0703373 0.9913169 1.2588231 1.5901977 0.9913169 1.3144041 1.3744361 1.1586745 1.0703373 1.2588231 1.0703373 1.4396946 1.1132061 1.5111773 1.3144041 1.2070784 1.5111773 1.7786835 0.0517447 0.0000000 
