20
t18        0.0000000 2.0310377 1.7786835 1.7786835 1.8942965 1.5901977 1.3744361 1.1586745 1.3144041 2.4141569 1.4396946 2.4141569 1.7786835 1.7786835 2.7182557 2.1983953 3.2381161 9.0000000 1.7786835 1.5901977 
t13        2.0310377 0.0000000 1.3144041 0.9913169 1.3144041 1.1132061 1.3744361 1.0297869 1.0297869 3.2381161 1.5111773 1.2070784 1.3744361 1.3144041 1.0297869 1.1132061 2.1983953 9.0000000 1.3144041 1.2588231 
t9         1.7786835 1.3144041 0.0000000 1.3144041 0.6872180 0.8545757 0.9198342 0.5716050 0.5716050 1.7786835 2.0310377 1.2588231 0.9547243 0.9198342 0.7126442 0.6626257 1.8942965 2.0310377 0.8239592 0.7662384 
t12        1.7786835 0.9913169 1.3144041 0.0000000 1.2588231 1.3744361 1.6785349 1.0297869 1.2588231 9.0000000 1.8942965 1.5901977 1.8942965 1.3744361 0.6388142 0.8545757 1.6785349 9.0000000 1.2588231 1.1132061 
t10        1.8942965 1.3144041 0.6872180 1.2588231 0.0000000 0.8864954 1.1586745 0.6872180 0.7662384 9.0000000 2.4141569 1.3144041 1.0297869 1.0297869 0.8239592 0.7662384 2.1983953 2.7182557 0.7389627 0.6626257 
t15        1.5901977 1.1132061 0.8545757 1.3744361 0.8864954 0.0000000 1.0703373 0.6626257 0.7126442 1.7786835 1.5901977 1.6785349 0.1549607 0.1307650 1.0703373 1.0703373 1.8942965 2.0310377 1.2588231 1.0703373 
t14        1.3744361 1.3744361 0.9198342 1.6785349 1.1586745 1.0703373 0.0000000 0.3999739 0.3505054 2.7182557 2.0310377 1.3744361 1.2588231 1.2070784 0.9198342 0.8864954 3.2381161 9.0000000 0.7389627 0.8545757 
t2         1.1586745 1.0297869 0.5716050 1.0297869 0.6872180 0.6626257 0.3999739 0.0000000 0.1673577 2.4141569 1.2070784 1.0297869 0.7126442 0.6872180 0.6157354 0.5933457 2.0310377 3.2381161 0.6157354 0.5933457 
t1         1.3144041 1.0297869 0.5716050 1.2588231 0.7662384 0.7126442 0.3505054 0.1673577 0.0000000 2.0310377 1.3744361 1.2070784 0.8239592 0.7662384 0.6157354 0.5933457 1.8942965 2.4141569 0.6157354 0.6388142 
t17        2.4141569 3.2381161 1.7786835 9.0000000 9.0000000 1.7786835 2.7182557 2.4141569 2.0310377 0.0000000 9.0000000 9.0000000 1.8942965 1.6785349 3.2381161 2.7182557 0.4172160 0.1927838 3.2381161 9.0000000 
t5         1.4396946 1.5111773 2.0310377 1.8942965 2.4141569 1.5901977 2.0310377 1.2070784 1.3744361 9.0000000 0.0000000 0.5933457 1.7786835 1.6785349 1.3144041 1.4396946 9.0000000 9.0000000 1.4396946 1.6785349 
t6         2.4141569 1.2070784 1.2588231 1.5901977 1.3144041 1.6785349 1.3744361 1.0297869 1.2070784 9.0000000 0.5933457 0.0000000 2.7182557 2.4141569 1.1586745 1.1586745 9.0000000 9.0000000 1.3744361 1.4396946 
t16        1.7786835 1.3744361 0.9547243 1.8942965 1.0297869 0.1549607 1.2588231 0.7126442 0.8239592 1.8942965 1.7786835 2.7182557 0.0000000 0.1189538 1.1586745 1.1586745 1.5901977 1.8942965 1.3144041 1.1132061 
t8         1.7786835 1.3144041 0.9198342 1.3744361 1.0297869 0.1307650 1.2070784 0.6872180 0.7662384 1.6785349 1.6785349 2.4141569 0.1189538 0.0000000 1.2070784 1.2070784 1.5111773 1.7786835 1.3144041 1.1132061 
t4         2.7182557 1.0297869 0.7126442 0.6388142 0.8239592 1.0703373 0.9198342 0.6157354 0.6157354 3.2381161 1.3144041 1.1586745 1.1586745 1.2070784 0.0000000 0.1673577 1.7786835 2.4141569 0.8545757 0.8545757 
t3         2.1983953 1.1132061 0.6626257 0.8545757 0.7662384 1.0703373 0.8864954 0.5933457 0.5933457 2.7182557 1.4396946 1.1586745 1.1586745 1.2070784 0.1673577 0.0000000 2.0310377 2.4141569 0.8545757 0.8545757 
t19        3.2381161 2.1983953 1.8942965 1.6785349 2.1983953 1.8942965 3.2381161 2.0310377 1.8942965 0.4172160 9.0000000 9.0000000 1.5901977 1.5111773 1.7786835 2.0310377 0.0000000 0.2892469 9.0000000 9.0000000 
t7         9.0000000 9.0000000 2.0310377 9.0000000 2.7182557 2.0310377 9.0000000 3.2381161 2.4141569 0.1927838 9.0000000 9.0000000 1.8942965 1.7786835 2.4141569 2.4141569 0.2892469 0.0000000 9.0000000 9.0000000 
t20        1.7786835 1.3144041 0.8239592 1.2588231 0.7389627 1.2588231 0.7389627 0.6157354 0.6157354 3.2381161 1.4396946 1.3744361 1.3144041 1.3144041 0.8545757 0.8545757 9.0000000 9.0000000 0.0000000 0.0845966 
t11        1.5901977 1.2588231 0.7662384 1.1132061 0.6626257 1.0703373 0.8545757 0.5933457 0.6388142 9.0000000 1.6785349 1.4396946 1.1132061 1.1132061 0.8545757 0.8545757 9.0000000 9.0000000 0.0845966 0.0000000 
