20
t7         0.0000000 2.4141569 1.2588231 1.7786835 1.3144041 1.5111773 1.5901977 9.0000000 9.0000000 1.5901977 1.5901977 1.5111773 1.2588231 2.1983953 2.7182557 1.5901977 1.3744361 1.5111773 2.0310377 1.8942965 
t16        2.4141569 0.0000000 0.6157354 0.7126442 0.5504769 0.9198342 0.9913169 0.3505054 0.3505054 0.6626257 0.7945437 0.8545757 0.6157354 0.5933457 0.6388142 0.7945437 1.0703373 0.9913169 0.9198342 0.8239592 
t10        1.2588231 0.6157354 0.0000000 0.8239592 0.1307650 0.8864954 0.8864954 0.8864954 0.9547243 0.6626257 0.7389627 0.3505054 0.1927838 0.5504769 0.5933457 0.7126442 0.7945437 0.7126442 0.8864954 0.8239592 
t3         1.7786835 0.7126442 0.8239592 0.0000000 0.8239592 0.2463781 0.5716050 1.1586745 1.1132061 0.4714565 0.5504769 1.1132061 0.8864954 0.7389627 0.7389627 0.3347153 0.5933457 0.4904449 0.3040988 0.3040988 
t12        1.3144041 0.5504769 0.1307650 0.8239592 0.0000000 0.8864954 0.9547243 0.7126442 0.7662384 0.7126442 0.7945437 0.2746833 0.1189538 0.5299277 0.6157354 0.8239592 0.8545757 0.7662384 0.9913169 0.9198342 
t8         1.5111773 0.9198342 0.8864954 0.2463781 0.8864954 0.0000000 0.6626257 1.0703373 1.1586745 0.5299277 0.5504769 1.0297869 0.8864954 0.7945437 0.8545757 0.2191023 0.6388142 0.6157354 0.2058276 0.1673577 
t20        1.5901977 0.9913169 0.8864954 0.5716050 0.9547243 0.6626257 0.0000000 1.3144041 1.5111773 0.3040988 0.3040988 0.9198342 1.0297869 0.8239592 0.9547243 0.6388142 0.2191023 0.1799630 0.7389627 0.7945437 
t14        9.0000000 0.3505054 0.8864954 1.1586745 0.7126442 1.0703373 1.3144041 0.0000000 0.2058276 0.8864954 1.0703373 0.8864954 0.7662384 0.7945437 0.8864954 1.1586745 1.4396946 1.2588231 1.1586745 0.9913169 
t18        9.0000000 0.3505054 0.9547243 1.1132061 0.7662384 1.1586745 1.5111773 0.2058276 0.0000000 1.0703373 1.3144041 1.0297869 0.8239592 0.8545757 0.9913169 1.3744361 1.7786835 1.5901977 1.3144041 1.1132061 
t11        1.5901977 0.6626257 0.6626257 0.4714565 0.7126442 0.5299277 0.3040988 0.8864954 1.0703373 0.0000000 0.1189538 0.6626257 0.7662384 0.6626257 0.6388142 0.5299277 0.2463781 0.1927838 0.5933457 0.5933457 
t1         1.5901977 0.7945437 0.7389627 0.5504769 0.7945437 0.5504769 0.3040988 1.0703373 1.3144041 0.1189538 0.0000000 0.7389627 0.8545757 0.7126442 0.7389627 0.4904449 0.2892469 0.2191023 0.6626257 0.6157354 
t9         1.5111773 0.8545757 0.3505054 1.1132061 0.2746833 1.0297869 0.9198342 0.8864954 1.0297869 0.6626257 0.7389627 0.0000000 0.2058276 0.7126442 0.7662384 0.9547243 0.7945437 0.7662384 1.0297869 0.9198342 
t17        1.2588231 0.6157354 0.1927838 0.8864954 0.1189538 0.8864954 1.0297869 0.7662384 0.8239592 0.7662384 0.8545757 0.2058276 0.0000000 0.5716050 0.6388142 0.8545757 0.8545757 0.8545757 0.9547243 0.9198342 
t2         2.1983953 0.5933457 0.5504769 0.7389627 0.5299277 0.7945437 0.8239592 0.7945437 0.8545757 0.6626257 0.7126442 0.7126442 0.5716050 0.0000000 0.1427653 0.6626257 0.7945437 0.7662384 0.8545757 0.7945437 
t5         2.7182557 0.6388142 0.5933457 0.7389627 0.6157354 0.8545757 0.9547243 0.8864954 0.9913169 0.6388142 0.7389627 0.7662384 0.6388142 0.1427653 0.0000000 0.7389627 0.8545757 0.7389627 0.8545757 0.7662384 
t13        1.5901977 0.7945437 0.7126442 0.3347153 0.8239592 0.2191023 0.6388142 1.1586745 1.3744361 0.5299277 0.4904449 0.9547243 0.8545757 0.6626257 0.7389627 0.0000000 0.6388142 0.5933457 0.2058276 0.2058276 
t19        1.3744361 1.0703373 0.7945437 0.5933457 0.8545757 0.6388142 0.2191023 1.4396946 1.7786835 0.2463781 0.2892469 0.7945437 0.8545757 0.7945437 0.8545757 0.6388142 0.0000000 0.1427653 0.6388142 0.7126442 
t4         1.5111773 0.9913169 0.7126442 0.4904449 0.7662384 0.6157354 0.1799630 1.2588231 1.5901977 0.1927838 0.2191023 0.7662384 0.8545757 0.7662384 0.7389627 0.5933457 0.1427653 0.0000000 0.6157354 0.6872180 
t15        2.0310377 0.9198342 0.8864954 0.3040988 0.9913169 0.2058276 0.7389627 1.1586745 1.3144041 0.5933457 0.6626257 1.0297869 0.9547243 0.8545757 0.8545757 0.2058276 0.6388142 0.6157354 0.0000000 0.1189538 
t6         1.8942965 0.8239592 0.8239592 0.3040988 0.9198342 0.1673577 0.7945437 0.9913169 1.1132061 0.5933457 0.6157354 0.9198342 0.9198342 0.7945437 0.7662384 0.2058276 0.7126442 0.6872180 0.1189538 0.0000000 
