20
t17        0.0000000 1.4396946 1.3744361 1.2070784 1.3144041 1.6785349 0.9913169 1.2070784 1.3744361 1.4396946 1.3744361 1.6785349 1.1132061 0.9198342 0.8545757 1.0297869 1.4396946 1.6785349 0.9913169 0.9913169 
t13        1.4396946 0.0000000 1.3744361 1.2588231 1.5111773 1.1132061 2.4141569 0.8864954 1.3744361 1.6785349 0.8239592 1.7786835 1.8942965 2.4141569 3.2381161 9.0000000 2.1983953 2.4141569 1.0297869 1.0297869 
t7         1.3744361 1.3744361 0.0000000 0.8545757 1.2070784 1.0703373 1.3144041 0.7662384 1.1132061 1.3144041 0.9913169 1.3144041 1.3744361 1.7786835 1.2588231 1.3144041 1.3744361 1.4396946 0.9913169 0.9913169 
t15        1.2070784 1.2588231 0.8545757 0.0000000 2.0310377 1.1586745 1.4396946 1.0703373 1.2588231 2.1983953 1.1586745 2.0310377 1.5111773 1.5901977 2.0310377 1.5111773 1.3144041 1.2070784 1.1586745 1.1586745 
t11        1.3144041 1.5111773 1.2070784 2.0310377 0.0000000 1.7786835 1.8942965 1.4396946 0.8545757 0.9547243 1.5901977 1.6785349 2.4141569 3.2381161 2.4141569 1.6785349 1.7786835 2.1983953 1.3144041 1.3144041 
t18        1.6785349 1.1132061 1.0703373 1.1586745 1.7786835 0.0000000 1.6785349 0.6872180 1.6785349 3.2381161 0.7945437 1.5111773 2.1983953 1.6785349 2.1983953 1.6785349 1.5901977 1.5901977 0.7945437 0.7945437 
t9         0.9913169 2.4141569 1.3144041 1.4396946 1.8942965 1.6785349 0.0000000 2.7182557 1.3144041 2.4141569 2.7182557 1.7786835 0.6388142 0.6157354 0.3999739 0.7126442 2.1983953 2.0310377 2.7182557 2.7182557 
t10        1.2070784 0.8864954 0.7662384 1.0703373 1.4396946 0.6872180 2.7182557 0.0000000 1.5111773 1.8942965 0.4714565 1.5111773 9.0000000 2.7182557 2.1983953 3.2381161 1.3144041 1.3144041 0.3192509 0.3192509 
t6         1.3744361 1.3744361 1.1132061 1.2588231 0.8545757 1.6785349 1.3144041 1.5111773 0.0000000 0.5504769 1.6785349 1.1132061 1.5901977 1.2070784 1.4396946 1.5111773 1.5111773 1.5901977 1.3144041 1.3144041 
t1         1.4396946 1.6785349 1.3144041 2.1983953 0.9547243 3.2381161 2.4141569 1.8942965 0.5504769 0.0000000 2.0310377 1.1586745 2.7182557 1.4396946 2.0310377 1.5111773 1.5901977 1.7786835 1.5901977 1.5901977 
t2         1.3744361 0.8239592 0.9913169 1.1586745 1.5901977 0.7945437 2.7182557 0.4714565 1.6785349 2.0310377 0.0000000 1.7786835 9.0000000 9.0000000 2.7182557 9.0000000 1.6785349 1.8942965 0.3666350 0.3666350 
t14        1.6785349 1.7786835 1.3144041 2.0310377 1.6785349 1.5111773 1.7786835 1.5111773 1.1132061 1.1586745 1.7786835 0.0000000 1.4396946 1.2588231 1.3744361 1.3744361 0.5099265 0.5716050 1.1586745 1.1586745 
t16        1.1132061 1.8942965 1.3744361 1.5111773 2.4141569 2.1983953 0.6388142 9.0000000 1.5901977 2.7182557 9.0000000 1.4396946 0.0000000 0.3999739 0.3999739 0.4904449 1.6785349 1.7786835 2.7182557 2.7182557 
t5         0.9198342 2.4141569 1.7786835 1.5901977 3.2381161 1.6785349 0.6157354 2.7182557 1.2070784 1.4396946 9.0000000 1.2588231 0.3999739 0.0000000 0.3192509 0.3831192 1.1132061 1.1586745 2.7182557 2.7182557 
t20        0.8545757 3.2381161 1.2588231 2.0310377 2.4141569 2.1983953 0.3999739 2.1983953 1.4396946 2.0310377 2.7182557 1.3744361 0.3999739 0.3192509 0.0000000 0.3666350 1.5901977 1.6785349 2.7182557 2.7182557 
t8         1.0297869 9.0000000 1.3144041 1.5111773 1.6785349 1.6785349 0.7126442 3.2381161 1.5111773 1.5111773 9.0000000 1.3744361 0.4904449 0.3831192 0.3666350 0.0000000 1.2588231 1.4396946 9.0000000 9.0000000 
t12        1.4396946 2.1983953 1.3744361 1.3144041 1.7786835 1.5901977 2.1983953 1.3144041 1.5111773 1.5901977 1.6785349 0.5099265 1.6785349 1.1132061 1.5901977 1.2588231 0.0000000 0.0734853 1.3744361 1.3744361 
t4         1.6785349 2.4141569 1.4396946 1.2070784 2.1983953 1.5901977 2.0310377 1.3144041 1.5901977 1.7786835 1.8942965 0.5716050 1.7786835 1.1586745 1.6785349 1.4396946 0.0734853 0.0000000 1.4396946 1.4396946 
t19        0.9913169 1.0297869 0.9913169 1.1586745 1.3144041 0.7945437 2.7182557 0.3192509 1.3144041 1.5901977 0.3666350 1.1586745 2.7182557 2.7182557 2.7182557 9.0000000 1.3744361 1.4396946 0.0000000 0.0000010 
t3         0.9913169 1.0297869 0.9913169 1.1586745 1.3144041 0.7945437 2.7182557 0.3192509 1.3144041 1.5901977 0.3666350 1.1586745 2.7182557 2.7182557 2.7182557 9.0000000 1.3744361 1.4396946 0.0000010 0.0000000 
