20
t16        0.0000000 9.0000000 1.7786835 2.0310377 1.8942965 1.3744361 1.8942965 9.0000000 1.4396946 1.6785349 1.5111773 3.2381161 2.0310377 1.6785349 2.1983953 2.1983953 2.0310377 2.4141569 9.0000000 9.0000000 
t14        9.0000000 0.0000000 9.0000000 9.0000000 9.0000000 2.7182557 9.0000000 2.7182557 3.2381161 9.0000000 1.8942965 1.8942965 2.1983953 2.4141569 2.7182557 9.0000000 9.0000000 2.7182557 3.2381161 3.2381161 
t4         1.7786835 9.0000000 0.0000000 1.3744361 1.2070784 1.0703373 3.2381161 1.2588231 9.0000000 2.7182557 3.2381161 2.4141569 2.0310377 1.8942965 1.6785349 3.2381161 3.2381161 2.4141569 1.8942965 1.7786835 
t8         2.0310377 9.0000000 1.3744361 0.0000000 1.1586745 0.5299277 1.6785349 2.4141569 1.6785349 1.8942965 1.6785349 1.5111773 1.7786835 1.4396946 1.5901977 3.2381161 1.5901977 1.5111773 3.2381161 2.7182557 
t15        1.8942965 9.0000000 1.2070784 1.1586745 0.0000000 0.6626257 1.8942965 3.2381161 1.2070784 1.1132061 1.7786835 1.5901977 1.5901977 1.3144041 1.3744361 1.4396946 1.4396946 1.3744361 2.0310377 1.8942965 
t12        1.3744361 2.7182557 1.0703373 0.5299277 0.6626257 0.0000000 1.3144041 2.7182557 1.1586745 0.9547243 1.7786835 1.2588231 1.3144041 1.1586745 0.9913169 1.2588231 1.2070784 0.9547243 2.0310377 1.8942965 
t1         1.8942965 9.0000000 3.2381161 1.6785349 1.8942965 1.3144041 0.0000000 3.2381161 1.3144041 1.0297869 1.3744361 1.3744361 0.8545757 0.3347153 1.1586745 1.0297869 1.4396946 1.4396946 1.6785349 1.5901977 
t18        9.0000000 2.7182557 1.2588231 2.4141569 3.2381161 2.7182557 3.2381161 0.0000000 9.0000000 9.0000000 9.0000000 2.4141569 9.0000000 9.0000000 3.2381161 9.0000000 9.0000000 9.0000000 0.9198342 0.9547243 
t5         1.4396946 3.2381161 9.0000000 1.6785349 1.2070784 1.1586745 1.3144041 9.0000000 0.0000000 0.2326162 1.5901977 1.5901977 1.8942965 1.0703373 1.0703373 1.3144041 0.6388142 0.4904449 3.2381161 3.2381161 
t7         1.6785349 9.0000000 2.7182557 1.8942965 1.1132061 0.9547243 1.0297869 9.0000000 0.2326162 0.0000000 2.1983953 1.2588231 1.3144041 0.7945437 0.9913169 0.9547243 0.5933457 0.4529370 2.0310377 2.0310377 
t9         1.5111773 1.8942965 3.2381161 1.6785349 1.7786835 1.7786835 1.3744361 9.0000000 1.5901977 2.1983953 0.0000000 0.6626257 1.4396946 1.6785349 1.8942965 2.0310377 1.5111773 1.4396946 9.0000000 9.0000000 
t20        3.2381161 1.8942965 2.4141569 1.5111773 1.5901977 1.2588231 1.3744361 2.4141569 1.5901977 1.2588231 0.6626257 0.0000000 1.3744361 0.9547243 1.4396946 1.2588231 1.3144041 1.2070784 2.7182557 3.2381161 
t2         2.0310377 2.1983953 2.0310377 1.7786835 1.5901977 1.3144041 0.8545757 9.0000000 1.8942965 1.3144041 1.4396946 1.3744361 0.0000000 0.4348639 1.2070784 1.4396946 1.5111773 1.2070784 2.1983953 2.0310377 
t3         1.6785349 2.4141569 1.8942965 1.4396946 1.3144041 1.1586745 0.3347153 9.0000000 1.0703373 0.7945437 1.6785349 0.9547243 0.4348639 0.0000000 0.9198342 0.9198342 0.9913169 1.1132061 1.8942965 1.7786835 
t10        2.1983953 2.7182557 1.6785349 1.5901977 1.3744361 0.9913169 1.1586745 3.2381161 1.0703373 0.9913169 1.8942965 1.4396946 1.2070784 0.9198342 0.0000000 0.2746833 1.4396946 1.3744361 2.1983953 2.0310377 
t19        2.1983953 9.0000000 3.2381161 3.2381161 1.4396946 1.2588231 1.0297869 9.0000000 1.3144041 0.9547243 2.0310377 1.2588231 1.4396946 0.9198342 0.2746833 0.0000000 1.1132061 1.2588231 2.4141569 2.1983953 
t6         2.0310377 9.0000000 3.2381161 1.5901977 1.4396946 1.2070784 1.4396946 9.0000000 0.6388142 0.5933457 1.5111773 1.3144041 1.5111773 0.9913169 1.4396946 1.1132061 0.0000000 0.2463781 3.2381161 9.0000000 
t13        2.4141569 2.7182557 2.4141569 1.5111773 1.3744361 0.9547243 1.4396946 9.0000000 0.4904449 0.4529370 1.4396946 1.2070784 1.2070784 1.1132061 1.3744361 1.2588231 0.2463781 0.0000000 2.7182557 2.4141569 
t17        9.0000000 3.2381161 1.8942965 3.2381161 2.0310377 2.0310377 1.6785349 0.9198342 3.2381161 2.0310377 9.0000000 2.7182557 2.1983953 1.8942965 2.1983953 2.4141569 3.2381161 2.7182557 0.0000000 0.0100673 
t11        9.0000000 3.2381161 1.7786835 2.7182557 1.8942965 1.8942965 1.5901977 0.9547243 3.2381161 2.0310377 9.0000000 3.2381161 2.0310377 1.7786835 2.0310377 2.1983953 9.0000000 2.4141569 0.0100673 0.0000000 
