20
t1         0.0000000 1.5111773 1.5111773 1.1132061 0.7945437 0.7945437 0.7662384 0.7662384 0.8545757 0.9913169 0.9547243 0.9547243 0.9547243 0.8864954 0.8864954 0.8239592 0.7945437 0.8239592 0.8239592 0.8239592 
t6         1.5111773 0.0000000 0.7662384 1.2070784 1.1586745 1.0297869 1.1132061 0.8545757 1.0297869 1.2070784 1.3144041 1.3144041 1.4396946 1.2070784 0.8545757 0.7662384 1.2070784 1.2588231 0.7126442 0.7389627 
t12        1.5111773 0.7662384 0.0000000 0.8239592 1.2070784 1.0297869 0.9913169 0.7945437 0.9198342 0.9913169 0.9198342 1.0297869 0.7389627 0.7126442 0.9547243 0.9913169 0.8864954 0.8545757 1.0297869 0.9913169 
t18        1.1132061 1.2070784 0.8239592 0.0000000 0.7126442 0.6872180 0.7389627 0.3666350 0.5716050 0.6626257 0.8545757 0.7389627 0.7945437 0.6626257 0.4172160 0.4348639 0.4714565 0.5099265 0.4529370 0.4529370 
t5         0.7945437 1.1586745 1.2070784 0.7126442 0.0000000 0.4529370 0.4172160 0.6626257 0.6157354 0.7662384 0.8239592 0.7389627 0.8545757 0.6872180 0.7945437 0.7662384 0.6157354 0.6157354 0.7662384 0.7662384 
t17        0.7945437 1.0297869 1.0297869 0.6872180 0.4529370 0.0000000 0.3999739 0.5504769 0.6872180 0.6626257 0.7662384 0.6388142 0.7662384 0.6157354 0.7126442 0.7389627 0.5933457 0.6157354 0.7126442 0.7389627 
t7         0.7662384 1.1132061 0.9913169 0.7389627 0.4172160 0.3999739 0.0000000 0.6388142 0.5716050 0.6157354 0.8239592 0.7389627 0.7126442 0.6157354 0.7389627 0.7126442 0.6388142 0.6388142 0.7126442 0.7126442 
t11        0.7662384 0.8545757 0.7945437 0.3666350 0.6626257 0.5504769 0.6388142 0.0000000 0.5504769 0.5933457 0.6626257 0.7126442 0.6626257 0.5504769 0.3347153 0.3505054 0.4529370 0.4529370 0.3505054 0.3505054 
t8         0.8545757 1.0297869 0.9198342 0.5716050 0.6157354 0.6872180 0.5716050 0.5504769 0.0000000 0.2603971 0.7126442 0.7389627 0.6626257 0.6157354 0.6626257 0.7126442 0.5504769 0.5933457 0.6872180 0.6872180 
t15        0.9913169 1.2070784 0.9913169 0.6626257 0.7662384 0.6626257 0.6157354 0.5933457 0.2603971 0.0000000 0.9198342 0.9913169 0.8545757 0.7389627 0.7662384 0.8545757 0.5933457 0.6388142 0.8545757 0.8239592 
t9         0.9547243 1.3144041 0.9198342 0.8545757 0.8239592 0.7662384 0.8239592 0.6626257 0.7126442 0.9198342 0.0000000 0.2191023 0.2191023 0.2058276 0.9198342 0.8864954 0.7389627 0.7662384 0.8864954 0.8864954 
t16        0.9547243 1.3144041 1.0297869 0.7389627 0.7389627 0.6388142 0.7389627 0.7126442 0.7389627 0.9913169 0.2191023 0.0000000 0.2603971 0.1927838 0.8864954 0.8545757 0.6626257 0.6872180 0.8545757 0.8545757 
t20        0.9547243 1.4396946 0.7389627 0.7945437 0.8545757 0.7662384 0.7126442 0.6626257 0.6626257 0.8545757 0.2191023 0.2603971 0.0000000 0.0958750 0.9198342 0.8864954 0.6626257 0.6872180 0.8864954 0.8864954 
t19        0.8864954 1.2070784 0.7126442 0.6626257 0.6872180 0.6157354 0.6157354 0.5504769 0.6157354 0.7389627 0.2058276 0.1927838 0.0958750 0.0000000 0.8239592 0.7945437 0.5933457 0.6157354 0.7945437 0.7945437 
t10        0.8864954 0.8545757 0.9547243 0.4172160 0.7945437 0.7126442 0.7389627 0.3347153 0.6626257 0.7662384 0.9198342 0.8864954 0.9198342 0.8239592 0.0000000 0.0625362 0.5299277 0.5504769 0.0625362 0.0517447 
t3         0.8239592 0.7662384 0.9913169 0.4348639 0.7662384 0.7389627 0.7126442 0.3505054 0.7126442 0.8545757 0.8864954 0.8545757 0.8864954 0.7945437 0.0625362 0.0000000 0.5299277 0.5716050 0.0202715 0.0100673 
t13        0.7945437 1.2070784 0.8864954 0.4714565 0.6157354 0.5933457 0.6388142 0.4529370 0.5504769 0.5933457 0.7389627 0.6626257 0.6626257 0.5933457 0.5299277 0.5299277 0.0000000 0.0306165 0.5716050 0.5504769 
t14        0.8239592 1.2588231 0.8545757 0.5099265 0.6157354 0.6157354 0.6388142 0.4529370 0.5933457 0.6388142 0.7662384 0.6872180 0.6872180 0.6157354 0.5504769 0.5716050 0.0306165 0.0000000 0.5933457 0.5716050 
t4         0.8239592 0.7126442 1.0297869 0.4529370 0.7662384 0.7126442 0.7126442 0.3505054 0.6872180 0.8545757 0.8864954 0.8545757 0.8864954 0.7945437 0.0625362 0.0202715 0.5716050 0.5933457 0.0000000 0.0100673 
t2         0.8239592 0.7389627 0.9913169 0.4529370 0.7662384 0.7389627 0.7126442 0.3505054 0.6872180 0.8239592 0.8864954 0.8545757 0.8864954 0.7945437 0.0517447 0.0100673 0.5504769 0.5716050 0.0100673 0.0000000 
