20
t16        0.0000000 0.8545757 0.2746833 0.3347153 0.6388142 0.5299277 0.5504769 0.2463781 0.3192509 0.4714565 0.4348639 0.3666350 0.9198342 0.3999739 0.4904449 0.3505054 0.4529370 0.3999739 0.3666350 0.3666350 
t8         0.8545757 0.0000000 0.7389627 0.9913169 1.3144041 0.9913169 1.4396946 0.7662384 0.9547243 1.0703373 1.3744361 0.8864954 1.1586745 0.8545757 1.1586745 0.9913169 0.9913169 0.9547243 0.7945437 0.7662384 
t9         0.2746833 0.7389627 0.0000000 0.2892469 0.6157354 0.3999739 0.5504769 0.2603971 0.4172160 0.5099265 0.6157354 0.3999739 0.6626257 0.3831192 0.5933457 0.4529370 0.5299277 0.3831192 0.3347153 0.3347153 
t10        0.3347153 0.9913169 0.2892469 0.0000000 0.7389627 0.4529370 0.7389627 0.3831192 0.4529370 0.5716050 0.6872180 0.4348639 0.8864954 0.4348639 0.6872180 0.4714565 0.6388142 0.4348639 0.3999739 0.3999739 
t13        0.6388142 1.3144041 0.6157354 0.7389627 0.0000000 0.7389627 1.1586745 0.6157354 0.7389627 0.7126442 0.8239592 0.7126442 1.2070784 0.6388142 1.1132061 0.7945437 0.8239592 0.7945437 0.6388142 0.6872180 
t19        0.5299277 0.9913169 0.3999739 0.4529370 0.7389627 0.0000000 0.7945437 0.4714565 0.6157354 0.6157354 0.7662384 0.4714565 0.9913169 0.4714565 0.6626257 0.5299277 0.7126442 0.5299277 0.4714565 0.4529370 
t3         0.5504769 1.4396946 0.5504769 0.7389627 1.1586745 0.7945437 0.0000000 0.4529370 0.7662384 0.9547243 0.8545757 0.7662384 1.1586745 0.7126442 0.9198342 0.9198342 0.9198342 0.7662384 0.8239592 0.7945437 
t7         0.2463781 0.7662384 0.2603971 0.3831192 0.6157354 0.4714565 0.4529370 0.0000000 0.3347153 0.4172160 0.5099265 0.3505054 0.6872180 0.3666350 0.5716050 0.4172160 0.5504769 0.3831192 0.3505054 0.3347153 
t1         0.3192509 0.9547243 0.4172160 0.4529370 0.7389627 0.6157354 0.7662384 0.3347153 0.0000000 0.4904449 0.4714565 0.3831192 0.8864954 0.4529370 0.5716050 0.3505054 0.4529370 0.4172160 0.3999739 0.3999739 
t11        0.4714565 1.0703373 0.5099265 0.5716050 0.7126442 0.6157354 0.9547243 0.4172160 0.4904449 0.0000000 0.6388142 0.4529370 0.8545757 0.4904449 0.7662384 0.5504769 0.6872180 0.5099265 0.4714565 0.4714565 
t4         0.4348639 1.3744361 0.6157354 0.6872180 0.8239592 0.7662384 0.8545757 0.5099265 0.4714565 0.6388142 0.0000000 0.4529370 1.1586745 0.5716050 0.7662384 0.6388142 0.6626257 0.5933457 0.5504769 0.5099265 
t18        0.3666350 0.8864954 0.3999739 0.4348639 0.7126442 0.4714565 0.7662384 0.3505054 0.3831192 0.4529370 0.4529370 0.0000000 0.8545757 0.4348639 0.6872180 0.4714565 0.5933457 0.4348639 0.3831192 0.3192509 
t17        0.9198342 1.1586745 0.6626257 0.8864954 1.2070784 0.9913169 1.1586745 0.6872180 0.8864954 0.8545757 1.1586745 0.8545757 0.0000000 0.6626257 1.0703373 1.1132061 1.4396946 0.5933457 0.6157354 0.6388142 
t5         0.3999739 0.8545757 0.3831192 0.4348639 0.6388142 0.4714565 0.7126442 0.3666350 0.4529370 0.4904449 0.5716050 0.4348639 0.6626257 0.0000000 0.6388142 0.4714565 0.6157354 0.2191023 0.1799630 0.1673577 
t15        0.4904449 1.1586745 0.5933457 0.6872180 1.1132061 0.6626257 0.9198342 0.5716050 0.5716050 0.7662384 0.7662384 0.6872180 1.0703373 0.6388142 0.0000000 0.3192509 0.4348639 0.6157354 0.6388142 0.6626257 
t2         0.3505054 0.9913169 0.4529370 0.4714565 0.7945437 0.5299277 0.9198342 0.4172160 0.3505054 0.5504769 0.6388142 0.4714565 1.1132061 0.4714565 0.3192509 0.0000000 0.2463781 0.5099265 0.4904449 0.4714565 
t12        0.4529370 0.9913169 0.5299277 0.6388142 0.8239592 0.7126442 0.9198342 0.5504769 0.4529370 0.6872180 0.6626257 0.5933457 1.4396946 0.6157354 0.4348639 0.2463781 0.0000000 0.6626257 0.5504769 0.5504769 
t20        0.3999739 0.9547243 0.3831192 0.4348639 0.7945437 0.5299277 0.7662384 0.3831192 0.4172160 0.5099265 0.5933457 0.4348639 0.5933457 0.2191023 0.6157354 0.5099265 0.6626257 0.0000000 0.1189538 0.1189538 
t14        0.3666350 0.7945437 0.3347153 0.3999739 0.6388142 0.4714565 0.8239592 0.3505054 0.3999739 0.4714565 0.5504769 0.3831192 0.6157354 0.1799630 0.6388142 0.4904449 0.5504769 0.1189538 0.0000000 0.0625362 
t6         0.3666350 0.7662384 0.3347153 0.3999739 0.6872180 0.4529370 0.7945437 0.3347153 0.3999739 0.4714565 0.5099265 0.3192509 0.6388142 0.1673577 0.6626257 0.4714565 0.5504769 0.1189538 0.0625362 0.0000000 
