20
t8         0.0000000 0.9198342 0.5504769 0.7126442 0.7662384 0.6157354 0.9913169 0.6388142 0.7126442 0.4904449 0.5716050 0.6872180 0.6626257 0.7389627 0.6388142 0.6626257 0.7389627 0.7126442 0.8545757 0.8864954 
t12        0.9198342 0.0000000 1.4396946 1.2588231 1.1586745 0.9547243 1.1586745 0.8545757 1.0297869 0.7389627 0.6157354 1.0297869 1.1132061 0.9547243 0.9547243 0.8864954 1.4396946 1.5901977 1.7786835 1.7786835 
t7         0.5504769 1.4396946 0.0000000 1.3144041 1.3744361 0.9913169 1.5901977 0.9913169 1.1586745 0.9198342 0.9913169 1.0703373 1.0297869 0.9913169 0.9547243 1.0703373 0.4172160 0.4348639 1.3744361 1.3144041 
t4         0.7126442 1.2588231 1.3144041 0.0000000 0.5504769 1.0703373 1.0703373 1.2070784 1.1132061 0.8545757 0.7945437 1.3144041 1.1586745 1.2588231 1.2588231 1.1586745 1.2070784 1.2588231 1.1132061 1.0703373 
t19        0.7662384 1.1586745 1.3744361 0.5504769 0.0000000 1.0297869 1.1132061 1.3144041 1.2588231 0.8239592 0.7662384 0.9913169 0.9913169 1.3144041 1.2588231 1.1586745 1.7786835 1.6785349 1.5901977 1.5111773 
t10        0.6157354 0.9547243 0.9913169 1.0703373 1.0297869 0.0000000 0.9913169 0.5504769 0.5933457 0.6388142 0.6626257 0.4172160 0.4348639 0.4904449 0.5099265 0.5099265 1.3144041 1.1586745 0.8239592 0.8545757 
t14        0.9913169 1.1586745 1.5901977 1.0703373 1.1132061 0.9913169 0.0000000 1.4396946 1.4396946 0.7389627 0.6872180 1.1132061 1.2588231 1.2588231 1.3144041 1.1586745 2.0310377 1.7786835 1.5901977 1.6785349 
t11        0.6388142 0.8545757 0.9913169 1.2070784 1.3144041 0.5504769 1.4396946 0.0000000 0.4348639 0.6157354 0.6872180 0.4904449 0.5299277 0.5716050 0.5933457 0.6388142 1.5111773 1.3744361 1.1586745 1.1132061 
t6         0.7126442 1.0297869 1.1586745 1.1132061 1.2588231 0.5933457 1.4396946 0.4348639 0.0000000 0.7945437 0.9547243 0.6157354 0.5933457 0.6626257 0.7389627 0.6872180 1.5111773 1.3144041 0.9547243 0.9913169 
t13        0.4904449 0.7389627 0.9198342 0.8545757 0.8239592 0.6388142 0.7389627 0.6157354 0.7945437 0.0000000 0.2191023 0.6157354 0.5933457 0.7126442 0.6872180 0.6872180 0.9547243 0.9198342 1.0703373 1.1132061 
t5         0.5716050 0.6157354 0.9913169 0.7945437 0.7662384 0.6626257 0.6872180 0.6872180 0.9547243 0.2191023 0.0000000 0.7945437 0.6626257 0.7389627 0.7662384 0.7126442 1.0297869 0.9913169 1.1586745 1.1586745 
t15        0.6872180 1.0297869 1.0703373 1.3144041 0.9913169 0.4172160 1.1132061 0.4904449 0.6157354 0.6157354 0.7945437 0.0000000 0.3040988 0.5299277 0.5716050 0.5933457 1.4396946 1.3144041 1.1586745 1.2070784 
t3         0.6626257 1.1132061 1.0297869 1.1586745 0.9913169 0.4348639 1.2588231 0.5299277 0.5933457 0.5933457 0.6626257 0.3040988 0.0000000 0.4529370 0.4904449 0.4904449 1.4396946 1.2588231 1.0703373 1.1132061 
t20        0.7389627 0.9547243 0.9913169 1.2588231 1.3144041 0.4904449 1.2588231 0.5716050 0.6626257 0.7126442 0.7389627 0.5299277 0.4529370 0.0000000 0.0625362 0.0625362 1.3744361 1.3744361 1.3744361 1.4396946 
t18        0.6388142 0.9547243 0.9547243 1.2588231 1.2588231 0.5099265 1.3144041 0.5933457 0.7389627 0.6872180 0.7662384 0.5716050 0.4904449 0.0625362 0.0000000 0.0411062 1.3144041 1.2588231 1.3144041 1.3744361 
t9         0.6626257 0.8864954 1.0703373 1.1586745 1.1586745 0.5099265 1.1586745 0.6388142 0.6872180 0.6872180 0.7126442 0.5933457 0.4904449 0.0625362 0.0411062 0.0000000 1.4396946 1.3744361 1.2588231 1.3144041 
t2         0.7389627 1.4396946 0.4172160 1.2070784 1.7786835 1.3144041 2.0310377 1.5111773 1.5111773 0.9547243 1.0297869 1.4396946 1.4396946 1.3744361 1.3144041 1.4396946 0.0000000 0.0411062 1.3744361 1.4396946 
t17        0.7126442 1.5901977 0.4348639 1.2588231 1.6785349 1.1586745 1.7786835 1.3744361 1.3144041 0.9198342 0.9913169 1.3144041 1.2588231 1.3744361 1.2588231 1.3744361 0.0411062 0.0000000 1.2070784 1.2588231 
t1         0.8545757 1.7786835 1.3744361 1.1132061 1.5901977 0.8239592 1.5901977 1.1586745 0.9547243 1.0703373 1.1586745 1.1586745 1.0703373 1.3744361 1.3144041 1.2588231 1.3744361 1.2070784 0.0000000 0.0100673 
t16        0.8864954 1.7786835 1.3144041 1.0703373 1.5111773 0.8545757 1.6785349 1.1132061 0.9913169 1.1132061 1.1586745 1.2070784 1.1132061 1.4396946 1.3744361 1.3144041 1.4396946 1.2588231 0.0100673 0.0000000 
