20
t13        0.0000000 1.2070784 0.7389627 0.8545757 0.5716050 1.4396946 0.5933457 1.1132061 0.7662384 0.9547243 1.4396946 1.2588231 0.8239592 0.6872180 0.6626257 0.5933457 0.7945437 0.7945437 0.8545757 0.8864954 
t8         1.2070784 0.0000000 1.3144041 1.3144041 1.5901977 1.4396946 1.1132061 1.1132061 1.0703373 1.3744361 1.7786835 1.3144041 1.3744361 1.2588231 1.4396946 1.3144041 1.1586745 1.1586745 1.5901977 1.5901977 
t18        0.7389627 1.3144041 0.0000000 0.8239592 1.2588231 1.5901977 0.7389627 1.0297869 0.8864954 1.1132061 2.7182557 1.5901977 1.3744361 1.1586745 1.3744361 1.1586745 0.9547243 0.9198342 1.0297869 1.1586745 
t3         0.8545757 1.3144041 0.8239592 0.0000000 0.8864954 1.7786835 0.7126442 0.7389627 0.6626257 0.7126442 1.3744361 1.0703373 1.1132061 1.0297869 1.0297869 0.8239592 0.9913169 0.9913169 0.9547243 0.9198342 
t10        0.5716050 1.5901977 1.2588231 0.8864954 0.0000000 1.7786835 1.4396946 1.3144041 1.0703373 1.3144041 1.2070784 1.2070784 0.5716050 0.4172160 0.4172160 0.4714565 1.4396946 1.5111773 1.5901977 1.5901977 
t19        1.4396946 1.4396946 1.5901977 1.7786835 1.7786835 0.0000000 2.1983953 2.0310377 1.4396946 1.5111773 2.4141569 2.0310377 1.3744361 1.4396946 2.0310377 1.6785349 0.8864954 0.8864954 1.6785349 1.7786835 
t2         0.5933457 1.1132061 0.7389627 0.7126442 1.4396946 2.1983953 0.0000000 0.6157354 0.4714565 0.6872180 2.1983953 1.6785349 1.3144041 1.2070784 1.3744361 1.1132061 0.8864954 0.8864954 0.5299277 0.5299277 
t12        1.1132061 1.1132061 1.0297869 0.7389627 1.3144041 2.0310377 0.6157354 0.0000000 0.5504769 0.9198342 2.4141569 1.5111773 1.2070784 1.0297869 1.3144041 1.1132061 1.0703373 1.0703373 0.9198342 0.8864954 
t11        0.7662384 1.0703373 0.8864954 0.6626257 1.0703373 1.4396946 0.4714565 0.5504769 0.0000000 0.6872180 2.0310377 1.5111773 1.1132061 1.1132061 0.9913169 0.7662384 0.8864954 0.8864954 0.7126442 0.7389627 
t5         0.9547243 1.3744361 1.1132061 0.7126442 1.3144041 1.5111773 0.6872180 0.9198342 0.6872180 0.0000000 2.4141569 1.5901977 1.2588231 1.2070784 0.9547243 0.8545757 0.8239592 0.8545757 0.4714565 0.4348639 
t6         1.4396946 1.7786835 2.7182557 1.3744361 1.2070784 2.4141569 2.1983953 2.4141569 2.0310377 2.4141569 0.0000000 0.2326162 2.1983953 1.6785349 1.3744361 1.3144041 2.1983953 2.4141569 2.4141569 2.0310377 
t15        1.2588231 1.3144041 1.5901977 1.0703373 1.2070784 2.0310377 1.6785349 1.5111773 1.5111773 1.5901977 0.2326162 0.0000000 1.5901977 1.3144041 1.1132061 1.0703373 1.5901977 1.5901977 1.5111773 1.5111773 
t1         0.8239592 1.3744361 1.3744361 1.1132061 0.5716050 1.3744361 1.3144041 1.2070784 1.1132061 1.2588231 2.1983953 1.5901977 0.0000000 0.1927838 0.5933457 0.5933457 1.3744361 1.3744361 1.4396946 1.3744361 
t17        0.6872180 1.2588231 1.1586745 1.0297869 0.4172160 1.4396946 1.2070784 1.0297869 1.1132061 1.2070784 1.6785349 1.3144041 0.1927838 0.0000000 0.5504769 0.5299277 1.2070784 1.2070784 1.2070784 1.2070784 
t7         0.6626257 1.4396946 1.3744361 1.0297869 0.4172160 2.0310377 1.3744361 1.3144041 0.9913169 0.9547243 1.3744361 1.1132061 0.5933457 0.5504769 0.0000000 0.1189538 1.3744361 1.3744361 1.1132061 1.0297869 
t4         0.5933457 1.3144041 1.1586745 0.8239592 0.4714565 1.6785349 1.1132061 1.1132061 0.7662384 0.8545757 1.3144041 1.0703373 0.5933457 0.5299277 0.1189538 0.0000000 1.2070784 1.2070784 0.9547243 0.8864954 
t9         0.7945437 1.1586745 0.9547243 0.9913169 1.4396946 0.8864954 0.8864954 1.0703373 0.8864954 0.8239592 2.1983953 1.5901977 1.3744361 1.2070784 1.3744361 1.2070784 0.0000000 0.0202715 0.8545757 0.8864954 
t16        0.7945437 1.1586745 0.9198342 0.9913169 1.5111773 0.8864954 0.8864954 1.0703373 0.8864954 0.8545757 2.4141569 1.5901977 1.3744361 1.2070784 1.3744361 1.2070784 0.0202715 0.0000000 0.8545757 0.8864954 
t20        0.8545757 1.5901977 1.0297869 0.9547243 1.5901977 1.6785349 0.5299277 0.9198342 0.7126442 0.4714565 2.4141569 1.5111773 1.4396946 1.2070784 1.1132061 0.9547243 0.8545757 0.8545757 0.0000000 0.0517447 
t14        0.8864954 1.5901977 1.1586745 0.9198342 1.5901977 1.7786835 0.5299277 0.8864954 0.7389627 0.4348639 2.0310377 1.5111773 1.3744361 1.2070784 1.0297869 0.8864954 0.8864954 0.8864954 0.0517447 0.0000000 
