20
t10        0.0000000 1.8942965 2.0310377 1.7786835 2.7182557 2.0310377 3.2381161 2.4141569 1.4396946 1.3744361 1.3744361 1.5901977 1.8942965 1.5901977 2.0310377 1.6785349 1.2070784 1.2070784 1.3144041 1.3144041 
t7         1.8942965 0.0000000 1.6785349 0.9913169 1.8942965 1.0703373 1.5901977 1.3744361 1.1132061 1.3744361 1.2070784 1.2070784 1.1586745 1.4396946 1.3744361 1.5111773 1.1586745 1.1132061 1.7786835 1.7786835 
t13        2.0310377 1.6785349 0.0000000 1.3744361 2.4141569 1.8942965 1.7786835 1.5901977 1.7786835 1.4396946 1.3744361 1.2588231 2.4141569 2.0310377 1.6785349 2.1983953 1.4396946 1.6785349 1.7786835 1.7786835 
t6         1.7786835 0.9913169 1.3744361 0.0000000 2.0310377 1.5111773 2.1983953 1.6785349 1.0297869 0.7389627 1.2588231 1.2070784 0.9198342 1.5901977 0.8239592 0.9547243 1.3144041 1.3744361 1.4396946 1.3744361 
t16        2.7182557 1.8942965 2.4141569 2.0310377 0.0000000 9.0000000 3.2381161 9.0000000 2.7182557 2.0310377 9.0000000 9.0000000 1.7786835 9.0000000 1.7786835 1.5901977 9.0000000 3.2381161 1.6785349 1.5111773 
t1         2.0310377 1.0703373 1.8942965 1.5111773 9.0000000 0.0000000 0.5933457 0.2892469 1.4396946 1.4396946 1.0703373 1.1132061 2.4141569 1.3144041 2.1983953 3.2381161 1.1132061 1.5901977 2.0310377 2.0310377 
t11        3.2381161 1.5901977 1.7786835 2.1983953 3.2381161 0.5933457 0.0000000 0.5933457 1.7786835 2.7182557 1.0703373 1.8942965 9.0000000 2.0310377 9.0000000 9.0000000 1.8942965 9.0000000 9.0000000 9.0000000 
t19        2.4141569 1.3744361 1.5901977 1.6785349 9.0000000 0.2892469 0.5933457 0.0000000 1.4396946 1.3744361 1.2588231 1.4396946 2.7182557 1.4396946 9.0000000 9.0000000 1.3144041 1.8942965 2.1983953 2.4141569 
t3         1.4396946 1.1132061 1.7786835 1.0297869 2.7182557 1.4396946 1.7786835 1.4396946 0.0000000 0.4904449 1.1586745 1.2070784 1.3144041 1.1132061 1.0703373 1.3144041 0.9547243 1.0297869 0.9913169 0.9547243 
t5         1.3744361 1.3744361 1.4396946 0.7389627 2.0310377 1.4396946 2.7182557 1.3744361 0.4904449 0.0000000 1.2588231 1.2588231 1.0297869 1.2070784 0.9913169 1.1586745 0.9913169 1.2070784 0.9913169 0.9198342 
t14        1.3744361 1.2070784 1.3744361 1.2588231 9.0000000 1.0703373 1.0703373 1.2588231 1.1586745 1.2588231 0.0000000 0.3999739 2.0310377 1.0297869 1.4396946 2.0310377 1.0703373 0.9913169 1.6785349 1.6785349 
t20        1.5901977 1.2070784 1.2588231 1.2070784 9.0000000 1.1132061 1.8942965 1.4396946 1.2070784 1.2588231 0.3999739 0.0000000 3.2381161 0.8239592 1.7786835 1.8942965 0.7945437 0.6626257 2.1983953 2.1983953 
t9         1.8942965 1.1586745 2.4141569 0.9198342 1.7786835 2.4141569 9.0000000 2.7182557 1.3144041 1.0297869 2.0310377 3.2381161 0.0000000 1.3744361 0.3831192 0.4172160 1.7786835 1.5901977 1.2588231 1.2588231 
t12        1.5901977 1.4396946 2.0310377 1.5901977 9.0000000 1.3144041 2.0310377 1.4396946 1.1132061 1.2070784 1.0297869 0.8239592 1.3744361 0.0000000 1.3744361 1.3744361 0.3192509 0.3505054 1.8942965 1.8942965 
t15        2.0310377 1.3744361 1.6785349 0.8239592 1.7786835 2.1983953 9.0000000 9.0000000 1.0703373 0.9913169 1.4396946 1.7786835 0.3831192 1.3744361 0.0000000 0.2603971 1.3144041 2.0310377 1.2588231 1.2588231 
t4         1.6785349 1.5111773 2.1983953 0.9547243 1.5901977 3.2381161 9.0000000 9.0000000 1.3144041 1.1586745 2.0310377 1.8942965 0.4172160 1.3744361 0.2603971 0.0000000 1.5901977 1.7786835 1.5111773 1.5111773 
t8         1.2070784 1.1586745 1.4396946 1.3144041 9.0000000 1.1132061 1.8942965 1.3144041 0.9547243 0.9913169 1.0703373 0.7945437 1.7786835 0.3192509 1.3144041 1.5901977 0.0000000 0.2746833 1.5111773 1.5111773 
t2         1.2070784 1.1132061 1.6785349 1.3744361 3.2381161 1.5901977 9.0000000 1.8942965 1.0297869 1.2070784 0.9913169 0.6626257 1.5901977 0.3505054 2.0310377 1.7786835 0.2746833 0.0000000 1.6785349 1.6785349 
t17        1.3144041 1.7786835 1.7786835 1.4396946 1.6785349 2.0310377 9.0000000 2.1983953 0.9913169 0.9913169 1.6785349 2.1983953 1.2588231 1.8942965 1.2588231 1.5111773 1.5111773 1.6785349 0.0000000 0.0202715 
t18        1.3144041 1.7786835 1.7786835 1.3744361 1.5111773 2.0310377 9.0000000 2.4141569 0.9547243 0.9198342 1.6785349 2.1983953 1.2588231 1.8942965 1.2588231 1.5111773 1.5111773 1.6785349 0.0202715 0.0000000 
