20
t4         0.0000000 1.5111773 1.2070784 1.3744361 1.1586745 1.2588231 1.2070784 1.3144041 1.4396946 1.3144041 1.5111773 1.5901977 1.2070784 1.1586745 1.1132061 1.1132061 2.0310377 1.5111773 1.2070784 1.4396946 
t8         1.5111773 0.0000000 2.1983953 1.5111773 1.5111773 1.1586745 1.1586745 1.3144041 1.8942965 1.6785349 2.7182557 1.5901977 1.5901977 1.3144041 1.2588231 1.3144041 1.3144041 1.5111773 2.0310377 2.1983953 
t7         1.2070784 2.1983953 0.0000000 1.1586745 1.2588231 1.2588231 1.2070784 1.3744361 1.8942965 1.7786835 1.5111773 1.2070784 1.1586745 1.2588231 0.7945437 0.7662384 1.5111773 1.3144041 1.1586745 1.1586745 
t10        1.3744361 1.5111773 1.1586745 0.0000000 0.7126442 0.5504769 0.5933457 0.6157354 1.2588231 1.1132061 0.9913169 0.9198342 1.7786835 1.7786835 1.0703373 0.9198342 1.2070784 1.0297869 1.2070784 1.2070784 
t20        1.1586745 1.5111773 1.2588231 0.7126442 0.0000000 0.2463781 0.3040988 0.3505054 1.5111773 1.4396946 2.0310377 1.5901977 1.4396946 1.3744361 0.9547243 0.8545757 1.4396946 1.2070784 1.2588231 1.3144041 
t17        1.2588231 1.1586745 1.2588231 0.5504769 0.2463781 0.0000000 0.1927838 0.2746833 1.0297869 1.0297869 1.3144041 1.1586745 1.2588231 1.1586745 0.9198342 0.8545757 1.2588231 1.0703373 1.5111773 1.5901977 
t1         1.2070784 1.1586745 1.2070784 0.5933457 0.3040988 0.1927838 0.0000000 0.1673577 1.3744361 1.2588231 1.2070784 0.9913169 1.0703373 0.9913169 0.8864954 0.8239592 1.0297869 0.8864954 1.3744361 1.4396946 
t15        1.3144041 1.3144041 1.3744361 0.6157354 0.3505054 0.2746833 0.1673577 0.0000000 1.4396946 1.3144041 1.4396946 1.2070784 1.4396946 1.3144041 1.0703373 0.9913169 1.3144041 1.1132061 1.5111773 1.5111773 
t9         1.4396946 1.8942965 1.8942965 1.2588231 1.5111773 1.0297869 1.3744361 1.4396946 0.0000000 0.1799630 1.2070784 1.2070784 1.4396946 1.3144041 1.1586745 1.0297869 3.2381161 1.8942965 1.2588231 1.2588231 
t11        1.3144041 1.6785349 1.7786835 1.1132061 1.4396946 1.0297869 1.2588231 1.3144041 0.1799630 0.0000000 1.2070784 1.2070784 1.6785349 1.5111773 1.0297869 0.9198342 9.0000000 2.4141569 1.3744361 1.3744361 
t12        1.5111773 2.7182557 1.5111773 0.9913169 2.0310377 1.3144041 1.2070784 1.4396946 1.2070784 1.2070784 0.0000000 0.3347153 0.8864954 0.8864954 1.1586745 1.1586745 2.0310377 1.8942965 1.7786835 1.7786835 
t13        1.5901977 1.5901977 1.2070784 0.9198342 1.5901977 1.1586745 0.9913169 1.2070784 1.2070784 1.2070784 0.3347153 0.0000000 0.7389627 0.7389627 1.0297869 0.9913169 1.5111773 1.4396946 2.1983953 2.1983953 
t2         1.2070784 1.5901977 1.1586745 1.7786835 1.4396946 1.2588231 1.0703373 1.4396946 1.4396946 1.6785349 0.8864954 0.7389627 0.0000000 0.0625362 0.8239592 0.8864954 1.6785349 1.5901977 2.1983953 2.1983953 
t14        1.1586745 1.3144041 1.2588231 1.7786835 1.3744361 1.1586745 0.9913169 1.3144041 1.3144041 1.5111773 0.8864954 0.7389627 0.0625362 0.0000000 0.7945437 0.8864954 1.3744361 1.3144041 2.0310377 2.0310377 
t19        1.1132061 1.2588231 0.7945437 1.0703373 0.9547243 0.9198342 0.8864954 1.0703373 1.1586745 1.0297869 1.1586745 1.0297869 0.8239592 0.7945437 0.0000000 0.0958750 1.1586745 0.9913169 0.8545757 0.7945437 
t18        1.1132061 1.3144041 0.7662384 0.9198342 0.8545757 0.8545757 0.8239592 0.9913169 1.0297869 0.9198342 1.1586745 0.9913169 0.8864954 0.8864954 0.0958750 0.0000000 1.0297869 0.8864954 0.7662384 0.7389627 
t16        2.0310377 1.3144041 1.5111773 1.2070784 1.4396946 1.2588231 1.0297869 1.3144041 3.2381161 9.0000000 2.0310377 1.5111773 1.6785349 1.3744361 1.1586745 1.0297869 0.0000000 0.0517447 1.6785349 1.5901977 
t6         1.5111773 1.5111773 1.3144041 1.0297869 1.2070784 1.0703373 0.8864954 1.1132061 1.8942965 2.4141569 1.8942965 1.4396946 1.5901977 1.3144041 0.9913169 0.8864954 0.0517447 0.0000000 1.3744361 1.3144041 
t5         1.2070784 2.0310377 1.1586745 1.2070784 1.2588231 1.5111773 1.3744361 1.5111773 1.2588231 1.3744361 1.7786835 2.1983953 2.1983953 2.0310377 0.8545757 0.7662384 1.6785349 1.3744361 0.0000000 0.0411062 
t3         1.4396946 2.1983953 1.1586745 1.2070784 1.3144041 1.5901977 1.4396946 1.5111773 1.2588231 1.3744361 1.7786835 2.1983953 2.1983953 2.0310377 0.7945437 0.7389627 1.5901977 1.3144041 0.0411062 0.0000000 
