20
t15        0.0000000 0.2326162 1.8942965 2.1983953 1.1132061 2.4141569 0.6626257 0.5299277 0.8239592 0.7945437 1.1586745 1.0703373 0.5099265 0.7389627 1.2588231 1.0703373 1.2588231 1.1586745 1.4396946 0.9198342 
t10        0.2326162 0.0000000 1.8942965 1.5901977 1.3744361 9.0000000 0.6388142 0.5716050 0.9198342 0.8864954 1.2070784 1.0297869 0.5099265 0.7662384 1.2588231 1.0703373 1.2070784 1.1586745 1.3144041 0.8239592 
t4         1.8942965 1.8942965 0.0000000 9.0000000 2.4141569 1.4396946 2.7182557 2.7182557 2.1983953 2.7182557 1.4396946 2.7182557 9.0000000 1.7786835 1.5901977 3.2381161 2.0310377 2.0310377 9.0000000 2.1983953 
t16        2.1983953 1.5901977 9.0000000 0.0000000 2.4141569 9.0000000 1.8942965 9.0000000 2.1983953 9.0000000 9.0000000 2.0310377 1.8942965 1.4396946 9.0000000 1.7786835 9.0000000 2.7182557 9.0000000 1.5111773 
t9         1.1132061 1.3744361 2.4141569 2.4141569 0.0000000 1.1586745 1.7786835 1.5901977 0.2326162 2.7182557 1.1586745 1.7786835 1.5901977 1.5111773 0.5504769 0.2603971 0.6626257 0.5716050 2.0310377 1.5901977 
t17        2.4141569 9.0000000 1.4396946 9.0000000 1.1586745 0.0000000 2.4141569 3.2381161 1.3144041 2.0310377 1.6785349 1.4396946 3.2381161 2.0310377 2.4141569 1.3144041 1.5111773 1.7786835 2.4141569 2.1983953 
t19        0.6626257 0.6388142 2.7182557 1.8942965 1.7786835 2.4141569 0.0000000 0.5716050 1.3144041 0.2892469 0.7662384 1.4396946 0.5299277 1.1132061 1.8942965 1.5901977 1.6785349 1.5901977 3.2381161 1.3744361 
t1         0.5299277 0.5716050 2.7182557 9.0000000 1.5901977 3.2381161 0.5716050 0.0000000 1.5111773 0.6626257 1.1586745 1.1132061 0.3192509 1.2588231 2.4141569 1.7786835 1.4396946 1.2588231 1.8942965 1.4396946 
t13        0.8239592 0.9198342 2.1983953 2.1983953 0.2326162 1.3144041 1.3144041 1.5111773 0.0000000 1.6785349 1.2070784 1.7786835 1.3144041 1.2588231 0.5099265 0.1927838 0.5933457 0.5504769 1.7786835 1.3144041 
t3         0.7945437 0.8864954 2.7182557 9.0000000 2.7182557 2.0310377 0.2892469 0.6626257 1.6785349 0.0000000 0.8239592 1.0297869 0.5716050 1.6785349 1.8942965 2.0310377 2.1983953 2.0310377 9.0000000 3.2381161 
t5         1.1586745 1.2070784 1.4396946 9.0000000 1.1586745 1.6785349 0.7662384 1.1586745 1.2070784 0.8239592 0.0000000 1.5901977 1.0297869 1.5901977 1.3144041 1.3144041 1.8942965 2.4141569 2.0310377 1.6785349 
t18        1.0703373 1.0297869 2.7182557 2.0310377 1.7786835 1.4396946 1.4396946 1.1132061 1.7786835 1.0297869 1.5901977 0.0000000 0.9547243 1.4396946 1.7786835 3.2381161 2.7182557 2.7182557 2.7182557 3.2381161 
t11        0.5099265 0.5099265 9.0000000 1.8942965 1.5901977 3.2381161 0.5299277 0.3192509 1.3144041 0.5716050 1.0297869 0.9547243 0.0000000 0.9913169 2.0310377 1.5111773 1.5111773 1.7786835 2.1983953 1.4396946 
t20        0.7389627 0.7662384 1.7786835 1.4396946 1.5111773 2.0310377 1.1132061 1.2588231 1.2588231 1.6785349 1.5901977 1.4396946 0.9913169 0.0000000 1.6785349 1.5111773 1.8942965 1.5901977 0.9198342 0.4172160 
t12        1.2588231 1.2588231 1.5901977 9.0000000 0.5504769 2.4141569 1.8942965 2.4141569 0.5099265 1.8942965 1.3144041 1.7786835 2.0310377 1.6785349 0.0000000 0.4904449 1.2070784 1.0703373 1.6785349 1.5111773 
t7         1.0703373 1.0703373 3.2381161 1.7786835 0.2603971 1.3144041 1.5901977 1.7786835 0.1927838 2.0310377 1.3144041 3.2381161 1.5111773 1.5111773 0.4904449 0.0000000 0.8239592 0.6388142 1.6785349 1.3744361 
t14        1.2588231 1.2070784 2.0310377 9.0000000 0.6626257 1.5111773 1.6785349 1.4396946 0.5933457 2.1983953 1.8942965 2.7182557 1.5111773 1.8942965 1.2070784 0.8239592 0.0000000 0.3666350 1.8942965 1.8942965 
t6         1.1586745 1.1586745 2.0310377 2.7182557 0.5716050 1.7786835 1.5901977 1.2588231 0.5504769 2.0310377 2.4141569 2.7182557 1.7786835 1.5901977 1.0703373 0.6388142 0.3666350 0.0000000 1.6785349 1.6785349 
t2         1.4396946 1.3144041 9.0000000 9.0000000 2.0310377 2.4141569 3.2381161 1.8942965 1.7786835 9.0000000 2.0310377 2.7182557 2.1983953 0.9198342 1.6785349 1.6785349 1.8942965 1.6785349 0.0000000 0.3999739 
t8         0.9198342 0.8239592 2.1983953 1.5111773 1.5901977 2.1983953 1.3744361 1.4396946 1.3144041 3.2381161 1.6785349 3.2381161 1.4396946 0.4172160 1.5111773 1.3744361 1.8942965 1.6785349 0.3999739 0.0000000 
