20
t13        0.0000000 1.2588231 1.4396946 1.0703373 0.9547243 1.1586745 1.6785349 1.4396946 0.7945437 1.2588231 1.3744361 9.0000000 0.9913169 1.0703373 1.4396946 1.5901977 1.6785349 1.7786835 0.9913169 1.0297869 
t16        1.2588231 0.0000000 2.7182557 2.7182557 9.0000000 9.0000000 3.2381161 2.1983953 2.1983953 9.0000000 9.0000000 9.0000000 3.2381161 9.0000000 2.7182557 2.1983953 1.7786835 2.0310377 2.0310377 2.7182557 
t15        1.4396946 2.7182557 0.0000000 2.4141569 9.0000000 1.8942965 0.3666350 0.3505054 9.0000000 9.0000000 9.0000000 3.2381161 2.4141569 9.0000000 9.0000000 0.7126442 0.6626257 0.6872180 9.0000000 9.0000000 
t12        1.0703373 2.7182557 2.4141569 0.0000000 0.5299277 0.2892469 2.0310377 2.0310377 1.4396946 0.4714565 0.9547243 1.6785349 0.5716050 0.7126442 0.6872180 1.7786835 2.7182557 1.6785349 1.5901977 1.5901977 
t6         0.9547243 9.0000000 9.0000000 0.5299277 0.0000000 0.4529370 2.7182557 2.4141569 1.0297869 0.5716050 0.4172160 1.3744361 0.6872180 0.2326162 0.2746833 9.0000000 9.0000000 9.0000000 1.0703373 1.1586745 
t2         1.1586745 9.0000000 1.8942965 0.2892469 0.4529370 0.0000000 1.6785349 1.7786835 1.1132061 0.2746833 0.8239592 1.2070784 0.3831192 0.5933457 0.6626257 1.6785349 1.7786835 1.7786835 1.2070784 1.4396946 
t5         1.6785349 3.2381161 0.3666350 2.0310377 2.7182557 1.6785349 0.0000000 0.2326162 9.0000000 2.7182557 3.2381161 2.7182557 2.1983953 9.0000000 9.0000000 0.4904449 0.4714565 0.4529370 9.0000000 9.0000000 
t1         1.4396946 2.1983953 0.3505054 2.0310377 2.4141569 1.7786835 0.2326162 0.0000000 9.0000000 3.2381161 9.0000000 9.0000000 9.0000000 9.0000000 9.0000000 0.4529370 0.4529370 0.4172160 9.0000000 9.0000000 
t11        0.7945437 2.1983953 9.0000000 1.4396946 1.0297869 1.1132061 9.0000000 9.0000000 0.0000000 1.3744361 1.3144041 1.6785349 1.2588231 1.2070784 1.2588231 9.0000000 9.0000000 9.0000000 0.2191023 0.2326162 
t4         1.2588231 9.0000000 9.0000000 0.4714565 0.5716050 0.2746833 2.7182557 3.2381161 1.3744361 0.0000000 0.7389627 1.3744361 0.3831192 0.7389627 0.6388142 2.4141569 3.2381161 3.2381161 1.5901977 1.6785349 
t3         1.3744361 9.0000000 9.0000000 0.9547243 0.4172160 0.8239592 3.2381161 9.0000000 1.3144041 0.7389627 0.0000000 1.5901977 0.8864954 0.4348639 0.4904449 3.2381161 3.2381161 3.2381161 1.4396946 1.7786835 
t8         9.0000000 9.0000000 3.2381161 1.6785349 1.3744361 1.2070784 2.7182557 9.0000000 1.6785349 1.3744361 1.5901977 0.0000000 1.2070784 1.3744361 1.3744361 2.7182557 9.0000000 9.0000000 1.5901977 2.0310377 
t7         0.9913169 3.2381161 2.4141569 0.5716050 0.6872180 0.3831192 2.1983953 9.0000000 1.2588231 0.3831192 0.8864954 1.2070784 0.0000000 0.8239592 0.8545757 2.0310377 2.7182557 2.0310377 1.7786835 2.1983953 
t14        1.0703373 9.0000000 9.0000000 0.7126442 0.2326162 0.5933457 9.0000000 9.0000000 1.2070784 0.7389627 0.4348639 1.3744361 0.8239592 0.0000000 0.3505054 9.0000000 9.0000000 9.0000000 1.3744361 1.4396946 
t17        1.4396946 2.7182557 9.0000000 0.6872180 0.2746833 0.6626257 9.0000000 9.0000000 1.2588231 0.6388142 0.4904449 1.3744361 0.8545757 0.3505054 0.0000000 9.0000000 9.0000000 9.0000000 1.3744361 1.4396946 
t10        1.5901977 2.1983953 0.7126442 1.7786835 9.0000000 1.6785349 0.4904449 0.4529370 9.0000000 2.4141569 3.2381161 2.7182557 2.0310377 9.0000000 9.0000000 0.0000000 0.1427653 0.1549607 9.0000000 9.0000000 
t9         1.6785349 1.7786835 0.6626257 2.7182557 9.0000000 1.7786835 0.4714565 0.4529370 9.0000000 3.2381161 3.2381161 9.0000000 2.7182557 9.0000000 9.0000000 0.1427653 0.0000000 0.1307650 9.0000000 9.0000000 
t20        1.7786835 2.0310377 0.6872180 1.6785349 9.0000000 1.7786835 0.4529370 0.4172160 9.0000000 3.2381161 3.2381161 9.0000000 2.0310377 9.0000000 9.0000000 0.1549607 0.1307650 0.0000000 9.0000000 9.0000000 
t18        0.9913169 2.0310377 9.0000000 1.5901977 1.0703373 1.2070784 9.0000000 9.0000000 0.2191023 1.5901977 1.4396946 1.5901977 1.7786835 1.3744361 1.3744361 9.0000000 9.0000000 9.0000000 0.0000000 0.1673577 
t19        1.0297869 2.7182557 9.0000000 1.5901977 1.1586745 1.4396946 9.0000000 9.0000000 0.2326162 1.6785349 1.7786835 2.0310377 2.1983953 1.4396946 1.4396946 9.0000000 9.0000000 9.0000000 0.1673577 0.0000000 
