20
t9         0.0000000 1.1586745 0.8239592 0.9198342 0.8239592 0.5099265 0.5099265 0.5933457 0.5099265 0.6388142 1.3144041 0.9198342 0.9547243 0.7945437 0.8864954 0.5299277 0.7389627 0.7662384 0.5716050 0.5504769 
t5         1.1586745 0.0000000 0.7126442 1.7786835 1.3144041 1.2070784 1.4396946 1.4396946 1.2070784 1.4396946 1.2070784 2.0310377 1.5901977 1.6785349 1.8942965 1.7786835 1.5111773 1.6785349 1.6785349 1.6785349 
t2         0.8239592 0.7126442 0.0000000 1.7786835 0.7662384 0.8239592 0.9547243 0.9913169 0.8864954 1.1586745 1.1132061 0.9198342 0.8864954 1.2070784 1.1132061 0.9913169 0.8545757 0.8545757 1.0703373 1.0703373 
t8         0.9198342 1.7786835 1.7786835 0.0000000 1.3744361 0.8864954 0.9547243 1.1586745 0.9913169 0.7389627 1.5111773 1.2070784 1.8942965 0.9913169 1.1586745 0.6157354 1.3144041 1.3744361 0.6157354 0.5933457 
t4         0.8239592 1.3144041 0.7662384 1.3744361 0.0000000 0.9198342 0.9198342 0.8864954 0.7662384 0.7945437 1.3144041 0.3666350 0.4529370 0.9913169 0.8545757 0.7389627 0.4172160 0.4172160 0.8239592 0.8239592 
t3         0.5099265 1.2070784 0.8239592 0.8864954 0.9198342 0.0000000 0.1927838 0.6388142 0.5504769 0.7389627 2.7182557 0.9913169 1.2070784 0.6872180 0.8239592 0.5933457 0.9913169 1.0297869 0.5716050 0.5933457 
t17        0.5099265 1.4396946 0.9547243 0.9547243 0.9198342 0.1927838 0.0000000 0.7126442 0.6157354 0.7126442 1.8942965 1.0297869 1.1132061 0.8864954 0.9198342 0.5716050 0.9198342 0.9547243 0.5933457 0.6157354 
t7         0.5933457 1.4396946 0.9913169 1.1586745 0.8864954 0.6388142 0.7126442 0.0000000 0.3347153 0.8239592 1.5901977 0.9547243 0.8864954 0.8545757 0.9198342 0.5504769 0.7945437 0.7662384 0.5933457 0.6157354 
t15        0.5099265 1.2070784 0.8864954 0.9913169 0.7662384 0.5504769 0.6157354 0.3347153 0.0000000 0.6388142 1.3144041 1.0297869 1.1132061 0.9547243 0.8864954 0.4529370 0.7662384 0.7662384 0.4714565 0.4904449 
t19        0.6388142 1.4396946 1.1586745 0.7389627 0.7945437 0.7389627 0.7126442 0.8239592 0.6388142 0.0000000 1.3144041 1.1132061 1.2070784 0.9547243 1.0703373 0.2746833 0.8239592 0.8864954 0.3347153 0.3505054 
t18        1.3144041 1.2070784 1.1132061 1.5111773 1.3144041 2.7182557 1.8942965 1.5901977 1.3144041 1.3144041 0.0000000 0.9913169 0.9913169 2.7182557 3.2381161 1.3144041 1.2588231 1.3144041 1.3144041 1.3144041 
t13        0.9198342 2.0310377 0.9198342 1.2070784 0.3666350 0.9913169 1.0297869 0.9547243 1.0297869 1.1132061 0.9913169 0.0000000 0.5099265 1.0703373 1.1132061 0.8864954 0.4714565 0.4529370 1.0297869 1.0297869 
t1         0.9547243 1.5901977 0.8864954 1.8942965 0.4529370 1.2070784 1.1132061 0.8864954 1.1132061 1.2070784 0.9913169 0.5099265 0.0000000 1.2070784 1.1586745 1.0703373 0.3040988 0.2892469 0.9913169 1.0297869 
t16        0.7945437 1.6785349 1.2070784 0.9913169 0.9913169 0.6872180 0.8864954 0.8545757 0.9547243 0.9547243 2.7182557 1.0703373 1.2070784 0.0000000 0.3040988 0.8239592 1.1586745 1.2588231 0.7389627 0.7389627 
t11        0.8864954 1.8942965 1.1132061 1.1586745 0.8545757 0.8239592 0.9198342 0.9198342 0.8864954 1.0703373 3.2381161 1.1132061 1.1586745 0.3040988 0.0000000 0.8239592 1.2588231 1.3144041 0.8239592 0.8239592 
t6         0.5299277 1.7786835 0.9913169 0.6157354 0.7389627 0.5933457 0.5716050 0.5504769 0.4529370 0.2746833 1.3144041 0.8864954 1.0703373 0.8239592 0.8239592 0.0000000 0.8545757 0.8239592 0.1307650 0.1427653 
t12        0.7389627 1.5111773 0.8545757 1.3144041 0.4172160 0.9913169 0.9198342 0.7945437 0.7662384 0.8239592 1.2588231 0.4714565 0.3040988 1.1586745 1.2588231 0.8545757 0.0000000 0.0306165 0.8239592 0.8545757 
t20        0.7662384 1.6785349 0.8545757 1.3744361 0.4172160 1.0297869 0.9547243 0.7662384 0.7662384 0.8864954 1.3144041 0.4529370 0.2892469 1.2588231 1.3144041 0.8239592 0.0306165 0.0000000 0.8545757 0.8864954 
t14        0.5716050 1.6785349 1.0703373 0.6157354 0.8239592 0.5716050 0.5933457 0.5933457 0.4714565 0.3347153 1.3144041 1.0297869 0.9913169 0.7389627 0.8239592 0.1307650 0.8239592 0.8545757 0.0000000 0.0100673 
t10        0.5504769 1.6785349 1.0703373 0.5933457 0.8239592 0.5933457 0.6157354 0.6157354 0.4904449 0.3505054 1.3144041 1.0297869 1.0297869 0.7389627 0.8239592 0.1427653 0.8545757 0.8864954 0.0100673 0.0000000 
