20
t16        0.0000000 2.4141569 1.2588231 1.1132061 1.2588231 3.2381161 2.0310377 1.7786835 1.6785349 1.1132061 1.7786835 1.8942965 1.7786835 1.3144041 1.2070784 1.2588231 2.0310377 1.8942965 1.8942965 1.8942965 
t2         2.4141569 0.0000000 9.0000000 9.0000000 3.2381161 0.9198342 1.1132061 9.0000000 3.2381161 9.0000000 9.0000000 9.0000000 2.1983953 1.2070784 1.3144041 1.2070784 9.0000000 3.2381161 9.0000000 9.0000000 
t18        1.2588231 9.0000000 0.0000000 1.0297869 1.0703373 3.2381161 3.2381161 9.0000000 2.4141569 1.1586745 2.1983953 1.1132061 1.1586745 2.1983953 1.8942965 2.0310377 1.2070784 1.2070784 9.0000000 3.2381161 
t1         1.1132061 9.0000000 1.0297869 0.0000000 0.9547243 2.0310377 2.4141569 3.2381161 9.0000000 0.7945437 0.9198342 0.7662384 1.0297869 1.3744361 1.3144041 1.3144041 1.5901977 1.5111773 1.7786835 1.6785349 
t17        1.2588231 3.2381161 1.0703373 0.9547243 0.0000000 9.0000000 9.0000000 9.0000000 9.0000000 1.1586745 1.5111773 0.9547243 0.9198342 2.0310377 1.8942965 1.8942965 1.3744361 1.5111773 1.4396946 1.5111773 
t3         3.2381161 0.9198342 3.2381161 2.0310377 9.0000000 0.0000000 1.7786835 2.4141569 1.8942965 2.7182557 1.8942965 9.0000000 9.0000000 1.2070784 1.3144041 1.3144041 1.6785349 1.7786835 9.0000000 9.0000000 
t15        2.0310377 1.1132061 3.2381161 2.4141569 9.0000000 1.7786835 0.0000000 2.7182557 3.2381161 1.8942965 3.2381161 9.0000000 2.1983953 1.5901977 1.5901977 1.5901977 3.2381161 9.0000000 9.0000000 9.0000000 
t7         1.7786835 9.0000000 9.0000000 3.2381161 9.0000000 2.4141569 2.7182557 0.0000000 0.5299277 9.0000000 9.0000000 3.2381161 1.8942965 9.0000000 9.0000000 9.0000000 9.0000000 9.0000000 2.0310377 2.7182557 
t12        1.6785349 3.2381161 2.4141569 9.0000000 9.0000000 1.8942965 3.2381161 0.5299277 0.0000000 9.0000000 2.4141569 2.4141569 2.0310377 9.0000000 9.0000000 9.0000000 2.7182557 2.4141569 1.8942965 1.8942965 
t4         1.1132061 9.0000000 1.1586745 0.7945437 1.1586745 2.7182557 1.8942965 9.0000000 9.0000000 0.0000000 0.7389627 0.9547243 1.4396946 2.0310377 1.8942965 2.1983953 1.3744361 1.3144041 1.8942965 1.7786835 
t13        1.7786835 9.0000000 2.1983953 0.9198342 1.5111773 1.8942965 3.2381161 9.0000000 2.4141569 0.7389627 0.0000000 1.3744361 1.5111773 2.0310377 1.8942965 1.8942965 1.7786835 1.8942965 1.5901977 1.5111773 
t6         1.8942965 9.0000000 1.1132061 0.7662384 0.9547243 9.0000000 9.0000000 3.2381161 2.4141569 0.9547243 1.3744361 0.0000000 0.6157354 2.0310377 2.1983953 2.0310377 1.5901977 1.5901977 1.5901977 1.5901977 
t5         1.7786835 2.1983953 1.1586745 1.0297869 0.9198342 9.0000000 2.1983953 1.8942965 2.0310377 1.4396946 1.5111773 0.6157354 0.0000000 3.2381161 3.2381161 2.7182557 1.5111773 1.5901977 1.7786835 2.0310377 
t11        1.3144041 1.2070784 2.1983953 1.3744361 2.0310377 1.2070784 1.5901977 9.0000000 9.0000000 2.0310377 2.0310377 2.0310377 3.2381161 0.0000000 0.0625362 0.0517447 2.4141569 2.7182557 9.0000000 9.0000000 
t10        1.2070784 1.3144041 1.8942965 1.3144041 1.8942965 1.3144041 1.5901977 9.0000000 9.0000000 1.8942965 1.8942965 2.1983953 3.2381161 0.0625362 0.0000000 0.0306165 3.2381161 9.0000000 3.2381161 9.0000000 
t20        1.2588231 1.2070784 2.0310377 1.3144041 1.8942965 1.3144041 1.5901977 9.0000000 9.0000000 2.1983953 1.8942965 2.0310377 2.7182557 0.0517447 0.0306165 0.0000000 2.7182557 3.2381161 3.2381161 9.0000000 
t9         2.0310377 9.0000000 1.2070784 1.5901977 1.3744361 1.6785349 3.2381161 9.0000000 2.7182557 1.3744361 1.7786835 1.5901977 1.5111773 2.4141569 3.2381161 2.7182557 0.0000000 0.0517447 1.1586745 1.0703373 
t14        1.8942965 3.2381161 1.2070784 1.5111773 1.5111773 1.7786835 9.0000000 9.0000000 2.4141569 1.3144041 1.8942965 1.5901977 1.5901977 2.7182557 9.0000000 3.2381161 0.0517447 0.0000000 1.1132061 1.0297869 
t19        1.8942965 9.0000000 9.0000000 1.7786835 1.4396946 9.0000000 9.0000000 2.0310377 1.8942965 1.8942965 1.5901977 1.5901977 1.7786835 9.0000000 3.2381161 3.2381161 1.1586745 1.1132061 0.0000000 0.0958750 
t8         1.8942965 9.0000000 3.2381161 1.6785349 1.5111773 9.0000000 9.0000000 2.7182557 1.8942965 1.7786835 1.5111773 1.5901977 2.0310377 9.0000000 9.0000000 9.0000000 1.0703373 1.0297869 0.0958750 0.0000000 
