20
t3         0.0000000 1.5901977 1.3144041 9.0000000 1.4396946 1.3144041 2.7182557 2.1983953 1.5901977 1.5111773 2.0310377 1.6785349 1.3744361 1.8942965 1.8942965 1.5901977 1.5111773 1.2588231 1.1132061 1.0703373 
t14        1.5901977 0.0000000 1.5901977 9.0000000 2.4141569 2.0310377 2.1983953 2.0310377 2.0310377 1.7786835 1.8942965 9.0000000 1.5111773 2.0310377 9.0000000 2.1983953 2.0310377 1.2070784 1.3744361 1.3744361 
t17        1.3144041 1.5901977 0.0000000 9.0000000 2.4141569 0.9547243 9.0000000 2.1983953 1.7786835 2.7182557 2.4141569 1.2070784 1.5111773 2.1983953 9.0000000 9.0000000 0.9913169 0.9547243 1.0703373 1.0703373 
t2         9.0000000 9.0000000 9.0000000 0.0000000 9.0000000 9.0000000 9.0000000 2.7182557 9.0000000 9.0000000 2.1983953 2.4141569 1.5111773 1.4396946 2.7182557 9.0000000 9.0000000 9.0000000 9.0000000 9.0000000 
t12        1.4396946 2.4141569 2.4141569 9.0000000 0.0000000 2.7182557 1.5901977 1.2070784 0.9547243 3.2381161 1.6785349 2.7182557 1.4396946 3.2381161 1.2070784 1.3744361 2.7182557 2.7182557 3.2381161 3.2381161 
t19        1.3144041 2.0310377 0.9547243 9.0000000 2.7182557 0.0000000 2.7182557 2.4141569 1.8942965 2.7182557 9.0000000 1.2070784 2.4141569 2.4141569 2.7182557 9.0000000 0.6626257 0.7126442 0.7662384 0.7126442 
t13        2.7182557 2.1983953 9.0000000 9.0000000 1.5901977 2.7182557 0.0000000 1.4396946 1.2070784 9.0000000 9.0000000 1.7786835 2.1983953 2.1983953 2.7182557 3.2381161 2.1983953 9.0000000 2.4141569 2.7182557 
t15        2.1983953 2.0310377 2.1983953 2.7182557 1.2070784 2.4141569 1.4396946 0.0000000 0.8239592 9.0000000 3.2381161 2.4141569 1.4396946 2.1983953 1.5111773 1.3744361 9.0000000 9.0000000 9.0000000 9.0000000 
t10        1.5901977 2.0310377 1.7786835 9.0000000 0.9547243 1.8942965 1.2070784 0.8239592 0.0000000 9.0000000 9.0000000 1.8942965 1.8942965 9.0000000 2.4141569 1.8942965 2.7182557 2.7182557 2.1983953 2.1983953 
t16        1.5111773 1.7786835 2.7182557 9.0000000 3.2381161 2.7182557 9.0000000 9.0000000 9.0000000 0.0000000 0.5504769 2.7182557 2.1983953 9.0000000 9.0000000 9.0000000 1.3744361 1.5111773 2.1983953 2.0310377 
t8         2.0310377 1.8942965 2.4141569 2.1983953 1.6785349 9.0000000 9.0000000 3.2381161 9.0000000 0.5504769 0.0000000 1.6785349 3.2381161 9.0000000 9.0000000 9.0000000 1.6785349 2.0310377 3.2381161 2.7182557 
t6         1.6785349 9.0000000 1.2070784 2.4141569 2.7182557 1.2070784 1.7786835 2.4141569 1.8942965 2.7182557 1.6785349 0.0000000 1.8942965 9.0000000 9.0000000 9.0000000 0.7389627 0.8545757 0.8545757 0.8239592 
t18        1.3744361 1.5111773 1.5111773 1.5111773 1.4396946 2.4141569 2.1983953 1.4396946 1.8942965 2.1983953 3.2381161 1.8942965 0.0000000 0.5933457 2.4141569 9.0000000 9.0000000 2.7182557 9.0000000 9.0000000 
t4         1.8942965 2.0310377 2.1983953 1.4396946 3.2381161 2.4141569 2.1983953 2.1983953 9.0000000 9.0000000 9.0000000 9.0000000 0.5933457 0.0000000 2.7182557 9.0000000 3.2381161 3.2381161 9.0000000 9.0000000 
t20        1.8942965 9.0000000 9.0000000 2.7182557 1.2070784 2.7182557 2.7182557 1.5111773 2.4141569 9.0000000 9.0000000 9.0000000 2.4141569 2.7182557 0.0000000 0.4529370 2.7182557 9.0000000 9.0000000 9.0000000 
t9         1.5901977 2.1983953 9.0000000 9.0000000 1.3744361 9.0000000 3.2381161 1.3744361 1.8942965 9.0000000 9.0000000 9.0000000 9.0000000 9.0000000 0.4529370 0.0000000 9.0000000 9.0000000 9.0000000 9.0000000 
t11        1.5111773 2.0310377 0.9913169 9.0000000 2.7182557 0.6626257 2.1983953 9.0000000 2.7182557 1.3744361 1.6785349 0.7389627 9.0000000 3.2381161 2.7182557 9.0000000 0.0000000 0.3999739 0.3666350 0.3347153 
t5         1.2588231 1.2070784 0.9547243 9.0000000 2.7182557 0.7126442 9.0000000 9.0000000 2.7182557 1.5111773 2.0310377 0.8545757 2.7182557 3.2381161 9.0000000 9.0000000 0.3999739 0.0000000 0.2326162 0.2058276 
t1         1.1132061 1.3744361 1.0703373 9.0000000 3.2381161 0.7662384 2.4141569 9.0000000 2.1983953 2.1983953 3.2381161 0.8545757 9.0000000 9.0000000 9.0000000 9.0000000 0.3666350 0.2326162 0.0000000 0.0202715 
t7         1.0703373 1.3744361 1.0703373 9.0000000 3.2381161 0.7126442 2.7182557 9.0000000 2.1983953 2.0310377 2.7182557 0.8239592 9.0000000 9.0000000 9.0000000 9.0000000 0.3347153 0.2058276 0.0202715 0.0000000 
