20
t11        0.0000000 9.0000000 1.4396946 1.7786835 1.6785349 1.3744361 0.6388142 1.8942965 0.6872180 0.7126442 0.9913169 0.9913169 0.9913169 1.2588231 2.7182557 3.2381161 1.6785349 1.5901977 0.9547243 0.7945437 
t8         9.0000000 0.0000000 9.0000000 2.0310377 3.2381161 9.0000000 9.0000000 1.4396946 3.2381161 9.0000000 9.0000000 9.0000000 3.2381161 9.0000000 9.0000000 9.0000000 1.5901977 1.3744361 9.0000000 9.0000000 
t19        1.4396946 9.0000000 0.0000000 2.0310377 9.0000000 9.0000000 1.1586745 3.2381161 1.5901977 1.5901977 0.8239592 0.6872180 0.8239592 0.8864954 3.2381161 9.0000000 1.8942965 1.8942965 1.5111773 1.4396946 
t4         1.7786835 2.0310377 2.0310377 0.0000000 1.1586745 1.5901977 1.8942965 1.3144041 1.7786835 2.1983953 2.1983953 2.1983953 1.2588231 1.8942965 9.0000000 2.4141569 1.5901977 1.7786835 1.4396946 1.7786835 
t2         1.6785349 3.2381161 9.0000000 1.1586745 0.0000000 1.8942965 1.7786835 1.3144041 1.2588231 2.1983953 3.2381161 9.0000000 1.5111773 2.1983953 9.0000000 9.0000000 1.4396946 1.6785349 9.0000000 2.0310377 
t15        1.3744361 9.0000000 9.0000000 1.5901977 1.8942965 0.0000000 1.0703373 1.6785349 1.6785349 1.0297869 1.7786835 1.8942965 1.7786835 2.0310377 2.7182557 2.0310377 1.2588231 1.5901977 3.2381161 3.2381161 
t18        0.6388142 9.0000000 1.1586745 1.8942965 1.7786835 1.0703373 0.0000000 1.6785349 0.7662384 0.7945437 1.0703373 1.1132061 1.0297869 1.3744361 2.4141569 9.0000000 1.6785349 1.6785349 1.3744361 1.1132061 
t17        1.8942965 1.4396946 3.2381161 1.3144041 1.3144041 1.6785349 1.6785349 0.0000000 1.2588231 1.3744361 1.8942965 1.8942965 1.7786835 2.7182557 1.7786835 2.7182557 0.7126442 0.6388142 9.0000000 9.0000000 
t7         0.6872180 3.2381161 1.5901977 1.7786835 1.2588231 1.6785349 0.7662384 1.2588231 0.0000000 0.3192509 0.9913169 1.1132061 1.2070784 1.5111773 2.4141569 9.0000000 1.0297869 0.9198342 1.1132061 0.8864954 
t9         0.7126442 9.0000000 1.5901977 2.1983953 2.1983953 1.0297869 0.7945437 1.3744361 0.3192509 0.0000000 1.1586745 1.2588231 1.1586745 1.3144041 9.0000000 9.0000000 1.2588231 1.2588231 1.3144041 1.0297869 
t6         0.9913169 9.0000000 0.8239592 2.1983953 3.2381161 1.7786835 1.0703373 1.8942965 0.9913169 1.1586745 0.0000000 0.3505054 0.7945437 0.8239592 1.4396946 2.1983953 2.4141569 1.2588231 9.0000000 9.0000000 
t5         0.9913169 9.0000000 0.6872180 2.1983953 9.0000000 1.8942965 1.1132061 1.8942965 1.1132061 1.2588231 0.3505054 0.0000000 0.6872180 0.6626257 2.4141569 9.0000000 3.2381161 2.0310377 9.0000000 3.2381161 
t16        0.9913169 3.2381161 0.8239592 1.2588231 1.5111773 1.7786835 1.0297869 1.7786835 1.2070784 1.1586745 0.7945437 0.6872180 0.0000000 0.2191023 2.0310377 9.0000000 2.1983953 3.2381161 2.0310377 1.5901977 
t13        1.2588231 9.0000000 0.8864954 1.8942965 2.1983953 2.0310377 1.3744361 2.7182557 1.5111773 1.3144041 0.8239592 0.6626257 0.2191023 0.0000000 2.4141569 9.0000000 2.7182557 9.0000000 2.4141569 1.7786835 
t14        2.7182557 9.0000000 3.2381161 9.0000000 9.0000000 2.7182557 2.4141569 1.7786835 2.4141569 9.0000000 1.4396946 2.4141569 2.0310377 2.4141569 0.0000000 0.3831192 3.2381161 1.8942965 2.7182557 2.7182557 
t1         3.2381161 9.0000000 9.0000000 2.4141569 9.0000000 2.0310377 9.0000000 2.7182557 9.0000000 9.0000000 2.1983953 9.0000000 9.0000000 9.0000000 0.3831192 0.0000000 9.0000000 3.2381161 2.1983953 2.1983953 
t20        1.6785349 1.5901977 1.8942965 1.5901977 1.4396946 1.2588231 1.6785349 0.7126442 1.0297869 1.2588231 2.4141569 3.2381161 2.1983953 2.7182557 3.2381161 9.0000000 0.0000000 0.4348639 1.7786835 1.4396946 
t10        1.5901977 1.3744361 1.8942965 1.7786835 1.6785349 1.5901977 1.6785349 0.6388142 0.9198342 1.2588231 1.2588231 2.0310377 3.2381161 9.0000000 1.8942965 3.2381161 0.4348639 0.0000000 1.7786835 1.7786835 
t12        0.9547243 9.0000000 1.5111773 1.4396946 9.0000000 3.2381161 1.3744361 9.0000000 1.1132061 1.3144041 9.0000000 9.0000000 2.0310377 2.4141569 2.7182557 2.1983953 1.7786835 1.7786835 0.0000000 0.1073256 
t3         0.7945437 9.0000000 1.4396946 1.7786835 2.0310377 3.2381161 1.1132061 9.0000000 0.8864954 1.0297869 9.0000000 3.2381161 1.5901977 1.7786835 2.7182557 2.1983953 1.4396946 1.7786835 0.1073256 0.0000000 
