20
t8         0.0000000 1.1132061 1.4396946 1.3144041 0.9198342 1.2588231 1.4396946 1.6785349 2.1983953 1.8942965 1.7786835 1.4396946 1.5111773 1.4396946 1.6785349 1.6785349 1.5111773 1.6785349 1.8942965 1.7786835 
t15        1.1132061 0.0000000 1.6785349 1.4396946 0.9913169 0.9913169 1.3144041 1.3744361 1.3144041 1.2070784 1.4396946 1.1132061 1.0703373 1.1132061 1.3144041 1.3144041 1.0703373 1.2070784 1.2588231 1.2070784 
t12        1.4396946 1.6785349 0.0000000 1.3144041 1.2070784 1.2588231 0.9913169 1.0703373 1.0297869 1.0297869 1.1132061 1.3744361 1.0703373 1.0297869 1.0297869 0.9547243 1.1586745 1.4396946 1.4396946 1.4396946 
t13        1.3144041 1.4396946 1.3144041 0.0000000 1.2588231 1.3144041 0.7945437 1.0703373 1.7786835 1.0297869 0.8864954 0.8239592 1.2588231 1.4396946 1.5901977 1.5901977 1.6785349 0.8864954 0.8545757 0.8545757 
t4         0.9198342 0.9913169 1.2070784 1.2588231 0.0000000 0.5716050 1.1132061 0.9913169 1.4396946 1.1132061 1.4396946 1.0297869 0.6626257 0.6626257 1.5111773 1.5111773 1.6785349 1.2588231 1.3144041 1.3144041 
t9         1.2588231 0.9913169 1.2588231 1.3144041 0.5716050 0.0000000 1.0297869 1.1586745 1.5901977 1.2588231 1.4396946 1.1586745 0.7945437 0.7126442 1.5901977 1.5111773 1.6785349 1.8942965 2.0310377 1.8942965 
t11        1.4396946 1.3144041 0.9913169 0.7945437 1.1132061 1.0297869 0.0000000 0.5299277 1.7786835 0.6626257 0.6626257 0.7126442 1.3744361 1.2588231 1.3144041 1.2070784 1.5111773 0.8545757 0.8864954 0.8545757 
t16        1.6785349 1.3744361 1.0703373 1.0703373 0.9913169 1.1586745 0.5299277 0.0000000 1.7786835 0.7126442 0.9547243 0.7126442 1.3144041 1.2588231 1.2588231 1.1132061 1.4396946 0.8864954 0.8864954 0.8864954 
t7         2.1983953 1.3144041 1.0297869 1.7786835 1.4396946 1.5901977 1.7786835 1.7786835 0.0000000 1.5901977 1.7786835 9.0000000 1.2588231 1.2070784 0.5299277 0.5099265 0.5504769 1.5901977 1.5901977 1.6785349 
t1         1.8942965 1.2070784 1.0297869 1.0297869 1.1132061 1.2588231 0.6626257 0.7126442 1.5901977 0.0000000 0.8239592 0.8545757 1.2588231 1.2588231 1.2070784 1.2070784 1.2588231 0.3999739 0.3999739 0.4348639 
t5         1.7786835 1.4396946 1.1132061 0.8864954 1.4396946 1.4396946 0.6626257 0.9547243 1.7786835 0.8239592 0.0000000 0.3192509 1.5901977 1.3744361 1.7786835 1.4396946 1.6785349 0.8239592 0.8545757 0.8239592 
t20        1.4396946 1.1132061 1.3744361 0.8239592 1.0297869 1.1586745 0.7126442 0.7126442 9.0000000 0.8545757 0.3192509 0.0000000 1.3744361 1.5111773 1.5901977 1.5901977 1.6785349 0.8239592 0.8545757 0.8239592 
t14        1.5111773 1.0703373 1.0703373 1.2588231 0.6626257 0.7945437 1.3744361 1.3144041 1.2588231 1.2588231 1.5901977 1.3744361 0.0000000 0.1927838 1.1132061 1.1132061 1.3744361 1.5111773 1.5111773 1.4396946 
t3         1.4396946 1.1132061 1.0297869 1.4396946 0.6626257 0.7126442 1.2588231 1.2588231 1.2070784 1.2588231 1.3744361 1.5111773 0.1927838 0.0000000 1.0703373 1.0297869 1.2070784 1.4396946 1.4396946 1.3744361 
t2         1.6785349 1.3144041 1.0297869 1.5901977 1.5111773 1.5901977 1.3144041 1.2588231 0.5299277 1.2070784 1.7786835 1.5901977 1.1132061 1.0703373 0.0000000 0.1427653 0.1549607 1.5901977 1.5111773 1.5901977 
t18        1.6785349 1.3144041 0.9547243 1.5901977 1.5111773 1.5111773 1.2070784 1.1132061 0.5099265 1.2070784 1.4396946 1.5901977 1.1132061 1.0297869 0.1427653 0.0000000 0.1673577 1.8942965 1.7786835 1.8942965 
t6         1.5111773 1.0703373 1.1586745 1.6785349 1.6785349 1.6785349 1.5111773 1.4396946 0.5504769 1.2588231 1.6785349 1.6785349 1.3744361 1.2070784 0.1549607 0.1673577 0.0000000 1.8942965 1.7786835 1.8942965 
t10        1.6785349 1.2070784 1.4396946 0.8864954 1.2588231 1.8942965 0.8545757 0.8864954 1.5901977 0.3999739 0.8239592 0.8239592 1.5111773 1.4396946 1.5901977 1.8942965 1.8942965 0.0000000 0.0202715 0.0517447 
t19        1.8942965 1.2588231 1.4396946 0.8545757 1.3144041 2.0310377 0.8864954 0.8864954 1.5901977 0.3999739 0.8545757 0.8545757 1.5111773 1.4396946 1.5111773 1.7786835 1.7786835 0.0202715 0.0000000 0.0411062 
t17        1.7786835 1.2070784 1.4396946 0.8545757 1.3144041 1.8942965 0.8545757 0.8864954 1.6785349 0.4348639 0.8239592 0.8239592 1.4396946 1.3744361 1.5901977 1.8942965 1.8942965 0.0517447 0.0411062 0.0000000 
