20
t7         0.0000000 1.4396946 1.4396946 1.6785349 1.1586745 1.3144041 1.5901977 2.1983953 1.5111773 2.4141569 1.3744361 1.6785349 3.2381161 3.2381161 1.2070784 1.2588231 1.5111773 1.6785349 1.7786835 1.6785349 
t6         1.4396946 0.0000000 1.1586745 0.5933457 0.7126442 2.1983953 1.6785349 0.9198342 0.6872180 2.7182557 1.0297869 1.0297869 2.0310377 1.7786835 0.7389627 0.7662384 1.2070784 1.3144041 1.3744361 1.3144041 
t18        1.4396946 1.1586745 0.0000000 2.0310377 2.0310377 0.9913169 0.8545757 2.4141569 2.1983953 1.1132061 1.4396946 1.5901977 1.5111773 0.9913169 1.3744361 1.3144041 1.2588231 1.5111773 1.3144041 1.2070784 
t13        1.6785349 0.5933457 2.0310377 0.0000000 0.6157354 1.6785349 1.8942965 0.9547243 0.5933457 9.0000000 0.7389627 0.7945437 3.2381161 2.4141569 0.5099265 0.4714565 1.3744361 1.1586745 0.8864954 0.8239592 
t8         1.1586745 0.7126442 2.0310377 0.6157354 0.0000000 1.4396946 1.5901977 0.6157354 0.4348639 2.1983953 0.6626257 0.7389627 2.7182557 2.1983953 0.9547243 0.8239592 0.9547243 0.9547243 0.8545757 0.8545757 
t4         1.3144041 2.1983953 0.9913169 1.6785349 1.4396946 0.0000000 0.4714565 1.6785349 1.6785349 0.7126442 1.5901977 2.1983953 0.9198342 0.7945437 1.8942965 2.7182557 1.6785349 1.8942965 1.5111773 1.3744361 
t3         1.5901977 1.6785349 0.8545757 1.8942965 1.5901977 0.4714565 0.0000000 9.0000000 1.8942965 0.5504769 1.6785349 2.0310377 0.4904449 0.4904449 2.1983953 2.1983953 1.2070784 1.5111773 1.2588231 1.2588231 
t20        2.1983953 0.9198342 2.4141569 0.9547243 0.6157354 1.6785349 9.0000000 0.0000000 0.5933457 9.0000000 1.1586745 1.1586745 9.0000000 9.0000000 1.2588231 1.2070784 1.7786835 1.5901977 1.3144041 1.3144041 
t5         1.5111773 0.6872180 2.1983953 0.5933457 0.4348639 1.6785349 1.8942965 0.5933457 0.0000000 3.2381161 1.0703373 0.9547243 9.0000000 2.4141569 1.0297869 0.9913169 1.4396946 1.3144041 1.0703373 0.9913169 
t1         2.4141569 2.7182557 1.1132061 9.0000000 2.1983953 0.7126442 0.5504769 9.0000000 3.2381161 0.0000000 9.0000000 9.0000000 0.2892469 0.2058276 9.0000000 3.2381161 2.4141569 2.4141569 1.6785349 1.6785349 
t16        1.3744361 1.0297869 1.4396946 0.7389627 0.6626257 1.5901977 1.6785349 1.1586745 1.0703373 9.0000000 0.0000000 0.2892469 9.0000000 2.4141569 0.9198342 0.9913169 1.0703373 0.9913169 0.5299277 0.4904449 
t17        1.6785349 1.0297869 1.5901977 0.7945437 0.7389627 2.1983953 2.0310377 1.1586745 0.9547243 9.0000000 0.2892469 0.0000000 9.0000000 9.0000000 0.9198342 1.0297869 0.9547243 0.9547243 0.4714565 0.4904449 
t14        3.2381161 2.0310377 1.5111773 3.2381161 2.7182557 0.9198342 0.4904449 9.0000000 9.0000000 0.2892469 9.0000000 9.0000000 0.0000000 0.2326162 9.0000000 2.7182557 1.6785349 2.0310377 2.7182557 3.2381161 
t19        3.2381161 1.7786835 0.9913169 2.4141569 2.1983953 0.7945437 0.4904449 9.0000000 2.4141569 0.2058276 2.4141569 9.0000000 0.2326162 0.0000000 2.7182557 9.0000000 1.5901977 1.6785349 1.3144041 1.3744361 
t10        1.2070784 0.7389627 1.3744361 0.5099265 0.9547243 1.8942965 2.1983953 1.2588231 1.0297869 9.0000000 0.9198342 0.9198342 9.0000000 2.7182557 0.0000000 0.1427653 1.0297869 1.0297869 0.9547243 1.0297869 
t2         1.2588231 0.7662384 1.3144041 0.4714565 0.8239592 2.7182557 2.1983953 1.2070784 0.9913169 3.2381161 0.9913169 1.0297869 2.7182557 9.0000000 0.1427653 0.0000000 1.0297869 1.0297869 1.1132061 1.2070784 
t11        1.5111773 1.2070784 1.2588231 1.3744361 0.9547243 1.6785349 1.2070784 1.7786835 1.4396946 2.4141569 1.0703373 0.9547243 1.6785349 1.5901977 1.0297869 1.0297869 0.0000000 0.1189538 1.1132061 1.1586745 
t15        1.6785349 1.3144041 1.5111773 1.1586745 0.9547243 1.8942965 1.5111773 1.5901977 1.3144041 2.4141569 0.9913169 0.9547243 2.0310377 1.6785349 1.0297869 1.0297869 0.1189538 0.0000000 1.2070784 1.2588231 
t9         1.7786835 1.3744361 1.3144041 0.8864954 0.8545757 1.5111773 1.2588231 1.3144041 1.0703373 1.6785349 0.5299277 0.4714565 2.7182557 1.3144041 0.9547243 1.1132061 1.1132061 1.2070784 0.0000000 0.0306165 
t12        1.6785349 1.3144041 1.2070784 0.8239592 0.8545757 1.3744361 1.2588231 1.3144041 0.9913169 1.6785349 0.4904449 0.4904449 3.2381161 1.3744361 1.0297869 1.2070784 1.1586745 1.2588231 0.0306165 0.0000000 
