20
t15        0.0000000 9.0000000 9.0000000 2.1983953 9.0000000 9.0000000 9.0000000 9.0000000 2.7182557 9.0000000 3.2381161 2.7182557 9.0000000 9.0000000 9.0000000 9.0000000 9.0000000 9.0000000 9.0000000 9.0000000 
t2         9.0000000 0.0000000 0.4348639 0.7945437 0.5933457 0.4714565 0.4348639 0.4904449 0.4904449 0.7945437 0.7662384 0.6388142 1.5111773 1.5111773 0.5716050 0.4348639 0.7945437 0.9198342 0.4348639 0.4904449 
t20        9.0000000 0.4348639 0.0000000 1.1586745 0.9198342 0.6872180 0.4348639 0.3999739 0.4529370 0.9198342 1.1586745 0.8239592 1.4396946 1.5111773 0.6626257 0.5933457 0.9198342 1.0703373 0.4529370 0.4529370 
t4         2.1983953 0.7945437 1.1586745 0.0000000 1.3744361 0.9913169 0.8864954 1.1132061 1.0297869 1.1586745 1.0703373 0.9198342 2.1983953 2.0310377 1.0703373 1.1132061 0.9547243 1.0703373 1.0297869 0.9913169 
t18        9.0000000 0.5933457 0.9198342 1.3744361 0.0000000 0.9547243 0.8545757 0.8864954 0.9913169 1.0297869 1.0703373 0.9547243 2.7182557 2.7182557 0.7662384 0.7945437 1.3744361 1.2070784 1.1132061 1.2588231 
t11        9.0000000 0.4714565 0.6872180 0.9913169 0.9547243 0.0000000 0.7126442 0.8545757 0.9547243 0.3831192 1.3144041 0.9198342 0.9198342 1.0703373 0.2746833 0.1673577 0.8545757 1.0297869 0.9198342 0.9913169 
t1         9.0000000 0.4348639 0.4348639 0.8864954 0.8545757 0.7126442 0.0000000 0.3505054 0.3831192 1.0297869 0.9198342 0.7662384 1.3744361 1.3744361 0.7126442 0.6157354 0.6626257 0.8239592 0.3347153 0.3831192 
t6         9.0000000 0.4904449 0.3999739 1.1132061 0.8864954 0.8545757 0.3505054 0.0000000 0.2603971 1.2070784 0.9547243 0.8545757 1.2588231 1.2588231 0.8864954 0.7389627 0.8864954 0.9547243 0.3347153 0.3505054 
t19        2.7182557 0.4904449 0.4529370 1.0297869 0.9913169 0.9547243 0.3831192 0.2603971 0.0000000 1.4396946 0.9547243 0.9198342 1.5111773 1.5111773 0.9547243 0.8545757 0.8239592 0.9547243 0.4172160 0.4714565 
t16        9.0000000 0.7945437 0.9198342 1.1586745 1.0297869 0.3831192 1.0297869 1.2070784 1.4396946 0.0000000 1.6785349 1.0703373 1.2588231 1.3144041 0.4529370 0.3831192 1.3144041 1.4396946 1.5111773 1.6785349 
t8         3.2381161 0.7662384 1.1586745 1.0703373 1.0703373 1.3144041 0.9198342 0.9547243 0.9547243 1.6785349 0.0000000 0.5099265 1.5901977 1.5901977 1.5111773 1.3744361 1.3144041 1.4396946 0.9198342 0.9913169 
t9         2.7182557 0.6388142 0.8239592 0.9198342 0.9547243 0.9198342 0.7662384 0.8545757 0.9198342 1.0703373 0.5099265 0.0000000 2.1983953 3.2381161 0.9198342 0.9198342 1.2588231 1.3744361 0.9198342 0.9198342 
t13        9.0000000 1.5111773 1.4396946 2.1983953 2.7182557 0.9198342 1.3744361 1.2588231 1.5111773 1.2588231 1.5901977 2.1983953 0.0000000 0.0734853 1.1132061 1.2070784 0.9198342 0.9198342 1.3144041 1.3744361 
t12        9.0000000 1.5111773 1.5111773 2.0310377 2.7182557 1.0703373 1.3744361 1.2588231 1.5111773 1.3144041 1.5901977 3.2381161 0.0734853 0.0000000 1.2070784 1.4396946 0.8239592 0.8239592 1.3144041 1.3744361 
t3         9.0000000 0.5716050 0.6626257 1.0703373 0.7662384 0.2746833 0.7126442 0.8864954 0.9547243 0.4529370 1.5111773 0.9198342 1.1132061 1.2070784 0.0000000 0.1673577 0.9198342 1.0703373 0.8239592 0.8545757 
t17        9.0000000 0.4348639 0.5933457 1.1132061 0.7945437 0.1673577 0.6157354 0.7389627 0.8545757 0.3831192 1.3744361 0.9198342 1.2070784 1.4396946 0.1673577 0.0000000 0.8545757 1.0297869 0.7662384 0.8239592 
t10        9.0000000 0.7945437 0.9198342 0.9547243 1.3744361 0.8545757 0.6626257 0.8864954 0.8239592 1.3144041 1.3144041 1.2588231 0.9198342 0.8239592 0.9198342 0.8545757 0.0000000 0.1189538 0.7126442 0.7662384 
t7         9.0000000 0.9198342 1.0703373 1.0703373 1.2070784 1.0297869 0.8239592 0.9547243 0.9547243 1.4396946 1.4396946 1.3744361 0.9198342 0.8239592 1.0703373 1.0297869 0.1189538 0.0000000 0.8864954 0.9547243 
t14        9.0000000 0.4348639 0.4529370 1.0297869 1.1132061 0.9198342 0.3347153 0.3347153 0.4172160 1.5111773 0.9198342 0.9198342 1.3144041 1.3144041 0.8239592 0.7662384 0.7126442 0.8864954 0.0000000 0.0411062 
t5         9.0000000 0.4904449 0.4529370 0.9913169 1.2588231 0.9913169 0.3831192 0.3505054 0.4714565 1.6785349 0.9913169 0.9198342 1.3744361 1.3744361 0.8545757 0.8239592 0.7662384 0.9547243 0.0411062 0.0000000 
