20
t12        0.0000000 9.0000000 9.0000000 9.0000000 9.0000000 9.0000000 9.0000000 9.0000000 9.0000000 2.7182557 1.8942965 9.0000000 2.4141569 2.4141569 2.1983953 2.0310377 1.7786835 2.0310377 3.2381161 3.2381161 
t2         9.0000000 0.0000000 9.0000000 2.1983953 3.2381161 9.0000000 2.7182557 1.5111773 1.6785349 1.6785349 1.5111773 1.8942965 2.0310377 3.2381161 9.0000000 1.2070784 1.0703373 1.1132061 1.6785349 1.6785349 
t4         9.0000000 9.0000000 0.0000000 9.0000000 1.8942965 1.1132061 1.1132061 1.6785349 1.4396946 1.7786835 1.3744361 1.8942965 2.0310377 2.0310377 2.7182557 2.4141569 2.1983953 2.1983953 2.7182557 2.7182557 
t14        9.0000000 2.1983953 9.0000000 0.0000000 0.5716050 9.0000000 1.6785349 1.1132061 1.2070784 1.0703373 1.7786835 0.9547243 0.9547243 2.0310377 2.7182557 1.5111773 1.5111773 1.5111773 1.2070784 1.2070784 
t11        9.0000000 3.2381161 1.8942965 0.5716050 0.0000000 9.0000000 1.8942965 1.3744361 1.2588231 1.1132061 2.0310377 1.3144041 1.2070784 2.0310377 2.7182557 1.5901977 1.3744361 1.4396946 1.0703373 1.0703373 
t8         9.0000000 9.0000000 1.1132061 9.0000000 9.0000000 0.0000000 1.0297869 1.8942965 2.0310377 2.0310377 2.1983953 2.0310377 2.7182557 9.0000000 9.0000000 9.0000000 9.0000000 9.0000000 2.4141569 2.4141569 
t5         9.0000000 2.7182557 1.1132061 1.6785349 1.8942965 1.0297869 0.0000000 1.5901977 1.6785349 1.5901977 1.8942965 1.7786835 1.6785349 9.0000000 9.0000000 9.0000000 9.0000000 9.0000000 2.7182557 2.7182557 
t7         9.0000000 1.5111773 1.6785349 1.1132061 1.3744361 1.8942965 1.5901977 0.0000000 0.6626257 0.2746833 1.5111773 0.2326162 0.2892469 1.1132061 1.2588231 1.2070784 1.2588231 1.3144041 1.8942965 1.8942965 
t10        9.0000000 1.6785349 1.4396946 1.2070784 1.2588231 2.0310377 1.6785349 0.6626257 0.0000000 0.4904449 3.2381161 0.6626257 0.6872180 1.2588231 1.5111773 1.7786835 1.5901977 1.8942965 1.5111773 1.5111773 
t6         2.7182557 1.6785349 1.7786835 1.0703373 1.1132061 2.0310377 1.5901977 0.2746833 0.4904449 0.0000000 1.6785349 0.2892469 0.3666350 1.0703373 1.2070784 1.4396946 1.5901977 1.5901977 2.0310377 2.0310377 
t20        1.8942965 1.5111773 1.3744361 1.7786835 2.0310377 2.1983953 1.8942965 1.5111773 3.2381161 1.6785349 0.0000000 1.7786835 1.4396946 2.0310377 2.7182557 0.3666350 0.4172160 0.3999739 0.7945437 0.7945437 
t16        9.0000000 1.8942965 1.8942965 0.9547243 1.3144041 2.0310377 1.7786835 0.2326162 0.6626257 0.2892469 1.7786835 0.0000000 0.2746833 0.9547243 1.0297869 1.6785349 1.7786835 1.8942965 1.6785349 1.6785349 
t3         2.4141569 2.0310377 2.0310377 0.9547243 1.2070784 2.7182557 1.6785349 0.2892469 0.6872180 0.3666350 1.4396946 0.2746833 0.0000000 1.1586745 1.2070784 1.5111773 1.5111773 1.6785349 1.7786835 1.7786835 
t17        2.4141569 3.2381161 2.0310377 2.0310377 2.0310377 9.0000000 9.0000000 1.1132061 1.2588231 1.0703373 2.0310377 0.9547243 1.1586745 0.0000000 0.3347153 2.1983953 2.1983953 2.0310377 2.0310377 2.0310377 
t1         2.1983953 9.0000000 2.7182557 2.7182557 2.7182557 9.0000000 9.0000000 1.2588231 1.5111773 1.2070784 2.7182557 1.0297869 1.2070784 0.3347153 0.0000000 2.7182557 3.2381161 2.7182557 2.0310377 2.0310377 
t19        2.0310377 1.2070784 2.4141569 1.5111773 1.5901977 9.0000000 9.0000000 1.2070784 1.7786835 1.4396946 0.3666350 1.6785349 1.5111773 2.1983953 2.7182557 0.0000000 0.0845966 0.0625362 0.5299277 0.5299277 
t18        1.7786835 1.0703373 2.1983953 1.5111773 1.3744361 9.0000000 9.0000000 1.2588231 1.5901977 1.5901977 0.4172160 1.7786835 1.5111773 2.1983953 3.2381161 0.0845966 0.0000000 0.0734853 0.5933457 0.5933457 
t9         2.0310377 1.1132061 2.1983953 1.5111773 1.4396946 9.0000000 9.0000000 1.3144041 1.8942965 1.5901977 0.3999739 1.8942965 1.6785349 2.0310377 2.7182557 0.0625362 0.0734853 0.0000000 0.5933457 0.5933457 
t15        3.2381161 1.6785349 2.7182557 1.2070784 1.0703373 2.4141569 2.7182557 1.8942965 1.5111773 2.0310377 0.7945437 1.6785349 1.7786835 2.0310377 2.0310377 0.5299277 0.5933457 0.5933457 0.0000000 0.0000010 
t13        3.2381161 1.6785349 2.7182557 1.2070784 1.0703373 2.4141569 2.7182557 1.8942965 1.5111773 2.0310377 0.7945437 1.6785349 1.7786835 2.0310377 2.0310377 0.5299277 0.5933457 0.5933457 0.0000010 0.0000000 
