20
t8         0.0000000 0.2191023 0.1307650 0.1073256 0.1073256 0.1073256 0.1927838 0.3192509 0.1189538 0.1073256 0.1673577 0.1549607 0.1427653 0.1189538 1.0297869 1.0297869 0.3192509 0.3347153 1.0297869 1.0703373 
t6         0.2191023 0.0000000 0.2191023 0.2746833 0.2746833 0.2463781 0.2191023 0.3831192 0.2191023 0.2058276 0.1927838 0.1799630 0.2463781 0.2463781 1.0297869 1.0297869 0.3831192 0.3999739 1.0297869 1.0703373 
t16        0.1307650 0.2191023 0.0000000 0.1799630 0.1673577 0.1673577 0.2058276 0.2191023 0.0517447 0.0411062 0.1673577 0.1673577 0.1799630 0.1549607 0.9198342 0.9198342 0.3192509 0.3347153 0.9198342 0.9547243 
t20        0.1073256 0.2746833 0.1799630 0.0000000 0.1189538 0.1799630 0.2463781 0.3666350 0.1673577 0.1549607 0.2326162 0.2326162 0.2058276 0.1799630 0.9913169 0.9913169 0.4172160 0.4348639 0.9913169 1.0297869 
t13        0.1073256 0.2746833 0.1673577 0.1189538 0.0000000 0.1799630 0.2746833 0.2892469 0.1673577 0.1549607 0.2326162 0.2326162 0.2191023 0.1927838 0.9198342 0.9198342 0.3831192 0.3999739 0.9198342 0.9547243 
t9         0.1073256 0.2463781 0.1673577 0.1799630 0.1799630 0.0000000 0.1927838 0.3347153 0.1549607 0.1427653 0.1799630 0.1799630 0.1073256 0.0845966 1.0703373 1.0703373 0.3347153 0.3505054 1.0703373 1.1132061 
t12        0.1927838 0.2191023 0.2058276 0.2463781 0.2746833 0.1927838 0.0000000 0.3192509 0.1799630 0.1799630 0.0845966 0.0517447 0.2058276 0.2058276 1.1132061 1.1132061 0.3666350 0.3831192 1.1132061 1.1586745 
t15        0.3192509 0.3831192 0.2191023 0.3666350 0.2892469 0.3347153 0.3192509 0.0000000 0.2463781 0.2326162 0.2603971 0.2603971 0.3666350 0.3347153 0.9198342 0.9198342 0.4714565 0.4904449 0.8864954 0.9547243 
t10        0.1189538 0.2191023 0.0517447 0.1673577 0.1673577 0.1549607 0.1799630 0.2463781 0.0000000 0.0306165 0.1427653 0.1427653 0.1673577 0.1427653 0.9913169 0.9913169 0.3347153 0.3505054 0.9913169 1.0297869 
t3         0.1073256 0.2058276 0.0411062 0.1549607 0.1549607 0.1427653 0.1799630 0.2326162 0.0306165 0.0000000 0.1427653 0.1427653 0.1549607 0.1307650 0.9198342 0.9198342 0.3192509 0.3347153 0.9198342 0.9547243 
t11        0.1673577 0.1927838 0.1673577 0.2326162 0.2326162 0.1799630 0.0845966 0.2603971 0.1427653 0.1427653 0.0000000 0.0517447 0.1799630 0.1799630 1.1586745 1.1586745 0.3666350 0.3831192 1.1586745 1.2070784 
t18        0.1549607 0.1799630 0.1673577 0.2326162 0.2326162 0.1799630 0.0517447 0.2603971 0.1427653 0.1427653 0.0517447 0.0000000 0.1673577 0.1673577 1.0703373 1.0703373 0.3505054 0.3666350 1.0703373 1.1132061 
t4         0.1427653 0.2463781 0.1799630 0.2058276 0.2191023 0.1073256 0.2058276 0.3666350 0.1673577 0.1549607 0.1799630 0.1673577 0.0000000 0.0202715 1.1586745 1.1586745 0.3347153 0.3505054 1.1586745 1.2070784 
t5         0.1189538 0.2463781 0.1549607 0.1799630 0.1927838 0.0845966 0.2058276 0.3347153 0.1427653 0.1307650 0.1799630 0.1673577 0.0202715 0.0000000 1.0703373 1.0703373 0.3347153 0.3505054 1.0703373 1.1132061 
t19        1.0297869 1.0297869 0.9198342 0.9913169 0.9198342 1.0703373 1.1132061 0.9198342 0.9913169 0.9198342 1.1586745 1.0703373 1.1586745 1.0703373 0.0000000 0.0000010 1.4396946 1.5901977 0.0100673 0.0100673 
t17        1.0297869 1.0297869 0.9198342 0.9913169 0.9198342 1.0703373 1.1132061 0.9198342 0.9913169 0.9198342 1.1586745 1.0703373 1.1586745 1.0703373 0.0000010 0.0000000 1.4396946 1.5901977 0.0100673 0.0100673 
t2         0.3192509 0.3831192 0.3192509 0.4172160 0.3831192 0.3347153 0.3666350 0.4714565 0.3347153 0.3192509 0.3666350 0.3505054 0.3347153 0.3347153 1.4396946 1.4396946 0.0000000 0.0306165 1.4396946 1.5111773 
t14        0.3347153 0.3999739 0.3347153 0.4348639 0.3999739 0.3505054 0.3831192 0.4904449 0.3505054 0.3347153 0.3831192 0.3666350 0.3505054 0.3505054 1.5901977 1.5901977 0.0306165 0.0000000 1.5901977 1.6785349 
t1         1.0297869 1.0297869 0.9198342 0.9913169 0.9198342 1.0703373 1.1132061 0.8864954 0.9913169 0.9198342 1.1586745 1.0703373 1.1586745 1.0703373 0.0100673 0.0100673 1.4396946 1.5901977 0.0000000 0.0202715 
t7         1.0703373 1.0703373 0.9547243 1.0297869 0.9547243 1.1132061 1.1586745 0.9547243 1.0297869 0.9547243 1.2070784 1.1132061 1.2070784 1.1132061 0.0100673 0.0100673 1.5111773 1.6785349 0.0202715 0.0000000 
