20
t11        0.0000000 1.3144041 1.8942965 0.8239592 1.0297869 2.0310377 9.0000000 2.7182557 0.9198342 1.5901977 1.0703373 1.3144041 1.4396946 1.2070784 1.0703373 0.9198342 1.3744361 1.8942965 0.8239592 0.8239592 
t20        1.3144041 0.0000000 3.2381161 1.3744361 1.8942965 2.7182557 9.0000000 1.7786835 1.3744361 2.7182557 1.2588231 1.0703373 1.4396946 2.1983953 1.5111773 1.5111773 1.6785349 2.1983953 1.6785349 1.5111773 
t19        1.8942965 3.2381161 0.0000000 1.0703373 1.3744361 2.7182557 3.2381161 9.0000000 1.6785349 1.4396946 1.2070784 1.4396946 1.5901977 2.7182557 2.4141569 1.6785349 1.7786835 1.8942965 1.4396946 1.5111773 
t13        0.8239592 1.3744361 1.0703373 0.0000000 0.6626257 1.3144041 9.0000000 2.7182557 1.1132061 1.3744361 0.7662384 1.2070784 1.3144041 0.9913169 0.9198342 1.5901977 0.9913169 1.2070784 1.3744361 1.1132061 
t17        1.0297869 1.8942965 1.3744361 0.6626257 0.0000000 1.3144041 2.4141569 9.0000000 1.1132061 1.8942965 1.1586745 1.4396946 1.5111773 1.1586745 1.0297869 1.5901977 2.1983953 2.7182557 1.0703373 1.0703373 
t14        2.0310377 2.7182557 2.7182557 1.3144041 1.3144041 0.0000000 3.2381161 3.2381161 1.5901977 9.0000000 2.0310377 2.4141569 3.2381161 1.5901977 1.2588231 2.0310377 1.6785349 1.5111773 1.8942965 1.7786835 
t15        9.0000000 9.0000000 3.2381161 9.0000000 2.4141569 3.2381161 0.0000000 9.0000000 9.0000000 3.2381161 9.0000000 3.2381161 2.7182557 2.0310377 3.2381161 9.0000000 2.7182557 2.7182557 9.0000000 3.2381161 
t18        2.7182557 1.7786835 9.0000000 2.7182557 9.0000000 3.2381161 9.0000000 0.0000000 2.4141569 9.0000000 3.2381161 9.0000000 1.5901977 3.2381161 3.2381161 2.0310377 9.0000000 3.2381161 9.0000000 9.0000000 
t7         0.9198342 1.3744361 1.6785349 1.1132061 1.1132061 1.5901977 9.0000000 2.4141569 0.0000000 2.7182557 1.3144041 2.4141569 9.0000000 1.1586745 1.0703373 0.7945437 2.7182557 9.0000000 0.6157354 0.5099265 
t10        1.5901977 2.7182557 1.4396946 1.3744361 1.8942965 9.0000000 3.2381161 9.0000000 2.7182557 0.0000000 0.8864954 1.5111773 1.8942965 1.5901977 1.1586745 9.0000000 1.5901977 3.2381161 3.2381161 2.7182557 
t8         1.0703373 1.2588231 1.2070784 0.7662384 1.1586745 2.0310377 9.0000000 3.2381161 1.3144041 0.8864954 0.0000000 1.5901977 1.5111773 0.9913169 0.8545757 2.1983953 1.5111773 1.4396946 1.6785349 1.5901977 
t12        1.3144041 1.0703373 1.4396946 1.2070784 1.4396946 2.4141569 3.2381161 9.0000000 2.4141569 1.5111773 1.5901977 0.0000000 0.4172160 1.6785349 1.5901977 1.8942965 1.4396946 2.1983953 1.4396946 1.6785349 
t5         1.4396946 1.4396946 1.5901977 1.3144041 1.5111773 3.2381161 2.7182557 1.5901977 9.0000000 1.8942965 1.5111773 0.4172160 0.0000000 2.1983953 2.4141569 2.4141569 2.1983953 9.0000000 3.2381161 9.0000000 
t3         1.2070784 2.1983953 2.7182557 0.9913169 1.1586745 1.5901977 2.0310377 3.2381161 1.1586745 1.5901977 0.9913169 1.6785349 2.1983953 0.0000000 0.2191023 1.2588231 1.0703373 1.3744361 1.1586745 0.9913169 
t4         1.0703373 1.5111773 2.4141569 0.9198342 1.0297869 1.2588231 3.2381161 3.2381161 1.0703373 1.1586745 0.8545757 1.5901977 2.4141569 0.2191023 0.0000000 0.9913169 0.9913169 1.3144041 0.9198342 0.8864954 
t9         0.9198342 1.5111773 1.6785349 1.5901977 1.5901977 2.0310377 9.0000000 2.0310377 0.7945437 9.0000000 2.1983953 1.8942965 2.4141569 1.2588231 0.9913169 0.0000000 1.5901977 2.7182557 0.3999739 0.3347153 
t16        1.3744361 1.6785349 1.7786835 0.9913169 2.1983953 1.6785349 2.7182557 9.0000000 2.7182557 1.5901977 1.5111773 1.4396946 2.1983953 1.0703373 0.9913169 1.5901977 0.0000000 0.4904449 1.5901977 1.5901977 
t6         1.8942965 2.1983953 1.8942965 1.2070784 2.7182557 1.5111773 2.7182557 3.2381161 9.0000000 3.2381161 1.4396946 2.1983953 9.0000000 1.3744361 1.3144041 2.7182557 0.4904449 0.0000000 3.2381161 3.2381161 
t2         0.8239592 1.6785349 1.4396946 1.3744361 1.0703373 1.8942965 9.0000000 9.0000000 0.6157354 3.2381161 1.6785349 1.4396946 3.2381161 1.1586745 0.9198342 0.3999739 1.5901977 3.2381161 0.0000000 0.1307650 
t1         0.8239592 1.5111773 1.5111773 1.1132061 1.0703373 1.7786835 3.2381161 9.0000000 0.5099265 2.7182557 1.5901977 1.6785349 9.0000000 0.9913169 0.8864954 0.3347153 1.5901977 3.2381161 0.1307650 0.0000000 
