20
t13        0.0000000 0.5716050 0.5716050 0.4172160 0.6157354 0.6872180 0.6388142 0.4529370 0.5299277 0.5299277 0.5716050 0.6388142 0.4348639 0.4172160 0.4348639 0.3999739 0.5933457 0.5933457 0.7126442 0.7126442 
t10        0.5716050 0.0000000 0.4714565 0.2892469 0.4714565 0.5504769 0.5299277 0.3505054 0.4172160 0.4172160 0.3347153 0.5299277 0.3505054 0.3666350 0.3505054 0.3347153 0.4529370 0.4172160 0.6157354 0.5933457 
t2         0.5716050 0.4714565 0.0000000 0.4172160 0.3666350 0.6872180 0.4904449 0.2892469 0.3192509 0.2746833 0.3666350 0.7126442 0.5299277 0.5504769 0.5504769 0.5504769 0.5299277 0.4904449 0.4529370 0.4172160 
t14        0.4172160 0.2892469 0.4172160 0.0000000 0.3505054 0.2463781 0.4348639 0.2191023 0.2463781 0.2746833 0.2603971 0.2892469 0.1427653 0.1427653 0.1307650 0.1307650 0.3505054 0.3192509 0.5504769 0.5299277 
t15        0.6157354 0.4714565 0.3666350 0.3505054 0.0000000 0.6157354 0.4172160 0.2463781 0.3192509 0.2463781 0.3831192 0.6388142 0.5099265 0.5099265 0.4904449 0.4904449 0.5299277 0.4904449 0.4529370 0.4172160 
t7         0.6872180 0.5504769 0.6872180 0.2463781 0.6157354 0.0000000 0.5933457 0.3999739 0.4348639 0.4714565 0.5299277 0.4714565 0.3192509 0.3192509 0.2746833 0.3040988 0.5716050 0.5299277 0.8239592 0.7945437 
t12        0.6388142 0.5299277 0.4904449 0.4348639 0.4172160 0.5933457 0.0000000 0.3192509 0.3666350 0.3999739 0.4348639 0.6872180 0.5716050 0.5933457 0.5099265 0.5504769 0.5504769 0.5099265 0.5299277 0.5299277 
t4         0.4529370 0.3505054 0.2892469 0.2191023 0.2463781 0.3999739 0.3192509 0.0000000 0.1307650 0.1673577 0.2746833 0.4529370 0.3192509 0.3192509 0.3040988 0.2746833 0.3505054 0.3192509 0.3505054 0.3192509 
t5         0.5299277 0.4172160 0.3192509 0.2463781 0.3192509 0.4348639 0.3666350 0.1307650 0.0000000 0.1927838 0.3040988 0.5099265 0.3666350 0.3666350 0.3505054 0.3192509 0.3831192 0.3505054 0.3999739 0.3999739 
t16        0.5299277 0.4172160 0.2746833 0.2746833 0.2463781 0.4714565 0.3999739 0.1673577 0.1927838 0.0000000 0.2746833 0.4904449 0.3347153 0.3347153 0.3347153 0.3347153 0.3999739 0.3666350 0.3040988 0.2746833 
t1         0.5716050 0.3347153 0.3666350 0.2603971 0.3831192 0.5299277 0.4348639 0.2746833 0.3040988 0.2746833 0.0000000 0.5299277 0.3666350 0.3666350 0.3505054 0.3505054 0.2746833 0.2603971 0.5099265 0.4904449 
t11        0.6388142 0.5299277 0.7126442 0.2892469 0.6388142 0.4714565 0.6872180 0.4529370 0.5099265 0.4904449 0.5299277 0.0000000 0.2326162 0.2746833 0.2326162 0.2326162 0.6157354 0.5716050 0.6872180 0.6626257 
t20        0.4348639 0.3505054 0.5299277 0.1427653 0.5099265 0.3192509 0.5716050 0.3192509 0.3666350 0.3347153 0.3666350 0.2326162 0.0000000 0.0958750 0.0625362 0.0411062 0.4529370 0.4348639 0.6388142 0.6157354 
t19        0.4172160 0.3666350 0.5504769 0.1427653 0.5099265 0.3192509 0.5933457 0.3192509 0.3666350 0.3347153 0.3666350 0.2746833 0.0958750 0.0000000 0.0734853 0.0734853 0.3999739 0.4172160 0.6872180 0.6626257 
t6         0.4348639 0.3505054 0.5504769 0.1307650 0.4904449 0.2746833 0.5099265 0.3040988 0.3505054 0.3347153 0.3505054 0.2326162 0.0625362 0.0734853 0.0000000 0.0411062 0.4348639 0.4172160 0.6626257 0.6388142 
t3         0.3999739 0.3347153 0.5504769 0.1307650 0.4904449 0.3040988 0.5504769 0.2746833 0.3192509 0.3347153 0.3505054 0.2326162 0.0411062 0.0734853 0.0411062 0.0000000 0.4172160 0.3999739 0.6626257 0.6388142 
t17        0.5933457 0.4529370 0.5299277 0.3505054 0.5299277 0.5716050 0.5504769 0.3505054 0.3831192 0.3999739 0.2746833 0.6157354 0.4529370 0.3999739 0.4348639 0.4172160 0.0000000 0.0306165 0.6157354 0.5933457 
t9         0.5933457 0.4172160 0.4904449 0.3192509 0.4904449 0.5299277 0.5099265 0.3192509 0.3505054 0.3666350 0.2603971 0.5716050 0.4348639 0.4172160 0.4172160 0.3999739 0.0306165 0.0000000 0.5933457 0.5716050 
t18        0.7126442 0.6157354 0.4529370 0.5504769 0.4529370 0.8239592 0.5299277 0.3505054 0.3999739 0.3040988 0.5099265 0.6872180 0.6388142 0.6872180 0.6626257 0.6626257 0.6157354 0.5933457 0.0000000 0.0202715 
t8         0.7126442 0.5933457 0.4172160 0.5299277 0.4172160 0.7945437 0.5299277 0.3192509 0.3999739 0.2746833 0.4904449 0.6626257 0.6157354 0.6626257 0.6388142 0.6388142 0.5933457 0.5716050 0.0202715 0.0000000 
