20
t5         0.0000000 1.1132061 1.0703373 0.9198342 1.2070784 1.1586745 0.8864954 1.0297869 1.0297869 1.1132061 1.4396946 1.2070784 1.0297869 0.9913169 1.1586745 1.2588231 1.3144041 1.3744361 1.2070784 1.2070784 
t18        1.1132061 0.0000000 0.9913169 1.3144041 0.8545757 1.3744361 1.3144041 1.8942965 1.2588231 1.0703373 1.4396946 1.7786835 1.1586745 1.1132061 1.3744361 1.5111773 1.8942965 1.4396946 1.2070784 1.2588231 
t20        1.0703373 0.9913169 0.0000000 0.8545757 1.4396946 1.5901977 1.3744361 1.8942965 1.2070784 1.1586745 0.9913169 1.1132061 1.0297869 0.9913169 2.0310377 1.6785349 1.5901977 1.2588231 1.2588231 1.2588231 
t7         0.9198342 1.3144041 0.8545757 0.0000000 1.0703373 1.1132061 1.1132061 1.2588231 1.1132061 0.8864954 1.3744361 1.0297869 0.6157354 0.5933457 1.5901977 1.4396946 1.5901977 1.0297869 0.9198342 0.9198342 
t6         1.2070784 0.8545757 1.4396946 1.0703373 0.0000000 0.6157354 1.1586745 9.0000000 1.2070784 1.0297869 1.1132061 1.2588231 1.0297869 1.0703373 1.5111773 1.5111773 1.5111773 1.4396946 1.2070784 1.3144041 
t8         1.1586745 1.3744361 1.5901977 1.1132061 0.6157354 0.0000000 1.3744361 2.1983953 1.3744361 1.3144041 1.4396946 1.5901977 1.3144041 1.2588231 1.3744361 1.3144041 1.3144041 1.3144041 1.3144041 1.2588231 
t3         0.8864954 1.3144041 1.3744361 1.1132061 1.1586745 1.3744361 0.0000000 0.6626257 1.2588231 1.2588231 1.6785349 1.2070784 1.1132061 1.1132061 1.4396946 1.4396946 1.5111773 1.1586745 1.1586745 1.1132061 
t17        1.0297869 1.8942965 1.8942965 1.2588231 9.0000000 2.1983953 0.6626257 0.0000000 1.7786835 1.4396946 1.8942965 1.3744361 1.4396946 1.3744361 1.4396946 1.3144041 1.3144041 1.2070784 1.3144041 1.2070784 
t10        1.0297869 1.2588231 1.2070784 1.1132061 1.2070784 1.3744361 1.2588231 1.7786835 0.0000000 0.3505054 1.2070784 1.1132061 0.7945437 0.7662384 1.5901977 1.4396946 1.5901977 0.5099265 0.4904449 0.5099265 
t1         1.1132061 1.0703373 1.1586745 0.8864954 1.0297869 1.3144041 1.2588231 1.4396946 0.3505054 0.0000000 1.1586745 1.1132061 0.6872180 0.6626257 1.4396946 1.2588231 1.3744361 0.3192509 0.3347153 0.3347153 
t15        1.4396946 1.4396946 0.9913169 1.3744361 1.1132061 1.4396946 1.6785349 1.8942965 1.2070784 1.1586745 0.0000000 0.2191023 1.1132061 1.1132061 1.1586745 1.0297869 1.0703373 1.3744361 1.2588231 1.2588231 
t2         1.2070784 1.7786835 1.1132061 1.0297869 1.2588231 1.5901977 1.2070784 1.3744361 1.1132061 1.1132061 0.2191023 0.0000000 1.2588231 1.2070784 0.8864954 0.8239592 0.8545757 1.3144041 1.2070784 1.2070784 
t14        1.0297869 1.1586745 1.0297869 0.6157354 1.0297869 1.3144041 1.1132061 1.4396946 0.7945437 0.6872180 1.1132061 1.2588231 0.0000000 0.0100673 1.2588231 1.3144041 1.3144041 0.8864954 0.7945437 0.7662384 
t19        0.9913169 1.1132061 0.9913169 0.5933457 1.0703373 1.2588231 1.1132061 1.3744361 0.7662384 0.6626257 1.1132061 1.2070784 0.0100673 0.0000000 1.2070784 1.2588231 1.2588231 0.8545757 0.7662384 0.7389627 
t4         1.1586745 1.3744361 2.0310377 1.5901977 1.5111773 1.3744361 1.4396946 1.4396946 1.5901977 1.4396946 1.1586745 0.8864954 1.2588231 1.2070784 0.0000000 0.1427653 0.1799630 1.5111773 1.4396946 1.5901977 
t11        1.2588231 1.5111773 1.6785349 1.4396946 1.5111773 1.3144041 1.4396946 1.3144041 1.4396946 1.2588231 1.0297869 0.8239592 1.3144041 1.2588231 0.1427653 0.0000000 0.0411062 1.4396946 1.3144041 1.4396946 
t16        1.3144041 1.8942965 1.5901977 1.5901977 1.5111773 1.3144041 1.5111773 1.3144041 1.5901977 1.3744361 1.0703373 0.8545757 1.3144041 1.2588231 0.1799630 0.0411062 0.0000000 1.5901977 1.4396946 1.5901977 
t9         1.3744361 1.4396946 1.2588231 1.0297869 1.4396946 1.3144041 1.1586745 1.2070784 0.5099265 0.3192509 1.3744361 1.3144041 0.8864954 0.8545757 1.5111773 1.4396946 1.5901977 0.0000000 0.0625362 0.0517447 
t13        1.2070784 1.2070784 1.2588231 0.9198342 1.2070784 1.3144041 1.1586745 1.3144041 0.4904449 0.3347153 1.2588231 1.2070784 0.7945437 0.7662384 1.4396946 1.3144041 1.4396946 0.0625362 0.0000000 0.0306165 
t12        1.2070784 1.2588231 1.2588231 0.9198342 1.3144041 1.2588231 1.1132061 1.2070784 0.5099265 0.3347153 1.2588231 1.2070784 0.7662384 0.7389627 1.5901977 1.4396946 1.5901977 0.0517447 0.0306165 0.0000000 
