20
t3         0.0000000 1.6785349 9.0000000 2.1983953 1.8942965 2.7182557 9.0000000 2.0310377 2.4141569 1.7786835 9.0000000 2.1983953 1.8942965 2.0310377 9.0000000 9.0000000 9.0000000 2.7182557 2.0310377 2.0310377 
t16        1.6785349 0.0000000 2.0310377 1.1586745 1.0703373 0.8239592 1.6785349 0.6388142 0.7945437 1.3144041 1.3144041 0.7126442 0.4714565 0.4904449 0.8864954 0.8864954 0.7126442 0.6872180 0.7662384 0.7662384 
t12        9.0000000 2.0310377 0.0000000 9.0000000 2.1983953 9.0000000 9.0000000 1.2070784 2.7182557 9.0000000 9.0000000 2.1983953 9.0000000 9.0000000 2.4141569 3.2381161 2.7182557 9.0000000 3.2381161 3.2381161 
t18        2.1983953 1.1586745 9.0000000 0.0000000 2.0310377 1.5111773 1.7786835 1.5111773 1.3744361 1.8942965 1.7786835 1.2588231 1.1586745 1.1132061 1.7786835 2.4141569 1.3744361 1.1586745 1.0703373 1.0703373 
t17        1.8942965 1.0703373 2.1983953 2.0310377 0.0000000 1.1132061 1.7786835 1.4396946 1.6785349 1.2588231 2.0310377 1.5901977 1.2070784 1.4396946 1.6785349 2.1983953 1.5901977 1.2070784 1.5901977 1.5901977 
t11        2.7182557 0.8239592 9.0000000 1.5111773 1.1132061 0.0000000 1.2588231 0.8545757 0.7662384 1.7786835 1.2588231 0.8239592 0.6872180 0.8545757 0.9547243 1.1132061 0.9547243 0.7126442 0.8545757 0.8545757 
t19        9.0000000 1.6785349 9.0000000 1.7786835 1.7786835 1.2588231 0.0000000 2.0310377 1.2588231 0.7945437 0.3999739 0.8864954 1.2588231 1.3744361 1.7786835 1.5111773 1.8942965 1.7786835 0.9913169 0.9913169 
t20        2.0310377 0.6388142 1.2070784 1.5111773 1.4396946 0.8545757 2.0310377 0.0000000 0.4904449 2.0310377 1.6785349 0.6388142 0.6157354 0.6388142 1.1586745 1.2588231 1.1586745 1.2070784 0.7389627 0.7389627 
t13        2.4141569 0.7945437 2.7182557 1.3744361 1.6785349 0.7662384 1.2588231 0.4904449 0.0000000 1.5901977 1.3744361 0.6872180 0.6388142 0.6626257 0.9913169 1.1132061 0.9198342 0.7662384 0.6872180 0.6872180 
t14        1.7786835 1.3144041 9.0000000 1.8942965 1.2588231 1.7786835 0.7945437 2.0310377 1.5901977 0.0000000 0.3831192 1.3144041 1.6785349 2.4141569 1.7786835 1.7786835 1.3744361 1.7786835 1.4396946 1.4396946 
t5         9.0000000 1.3144041 9.0000000 1.7786835 2.0310377 1.2588231 0.3999739 1.6785349 1.3744361 0.3831192 0.0000000 0.8864954 1.1132061 1.3144041 1.2588231 1.2070784 1.2588231 1.3744361 1.0297869 1.0297869 
t4         2.1983953 0.7126442 2.1983953 1.2588231 1.5901977 0.8239592 0.8864954 0.6388142 0.6872180 1.3144041 0.8864954 0.0000000 0.6157354 0.6157354 0.9198342 0.8864954 0.8545757 0.7126442 0.0845966 0.0845966 
t1         1.8942965 0.4714565 9.0000000 1.1586745 1.2070784 0.6872180 1.2588231 0.6157354 0.6388142 1.6785349 1.1132061 0.6157354 0.0000000 0.1189538 0.7389627 0.7389627 0.7389627 0.6626257 0.6872180 0.6872180 
t15        2.0310377 0.4904449 9.0000000 1.1132061 1.4396946 0.8545757 1.3744361 0.6388142 0.6626257 2.4141569 1.3144041 0.6157354 0.1189538 0.0000000 0.8239592 0.8545757 0.8239592 0.7945437 0.6626257 0.6626257 
t7         9.0000000 0.8864954 2.4141569 1.7786835 1.6785349 0.9547243 1.7786835 1.1586745 0.9913169 1.7786835 1.2588231 0.9198342 0.7389627 0.8239592 0.0000000 0.1549607 0.8864954 0.8864954 0.8864954 0.8864954 
t10        9.0000000 0.8864954 3.2381161 2.4141569 2.1983953 1.1132061 1.5111773 1.2588231 1.1132061 1.7786835 1.2070784 0.8864954 0.7389627 0.8545757 0.1549607 0.0000000 0.9198342 0.9547243 0.9913169 0.9913169 
t6         9.0000000 0.7126442 2.7182557 1.3744361 1.5901977 0.9547243 1.8942965 1.1586745 0.9198342 1.3744361 1.2588231 0.8545757 0.7389627 0.8239592 0.8864954 0.9198342 0.0000000 0.2892469 0.8545757 0.8545757 
t2         2.7182557 0.6872180 9.0000000 1.1586745 1.2070784 0.7126442 1.7786835 1.2070784 0.7662384 1.7786835 1.3744361 0.7126442 0.6626257 0.7945437 0.8864954 0.9547243 0.2892469 0.0000000 0.7389627 0.7389627 
t8         2.0310377 0.7662384 3.2381161 1.0703373 1.5901977 0.8545757 0.9913169 0.7389627 0.6872180 1.4396946 1.0297869 0.0845966 0.6872180 0.6626257 0.8864954 0.9913169 0.8545757 0.7389627 0.0000000 0.0000010 
t9         2.0310377 0.7662384 3.2381161 1.0703373 1.5901977 0.8545757 0.9913169 0.7389627 0.6872180 1.4396946 1.0297869 0.0845966 0.6872180 0.6626257 0.8864954 0.9913169 0.8545757 0.7389627 0.0000010 0.0000000 
