20
t17        0.0000000 0.5299277 0.3831192 0.9547243 0.5933457 0.4172160 0.3192509 0.5716050 0.6388142 0.4904449 0.4904449 0.5099265 0.4172160 0.3666350 0.9913169 1.1132061 0.4714565 0.4904449 0.4714565 0.4904449 
t10        0.5299277 0.0000000 0.4714565 1.0297869 0.6157354 0.5504769 0.4714565 0.7389627 0.2892469 0.1549607 0.6872180 0.7126442 0.4904449 0.4529370 1.1132061 1.2588231 0.6872180 0.7126442 0.5933457 0.5933457 
t14        0.3831192 0.4714565 0.0000000 1.0297869 0.4529370 0.1673577 0.1799630 0.3347153 0.4529370 0.3192509 0.2603971 0.2892469 0.2603971 0.2191023 0.7126442 0.7945437 0.3347153 0.3505054 0.1927838 0.2058276 
t16        0.9547243 1.0297869 1.0297869 0.0000000 1.3144041 0.9547243 0.6872180 1.2588231 0.8239592 0.8545757 1.1132061 1.0703373 0.6626257 0.6872180 2.0310377 2.4141569 1.1586745 1.1132061 1.0703373 1.1132061 
t15        0.5933457 0.6157354 0.4529370 1.3144041 0.0000000 0.4904449 0.3999739 0.6157354 0.7389627 0.5933457 0.5933457 0.6388142 0.4904449 0.4714565 0.7389627 0.7126442 0.5716050 0.5716050 0.4529370 0.4529370 
t20        0.4172160 0.5504769 0.1673577 0.9547243 0.4904449 0.0000000 0.1927838 0.2892469 0.5099265 0.3666350 0.2326162 0.2603971 0.3040988 0.2603971 0.8239592 0.9198342 0.2463781 0.2603971 0.2058276 0.2191023 
t6         0.3192509 0.4714565 0.1799630 0.6872180 0.3999739 0.1927838 0.0000000 0.3666350 0.4904449 0.3347153 0.2463781 0.2746833 0.1073256 0.0734853 0.6388142 0.7126442 0.3505054 0.3666350 0.2191023 0.2326162 
t19        0.5716050 0.7389627 0.3347153 1.2588231 0.6157354 0.2892469 0.3666350 0.0000000 0.6388142 0.6157354 0.2746833 0.3040988 0.5299277 0.4714565 0.9913169 1.0703373 0.3666350 0.3831192 0.3505054 0.3347153 
t18        0.6388142 0.2892469 0.4529370 0.8239592 0.7389627 0.5099265 0.4904449 0.6388142 0.0000000 0.1927838 0.6626257 0.6872180 0.4904449 0.5099265 1.2070784 1.2588231 0.7389627 0.7389627 0.5716050 0.5716050 
t9         0.4904449 0.1549607 0.3192509 0.8545757 0.5933457 0.3666350 0.3347153 0.6157354 0.1927838 0.0000000 0.5099265 0.5299277 0.3831192 0.3505054 0.9198342 0.9913169 0.6388142 0.6626257 0.4714565 0.4714565 
t4         0.4904449 0.6872180 0.2603971 1.1132061 0.5933457 0.2326162 0.2463781 0.2746833 0.6626257 0.5099265 0.0000000 0.0202715 0.3831192 0.3347153 1.0297869 1.1132061 0.3192509 0.3347153 0.2892469 0.3040988 
t3         0.5099265 0.7126442 0.2892469 1.0703373 0.6388142 0.2603971 0.2746833 0.3040988 0.6872180 0.5299277 0.0202715 0.0000000 0.4172160 0.3666350 1.1132061 1.1586745 0.3347153 0.3505054 0.3192509 0.3347153 
t2         0.4172160 0.4904449 0.2603971 0.6626257 0.4904449 0.3040988 0.1073256 0.5299277 0.4904449 0.3831192 0.3831192 0.4172160 0.0000000 0.0411062 0.7126442 0.8545757 0.4714565 0.4904449 0.2892469 0.3040988 
t11        0.3666350 0.4529370 0.2191023 0.6872180 0.4714565 0.2603971 0.0734853 0.4714565 0.5099265 0.3505054 0.3347153 0.3666350 0.0411062 0.0000000 0.6872180 0.8239592 0.4529370 0.4714565 0.2746833 0.2892469 
t13        0.9913169 1.1132061 0.7126442 2.0310377 0.7389627 0.8239592 0.6388142 0.9913169 1.2070784 0.9198342 1.0297869 1.1132061 0.7126442 0.6872180 0.0000000 0.0958750 1.2588231 1.3144041 0.7945437 0.7662384 
t7         1.1132061 1.2588231 0.7945437 2.4141569 0.7126442 0.9198342 0.7126442 1.0703373 1.2588231 0.9913169 1.1132061 1.1586745 0.8545757 0.8239592 0.0958750 0.0000000 1.3744361 1.4396946 0.8864954 0.8545757 
t1         0.4714565 0.6872180 0.3347153 1.1586745 0.5716050 0.2463781 0.3505054 0.3666350 0.7389627 0.6388142 0.3192509 0.3347153 0.4714565 0.4529370 1.2588231 1.3744361 0.0000000 0.0100673 0.3192509 0.3347153 
t5         0.4904449 0.7126442 0.3505054 1.1132061 0.5716050 0.2603971 0.3666350 0.3831192 0.7389627 0.6626257 0.3347153 0.3505054 0.4904449 0.4714565 1.3144041 1.4396946 0.0100673 0.0000000 0.3347153 0.3505054 
t8         0.4714565 0.5933457 0.1927838 1.0703373 0.4529370 0.2058276 0.2191023 0.3505054 0.5716050 0.4714565 0.2892469 0.3192509 0.2892469 0.2746833 0.7945437 0.8864954 0.3192509 0.3347153 0.0000000 0.0100673 
t12        0.4904449 0.5933457 0.2058276 1.1132061 0.4529370 0.2191023 0.2326162 0.3347153 0.5716050 0.4714565 0.3040988 0.3347153 0.3040988 0.2892469 0.7662384 0.8545757 0.3347153 0.3505054 0.0100673 0.0000000 
