20
t19        0.0000000 1.8942965 0.7389627 2.7182557 0.9913169 0.9198342 0.9547243 1.2070784 0.7126442 0.6626257 0.8864954 1.0297869 0.9547243 0.9547243 0.9913169 0.8239592 0.7389627 0.9547243 0.9913169 1.0703373 
t5         1.8942965 0.0000000 3.2381161 2.1983953 3.2381161 9.0000000 9.0000000 2.4141569 9.0000000 9.0000000 2.1983953 9.0000000 9.0000000 9.0000000 9.0000000 3.2381161 1.8942965 9.0000000 3.2381161 9.0000000 
t15        0.7389627 3.2381161 0.0000000 2.1983953 0.4904449 0.5099265 0.6157354 0.7126442 0.3666350 0.3347153 0.4172160 0.6157354 0.6388142 0.4904449 0.5716050 0.5299277 0.5504769 0.6626257 0.6872180 0.7126442 
t9         2.7182557 2.1983953 2.1983953 0.0000000 3.2381161 1.8942965 2.1983953 2.1983953 2.7182557 2.1983953 2.1983953 1.7786835 2.4141569 1.8942965 1.8942965 2.0310377 1.6785349 1.6785349 1.5111773 1.5901977 
t17        0.9913169 3.2381161 0.4904449 3.2381161 0.0000000 0.4348639 0.8545757 0.8239592 0.6626257 0.7126442 0.8864954 0.8864954 0.7662384 0.7662384 0.8239592 0.7389627 0.7945437 0.8864954 0.8864954 0.8545757 
t3         0.9198342 9.0000000 0.5099265 1.8942965 0.4348639 0.0000000 0.9913169 0.9547243 0.7662384 0.8545757 0.9547243 0.8545757 0.8239592 0.8545757 0.9547243 0.8864954 0.8545757 1.1132061 1.1132061 1.1132061 
t6         0.9547243 9.0000000 0.6157354 2.1983953 0.8545757 0.9913169 0.0000000 1.0703373 0.5299277 0.6388142 0.7945437 0.6872180 0.7126442 0.6626257 0.7389627 0.4904449 0.5716050 0.8864954 0.9913169 0.9913169 
t2         1.2070784 2.4141569 0.7126442 2.1983953 0.8239592 0.9547243 1.0703373 0.0000000 0.8239592 0.8545757 0.7945437 0.9547243 1.2070784 0.7389627 0.8545757 1.0297869 0.9913169 0.5716050 0.6157354 0.5933457 
t12        0.7126442 9.0000000 0.3666350 2.7182557 0.6626257 0.7662384 0.5299277 0.8239592 0.0000000 0.1549607 0.2603971 0.6626257 0.7662384 0.5299277 0.5716050 0.6157354 0.5504769 0.7126442 0.6872180 0.7389627 
t13        0.6626257 9.0000000 0.3347153 2.1983953 0.7126442 0.8545757 0.6388142 0.8545757 0.1549607 0.0000000 0.1549607 0.6157354 0.7662384 0.4904449 0.5099265 0.5933457 0.5099265 0.7945437 0.7945437 0.8239592 
t11        0.8864954 2.1983953 0.4172160 2.1983953 0.8864954 0.9547243 0.7945437 0.7945437 0.2603971 0.1549607 0.0000000 0.7126442 0.9198342 0.5933457 0.6388142 0.7662384 0.7126442 0.7945437 0.7945437 0.8239592 
t4         1.0297869 9.0000000 0.6157354 1.7786835 0.8864954 0.8545757 0.6872180 0.9547243 0.6626257 0.6157354 0.7126442 0.0000000 0.2746833 0.3192509 0.3505054 0.5933457 0.5716050 0.8864954 0.9547243 0.9198342 
t14        0.9547243 9.0000000 0.6388142 2.4141569 0.7662384 0.8239592 0.7126442 1.2070784 0.7662384 0.7662384 0.9198342 0.2746833 0.0000000 0.3831192 0.3831192 0.7662384 0.7126442 1.2070784 1.2070784 1.1586745 
t16        0.9547243 9.0000000 0.4904449 1.8942965 0.7662384 0.8545757 0.6626257 0.7389627 0.5299277 0.4904449 0.5933457 0.3192509 0.3831192 0.0000000 0.1189538 0.5716050 0.5504769 0.7126442 0.7389627 0.7126442 
t18        0.9913169 9.0000000 0.5716050 1.8942965 0.8239592 0.9547243 0.7389627 0.8545757 0.5716050 0.5099265 0.6388142 0.3505054 0.3831192 0.1189538 0.0000000 0.6157354 0.5933457 0.7945437 0.7945437 0.7126442 
t7         0.8239592 3.2381161 0.5299277 2.0310377 0.7389627 0.8864954 0.4904449 1.0297869 0.6157354 0.5933457 0.7662384 0.5933457 0.7662384 0.5716050 0.6157354 0.0000000 0.1927838 0.7389627 0.7662384 0.8545757 
t10        0.7389627 1.8942965 0.5504769 1.6785349 0.7945437 0.8545757 0.5716050 0.9913169 0.5504769 0.5099265 0.7126442 0.5716050 0.7126442 0.5504769 0.5933457 0.1927838 0.0000000 0.7662384 0.7945437 0.8864954 
t8         0.9547243 9.0000000 0.6626257 1.6785349 0.8864954 1.1132061 0.8864954 0.5716050 0.7126442 0.7945437 0.7945437 0.8864954 1.2070784 0.7126442 0.7945437 0.7389627 0.7662384 0.0000000 0.0958750 0.0958750 
t1         0.9913169 3.2381161 0.6872180 1.5111773 0.8864954 1.1132061 0.9913169 0.6157354 0.6872180 0.7945437 0.7945437 0.9547243 1.2070784 0.7389627 0.7945437 0.7662384 0.7945437 0.0958750 0.0000000 0.0411062 
t20        1.0703373 9.0000000 0.7126442 1.5901977 0.8545757 1.1132061 0.9913169 0.5933457 0.7389627 0.8239592 0.8239592 0.9198342 1.1586745 0.7126442 0.7126442 0.8545757 0.8864954 0.0958750 0.0411062 0.0000000 
