20
t10        0.0000000 2.4141569 1.3144041 3.2381161 1.7786835 2.1983953 1.5901977 1.5901977 1.6785349 1.1586745 1.7786835 0.9547243 0.7945437 0.9913169 0.9913169 1.2588231 0.8864954 1.0297869 1.1586745 1.2070784 
t6         2.4141569 0.0000000 1.2070784 1.7786835 1.5111773 1.1132061 1.8942965 1.0703373 1.1132061 2.0310377 1.4396946 1.4396946 1.5111773 1.8942965 1.8942965 2.4141569 1.6785349 1.4396946 2.0310377 2.1983953 
t4         1.3144041 1.2070784 0.0000000 1.2070784 1.2588231 1.1132061 1.6785349 0.9913169 0.8239592 1.4396946 1.5111773 1.6785349 1.8942965 1.3744361 1.6785349 1.3144041 1.6785349 1.8942965 1.2588231 1.2588231 
t16        3.2381161 1.7786835 1.2070784 0.0000000 0.5299277 0.5933457 1.6785349 1.8942965 1.5901977 1.4396946 1.5111773 1.6785349 1.5111773 1.8942965 1.8942965 1.6785349 1.8942965 1.4396946 1.8942965 1.6785349 
t5         1.7786835 1.5111773 1.2588231 0.5299277 0.0000000 0.4904449 1.4396946 1.4396946 1.3744361 1.2588231 1.3744361 1.5901977 1.3144041 1.2588231 1.2588231 1.4396946 2.1983953 1.6785349 1.5901977 1.5901977 
t11        2.1983953 1.1132061 1.1132061 0.5933457 0.4904449 0.0000000 1.7786835 1.2070784 1.1132061 1.3744361 1.1586745 1.2070784 1.2588231 1.5901977 1.5901977 1.7786835 1.5901977 1.2070784 2.1983953 1.7786835 
t8         1.5901977 1.8942965 1.6785349 1.6785349 1.4396946 1.7786835 0.0000000 9.0000000 9.0000000 0.3831192 0.4529370 1.1586745 1.1132061 1.2588231 1.3744361 0.4714565 1.2070784 1.2588231 0.3831192 0.3347153 
t2         1.5901977 1.0703373 0.9913169 1.8942965 1.4396946 1.2070784 9.0000000 0.0000000 0.2058276 2.7182557 3.2381161 1.4396946 1.6785349 1.7786835 3.2381161 1.3144041 1.5111773 1.7786835 2.0310377 2.1983953 
t13        1.6785349 1.1132061 0.8239592 1.5901977 1.3744361 1.1132061 9.0000000 0.2058276 0.0000000 2.1983953 3.2381161 1.5111773 1.6785349 1.2070784 1.6785349 1.2588231 1.5111773 1.5111773 1.8942965 2.0310377 
t15        1.1586745 2.0310377 1.4396946 1.4396946 1.2588231 1.3744361 0.3831192 2.7182557 2.1983953 0.0000000 0.2463781 1.0703373 0.9547243 1.2070784 1.1132061 0.3505054 1.1586745 1.2070784 0.3831192 0.3192509 
t3         1.7786835 1.4396946 1.5111773 1.5111773 1.3744361 1.1586745 0.4529370 3.2381161 3.2381161 0.2463781 0.0000000 1.5901977 1.4396946 1.3144041 1.2588231 0.4714565 1.7786835 1.6785349 0.4714565 0.3999739 
t20        0.9547243 1.4396946 1.6785349 1.6785349 1.5901977 1.2070784 1.1586745 1.4396946 1.5111773 1.0703373 1.5901977 0.0000000 0.1799630 1.5111773 1.4396946 1.0297869 0.4348639 0.4904449 1.2588231 1.2070784 
t12        0.7945437 1.5111773 1.8942965 1.5111773 1.3144041 1.2588231 1.1132061 1.6785349 1.6785349 0.9547243 1.4396946 0.1799630 0.0000000 1.3144041 1.2588231 1.0297869 0.3999739 0.3999739 1.1586745 1.2070784 
t19        0.9913169 1.8942965 1.3744361 1.8942965 1.2588231 1.5901977 1.2588231 1.7786835 1.2070784 1.2070784 1.3144041 1.5111773 1.3144041 0.0000000 0.1549607 1.5111773 1.8942965 1.7786835 1.3744361 1.5901977 
t18        0.9913169 1.8942965 1.6785349 1.8942965 1.2588231 1.5901977 1.3744361 3.2381161 1.6785349 1.1132061 1.2588231 1.4396946 1.2588231 0.1549607 0.0000000 1.7786835 1.6785349 1.5111773 1.5901977 1.7786835 
t14        1.2588231 2.4141569 1.3144041 1.6785349 1.4396946 1.7786835 0.4714565 1.3144041 1.2588231 0.3505054 0.4714565 1.0297869 1.0297869 1.5111773 1.7786835 0.0000000 1.2070784 1.3744361 0.2326162 0.2191023 
t1         0.8864954 1.6785349 1.6785349 1.8942965 2.1983953 1.5901977 1.2070784 1.5111773 1.5111773 1.1586745 1.7786835 0.4348639 0.3999739 1.8942965 1.6785349 1.2070784 0.0000000 0.2892469 1.3744361 1.3744361 
t7         1.0297869 1.4396946 1.8942965 1.4396946 1.6785349 1.2070784 1.2588231 1.7786835 1.5111773 1.2070784 1.6785349 0.4904449 0.3999739 1.7786835 1.5111773 1.3744361 0.2892469 0.0000000 1.5901977 1.5901977 
t9         1.1586745 2.0310377 1.2588231 1.8942965 1.5901977 2.1983953 0.3831192 2.0310377 1.8942965 0.3831192 0.4714565 1.2588231 1.1586745 1.3744361 1.5901977 0.2326162 1.3744361 1.5901977 0.0000000 0.0958750 
t17        1.2070784 2.1983953 1.2588231 1.6785349 1.5901977 1.7786835 0.3347153 2.1983953 2.0310377 0.3192509 0.3999739 1.2070784 1.2070784 1.5901977 1.7786835 0.2191023 1.3744361 1.5901977 0.0958750 0.0000000 
