20
t18        0.0000000 0.2463781 0.6872180 0.4714565 1.1586745 0.5716050 0.1927838 0.2463781 0.3999739 0.4348639 0.5716050 0.1927838 0.2058276 0.3999739 0.3999739 0.3831192 0.1427653 0.1427653 0.4529370 0.4529370 
t11        0.2463781 0.0000000 0.4172160 0.1799630 0.8864954 0.6388142 0.2058276 0.2326162 0.1673577 0.1799630 0.3347153 0.1927838 0.2058276 0.1427653 0.1427653 0.1549607 0.1799630 0.1799630 0.2892469 0.2892469 
t13        0.6872180 0.4172160 0.0000000 0.6388142 1.5901977 0.7662384 0.7389627 0.7389627 0.6157354 0.5504769 0.7126442 0.6388142 0.6157354 0.5299277 0.5933457 0.5504769 0.6388142 0.6388142 0.4714565 0.4714565 
t16        0.4714565 0.1799630 0.6388142 0.0000000 0.7662384 0.7389627 0.3347153 0.3831192 0.2603971 0.3666350 0.4904449 0.3666350 0.3831192 0.1549607 0.1549607 0.1673577 0.3666350 0.3666350 0.4714565 0.4714565 
t4         1.1586745 0.8864954 1.5901977 0.7662384 0.0000000 2.1983953 1.2070784 1.0297869 0.9913169 1.0703373 1.0703373 1.0297869 1.0703373 0.8545757 0.7945437 0.7945437 1.2070784 1.2070784 1.2588231 1.2588231 
t20        0.5716050 0.6388142 0.7662384 0.7389627 2.1983953 0.0000000 0.4172160 0.5933457 0.7945437 0.7126442 0.8545757 0.5299277 0.5099265 0.7389627 0.7662384 0.7389627 0.4714565 0.4714565 0.6626257 0.6626257 
t1         0.1927838 0.2058276 0.7389627 0.3347153 1.2070784 0.4172160 0.0000000 0.2463781 0.3666350 0.3831192 0.5299277 0.2058276 0.2191023 0.3347153 0.3505054 0.3505054 0.0958750 0.0958750 0.4714565 0.4714565 
t12        0.2463781 0.2326162 0.7389627 0.3831192 1.0297869 0.5933457 0.2463781 0.0000000 0.3666350 0.3831192 0.5716050 0.0845966 0.0958750 0.3831192 0.3831192 0.3666350 0.2058276 0.2058276 0.4714565 0.4714565 
t15        0.3999739 0.1673577 0.6157354 0.2603971 0.9913169 0.7945437 0.3666350 0.3666350 0.0000000 0.3347153 0.5099265 0.3192509 0.3347153 0.1927838 0.1799630 0.2191023 0.3347153 0.3347153 0.4904449 0.4904449 
t2         0.4348639 0.1799630 0.5504769 0.3666350 1.0703373 0.7126442 0.3831192 0.3831192 0.3347153 0.0000000 0.3347153 0.3347153 0.3505054 0.3040988 0.3040988 0.3192509 0.3192509 0.3192509 0.4714565 0.4714565 
t5         0.5716050 0.3347153 0.7126442 0.4904449 1.0703373 0.8545757 0.5299277 0.5716050 0.5099265 0.3347153 0.0000000 0.5099265 0.5299277 0.4904449 0.4714565 0.5099265 0.4529370 0.4529370 0.5933457 0.5933457 
t10        0.1927838 0.1927838 0.6388142 0.3666350 1.0297869 0.5299277 0.2058276 0.0845966 0.3192509 0.3347153 0.5099265 0.0000000 0.0100673 0.3192509 0.3192509 0.3192509 0.1189538 0.1189538 0.4172160 0.4172160 
t19        0.2058276 0.2058276 0.6157354 0.3831192 1.0703373 0.5099265 0.2191023 0.0958750 0.3347153 0.3505054 0.5299277 0.0100673 0.0000000 0.3040988 0.3347153 0.3040988 0.1307650 0.1307650 0.4172160 0.4172160 
t17        0.3999739 0.1427653 0.5299277 0.1549607 0.8545757 0.7389627 0.3347153 0.3831192 0.1927838 0.3040988 0.4904449 0.3192509 0.3040988 0.0000000 0.0625362 0.0625362 0.3192509 0.3192509 0.4172160 0.4172160 
t14        0.3999739 0.1427653 0.5933457 0.1549607 0.7945437 0.7662384 0.3505054 0.3831192 0.1799630 0.3040988 0.4714565 0.3192509 0.3347153 0.0625362 0.0000000 0.0845966 0.3192509 0.3192509 0.3999739 0.3999739 
t6         0.3831192 0.1549607 0.5504769 0.1673577 0.7945437 0.7389627 0.3505054 0.3666350 0.2191023 0.3192509 0.5099265 0.3192509 0.3040988 0.0625362 0.0845966 0.0000000 0.3040988 0.3040988 0.3999739 0.3999739 
t7         0.1427653 0.1799630 0.6388142 0.3666350 1.2070784 0.4714565 0.0958750 0.2058276 0.3347153 0.3192509 0.4529370 0.1189538 0.1307650 0.3192509 0.3192509 0.3040988 0.0000000 0.0000010 0.3999739 0.3999739 
t8         0.1427653 0.1799630 0.6388142 0.3666350 1.2070784 0.4714565 0.0958750 0.2058276 0.3347153 0.3192509 0.4529370 0.1189538 0.1307650 0.3192509 0.3192509 0.3040988 0.0000010 0.0000000 0.3999739 0.3999739 
t3         0.4529370 0.2892469 0.4714565 0.4714565 1.2588231 0.6626257 0.4714565 0.4714565 0.4904449 0.4714565 0.5933457 0.4172160 0.4172160 0.4172160 0.3999739 0.3999739 0.3999739 0.3999739 0.0000000 0.0000010 
t9         0.4529370 0.2892469 0.4714565 0.4714565 1.2588231 0.6626257 0.4714565 0.4714565 0.4904449 0.4714565 0.5933457 0.4172160 0.4172160 0.4172160 0.3999739 0.3999739 0.3999739 0.3999739 0.0000010 0.0000000 
