20
t13        0.0000000 2.1983953 1.5901977 1.3744361 0.9913169 0.8864954 1.5901977 0.8864954 1.1586745 2.1983953 3.2381161 9.0000000 0.7126442 0.8545757 1.0297869 9.0000000 2.4141569 1.4396946 1.5111773 1.7786835 
t5         2.1983953 0.0000000 9.0000000 9.0000000 9.0000000 2.7182557 1.1132061 2.4141569 9.0000000 9.0000000 3.2381161 9.0000000 9.0000000 9.0000000 9.0000000 1.7786835 1.6785349 2.1983953 9.0000000 9.0000000 
t14        1.5901977 9.0000000 0.0000000 9.0000000 1.7786835 1.8942965 1.4396946 1.0703373 1.3744361 9.0000000 2.1983953 1.6785349 1.1586745 1.7786835 1.3744361 1.1586745 1.5901977 1.0703373 1.4396946 1.1586745 
t17        1.3744361 9.0000000 9.0000000 0.0000000 1.3744361 1.3744361 2.1983953 1.4396946 1.8942965 1.6785349 9.0000000 9.0000000 1.0297869 1.4396946 1.5901977 2.0310377 1.8942965 1.8942965 2.7182557 2.1983953 
t18        0.9913169 9.0000000 1.7786835 1.3744361 0.0000000 0.3040988 1.7786835 0.7945437 0.9547243 1.8942965 9.0000000 1.8942965 0.6872180 1.2588231 1.2588231 1.8942965 1.5111773 2.1983953 1.8942965 2.0310377 
t16        0.8864954 2.7182557 1.8942965 1.3744361 0.3040988 0.0000000 1.8942965 0.7389627 0.8545757 3.2381161 9.0000000 1.5901977 0.6157354 0.9913169 1.1586745 1.5901977 1.4396946 1.6785349 1.7786835 1.7786835 
t15        1.5901977 1.1132061 1.4396946 2.1983953 1.7786835 1.8942965 0.0000000 1.2588231 1.4396946 3.2381161 9.0000000 9.0000000 1.5111773 1.8942965 2.1983953 0.9198342 1.0703373 1.6785349 1.7786835 2.1983953 
t3         0.8864954 2.4141569 1.0703373 1.4396946 0.7945437 0.7389627 1.2588231 0.0000000 0.6626257 2.1983953 2.0310377 1.6785349 0.2892469 0.5933457 0.5933457 1.0297869 0.9913169 0.8545757 1.0703373 1.0297869 
t12        1.1586745 9.0000000 1.3744361 1.8942965 0.9547243 0.8545757 1.4396946 0.6626257 0.0000000 1.7786835 9.0000000 1.2070784 0.5504769 0.8545757 0.9913169 1.5901977 1.3744361 1.2588231 1.2588231 1.1586745 
t11        2.1983953 9.0000000 9.0000000 1.6785349 1.8942965 3.2381161 3.2381161 2.1983953 1.7786835 0.0000000 9.0000000 9.0000000 2.1983953 2.0310377 1.8942965 9.0000000 2.7182557 9.0000000 2.4141569 3.2381161 
t6         3.2381161 3.2381161 2.1983953 9.0000000 9.0000000 9.0000000 9.0000000 2.0310377 9.0000000 9.0000000 0.0000000 0.8545757 9.0000000 2.4141569 2.1983953 2.1983953 1.7786835 3.2381161 9.0000000 9.0000000 
t2         9.0000000 9.0000000 1.6785349 9.0000000 1.8942965 1.5901977 9.0000000 1.6785349 1.2070784 9.0000000 0.8545757 0.0000000 2.0310377 1.5901977 1.6785349 1.2070784 1.2588231 9.0000000 9.0000000 9.0000000 
t19        0.7126442 9.0000000 1.1586745 1.0297869 0.6872180 0.6157354 1.5111773 0.2892469 0.5504769 2.1983953 9.0000000 2.0310377 0.0000000 0.5299277 0.5099265 0.9913169 0.7945437 0.6626257 0.8864954 0.7662384 
t1         0.8545757 9.0000000 1.7786835 1.4396946 1.2588231 0.9913169 1.8942965 0.5933457 0.8545757 2.0310377 2.4141569 1.5901977 0.5299277 0.0000000 0.1189538 1.8942965 1.7786835 1.2588231 1.2588231 1.2588231 
t10        1.0297869 9.0000000 1.3744361 1.5901977 1.2588231 1.1586745 2.1983953 0.5933457 0.9913169 1.8942965 2.1983953 1.6785349 0.5099265 0.1189538 0.0000000 1.5111773 1.4396946 1.2070784 1.3744361 1.3144041 
t4         9.0000000 1.7786835 1.1586745 2.0310377 1.8942965 1.5901977 0.9198342 1.0297869 1.5901977 9.0000000 2.1983953 1.2070784 0.9913169 1.8942965 1.5111773 0.0000000 0.1799630 1.4396946 1.8942965 1.8942965 
t8         2.4141569 1.6785349 1.5901977 1.8942965 1.5111773 1.4396946 1.0703373 0.9913169 1.3744361 2.7182557 1.7786835 1.2588231 0.7945437 1.7786835 1.4396946 0.1799630 0.0000000 1.5111773 1.8942965 1.7786835 
t20        1.4396946 2.1983953 1.0703373 1.8942965 2.1983953 1.6785349 1.6785349 0.8545757 1.2588231 9.0000000 3.2381161 9.0000000 0.6626257 1.2588231 1.2070784 1.4396946 1.5111773 0.0000000 0.1673577 0.0958750 
t9         1.5111773 9.0000000 1.4396946 2.7182557 1.8942965 1.7786835 1.7786835 1.0703373 1.2588231 2.4141569 9.0000000 9.0000000 0.8864954 1.2588231 1.3744361 1.8942965 1.8942965 0.1673577 0.0000000 0.1073256 
t7         1.7786835 9.0000000 1.1586745 2.1983953 2.0310377 1.7786835 2.1983953 1.0297869 1.1586745 3.2381161 9.0000000 9.0000000 0.7662384 1.2588231 1.3144041 1.8942965 1.7786835 0.0958750 0.1073256 0.0000000 
