20
t15        0.0000000 1.6785349 1.0703373 1.1586745 1.4396946 1.3744361 2.0310377 1.8942965 1.8942965 1.6785349 1.3144041 1.4396946 1.8942965 1.5901977 2.0310377 1.7786835 1.5901977 1.6785349 0.9913169 0.9913169 
t7         1.6785349 0.0000000 1.3744361 0.9913169 1.2588231 1.3744361 3.2381161 2.7182557 1.2588231 1.7786835 1.3144041 1.1586745 1.0703373 1.5111773 9.0000000 2.0310377 1.4396946 1.8942965 1.0297869 1.0703373 
t11        1.0703373 1.3744361 0.0000000 0.8864954 0.8239592 1.3144041 1.3744361 2.0310377 1.6785349 0.9198342 1.1586745 1.5111773 1.1132061 0.8864954 9.0000000 9.0000000 0.8239592 1.1132061 0.5933457 0.6157354 
t18        1.1586745 0.9913169 0.8864954 0.0000000 0.4348639 1.0297869 2.1983953 2.0310377 1.4396946 0.4714565 0.7945437 0.7389627 0.5504769 0.4529370 9.0000000 9.0000000 1.0297869 1.4396946 0.6872180 0.7126442 
t6         1.4396946 1.2588231 0.8239592 0.4348639 0.0000000 1.4396946 2.0310377 9.0000000 2.1983953 0.5299277 0.9913169 0.9198342 0.6388142 0.6872180 9.0000000 2.0310377 0.8864954 1.0703373 0.8239592 0.8864954 
t10        1.3744361 1.3744361 1.3144041 1.0297869 1.4396946 0.0000000 1.0703373 1.5901977 1.5111773 1.5111773 1.1586745 1.2588231 1.6785349 1.3144041 9.0000000 9.0000000 1.3744361 1.2588231 1.0703373 1.1586745 
t14        2.0310377 3.2381161 1.3744361 2.1983953 2.0310377 1.0703373 0.0000000 9.0000000 1.5901977 9.0000000 2.0310377 2.1983953 2.1983953 3.2381161 2.4141569 9.0000000 1.8942965 2.1983953 1.0703373 1.0703373 
t3         1.8942965 2.7182557 2.0310377 2.0310377 9.0000000 1.5901977 9.0000000 0.0000000 0.5299277 2.1983953 9.0000000 3.2381161 9.0000000 2.1983953 9.0000000 2.7182557 1.6785349 1.8942965 1.3744361 1.3744361 
t5         1.8942965 1.2588231 1.6785349 1.4396946 2.1983953 1.5111773 1.5901977 0.5299277 0.0000000 1.5901977 1.5111773 1.4396946 1.7786835 1.6785349 9.0000000 9.0000000 1.5111773 1.5111773 1.0297869 1.1132061 
t9         1.6785349 1.7786835 0.9198342 0.4714565 0.5299277 1.5111773 9.0000000 2.1983953 1.5901977 0.0000000 1.1586745 1.0703373 0.3999739 0.2603971 9.0000000 9.0000000 1.2588231 1.5111773 0.8864954 0.8545757 
t1         1.3144041 1.3144041 1.1586745 0.7945437 0.9913169 1.1586745 2.0310377 9.0000000 1.5111773 1.1586745 0.0000000 0.1799630 1.2588231 1.2070784 9.0000000 9.0000000 1.2070784 1.3744361 1.0703373 1.1132061 
t12        1.4396946 1.1586745 1.5111773 0.7389627 0.9198342 1.2588231 2.1983953 3.2381161 1.4396946 1.0703373 0.1799630 0.0000000 1.1586745 1.2070784 9.0000000 9.0000000 1.2588231 1.4396946 1.0703373 1.1586745 
t20        1.8942965 1.0703373 1.1132061 0.5504769 0.6388142 1.6785349 2.1983953 9.0000000 1.7786835 0.3999739 1.2588231 1.1586745 0.0000000 0.3999739 1.6785349 2.0310377 1.5111773 1.6785349 0.9913169 1.0703373 
t19        1.5901977 1.5111773 0.8864954 0.4529370 0.6872180 1.3144041 3.2381161 2.1983953 1.6785349 0.2603971 1.2070784 1.2070784 0.3999739 0.0000000 9.0000000 9.0000000 0.9547243 1.2070784 0.8545757 0.8545757 
t4         2.0310377 9.0000000 9.0000000 9.0000000 9.0000000 9.0000000 2.4141569 9.0000000 9.0000000 9.0000000 9.0000000 9.0000000 1.6785349 9.0000000 0.0000000 0.2746833 9.0000000 9.0000000 9.0000000 9.0000000 
t16        1.7786835 2.0310377 9.0000000 9.0000000 2.0310377 9.0000000 9.0000000 2.7182557 9.0000000 9.0000000 9.0000000 9.0000000 2.0310377 9.0000000 0.2746833 0.0000000 9.0000000 9.0000000 9.0000000 9.0000000 
t17        1.5901977 1.4396946 0.8239592 1.0297869 0.8864954 1.3744361 1.8942965 1.6785349 1.5111773 1.2588231 1.2070784 1.2588231 1.5111773 0.9547243 9.0000000 9.0000000 0.0000000 0.2326162 0.9913169 1.0297869 
t8         1.6785349 1.8942965 1.1132061 1.4396946 1.0703373 1.2588231 2.1983953 1.8942965 1.5111773 1.5111773 1.3744361 1.4396946 1.6785349 1.2070784 9.0000000 9.0000000 0.2326162 0.0000000 1.2070784 1.2070784 
t13        0.9913169 1.0297869 0.5933457 0.6872180 0.8239592 1.0703373 1.0703373 1.3744361 1.0297869 0.8864954 1.0703373 1.0703373 0.9913169 0.8545757 9.0000000 9.0000000 0.9913169 1.2070784 0.0000000 0.0306165 
t2         0.9913169 1.0703373 0.6157354 0.7126442 0.8864954 1.1586745 1.0703373 1.3744361 1.1132061 0.8545757 1.1132061 1.1586745 1.0703373 0.8545757 9.0000000 9.0000000 1.0297869 1.2070784 0.0306165 0.0000000 
