20
t12        0.0000000 1.3144041 1.3144041 1.5901977 0.7389627 0.8545757 1.1586745 0.9198342 1.5901977 1.3144041 0.8864954 0.9198342 0.8545757 0.7945437 1.1132061 0.9913169 1.2070784 1.1132061 1.2070784 1.2588231 
t19        1.3144041 0.0000000 0.5504769 0.6157354 1.0297869 1.2588231 1.6785349 1.0297869 0.6872180 0.6872180 1.1132061 1.2070784 1.3744361 1.7786835 0.5933457 0.5504769 1.3144041 1.1586745 0.6872180 0.6626257 
t5         1.3144041 0.5504769 0.0000000 0.3505054 0.6872180 0.7389627 1.2588231 0.7389627 0.4348639 0.4172160 0.7945437 0.7389627 0.8545757 0.9913169 0.4529370 0.4348639 0.7389627 0.7389627 0.3040988 0.3347153 
t18        1.5901977 0.6157354 0.3505054 0.0000000 0.8864954 0.8545757 1.3144041 0.8545757 0.7126442 0.7126442 1.0703373 0.8545757 0.9913169 0.9913169 0.6626257 0.6157354 0.9913169 0.8864954 0.5933457 0.6157354 
t14        0.7389627 1.0297869 0.6872180 0.8864954 0.0000000 0.4348639 0.8239592 0.4348639 1.1586745 0.8864954 0.4714565 0.4172160 0.3040988 0.3666350 0.9547243 0.9913169 0.5504769 0.5716050 0.8545757 0.8545757 
t15        0.8545757 1.2588231 0.7389627 0.8545757 0.4348639 0.0000000 0.5299277 0.3831192 0.8545757 0.7126442 0.2058276 0.1549607 0.5099265 0.4714565 0.8239592 0.8239592 0.4904449 0.4904449 0.8239592 0.8864954 
t4         1.1586745 1.6785349 1.2588231 1.3144041 0.8239592 0.5299277 0.0000000 0.8239592 1.5901977 1.3144041 0.5504769 0.4714565 1.0297869 1.0703373 1.2588231 1.2588231 0.8239592 0.7945437 1.2588231 1.3744361 
t2         0.9198342 1.0297869 0.7389627 0.8545757 0.4348639 0.3831192 0.8239592 0.0000000 1.0703373 0.9547243 0.4348639 0.3831192 0.7389627 0.6388142 0.8545757 0.9198342 0.4172160 0.3192509 0.9198342 0.8864954 
t13        1.5901977 0.6872180 0.4348639 0.7126442 1.1586745 0.8545757 1.5901977 1.0703373 0.0000000 0.1673577 0.9547243 0.8239592 1.2070784 1.0703373 0.3347153 0.3192509 1.0297869 1.0297869 0.2892469 0.3192509 
t16        1.3144041 0.6872180 0.4172160 0.7126442 0.8864954 0.7126442 1.3144041 0.9547243 0.1673577 0.0000000 0.8864954 0.7662384 0.9198342 0.9198342 0.3505054 0.3192509 0.9547243 0.9913169 0.3347153 0.3666350 
t17        0.8864954 1.1132061 0.7945437 1.0703373 0.4714565 0.2058276 0.5504769 0.4348639 0.9547243 0.8864954 0.0000000 0.1189538 0.6872180 0.5716050 0.7945437 0.8239592 0.5504769 0.5716050 0.8545757 0.8864954 
t20        0.9198342 1.2070784 0.7389627 0.8545757 0.4172160 0.1549607 0.4714565 0.3831192 0.8239592 0.7662384 0.1189538 0.0000000 0.5716050 0.5299277 0.8239592 0.8545757 0.5099265 0.5099265 0.7945437 0.8545757 
t10        0.8545757 1.3744361 0.8545757 0.9913169 0.3040988 0.5099265 1.0297869 0.7389627 1.2070784 0.9198342 0.6872180 0.5716050 0.0000000 0.2058276 1.1132061 1.1132061 0.7662384 0.7945437 0.9913169 1.0297869 
t9         0.7945437 1.7786835 0.9913169 0.9913169 0.3666350 0.4714565 1.0703373 0.6388142 1.0703373 0.9198342 0.5716050 0.5299277 0.2058276 0.0000000 1.0297869 1.0297869 0.8239592 0.8545757 0.9913169 0.9913169 
t8         1.1132061 0.5933457 0.4529370 0.6626257 0.9547243 0.8239592 1.2588231 0.8545757 0.3347153 0.3505054 0.7945437 0.8239592 1.1132061 1.0297869 0.0000000 0.0734853 0.9913169 0.9198342 0.3040988 0.3040988 
t3         0.9913169 0.5504769 0.4348639 0.6157354 0.9913169 0.8239592 1.2588231 0.9198342 0.3192509 0.3192509 0.8239592 0.8545757 1.1132061 1.0297869 0.0734853 0.0000000 0.9913169 0.9198342 0.2603971 0.2603971 
t1         1.2070784 1.3144041 0.7389627 0.9913169 0.5504769 0.4904449 0.8239592 0.4172160 1.0297869 0.9547243 0.5504769 0.5099265 0.7662384 0.8239592 0.9913169 0.9913169 0.0000000 0.1673577 0.9198342 0.9547243 
t6         1.1132061 1.1586745 0.7389627 0.8864954 0.5716050 0.4904449 0.7945437 0.3192509 1.0297869 0.9913169 0.5716050 0.5099265 0.7945437 0.8545757 0.9198342 0.9198342 0.1673577 0.0000000 0.9198342 0.8864954 
t11        1.2070784 0.6872180 0.3040988 0.5933457 0.8545757 0.8239592 1.2588231 0.9198342 0.2892469 0.3347153 0.8545757 0.7945437 0.9913169 0.9913169 0.3040988 0.2603971 0.9198342 0.9198342 0.0000000 0.0625362 
t7         1.2588231 0.6626257 0.3347153 0.6157354 0.8545757 0.8864954 1.3744361 0.8864954 0.3192509 0.3666350 0.8864954 0.8545757 1.0297869 0.9913169 0.3040988 0.2603971 0.9547243 0.8864954 0.0625362 0.0000000 
