20
t17        0.0000000 2.7182557 9.0000000 9.0000000 9.0000000 2.0310377 1.2070784 1.5901977 1.5901977 1.1132061 9.0000000 1.8942965 9.0000000 3.2381161 3.2381161 2.4141569 9.0000000 2.4141569 1.0703373 1.0703373 
t14        2.7182557 0.0000000 0.5716050 0.4904449 0.6157354 0.6157354 2.0310377 1.4396946 1.5111773 2.4141569 0.8545757 0.7389627 9.0000000 1.1132061 0.9198342 0.8864954 1.7786835 1.6785349 2.0310377 2.0310377 
t13        9.0000000 0.5716050 0.0000000 0.2058276 0.4904449 0.4714565 2.4141569 1.8942965 1.6785349 2.7182557 1.2070784 0.9198342 9.0000000 0.7389627 0.5933457 0.5504769 2.0310377 2.0310377 2.1983953 2.1983953 
t16        9.0000000 0.4904449 0.2058276 0.0000000 0.4172160 0.4348639 1.4396946 1.5111773 1.3144041 1.6785349 1.0703373 0.8545757 9.0000000 0.7126442 0.5933457 0.5716050 2.7182557 3.2381161 1.4396946 1.4396946 
t10        9.0000000 0.6157354 0.4904449 0.4172160 0.0000000 0.4348639 1.6785349 1.5111773 1.6785349 1.8942965 1.0297869 0.7945437 9.0000000 0.6157354 0.4714565 0.4529370 2.7182557 2.7182557 1.5901977 1.5901977 
t6         2.0310377 0.6157354 0.4714565 0.4348639 0.4348639 0.0000000 2.4141569 1.7786835 1.7786835 9.0000000 1.2070784 1.0297869 9.0000000 0.6388142 0.4714565 0.4904449 2.7182557 2.1983953 2.7182557 2.7182557 
t9         1.2070784 2.0310377 2.4141569 1.4396946 1.6785349 2.4141569 0.0000000 1.1586745 0.9547243 0.5504769 2.1983953 2.0310377 9.0000000 2.4141569 3.2381161 2.4141569 9.0000000 9.0000000 0.5099265 0.5099265 
t15        1.5901977 1.4396946 1.8942965 1.5111773 1.5111773 1.7786835 1.1586745 0.0000000 0.5299277 0.8239592 1.7786835 1.5111773 9.0000000 1.6785349 1.7786835 1.5111773 2.7182557 2.4141569 0.9198342 0.9198342 
t12        1.5901977 1.5111773 1.6785349 1.3144041 1.6785349 1.7786835 0.9547243 0.5299277 0.0000000 0.6872180 2.1983953 1.5111773 2.4141569 1.5901977 1.8942965 1.5901977 2.4141569 2.1983953 0.7126442 0.7126442 
t2         1.1132061 2.4141569 2.7182557 1.6785349 1.8942965 9.0000000 0.5504769 0.8239592 0.6872180 0.0000000 2.7182557 1.5901977 3.2381161 9.0000000 9.0000000 9.0000000 3.2381161 2.7182557 0.0958750 0.0958750 
t20        9.0000000 0.8545757 1.2070784 1.0703373 1.0297869 1.2070784 2.1983953 1.7786835 2.1983953 2.7182557 0.0000000 0.5099265 1.4396946 1.3144041 1.2070784 1.2070784 1.2070784 1.4396946 3.2381161 3.2381161 
t1         1.8942965 0.7389627 0.9198342 0.8545757 0.7945437 1.0297869 2.0310377 1.5111773 1.5111773 1.5901977 0.5099265 0.0000000 1.4396946 1.2070784 0.9547243 0.9547243 1.1586745 1.2070784 1.6785349 1.6785349 
t3         9.0000000 9.0000000 9.0000000 9.0000000 9.0000000 9.0000000 9.0000000 9.0000000 2.4141569 3.2381161 1.4396946 1.4396946 0.0000000 9.0000000 9.0000000 9.0000000 0.6388142 0.7389627 1.8942965 1.8942965 
t18        3.2381161 1.1132061 0.7389627 0.7126442 0.6157354 0.6388142 2.4141569 1.6785349 1.5901977 9.0000000 1.3144041 1.2070784 9.0000000 0.0000000 0.2326162 0.2603971 9.0000000 9.0000000 9.0000000 9.0000000 
t19        3.2381161 0.9198342 0.5933457 0.5933457 0.4714565 0.4714565 3.2381161 1.7786835 1.8942965 9.0000000 1.2070784 0.9547243 9.0000000 0.2326162 0.0000000 0.0734853 9.0000000 9.0000000 9.0000000 9.0000000 
t7         2.4141569 0.8864954 0.5504769 0.5716050 0.4529370 0.4904449 2.4141569 1.5111773 1.5901977 9.0000000 1.2070784 0.9547243 9.0000000 0.2603971 0.0734853 0.0000000 9.0000000 3.2381161 3.2381161 3.2381161 
t11        9.0000000 1.7786835 2.0310377 2.7182557 2.7182557 2.7182557 9.0000000 2.7182557 2.4141569 3.2381161 1.2070784 1.1586745 0.6388142 9.0000000 9.0000000 9.0000000 0.0000000 0.0625362 3.2381161 3.2381161 
t5         2.4141569 1.6785349 2.0310377 3.2381161 2.7182557 2.1983953 9.0000000 2.4141569 2.1983953 2.7182557 1.4396946 1.2070784 0.7389627 9.0000000 9.0000000 3.2381161 0.0625362 0.0000000 2.7182557 2.7182557 
t4         1.0703373 2.0310377 2.1983953 1.4396946 1.5901977 2.7182557 0.5099265 0.9198342 0.7126442 0.0958750 3.2381161 1.6785349 1.8942965 9.0000000 9.0000000 3.2381161 3.2381161 2.7182557 0.0000000 0.0000010 
t8         1.0703373 2.0310377 2.1983953 1.4396946 1.5901977 2.7182557 0.5099265 0.9198342 0.7126442 0.0958750 3.2381161 1.6785349 1.8942965 9.0000000 9.0000000 3.2381161 3.2381161 2.7182557 0.0000010 0.0000000 
