20
t2         0.0000000 0.7945437 1.7786835 0.6872180 0.8864954 0.8545757 1.5111773 1.3744361 0.4172160 0.8545757 1.2070784 0.6626257 2.1983953 3.2381161 0.5933457 0.5099265 1.3144041 1.2588231 1.3744361 1.5111773 
t3         0.7945437 0.0000000 9.0000000 1.1586745 1.3144041 1.3744361 1.7786835 2.0310377 1.0297869 1.0703373 2.0310377 1.2588231 1.8942965 2.4141569 1.2070784 1.1132061 1.6785349 1.5111773 1.6785349 1.8942965 
t14        1.7786835 9.0000000 0.0000000 9.0000000 3.2381161 2.0310377 9.0000000 2.7182557 2.7182557 9.0000000 9.0000000 9.0000000 2.4141569 1.8942965 9.0000000 9.0000000 9.0000000 9.0000000 9.0000000 9.0000000 
t1         0.6872180 1.1586745 9.0000000 0.0000000 1.2070784 1.1586745 1.5901977 1.2070784 0.9913169 1.8942965 1.8942965 1.2588231 9.0000000 9.0000000 0.9547243 0.8864954 2.4141569 1.8942965 1.7786835 2.0310377 
t6         0.8864954 1.3144041 3.2381161 1.2070784 0.0000000 0.7945437 2.7182557 2.0310377 0.9198342 1.1132061 1.2588231 0.9547243 2.0310377 1.6785349 0.7389627 0.7389627 1.8942965 1.6785349 2.7182557 2.7182557 
t16        0.8545757 1.3744361 2.0310377 1.1586745 0.7945437 0.0000000 9.0000000 2.4141569 0.8239592 1.0703373 2.0310377 1.1132061 1.8942965 1.8942965 0.7126442 0.6872180 1.8942965 1.6785349 1.6785349 1.8942965 
t15        1.5111773 1.7786835 9.0000000 1.5901977 2.7182557 9.0000000 0.0000000 1.4396946 1.6785349 1.7786835 2.4141569 1.6785349 3.2381161 2.7182557 1.8942965 2.0310377 2.7182557 2.4141569 9.0000000 9.0000000 
t4         1.3744361 2.0310377 2.7182557 1.2070784 2.0310377 2.4141569 1.4396946 0.0000000 1.5901977 2.1983953 1.5111773 1.3744361 1.7786835 2.1983953 1.4396946 1.2588231 9.0000000 2.4141569 9.0000000 9.0000000 
t18        0.4172160 1.0297869 2.7182557 0.9913169 0.9198342 0.8239592 1.6785349 1.5901977 0.0000000 0.5716050 0.9198342 0.6157354 1.6785349 1.8942965 0.5716050 0.5099265 2.1983953 1.7786835 2.0310377 2.4141569 
t9         0.8545757 1.0703373 9.0000000 1.8942965 1.1132061 1.0703373 1.7786835 2.1983953 0.5716050 0.0000000 1.0703373 0.9547243 2.7182557 2.1983953 1.0297869 1.0297869 1.8942965 1.8942965 1.5111773 1.6785349 
t8         1.2070784 2.0310377 9.0000000 1.8942965 1.2588231 2.0310377 2.4141569 1.5111773 0.9198342 1.0703373 0.0000000 0.6872180 1.6785349 2.4141569 0.9547243 1.0297869 2.0310377 2.4141569 2.4141569 2.4141569 
t20        0.6626257 1.2588231 9.0000000 1.2588231 0.9547243 1.1132061 1.6785349 1.3744361 0.6157354 0.9547243 0.6872180 0.0000000 1.3744361 1.7786835 0.7389627 0.6872180 1.7786835 1.8942965 1.3744361 1.3144041 
t13        2.1983953 1.8942965 2.4141569 9.0000000 2.0310377 1.8942965 3.2381161 1.7786835 1.6785349 2.7182557 1.6785349 1.3744361 0.0000000 0.3666350 1.6785349 1.5901977 2.7182557 3.2381161 2.0310377 2.4141569 
t19        3.2381161 2.4141569 1.8942965 9.0000000 1.6785349 1.8942965 2.7182557 2.1983953 1.8942965 2.1983953 2.4141569 1.7786835 0.3666350 0.0000000 3.2381161 3.2381161 9.0000000 9.0000000 2.4141569 2.7182557 
t5         0.5933457 1.2070784 9.0000000 0.9547243 0.7389627 0.7126442 1.8942965 1.4396946 0.5716050 1.0297869 0.9547243 0.7389627 1.6785349 3.2381161 0.0000000 0.0625362 1.3744361 1.3144041 1.0297869 1.1132061 
t7         0.5099265 1.1132061 9.0000000 0.8864954 0.7389627 0.6872180 2.0310377 1.2588231 0.5099265 1.0297869 1.0297869 0.6872180 1.5901977 3.2381161 0.0625362 0.0000000 1.4396946 1.3744361 1.1586745 1.2070784 
t10        1.3144041 1.6785349 9.0000000 2.4141569 1.8942965 1.8942965 2.7182557 9.0000000 2.1983953 1.8942965 2.0310377 1.7786835 2.7182557 9.0000000 1.3744361 1.4396946 0.0000000 0.0845966 0.7945437 0.7945437 
t17        1.2588231 1.5111773 9.0000000 1.8942965 1.6785349 1.6785349 2.4141569 2.4141569 1.7786835 1.8942965 2.4141569 1.8942965 3.2381161 9.0000000 1.3144041 1.3744361 0.0845966 0.0000000 0.8545757 0.8545757 
t12        1.3744361 1.6785349 9.0000000 1.7786835 2.7182557 1.6785349 9.0000000 9.0000000 2.0310377 1.5111773 2.4141569 1.3744361 2.0310377 2.4141569 1.0297869 1.1586745 0.7945437 0.8545757 0.0000000 0.0517447 
t11        1.5111773 1.8942965 9.0000000 2.0310377 2.7182557 1.8942965 9.0000000 9.0000000 2.4141569 1.6785349 2.4141569 1.3144041 2.4141569 2.7182557 1.1132061 1.2070784 0.7945437 0.8545757 0.0517447 0.0000000 
