20
t4         0.0000000 1.3144041 1.0297869 1.1586745 1.5111773 1.3744361 1.0703373 1.1586745 1.0297869 2.4141569 2.0310377 2.1983953 1.4396946 2.0310377 1.8942965 1.3744361 1.5901977 1.5111773 1.5111773 1.7786835 
t6         1.3144041 0.0000000 0.6626257 0.6388142 0.8864954 0.5933457 0.4529370 0.8864954 1.2588231 0.9198342 1.4396946 1.8942965 1.1586745 0.9547243 0.9913169 1.6785349 1.4396946 1.1132061 1.4396946 1.2070784 
t13        1.0297869 0.6626257 0.0000000 0.5299277 1.3144041 0.8239592 0.6872180 1.0703373 1.2070784 1.1586745 1.3744361 1.3144041 0.9913169 1.1132061 1.2070784 1.2070784 1.2588231 1.0297869 1.3744361 1.2070784 
t7         1.1586745 0.6388142 0.5299277 0.0000000 1.2070784 0.7389627 0.6157354 0.9547243 1.3144041 1.0703373 2.0310377 1.5901977 1.0297869 1.2070784 1.2070784 1.5111773 1.5111773 1.0703373 1.2588231 1.1586745 
t1         1.5111773 0.8864954 1.3144041 1.2070784 0.0000000 1.0703373 0.8864954 0.6157354 0.5504769 1.3744361 0.3505054 0.7126442 0.8239592 1.4396946 1.4396946 0.5299277 0.6157354 0.8545757 0.9198342 0.7945437 
t5         1.3744361 0.5933457 0.8239592 0.7389627 1.0703373 0.0000000 0.2058276 1.0703373 1.4396946 0.8864954 1.4396946 1.3744361 1.1132061 0.9913169 1.1132061 1.4396946 1.6785349 1.0297869 1.1132061 1.1586745 
t19        1.0703373 0.4529370 0.6872180 0.6157354 0.8864954 0.2058276 0.0000000 0.7945437 1.1132061 0.7945437 1.3144041 1.2070784 0.7945437 0.8239592 0.9198342 1.1586745 1.2588231 0.8239592 0.9547243 0.8864954 
t17        1.1586745 0.8864954 1.0703373 0.9547243 0.6157354 1.0703373 0.7945437 0.0000000 0.4529370 2.0310377 0.7662384 0.9913169 0.8239592 1.6785349 1.6785349 0.7945437 0.8545757 0.7662384 0.9198342 0.8545757 
t11        1.0297869 1.2588231 1.2070784 1.3144041 0.5504769 1.4396946 1.1132061 0.4529370 0.0000000 9.0000000 0.5933457 1.0703373 0.8239592 9.0000000 9.0000000 0.7662384 0.9913169 0.8239592 0.9547243 0.8545757 
t8         2.4141569 0.9198342 1.1586745 1.0703373 1.3744361 0.8864954 0.7945437 2.0310377 9.0000000 0.0000000 2.4141569 2.0310377 1.1586745 0.3831192 0.3999739 1.8942965 1.8942965 1.4396946 1.3744361 1.5111773 
t10        2.0310377 1.4396946 1.3744361 2.0310377 0.3505054 1.4396946 1.3144041 0.7662384 0.5933457 2.4141569 0.0000000 0.8239592 0.9913169 1.6785349 1.6785349 0.5099265 0.6872180 1.0297869 1.1132061 0.9547243 
t9         2.1983953 1.8942965 1.3144041 1.5901977 0.7126442 1.3744361 1.2070784 0.9913169 1.0703373 2.0310377 0.8239592 0.0000000 1.0297869 1.3744361 1.4396946 0.5099265 0.6388142 1.0297869 1.3144041 1.1586745 
t14        1.4396946 1.1586745 0.9913169 1.0297869 0.8239592 1.1132061 0.7945437 0.8239592 0.8239592 1.1586745 0.9913169 1.0297869 0.0000000 1.5111773 1.5111773 0.8545757 1.1586745 0.1549607 0.2463781 0.1799630 
t16        2.0310377 0.9547243 1.1132061 1.2070784 1.4396946 0.9913169 0.8239592 1.6785349 9.0000000 0.3831192 1.6785349 1.3744361 1.5111773 0.0000000 0.0734853 1.6785349 1.3744361 1.6785349 1.7786835 2.0310377 
t12        1.8942965 0.9913169 1.2070784 1.2070784 1.4396946 1.1132061 0.9198342 1.6785349 9.0000000 0.3999739 1.6785349 1.4396946 1.5111773 0.0734853 0.0000000 1.3744361 1.2588231 1.5901977 1.5901977 1.8942965 
t20        1.3744361 1.6785349 1.2070784 1.5111773 0.5299277 1.4396946 1.1586745 0.7945437 0.7662384 1.8942965 0.5099265 0.5099265 0.8545757 1.6785349 1.3744361 0.0000000 0.2463781 0.9198342 1.1586745 0.9547243 
t3         1.5901977 1.4396946 1.2588231 1.5111773 0.6157354 1.6785349 1.2588231 0.8545757 0.9913169 1.8942965 0.6872180 0.6388142 1.1586745 1.3744361 1.2588231 0.2463781 0.0000000 1.2070784 1.4396946 1.2588231 
t15        1.5111773 1.1132061 1.0297869 1.0703373 0.8545757 1.0297869 0.8239592 0.7662384 0.8239592 1.4396946 1.0297869 1.0297869 0.1549607 1.6785349 1.5901977 0.9198342 1.2070784 0.0000000 0.2191023 0.1189538 
t18        1.5111773 1.4396946 1.3744361 1.2588231 0.9198342 1.1132061 0.9547243 0.9198342 0.9547243 1.3744361 1.1132061 1.3144041 0.2463781 1.7786835 1.5901977 1.1586745 1.4396946 0.2191023 0.0000000 0.0845966 
t2         1.7786835 1.2070784 1.2070784 1.1586745 0.7945437 1.1586745 0.8864954 0.8545757 0.8545757 1.5111773 0.9547243 1.1586745 0.1799630 2.0310377 1.8942965 0.9547243 1.2588231 0.1189538 0.0845966 0.0000000 
