20
t10        0.0000000 2.7182557 1.7786835 1.3144041 1.5111773 9.0000000 2.7182557 1.5901977 2.0310377 1.7786835 1.5901977 1.5111773 2.4141569 3.2381161 1.1586745 1.1132061 1.5111773 1.5901977 1.8942965 2.7182557 
t11        2.7182557 0.0000000 2.0310377 1.1132061 0.9913169 2.1983953 1.0703373 1.2070784 1.3144041 1.1132061 1.2588231 1.2070784 0.9547243 1.1132061 1.6785349 2.1983953 1.8942965 2.1983953 1.3144041 1.3144041 
t7         1.7786835 2.0310377 0.0000000 1.1586745 1.5111773 2.4141569 1.8942965 2.0310377 1.4396946 1.4396946 1.4396946 1.1132061 1.1586745 1.3144041 1.3744361 1.5901977 1.6785349 2.0310377 1.3744361 1.3744361 
t19        1.3144041 1.1132061 1.1586745 0.0000000 0.4714565 1.3744361 1.0703373 0.8239592 0.4904449 0.4529370 0.4172160 0.4172160 0.4348639 0.5299277 0.8545757 0.7389627 1.2588231 1.3144041 0.5716050 0.5099265 
t15        1.5111773 0.9913169 1.5111773 0.4714565 0.0000000 1.5111773 0.9198342 0.5099265 0.5504769 0.4714565 0.5504769 0.6157354 0.6157354 0.5299277 0.8239592 0.7389627 1.1586745 1.2070784 0.7389627 0.7126442 
t3         9.0000000 2.1983953 2.4141569 1.3744361 1.5111773 0.0000000 1.6785349 1.3144041 1.4396946 1.5111773 1.3144041 1.4396946 1.2070784 0.9913169 2.7182557 2.1983953 1.5901977 1.5111773 1.1132061 1.1132061 
t14        2.7182557 1.0703373 1.8942965 1.0703373 0.9198342 1.6785349 0.0000000 0.8545757 0.9547243 0.8239592 1.3144041 1.1132061 1.1132061 1.1132061 1.2588231 1.1586745 1.3144041 1.3744361 1.2588231 1.1132061 
t4         1.5901977 1.2070784 2.0310377 0.8239592 0.5099265 1.3144041 0.8545757 0.0000000 0.8545757 0.7662384 0.8239592 0.7945437 0.7945437 0.8239592 1.2070784 1.1586745 1.4396946 1.5111773 0.8864954 0.8864954 
t12        2.0310377 1.3144041 1.4396946 0.4904449 0.5504769 1.4396946 0.9547243 0.8545757 0.0000000 0.1927838 0.5099265 0.5716050 0.5504769 0.6388142 0.8239592 0.7662384 1.1132061 1.1132061 0.7389627 0.6626257 
t20        1.7786835 1.1132061 1.4396946 0.4529370 0.4714565 1.5111773 0.8239592 0.7662384 0.1927838 0.0000000 0.4714565 0.4904449 0.4529370 0.5933457 0.7945437 0.7389627 1.0703373 1.1132061 0.7126442 0.6388142 
t9         1.5901977 1.2588231 1.4396946 0.4172160 0.5504769 1.3144041 1.3144041 0.8239592 0.5099265 0.4714565 0.0000000 0.2058276 0.3040988 0.3999739 0.9198342 0.8864954 1.1132061 1.2070784 0.6388142 0.5933457 
t2         1.5111773 1.2070784 1.1132061 0.4172160 0.6157354 1.4396946 1.1132061 0.7945437 0.5716050 0.4904449 0.2058276 0.0000000 0.2746833 0.3831192 0.7662384 0.7389627 1.0297869 1.1132061 0.6157354 0.5504769 
t8         2.4141569 0.9547243 1.1586745 0.4348639 0.6157354 1.2070784 1.1132061 0.7945437 0.5504769 0.4529370 0.3040988 0.2746833 0.0000000 0.2058276 0.8545757 0.8545757 1.1132061 1.2588231 0.4714565 0.4714565 
t6         3.2381161 1.1132061 1.3144041 0.5299277 0.5299277 0.9913169 1.1132061 0.8239592 0.6388142 0.5933457 0.3999739 0.3831192 0.2058276 0.0000000 0.9547243 0.9547243 1.0297869 1.1586745 0.5716050 0.5716050 
t1         1.1586745 1.6785349 1.3744361 0.8545757 0.8239592 2.7182557 1.2588231 1.2070784 0.8239592 0.7945437 0.9198342 0.7662384 0.8545757 0.9547243 0.0000000 0.0734853 1.0703373 1.1132061 1.2070784 1.0703373 
t13        1.1132061 2.1983953 1.5901977 0.7389627 0.7389627 2.1983953 1.1586745 1.1586745 0.7662384 0.7389627 0.8864954 0.7389627 0.8545757 0.9547243 0.0734853 0.0000000 1.0297869 1.0703373 1.2070784 1.0703373 
t17        1.5111773 1.8942965 1.6785349 1.2588231 1.1586745 1.5901977 1.3144041 1.4396946 1.1132061 1.0703373 1.1132061 1.0297869 1.1132061 1.0297869 1.0703373 1.0297869 0.0000000 0.0306165 1.5901977 1.5901977 
t18        1.5901977 2.1983953 2.0310377 1.3144041 1.2070784 1.5111773 1.3744361 1.5111773 1.1132061 1.1132061 1.2070784 1.1132061 1.2588231 1.1586745 1.1132061 1.0703373 0.0306165 0.0000000 1.6785349 1.6785349 
t5         1.8942965 1.3144041 1.3744361 0.5716050 0.7389627 1.1132061 1.2588231 0.8864954 0.7389627 0.7126442 0.6388142 0.6157354 0.4714565 0.5716050 1.2070784 1.2070784 1.5901977 1.6785349 0.0000000 0.0411062 
t16        2.7182557 1.3144041 1.3744361 0.5099265 0.7126442 1.1132061 1.1132061 0.8864954 0.6626257 0.6388142 0.5933457 0.5504769 0.4714565 0.5716050 1.0703373 1.0703373 1.5901977 1.6785349 0.0411062 0.0000000 
