20
t7         0.0000000 1.3744361 1.1586745 1.8942965 0.5716050 1.2588231 1.4396946 1.1586745 1.4396946 1.1586745 1.3744361 1.4396946 2.1983953 2.7182557 1.4396946 1.5111773 1.0703373 1.1132061 1.5901977 1.5901977 
t12        1.3744361 0.0000000 9.0000000 3.2381161 2.0310377 2.0310377 9.0000000 1.8942965 1.7786835 1.7786835 2.7182557 2.1983953 2.1983953 2.7182557 1.8942965 2.1983953 1.6785349 1.7786835 1.8942965 1.7786835 
t20        1.1586745 9.0000000 0.0000000 1.0703373 0.9913169 2.1983953 2.0310377 2.7182557 1.8942965 2.1983953 2.7182557 2.4141569 9.0000000 9.0000000 1.3744361 1.5111773 2.1983953 2.1983953 2.1983953 2.1983953 
t6         1.8942965 3.2381161 1.0703373 0.0000000 2.1983953 2.4141569 9.0000000 1.8942965 2.1983953 1.5901977 2.7182557 9.0000000 3.2381161 3.2381161 2.4141569 2.7182557 1.7786835 2.0310377 9.0000000 9.0000000 
t19        0.5716050 2.0310377 0.9913169 2.1983953 0.0000000 1.4396946 2.7182557 1.6785349 1.8942965 1.5111773 1.6785349 1.6785349 2.7182557 2.7182557 1.7786835 1.7786835 1.5111773 1.4396946 1.2070784 1.2070784 
t5         1.2588231 2.0310377 2.1983953 2.4141569 1.4396946 0.0000000 9.0000000 1.0703373 1.8942965 0.9913169 1.1586745 1.1132061 1.7786835 2.1983953 1.8942965 2.1983953 1.0297869 1.1586745 2.0310377 1.8942965 
t11        1.4396946 9.0000000 2.0310377 9.0000000 2.7182557 9.0000000 0.0000000 2.7182557 1.4396946 3.2381161 1.6785349 1.6785349 9.0000000 9.0000000 2.4141569 9.0000000 9.0000000 3.2381161 2.0310377 2.0310377 
t17        1.1586745 1.8942965 2.7182557 1.8942965 1.6785349 1.0703373 2.7182557 0.0000000 2.4141569 0.1549607 0.4714565 0.4904449 1.8942965 2.1983953 2.7182557 3.2381161 0.2191023 0.2603971 9.0000000 9.0000000 
t13        1.4396946 1.7786835 1.8942965 2.1983953 1.8942965 1.8942965 1.4396946 2.4141569 0.0000000 2.4141569 3.2381161 9.0000000 9.0000000 9.0000000 0.3192509 0.3347153 1.8942965 2.4141569 2.0310377 1.8942965 
t16        1.1586745 1.7786835 2.1983953 1.5901977 1.5111773 0.9913169 3.2381161 0.1549607 2.4141569 0.0000000 0.4904449 0.5299277 2.0310377 2.7182557 1.8942965 2.0310377 0.2191023 0.2603971 2.0310377 2.0310377 
t15        1.3744361 2.7182557 2.7182557 2.7182557 1.6785349 1.1586745 1.6785349 0.4714565 3.2381161 0.4904449 0.0000000 0.1189538 2.0310377 2.1983953 9.0000000 9.0000000 0.5504769 0.5933457 3.2381161 3.2381161 
t4         1.4396946 2.1983953 2.4141569 9.0000000 1.6785349 1.1132061 1.6785349 0.4904449 9.0000000 0.5299277 0.1189538 0.0000000 1.8942965 2.0310377 9.0000000 9.0000000 0.5933457 0.6388142 9.0000000 9.0000000 
t9         2.1983953 2.1983953 9.0000000 3.2381161 2.7182557 1.7786835 9.0000000 1.8942965 9.0000000 2.0310377 2.0310377 1.8942965 0.0000000 0.0411062 9.0000000 9.0000000 1.7786835 2.0310377 2.4141569 2.4141569 
t2         2.7182557 2.7182557 9.0000000 3.2381161 2.7182557 2.1983953 9.0000000 2.1983953 9.0000000 2.7182557 2.1983953 2.0310377 0.0411062 0.0000000 9.0000000 9.0000000 2.0310377 2.4141569 3.2381161 3.2381161 
t10        1.4396946 1.8942965 1.3744361 2.4141569 1.7786835 1.8942965 2.4141569 2.7182557 0.3192509 1.8942965 9.0000000 9.0000000 9.0000000 9.0000000 0.0000000 0.0517447 1.8942965 3.2381161 2.7182557 2.4141569 
t18        1.5111773 2.1983953 1.5111773 2.7182557 1.7786835 2.1983953 9.0000000 3.2381161 0.3347153 2.0310377 9.0000000 9.0000000 9.0000000 9.0000000 0.0517447 0.0000000 2.0310377 2.7182557 3.2381161 2.7182557 
t1         1.0703373 1.6785349 2.1983953 1.7786835 1.5111773 1.0297869 9.0000000 0.2191023 1.8942965 0.2191023 0.5504769 0.5933457 1.7786835 2.0310377 1.8942965 2.0310377 0.0000000 0.0625362 2.7182557 3.2381161 
t8         1.1132061 1.7786835 2.1983953 2.0310377 1.4396946 1.1586745 3.2381161 0.2603971 2.4141569 0.2603971 0.5933457 0.6388142 2.0310377 2.4141569 3.2381161 2.7182557 0.0625362 0.0000000 2.0310377 2.1983953 
t14        1.5901977 1.8942965 2.1983953 9.0000000 1.2070784 2.0310377 2.0310377 9.0000000 2.0310377 2.0310377 3.2381161 9.0000000 2.4141569 3.2381161 2.7182557 3.2381161 2.7182557 2.0310377 0.0000000 0.0100673 
t3         1.5901977 1.7786835 2.1983953 9.0000000 1.2070784 1.8942965 2.0310377 9.0000000 1.8942965 2.0310377 3.2381161 9.0000000 2.4141569 3.2381161 2.4141569 2.7182557 3.2381161 2.1983953 0.0100673 0.0000000 
