20
t5         0.0000000 2.4141569 2.1983953 9.0000000 2.4141569 9.0000000 9.0000000 2.7182557 9.0000000 3.2381161 9.0000000 3.2381161 1.6785349 2.4141569 2.7182557 2.7182557 9.0000000 9.0000000 9.0000000 9.0000000 
t4         2.4141569 0.0000000 2.4141569 9.0000000 3.2381161 9.0000000 2.7182557 9.0000000 9.0000000 9.0000000 9.0000000 9.0000000 2.4141569 2.7182557 9.0000000 9.0000000 3.2381161 9.0000000 2.7182557 2.7182557 
t9         2.1983953 2.4141569 0.0000000 2.1983953 1.0297869 0.8864954 1.1586745 1.1132061 1.8942965 1.5901977 1.3744361 1.3144041 9.0000000 2.1983953 2.4141569 3.2381161 9.0000000 2.4141569 2.0310377 2.0310377 
t18        9.0000000 9.0000000 2.1983953 0.0000000 9.0000000 2.7182557 9.0000000 1.4396946 2.7182557 1.7786835 1.8942965 1.7786835 2.7182557 9.0000000 9.0000000 9.0000000 9.0000000 9.0000000 9.0000000 9.0000000 
t7         2.4141569 3.2381161 1.0297869 9.0000000 0.0000000 0.9198342 0.8864954 1.3744361 9.0000000 2.4141569 1.4396946 1.4396946 9.0000000 9.0000000 9.0000000 9.0000000 9.0000000 9.0000000 9.0000000 9.0000000 
t13        9.0000000 9.0000000 0.8864954 2.7182557 0.9198342 0.0000000 0.7662384 2.4141569 1.6785349 1.8942965 1.6785349 2.1983953 9.0000000 9.0000000 9.0000000 9.0000000 9.0000000 9.0000000 9.0000000 9.0000000 
t14        9.0000000 2.7182557 1.1586745 9.0000000 0.8864954 0.7662384 0.0000000 2.4141569 1.6785349 1.6785349 1.8942965 9.0000000 9.0000000 2.7182557 2.4141569 9.0000000 2.4141569 3.2381161 2.7182557 2.7182557 
t16        2.7182557 9.0000000 1.1132061 1.4396946 1.3744361 2.4141569 2.4141569 0.0000000 2.7182557 2.0310377 0.3192509 0.4529370 2.0310377 9.0000000 9.0000000 9.0000000 9.0000000 9.0000000 9.0000000 9.0000000 
t12        9.0000000 9.0000000 1.8942965 2.7182557 9.0000000 1.6785349 1.6785349 2.7182557 0.0000000 0.2191023 9.0000000 2.4141569 9.0000000 2.7182557 9.0000000 9.0000000 9.0000000 9.0000000 9.0000000 9.0000000 
t3         3.2381161 9.0000000 1.5901977 1.7786835 2.4141569 1.8942965 1.6785349 2.0310377 0.2191023 0.0000000 2.1983953 2.0310377 9.0000000 2.4141569 9.0000000 9.0000000 9.0000000 9.0000000 9.0000000 9.0000000 
t17        9.0000000 9.0000000 1.3744361 1.8942965 1.4396946 1.6785349 1.8942965 0.3192509 9.0000000 2.1983953 0.0000000 0.3999739 2.7182557 9.0000000 9.0000000 9.0000000 9.0000000 9.0000000 9.0000000 9.0000000 
t8         3.2381161 9.0000000 1.3144041 1.7786835 1.4396946 2.1983953 9.0000000 0.4529370 2.4141569 2.0310377 0.3999739 0.0000000 2.0310377 3.2381161 9.0000000 9.0000000 2.7182557 9.0000000 9.0000000 9.0000000 
t20        1.6785349 2.4141569 9.0000000 2.7182557 9.0000000 9.0000000 9.0000000 2.0310377 9.0000000 9.0000000 2.7182557 2.0310377 0.0000000 0.7945437 0.8545757 0.9198342 0.8864954 1.1132061 1.0297869 1.0297869 
t19        2.4141569 2.7182557 2.1983953 9.0000000 9.0000000 9.0000000 2.7182557 9.0000000 2.7182557 2.4141569 9.0000000 3.2381161 0.7945437 0.0000000 0.1549607 0.3040988 0.3347153 0.2892469 0.3040988 0.3040988 
t15        2.7182557 9.0000000 2.4141569 9.0000000 9.0000000 9.0000000 2.4141569 9.0000000 9.0000000 9.0000000 9.0000000 9.0000000 0.8545757 0.1549607 0.0000000 0.3831192 0.4348639 0.3666350 0.4172160 0.4172160 
t10        2.7182557 9.0000000 3.2381161 9.0000000 9.0000000 9.0000000 9.0000000 9.0000000 9.0000000 9.0000000 9.0000000 9.0000000 0.9198342 0.3040988 0.3831192 0.0000000 0.1189538 0.3666350 0.4529370 0.4529370 
t6         9.0000000 3.2381161 9.0000000 9.0000000 9.0000000 9.0000000 2.4141569 9.0000000 9.0000000 9.0000000 9.0000000 2.7182557 0.8864954 0.3347153 0.4348639 0.1189538 0.0000000 0.3505054 0.4348639 0.4348639 
t11        9.0000000 9.0000000 2.4141569 9.0000000 9.0000000 9.0000000 3.2381161 9.0000000 9.0000000 9.0000000 9.0000000 9.0000000 1.1132061 0.2892469 0.3666350 0.3666350 0.3505054 0.0000000 0.1673577 0.1673577 
t2         9.0000000 2.7182557 2.0310377 9.0000000 9.0000000 9.0000000 2.7182557 9.0000000 9.0000000 9.0000000 9.0000000 9.0000000 1.0297869 0.3040988 0.4172160 0.4529370 0.4348639 0.1673577 0.0000000 0.0000010 
t1         9.0000000 2.7182557 2.0310377 9.0000000 9.0000000 9.0000000 2.7182557 9.0000000 9.0000000 9.0000000 9.0000000 9.0000000 1.0297869 0.3040988 0.4172160 0.4529370 0.4348639 0.1673577 0.0000010 0.0000000 
