20
t12        0.0000000 0.9198342 0.9198342 0.9198342 2.0310377 1.0297869 0.8545757 1.2070784 1.1586745 1.4396946 1.3744361 1.3744361 1.0297869 0.8545757 0.9547243 1.1586745 1.1132061 1.1132061 1.5111773 1.5111773 
t5         0.9198342 0.0000000 0.8864954 1.0297869 1.3744361 1.0297869 0.8864954 0.9913169 0.7945437 0.8864954 1.0703373 1.0703373 0.6872180 0.6626257 0.6388142 1.1586745 1.2588231 1.0703373 1.0703373 1.1586745 
t17        0.9198342 0.8864954 0.0000000 0.6626257 1.2588231 1.2588231 0.8545757 1.1586745 0.9198342 1.0297869 1.1132061 1.1132061 0.8239592 0.8864954 0.7662384 1.1132061 1.1586745 1.1586745 1.4396946 1.6785349 
t10        0.9198342 1.0297869 0.6626257 0.0000000 1.4396946 1.1586745 1.0297869 1.1132061 0.9913169 1.0297869 1.1132061 1.1586745 1.0297869 0.8239592 0.8864954 1.3144041 1.2588231 1.0703373 1.3144041 1.3144041 
t20        2.0310377 1.3744361 1.2588231 1.4396946 0.0000000 1.5901977 1.4396946 1.5901977 0.6626257 1.1132061 1.3144041 0.6157354 1.1586745 1.3744361 1.1586745 0.5504769 0.7389627 0.7126442 0.6872180 0.7389627 
t19        1.0297869 1.0297869 1.2588231 1.1586745 1.5901977 0.0000000 0.6388142 0.6872180 0.8545757 0.8239592 0.6388142 1.3144041 1.3144041 0.9913169 1.2588231 1.0297869 1.1132061 1.0703373 1.1586745 1.2070784 
t13        0.8545757 0.8864954 0.8545757 1.0297869 1.4396946 0.6388142 0.0000000 0.5504769 0.8545757 0.6157354 0.6157354 1.2588231 0.7389627 0.8545757 0.7389627 1.3144041 1.5111773 1.2070784 1.3744361 1.5111773 
t3         1.2070784 0.9913169 1.1586745 1.1132061 1.5901977 0.6872180 0.5504769 0.0000000 1.2070784 0.6388142 0.6626257 1.2588231 0.9198342 0.8545757 0.8864954 1.3744361 1.5111773 1.3144041 2.0310377 2.0310377 
t18        1.1586745 0.7945437 0.9198342 0.9913169 0.6626257 0.8545757 0.8545757 1.2070784 0.0000000 0.9913169 1.3144041 0.4172160 0.9547243 0.9198342 0.8864954 0.5099265 0.5716050 0.4529370 0.5299277 0.5716050 
t1         1.4396946 0.8864954 1.0297869 1.0297869 1.1132061 0.8239592 0.6157354 0.6388142 0.9913169 0.0000000 0.3192509 1.3744361 0.9547243 1.0703373 0.9547243 1.1586745 1.4396946 1.2070784 1.3744361 1.3744361 
t6         1.3744361 1.0703373 1.1132061 1.1132061 1.3144041 0.6388142 0.6157354 0.6626257 1.3144041 0.3192509 0.0000000 1.5901977 0.8545757 1.0297869 1.0297869 1.2070784 1.5901977 1.2070784 1.7786835 1.6785349 
t9         1.3744361 1.0703373 1.1132061 1.1586745 0.6157354 1.3144041 1.2588231 1.2588231 0.4172160 1.3744361 1.5901977 0.0000000 0.9198342 0.8864954 0.8864954 0.4529370 0.5504769 0.4714565 0.4904449 0.5299277 
t15        1.0297869 0.6872180 0.8239592 1.0297869 1.1586745 1.3144041 0.7389627 0.9198342 0.9547243 0.9547243 0.8545757 0.9198342 0.0000000 0.3666350 0.3347153 1.0297869 1.4396946 1.0703373 1.4396946 1.5111773 
t16        0.8545757 0.6626257 0.8864954 0.8239592 1.3744361 0.9913169 0.8545757 0.8545757 0.9198342 1.0703373 1.0297869 0.8864954 0.3666350 0.0000000 0.2746833 1.1132061 1.3144041 1.1132061 1.0297869 1.1586745 
t4         0.9547243 0.6388142 0.7662384 0.8864954 1.1586745 1.2588231 0.7389627 0.8864954 0.8864954 0.9547243 1.0297869 0.8864954 0.3347153 0.2746833 0.0000000 0.9913169 1.2070784 1.0297869 1.1586745 1.3144041 
t14        1.1586745 1.1586745 1.1132061 1.3144041 0.5504769 1.0297869 1.3144041 1.3744361 0.5099265 1.1586745 1.2070784 0.4529370 1.0297869 1.1132061 0.9913169 0.0000000 0.2463781 0.2058276 0.5716050 0.5716050 
t2         1.1132061 1.2588231 1.1586745 1.2588231 0.7389627 1.1132061 1.5111773 1.5111773 0.5716050 1.4396946 1.5901977 0.5504769 1.4396946 1.3144041 1.2070784 0.2463781 0.0000000 0.1427653 0.6626257 0.6157354 
t8         1.1132061 1.0703373 1.1586745 1.0703373 0.7126442 1.0703373 1.2070784 1.3144041 0.4529370 1.2070784 1.2070784 0.4714565 1.0703373 1.1132061 1.0297869 0.2058276 0.1427653 0.0000000 0.6157354 0.5716050 
t7         1.5111773 1.0703373 1.4396946 1.3144041 0.6872180 1.1586745 1.3744361 2.0310377 0.5299277 1.3744361 1.7786835 0.4904449 1.4396946 1.0297869 1.1586745 0.5716050 0.6626257 0.6157354 0.0000000 0.0625362 
t11        1.5111773 1.1586745 1.6785349 1.3144041 0.7389627 1.2070784 1.5111773 2.0310377 0.5716050 1.3744361 1.6785349 0.5299277 1.5111773 1.1586745 1.3144041 0.5716050 0.6157354 0.5716050 0.0625362 0.0000000 
