20
t2         0.0000000 1.7786835 3.2381161 2.7182557 2.4141569 9.0000000 9.0000000 9.0000000 9.0000000 9.0000000 2.1983953 1.8942965 1.3144041 2.1983953 9.0000000 2.7182557 1.3144041 1.7786835 1.8942965 1.8942965 
t17        1.7786835 0.0000000 2.0310377 1.8942965 1.8942965 9.0000000 2.7182557 1.8942965 0.9913169 1.2070784 1.2588231 2.1983953 2.1983953 2.1983953 2.0310377 1.3744361 1.2070784 1.2070784 1.7786835 1.7786835 
t11        3.2381161 2.0310377 0.0000000 9.0000000 2.7182557 1.3144041 0.8239592 1.8942965 3.2381161 2.4141569 9.0000000 2.7182557 1.1132061 1.1132061 0.7945437 0.7389627 9.0000000 3.2381161 2.0310377 2.1983953 
t20        2.7182557 1.8942965 9.0000000 0.0000000 9.0000000 9.0000000 2.0310377 9.0000000 2.7182557 2.7182557 1.8942965 2.0310377 9.0000000 9.0000000 9.0000000 9.0000000 1.8942965 1.7786835 2.7182557 3.2381161 
t18        2.4141569 1.8942965 2.7182557 9.0000000 0.0000000 9.0000000 2.1983953 9.0000000 9.0000000 9.0000000 1.3144041 1.8942965 9.0000000 9.0000000 2.7182557 9.0000000 9.0000000 9.0000000 2.0310377 1.8942965 
t16        9.0000000 9.0000000 1.3144041 9.0000000 9.0000000 0.0000000 1.5111773 9.0000000 2.0310377 3.2381161 9.0000000 9.0000000 1.1586745 1.3744361 1.3744361 1.4396946 9.0000000 9.0000000 9.0000000 9.0000000 
t12        9.0000000 2.7182557 0.8239592 2.0310377 2.1983953 1.5111773 0.0000000 1.3144041 9.0000000 9.0000000 2.4141569 9.0000000 0.7389627 0.9198342 0.6872180 0.5504769 2.1983953 1.8942965 9.0000000 3.2381161 
t4         9.0000000 1.8942965 1.8942965 9.0000000 9.0000000 9.0000000 1.3144041 0.0000000 1.6785349 3.2381161 1.7786835 2.7182557 1.0297869 1.0703373 1.0703373 0.9913169 2.0310377 2.4141569 1.4396946 1.6785349 
t3         9.0000000 0.9913169 3.2381161 2.7182557 9.0000000 2.0310377 9.0000000 1.6785349 0.0000000 0.4904449 2.7182557 9.0000000 9.0000000 3.2381161 3.2381161 2.7182557 2.4141569 1.6785349 2.1983953 3.2381161 
t14        9.0000000 1.2070784 2.4141569 2.7182557 9.0000000 3.2381161 9.0000000 3.2381161 0.4904449 0.0000000 9.0000000 9.0000000 2.7182557 9.0000000 1.7786835 1.8942965 9.0000000 1.8942965 1.6785349 2.4141569 
t6         2.1983953 1.2588231 9.0000000 1.8942965 1.3144041 9.0000000 2.4141569 1.7786835 2.7182557 9.0000000 0.0000000 0.5933457 9.0000000 9.0000000 1.8942965 2.0310377 3.2381161 2.4141569 2.0310377 2.0310377 
t15        1.8942965 2.1983953 2.7182557 2.0310377 1.8942965 9.0000000 9.0000000 2.7182557 9.0000000 9.0000000 0.5933457 0.0000000 9.0000000 9.0000000 3.2381161 9.0000000 9.0000000 2.1983953 9.0000000 2.1983953 
t19        1.3144041 2.1983953 1.1132061 9.0000000 9.0000000 1.1586745 0.7389627 1.0297869 9.0000000 2.7182557 9.0000000 9.0000000 0.0000000 0.3040988 0.5099265 0.3999739 2.1983953 2.0310377 2.0310377 1.8942965 
t10        2.1983953 2.1983953 1.1132061 9.0000000 9.0000000 1.3744361 0.9198342 1.0703373 3.2381161 9.0000000 9.0000000 9.0000000 0.3040988 0.0000000 0.6872180 0.6157354 9.0000000 9.0000000 1.5901977 1.6785349 
t5         9.0000000 2.0310377 0.7945437 9.0000000 2.7182557 1.3744361 0.6872180 1.0703373 3.2381161 1.7786835 1.8942965 3.2381161 0.5099265 0.6872180 0.0000000 0.1673577 3.2381161 2.7182557 1.7786835 1.6785349 
t9         2.7182557 1.3744361 0.7389627 9.0000000 9.0000000 1.4396946 0.5504769 0.9913169 2.7182557 1.8942965 2.0310377 9.0000000 0.3999739 0.6157354 0.1673577 0.0000000 2.4141569 2.1983953 2.0310377 1.8942965 
t1         1.3144041 1.2070784 9.0000000 1.8942965 9.0000000 9.0000000 2.1983953 2.0310377 2.4141569 9.0000000 3.2381161 9.0000000 2.1983953 9.0000000 3.2381161 2.4141569 0.0000000 0.2603971 2.1983953 2.1983953 
t13        1.7786835 1.2070784 3.2381161 1.7786835 9.0000000 9.0000000 1.8942965 2.4141569 1.6785349 1.8942965 2.4141569 2.1983953 2.0310377 9.0000000 2.7182557 2.1983953 0.2603971 0.0000000 2.1983953 2.1983953 
t7         1.8942965 1.7786835 2.0310377 2.7182557 2.0310377 9.0000000 9.0000000 1.4396946 2.1983953 1.6785349 2.0310377 9.0000000 2.0310377 1.5901977 1.7786835 2.0310377 2.1983953 2.1983953 0.0000000 0.1427653 
t8         1.8942965 1.7786835 2.1983953 3.2381161 1.8942965 9.0000000 3.2381161 1.6785349 3.2381161 2.4141569 2.0310377 2.1983953 1.8942965 1.6785349 1.6785349 1.8942965 2.1983953 2.1983953 0.1427653 0.0000000 
