20
t20        0.0000000 0.5716050 0.4714565 0.5716050 0.7389627 0.5504769 0.6388142 0.6872180 0.7126442 0.6157354 0.6157354 0.6872180 0.6388142 0.6388142 0.7126442 0.7126442 0.7945437 0.7662384 0.6388142 0.6388142 
t11        0.5716050 0.0000000 0.5504769 0.6157354 0.8545757 0.4348639 0.3505054 0.6626257 0.8864954 0.7662384 0.7945437 0.3999739 0.5099265 0.4529370 0.7126442 0.7126442 0.6388142 0.6872180 0.5099265 0.5299277 
t9         0.4714565 0.5504769 0.0000000 0.3999739 0.7662384 0.4529370 0.4172160 0.7126442 0.6388142 0.6157354 0.5933457 0.4904449 0.5299277 0.4714565 0.7389627 0.7389627 0.8545757 0.9198342 0.5299277 0.5299277 
t1         0.5716050 0.6157354 0.3999739 0.0000000 0.9913169 0.6388142 0.5716050 0.8864954 0.7662384 0.6872180 0.7126442 0.5933457 0.7389627 0.6157354 0.8864954 0.7662384 1.0703373 1.2588231 0.6157354 0.6157354 
t10        0.7389627 0.8545757 0.7662384 0.9913169 0.0000000 1.0297869 1.0297869 0.3347153 0.8864954 0.7662384 0.8239592 1.1132061 1.2070784 0.9198342 0.3831192 0.4529370 0.3040988 0.3666350 0.9198342 0.9198342 
t3         0.5504769 0.4348639 0.4529370 0.6388142 1.0297869 0.0000000 0.2463781 0.7662384 0.7389627 0.7126442 0.6626257 0.3192509 0.3192509 0.1927838 0.8864954 0.9198342 0.8864954 0.9547243 0.2326162 0.2326162 
t2         0.6388142 0.3505054 0.4172160 0.5716050 1.0297869 0.2463781 0.0000000 0.7945437 0.7126442 0.6388142 0.6157354 0.1673577 0.1799630 0.2463781 0.9547243 0.8864954 0.7945437 0.8545757 0.2326162 0.2603971 
t13        0.6872180 0.6626257 0.7126442 0.8864954 0.3347153 0.7662384 0.7945437 0.0000000 0.6872180 0.5933457 0.6872180 0.7662384 0.8239592 0.8239592 0.1927838 0.2463781 0.1673577 0.2058276 0.7945437 0.8545757 
t5         0.7126442 0.8864954 0.6388142 0.7662384 0.8864954 0.7389627 0.7126442 0.6872180 0.0000000 0.1549607 0.1799630 0.7662384 0.8239592 0.7945437 0.7126442 0.7945437 0.7945437 0.7389627 0.6157354 0.6626257 
t8         0.6157354 0.7662384 0.6157354 0.6872180 0.7662384 0.7126442 0.6388142 0.5933457 0.1549607 0.0000000 0.0958750 0.7126442 0.6872180 0.7126442 0.6626257 0.6872180 0.6388142 0.6388142 0.5933457 0.6388142 
t4         0.6157354 0.7945437 0.5933457 0.7126442 0.8239592 0.6626257 0.6157354 0.6872180 0.1799630 0.0958750 0.0000000 0.6626257 0.7662384 0.6626257 0.7126442 0.7126442 0.6626257 0.6388142 0.5504769 0.5933457 
t19        0.6872180 0.3999739 0.4904449 0.5933457 1.1132061 0.3192509 0.1673577 0.7662384 0.7662384 0.7126442 0.6626257 0.0000000 0.2191023 0.3505054 0.8864954 0.8545757 0.7389627 0.8545757 0.3831192 0.3831192 
t15        0.6388142 0.5099265 0.5299277 0.7389627 1.2070784 0.3192509 0.1799630 0.8239592 0.8239592 0.6872180 0.7662384 0.2191023 0.0000000 0.3666350 1.0703373 0.9913169 0.8545757 0.9547243 0.3831192 0.3831192 
t18        0.6388142 0.4529370 0.4714565 0.6157354 0.9198342 0.1927838 0.2463781 0.8239592 0.7945437 0.7126442 0.6626257 0.3505054 0.3666350 0.0000000 0.9198342 1.0297869 0.9547243 0.9547243 0.1307650 0.0958750 
t14        0.7126442 0.7126442 0.7389627 0.8864954 0.3831192 0.8864954 0.9547243 0.1927838 0.7126442 0.6626257 0.7126442 0.8864954 1.0703373 0.9198342 0.0000000 0.0958750 0.2326162 0.2603971 0.9198342 0.9198342 
t7         0.7126442 0.7126442 0.7389627 0.7662384 0.4529370 0.9198342 0.8864954 0.2463781 0.7945437 0.6872180 0.7126442 0.8545757 0.9913169 1.0297869 0.0958750 0.0000000 0.2892469 0.3192509 0.9547243 1.0297869 
t16        0.7945437 0.6388142 0.8545757 1.0703373 0.3040988 0.8864954 0.7945437 0.1673577 0.7945437 0.6388142 0.6626257 0.7389627 0.8545757 0.9547243 0.2326162 0.2892469 0.0000000 0.0625362 0.9198342 0.9913169 
t6         0.7662384 0.6872180 0.9198342 1.2588231 0.3666350 0.9547243 0.8545757 0.2058276 0.7389627 0.6388142 0.6388142 0.8545757 0.9547243 0.9547243 0.2603971 0.3192509 0.0625362 0.0000000 0.9198342 0.9913169 
t12        0.6388142 0.5099265 0.5299277 0.6157354 0.9198342 0.2326162 0.2326162 0.7945437 0.6157354 0.5933457 0.5504769 0.3831192 0.3831192 0.1307650 0.9198342 0.9547243 0.9198342 0.9198342 0.0000000 0.0306165 
t17        0.6388142 0.5299277 0.5299277 0.6157354 0.9198342 0.2326162 0.2603971 0.8545757 0.6626257 0.6388142 0.5933457 0.3831192 0.3831192 0.0958750 0.9198342 1.0297869 0.9913169 0.9913169 0.0306165 0.0000000 
