20
t19        0.0000000 2.7182557 1.4396946 3.2381161 1.5111773 1.4396946 2.1983953 1.2588231 1.3144041 2.0310377 1.7786835 2.7182557 9.0000000 1.7786835 2.1983953 1.6785349 1.6785349 1.7786835 1.3744361 1.3144041 
t9         2.7182557 0.0000000 1.0297869 1.3744361 1.2588231 1.0703373 2.0310377 2.4141569 2.4141569 1.7786835 2.1983953 2.7182557 1.8942965 1.8942965 9.0000000 2.0310377 3.2381161 2.0310377 1.7786835 1.5111773 
t7         1.4396946 1.0297869 0.0000000 0.9198342 0.8864954 0.8545757 1.8942965 1.2588231 1.2588231 2.1983953 2.1983953 2.1983953 1.3744361 1.1586745 1.6785349 1.5901977 1.6785349 1.4396946 1.1586745 1.0703373 
t13        3.2381161 1.3744361 0.9198342 0.0000000 1.1586745 1.0703373 1.8942965 1.5901977 1.7786835 1.7786835 2.4141569 2.0310377 1.8942965 2.7182557 2.1983953 2.7182557 2.4141569 2.0310377 1.7786835 1.5111773 
t4         1.5111773 1.2588231 0.8864954 1.1586745 0.0000000 0.9547243 1.4396946 1.5111773 1.2588231 2.0310377 9.0000000 2.4141569 2.7182557 1.1132061 1.3744361 1.8942965 1.8942965 2.0310377 0.8239592 0.7945437 
t12        1.4396946 1.0703373 0.8545757 1.0703373 0.9547243 0.0000000 1.2070784 1.5111773 1.5111773 1.5111773 2.0310377 2.7182557 1.8942965 1.3744361 1.5901977 2.7182557 2.4141569 1.8942965 1.1132061 1.1586745 
t8         2.1983953 2.0310377 1.8942965 1.8942965 1.4396946 1.2070784 0.0000000 1.8942965 2.7182557 3.2381161 2.1983953 9.0000000 9.0000000 1.8942965 2.4141569 9.0000000 9.0000000 2.1983953 1.4396946 1.4396946 
t2         1.2588231 2.4141569 1.2588231 1.5901977 1.5111773 1.5111773 1.8942965 0.0000000 0.7945437 9.0000000 2.7182557 2.0310377 1.2588231 1.6785349 1.2070784 2.4141569 2.0310377 1.5901977 1.5111773 1.4396946 
t6         1.3144041 2.4141569 1.2588231 1.7786835 1.2588231 1.5111773 2.7182557 0.7945437 0.0000000 1.3144041 1.5111773 2.0310377 1.8942965 1.0703373 1.0297869 1.7786835 1.7786835 1.5901977 1.3144041 1.5111773 
t3         2.0310377 1.7786835 2.1983953 1.7786835 2.0310377 1.5111773 3.2381161 9.0000000 1.3144041 0.0000000 0.5504769 3.2381161 9.0000000 1.8942965 1.7786835 9.0000000 9.0000000 9.0000000 1.6785349 1.8942965 
t5         1.7786835 2.1983953 2.1983953 2.4141569 9.0000000 2.0310377 2.1983953 2.7182557 1.5111773 0.5504769 0.0000000 9.0000000 9.0000000 1.5901977 1.5111773 9.0000000 9.0000000 9.0000000 1.4396946 1.5111773 
t14        2.7182557 2.7182557 2.1983953 2.0310377 2.4141569 2.7182557 9.0000000 2.0310377 2.0310377 3.2381161 9.0000000 0.0000000 0.5716050 9.0000000 9.0000000 0.7389627 0.8239592 0.8239592 2.0310377 1.8942965 
t15        9.0000000 1.8942965 1.3744361 1.8942965 2.7182557 1.8942965 9.0000000 1.2588231 1.8942965 9.0000000 9.0000000 0.5716050 0.0000000 9.0000000 9.0000000 0.5504769 0.6388142 0.5716050 2.4141569 1.8942965 
t18        1.7786835 1.8942965 1.1586745 2.7182557 1.1132061 1.3744361 1.8942965 1.6785349 1.0703373 1.8942965 1.5901977 9.0000000 9.0000000 0.0000000 0.2746833 2.7182557 2.7182557 3.2381161 0.3999739 0.4714565 
t11        2.1983953 9.0000000 1.6785349 2.1983953 1.3744361 1.5901977 2.4141569 1.2070784 1.0297869 1.7786835 1.5111773 9.0000000 9.0000000 0.2746833 0.0000000 9.0000000 2.7182557 3.2381161 0.3999739 0.4529370 
t10        1.6785349 2.0310377 1.5901977 2.7182557 1.8942965 2.7182557 9.0000000 2.4141569 1.7786835 9.0000000 9.0000000 0.7389627 0.5504769 2.7182557 9.0000000 0.0000000 0.1927838 0.2603971 2.7182557 2.0310377 
t20        1.6785349 3.2381161 1.6785349 2.4141569 1.8942965 2.4141569 9.0000000 2.0310377 1.7786835 9.0000000 9.0000000 0.8239592 0.6388142 2.7182557 2.7182557 0.1927838 0.0000000 0.3192509 2.4141569 1.8942965 
t17        1.7786835 2.0310377 1.4396946 2.0310377 2.0310377 1.8942965 2.1983953 1.5901977 1.5901977 9.0000000 9.0000000 0.8239592 0.5716050 3.2381161 3.2381161 0.2603971 0.3192509 0.0000000 2.0310377 1.7786835 
t16        1.3744361 1.7786835 1.1586745 1.7786835 0.8239592 1.1132061 1.4396946 1.5111773 1.3144041 1.6785349 1.4396946 2.0310377 2.4141569 0.3999739 0.3999739 2.7182557 2.4141569 2.0310377 0.0000000 0.0517447 
t1         1.3144041 1.5111773 1.0703373 1.5111773 0.7945437 1.1586745 1.4396946 1.4396946 1.5111773 1.8942965 1.5111773 1.8942965 1.8942965 0.4714565 0.4529370 2.0310377 1.8942965 1.7786835 0.0517447 0.0000000 
