20
t3         0.0000000 2.0310377 2.1983953 2.4141569 1.5901977 1.3744361 1.5111773 1.5901977 1.5901977 1.1132061 1.1586745 0.6157354 1.1132061 1.3144041 1.5901977 1.8942965 0.5099265 0.4904449 1.1132061 1.1586745 
t1         2.0310377 0.0000000 0.5299277 1.6785349 0.9547243 2.0310377 1.3144041 1.4396946 0.8239592 1.5901977 1.3744361 1.2070784 1.3144041 1.1132061 1.1586745 0.8864954 0.9198342 0.9913169 1.3744361 1.4396946 
t14        2.1983953 0.5299277 0.0000000 1.2588231 0.8545757 1.7786835 0.8545757 1.0703373 0.7389627 1.7786835 1.4396946 1.0297869 1.2070784 1.3744361 0.7662384 0.6626257 0.8545757 0.8864954 1.4396946 1.5901977 
t12        2.4141569 1.6785349 1.2588231 0.0000000 0.3505054 2.4141569 0.6388142 0.4904449 1.6785349 2.0310377 2.0310377 1.5111773 2.1983953 2.7182557 1.6785349 1.2588231 1.2588231 1.3144041 2.1983953 2.4141569 
t18        1.5901977 0.9547243 0.8545757 0.3505054 0.0000000 2.4141569 0.4348639 0.3347153 1.1586745 1.5111773 1.8942965 1.5111773 2.1983953 2.1983953 1.1132061 0.9913169 1.1586745 1.1586745 2.4141569 3.2381161 
t7         1.3744361 2.0310377 1.7786835 2.4141569 2.4141569 0.0000000 2.7182557 2.7182557 2.4141569 0.6388142 0.4529370 1.1586745 1.1132061 1.0297869 2.4141569 9.0000000 1.5111773 1.5111773 1.2070784 1.1586745 
t15        1.5111773 1.3144041 0.8545757 0.6388142 0.4348639 2.7182557 0.0000000 0.4529370 1.3144041 1.2070784 1.4396946 1.6785349 1.7786835 1.4396946 1.0703373 0.9547243 1.3144041 1.2070784 1.7786835 2.0310377 
t19        1.5901977 1.4396946 1.0703373 0.4904449 0.3347153 2.7182557 0.4529370 0.0000000 1.5111773 2.1983953 2.1983953 1.5901977 1.8942965 1.6785349 1.3744361 1.2070784 1.2070784 1.2070784 1.5111773 1.5901977 
t10        1.5901977 0.8239592 0.7389627 1.6785349 1.1586745 2.4141569 1.3144041 1.5111773 0.0000000 1.6785349 1.4396946 1.1586745 1.7786835 2.7182557 0.4348639 0.3347153 1.1586745 1.1586745 2.4141569 2.7182557 
t11        1.1132061 1.5901977 1.7786835 2.0310377 1.5111773 0.6388142 1.2070784 2.1983953 1.6785349 0.0000000 0.2603971 0.9547243 1.0703373 0.8864954 2.1983953 2.0310377 1.2070784 1.0297869 1.4396946 1.5901977 
t13        1.1586745 1.3744361 1.4396946 2.0310377 1.8942965 0.4529370 1.4396946 2.1983953 1.4396946 0.2603971 0.0000000 0.9913169 0.9198342 0.7945437 1.5111773 1.6785349 1.1132061 1.0703373 1.0703373 1.1586745 
t9         0.6157354 1.2070784 1.0297869 1.5111773 1.5111773 1.1586745 1.6785349 1.5901977 1.1586745 0.9547243 0.9913169 0.0000000 0.9913169 1.0703373 1.3744361 1.3744361 0.2746833 0.2603971 1.0703373 1.2070784 
t5         1.1132061 1.3144041 1.2070784 2.1983953 2.1983953 1.1132061 1.7786835 1.8942965 1.7786835 1.0703373 0.9198342 0.9913169 0.0000000 0.3192509 1.7786835 1.1586745 0.9198342 0.9913169 0.4529370 0.5099265 
t20        1.3144041 1.1132061 1.3744361 2.7182557 2.1983953 1.0297869 1.4396946 1.6785349 2.7182557 0.8864954 0.7945437 1.0703373 0.3192509 0.0000000 1.7786835 1.4396946 1.2070784 1.2588231 0.4714565 0.5299277 
t4         1.5901977 1.1586745 0.7662384 1.6785349 1.1132061 2.4141569 1.0703373 1.3744361 0.4348639 2.1983953 1.5111773 1.3744361 1.7786835 1.7786835 0.0000000 0.1799630 1.1132061 1.1132061 1.8942965 2.1983953 
t17        1.8942965 0.8864954 0.6626257 1.2588231 0.9913169 9.0000000 0.9547243 1.2070784 0.3347153 2.0310377 1.6785349 1.3744361 1.1586745 1.4396946 0.1799630 0.0000000 1.1586745 1.2070784 1.5901977 1.6785349 
t2         0.5099265 0.9198342 0.8545757 1.2588231 1.1586745 1.5111773 1.3144041 1.2070784 1.1586745 1.2070784 1.1132061 0.2746833 0.9198342 1.2070784 1.1132061 1.1586745 0.0000000 0.0845966 1.0297869 1.0703373 
t6         0.4904449 0.9913169 0.8864954 1.3144041 1.1586745 1.5111773 1.2070784 1.2070784 1.1586745 1.0297869 1.0703373 0.2603971 0.9913169 1.2588231 1.1132061 1.2070784 0.0845966 0.0000000 1.1586745 1.2070784 
t8         1.1132061 1.3744361 1.4396946 2.1983953 2.4141569 1.2070784 1.7786835 1.5111773 2.4141569 1.4396946 1.0703373 1.0703373 0.4529370 0.4714565 1.8942965 1.5901977 1.0297869 1.1586745 0.0000000 0.0517447 
t16        1.1586745 1.4396946 1.5901977 2.4141569 3.2381161 1.1586745 2.0310377 1.5901977 2.7182557 1.5901977 1.1586745 1.2070784 0.5099265 0.5299277 2.1983953 1.6785349 1.0703373 1.2070784 0.0517447 0.0000000 
