20
t13        0.0000000 1.1132061 1.0703373 0.8864954 0.9547243 1.1132061 1.3144041 1.6785349 1.1132061 2.1983953 1.4396946 0.7945437 0.8864954 0.8545757 1.2588231 1.2070784 0.7389627 0.7945437 1.2588231 1.3744361 
t19        1.1132061 0.0000000 1.0703373 1.0703373 1.0703373 0.8864954 1.2588231 1.0297869 1.0703373 1.6785349 1.7786835 0.7126442 0.9913169 0.8545757 1.3744361 1.5111773 0.6157354 0.5933457 1.0297869 1.0297869 
t9         1.0703373 1.0703373 0.0000000 1.1132061 1.1132061 0.9547243 1.2588231 1.5901977 1.2588231 1.7786835 1.3144041 1.2588231 1.1586745 1.3744361 1.5111773 1.5901977 0.8864954 0.9198342 1.3744361 1.4396946 
t14        0.8864954 1.0703373 1.1132061 0.0000000 0.9547243 0.7662384 1.4396946 1.4396946 1.2588231 1.3744361 1.1132061 0.8864954 1.0703373 0.9547243 1.4396946 1.2070784 0.7945437 0.7126442 0.9547243 1.0297869 
t5         0.9547243 1.0703373 1.1132061 0.9547243 0.0000000 0.8239592 1.3744361 1.1586745 1.2070784 1.3744361 1.2588231 0.8239592 1.2070784 0.8864954 1.2070784 1.2070784 0.7389627 0.6626257 1.0297869 1.1132061 
t1         1.1132061 0.8864954 0.9547243 0.7662384 0.8239592 0.0000000 1.1586745 1.1586745 0.6388142 1.7786835 1.4396946 0.7662384 1.0297869 0.7945437 1.2588231 1.1586745 0.6157354 0.5933457 0.3999739 0.4348639 
t17        1.3144041 1.2588231 1.2588231 1.4396946 1.3744361 1.1586745 0.0000000 0.3347153 1.1586745 1.6785349 1.5901977 1.0297869 1.2588231 1.3144041 1.2070784 1.0703373 0.7662384 0.8864954 1.2588231 1.3744361 
t11        1.6785349 1.0297869 1.5901977 1.4396946 1.1586745 1.1586745 0.3347153 0.0000000 1.1132061 1.5901977 1.6785349 1.3144041 2.0310377 1.5901977 1.3144041 1.3744361 0.8864954 1.0703373 0.9913169 1.0297869 
t15        1.1132061 1.0703373 1.2588231 1.2588231 1.2070784 0.6388142 1.1586745 1.1132061 0.0000000 1.5111773 1.5111773 1.1132061 1.4396946 1.1586745 1.5901977 1.3144041 0.8239592 0.8864954 0.5504769 0.5716050 
t6         2.1983953 1.6785349 1.7786835 1.3744361 1.3744361 1.7786835 1.6785349 1.5901977 1.5111773 0.0000000 0.3831192 1.6785349 1.8942965 1.7786835 0.4904449 0.5099265 1.0703373 1.0703373 1.7786835 1.6785349 
t2         1.4396946 1.7786835 1.3144041 1.1132061 1.2588231 1.4396946 1.5901977 1.6785349 1.5111773 0.3831192 0.0000000 1.4396946 2.0310377 1.3144041 0.4529370 0.5299277 1.0297869 1.0703373 1.4396946 1.3144041 
t4         0.7945437 0.7126442 1.2588231 0.8864954 0.8239592 0.7662384 1.0297869 1.3144041 1.1132061 1.6785349 1.4396946 0.0000000 0.2892469 0.2191023 1.0297869 1.0703373 0.3666350 0.3666350 0.7662384 0.8239592 
t7         0.8864954 0.9913169 1.1586745 1.0703373 1.2070784 1.0297869 1.2588231 2.0310377 1.4396946 1.8942965 2.0310377 0.2892469 0.0000000 0.4172160 1.1586745 1.2070784 0.6157354 0.6388142 1.0703373 1.1586745 
t16        0.8545757 0.8545757 1.3744361 0.9547243 0.8864954 0.7945437 1.3144041 1.5901977 1.1586745 1.7786835 1.3144041 0.2191023 0.4172160 0.0000000 1.3144041 1.4396946 0.5504769 0.5299277 0.8239592 0.8864954 
t12        1.2588231 1.3744361 1.5111773 1.4396946 1.2070784 1.2588231 1.2070784 1.3144041 1.5901977 0.4904449 0.4529370 1.0297869 1.1586745 1.3144041 0.0000000 0.3192509 0.8864954 0.8545757 1.5901977 1.5901977 
t18        1.2070784 1.5111773 1.5901977 1.2070784 1.2070784 1.1586745 1.0703373 1.3744361 1.3144041 0.5099265 0.5299277 1.0703373 1.2070784 1.4396946 0.3192509 0.0000000 0.7662384 0.7662384 1.1586745 1.1586745 
t3         0.7389627 0.6157354 0.8864954 0.7945437 0.7389627 0.6157354 0.7662384 0.8864954 0.8239592 1.0703373 1.0297869 0.3666350 0.6157354 0.5504769 0.8864954 0.7662384 0.0000000 0.1673577 0.6872180 0.7389627 
t20        0.7945437 0.5933457 0.9198342 0.7126442 0.6626257 0.5933457 0.8864954 1.0703373 0.8864954 1.0703373 1.0703373 0.3666350 0.6388142 0.5299277 0.8545757 0.7662384 0.1673577 0.0000000 0.7126442 0.7662384 
t10        1.2588231 1.0297869 1.3744361 0.9547243 1.0297869 0.3999739 1.2588231 0.9913169 0.5504769 1.7786835 1.4396946 0.7662384 1.0703373 0.8239592 1.5901977 1.1586745 0.6872180 0.7126442 0.0000000 0.0202715 
t8         1.3744361 1.0297869 1.4396946 1.0297869 1.1132061 0.4348639 1.3744361 1.0297869 0.5716050 1.6785349 1.3144041 0.8239592 1.1586745 0.8864954 1.5901977 1.1586745 0.7389627 0.7662384 0.0202715 0.0000000 
