20
t9         0.0000000 9.0000000 9.0000000 9.0000000 1.6785349 9.0000000 3.2381161 1.5901977 2.7182557 9.0000000 2.4141569 9.0000000 1.5111773 3.2381161 2.1983953 9.0000000 1.7786835 1.7786835 9.0000000 9.0000000 
t4         9.0000000 0.0000000 3.2381161 1.7786835 2.4141569 1.4396946 1.1132061 1.5111773 1.8942965 2.7182557 1.2070784 1.1132061 1.8942965 9.0000000 2.7182557 2.1983953 1.5901977 1.6785349 9.0000000 1.7786835 
t12        9.0000000 3.2381161 0.0000000 1.3144041 2.4141569 2.1983953 2.4141569 3.2381161 1.5111773 1.7786835 2.7182557 9.0000000 9.0000000 1.7786835 2.0310377 1.2588231 1.4396946 2.0310377 9.0000000 9.0000000 
t15        9.0000000 1.7786835 1.3144041 0.0000000 1.6785349 1.6785349 1.5901977 9.0000000 2.0310377 2.0310377 1.3144041 2.1983953 9.0000000 2.4141569 1.3144041 0.6872180 2.0310377 1.8942965 3.2381161 3.2381161 
t6         1.6785349 2.4141569 2.4141569 1.6785349 0.0000000 2.4141569 1.6785349 0.8239592 9.0000000 2.4141569 1.8942965 1.8942965 1.0703373 2.1983953 9.0000000 2.7182557 0.7662384 0.8545757 1.7786835 1.7786835 
t10        9.0000000 1.4396946 2.1983953 1.6785349 2.4141569 0.0000000 0.3666350 1.7786835 3.2381161 9.0000000 1.1586745 1.5901977 2.7182557 9.0000000 9.0000000 2.4141569 1.5111773 1.5111773 2.4141569 1.8942965 
t7         3.2381161 1.1132061 2.4141569 1.5901977 1.6785349 0.3666350 0.0000000 1.2070784 9.0000000 2.7182557 0.9547243 1.1586745 1.6785349 1.8942965 1.6785349 1.5111773 1.3744361 1.2588231 9.0000000 2.0310377 
t3         1.5901977 1.5111773 3.2381161 9.0000000 0.8239592 1.7786835 1.2070784 0.0000000 9.0000000 2.7182557 1.4396946 1.4396946 0.9913169 1.4396946 9.0000000 2.7182557 0.7945437 0.7945437 2.4141569 1.7786835 
t16        2.7182557 1.8942965 1.5111773 2.0310377 9.0000000 3.2381161 9.0000000 9.0000000 0.0000000 1.8942965 2.1983953 2.0310377 9.0000000 2.0310377 1.7786835 1.6785349 9.0000000 2.4141569 9.0000000 9.0000000 
t19        9.0000000 2.7182557 1.7786835 2.0310377 2.4141569 9.0000000 2.7182557 2.7182557 1.8942965 0.0000000 2.4141569 2.4141569 9.0000000 9.0000000 2.0310377 9.0000000 2.4141569 2.4141569 9.0000000 9.0000000 
t11        2.4141569 1.2070784 2.7182557 1.3144041 1.8942965 1.1586745 0.9547243 1.4396946 2.1983953 2.4141569 0.0000000 0.5099265 1.7786835 1.6785349 1.5111773 1.1586745 1.3144041 1.4396946 9.0000000 2.4141569 
t2         9.0000000 1.1132061 9.0000000 2.1983953 1.8942965 1.5901977 1.1586745 1.4396946 2.0310377 2.4141569 0.5099265 0.0000000 1.3744361 1.6785349 1.7786835 1.7786835 1.5901977 1.5111773 9.0000000 2.4141569 
t14        1.5111773 1.8942965 9.0000000 9.0000000 1.0703373 2.7182557 1.6785349 0.9913169 9.0000000 9.0000000 1.7786835 1.3744361 0.0000000 1.7786835 9.0000000 9.0000000 0.8239592 0.9547243 9.0000000 9.0000000 
t18        3.2381161 9.0000000 1.7786835 2.4141569 2.1983953 9.0000000 1.8942965 1.4396946 2.0310377 9.0000000 1.6785349 1.6785349 1.7786835 0.0000000 2.0310377 1.8942965 2.4141569 3.2381161 9.0000000 9.0000000 
t5         2.1983953 2.7182557 2.0310377 1.3144041 9.0000000 9.0000000 1.6785349 9.0000000 1.7786835 2.0310377 1.5111773 1.7786835 9.0000000 2.0310377 0.0000000 0.9913169 2.7182557 3.2381161 9.0000000 9.0000000 
t1         9.0000000 2.1983953 1.2588231 0.6872180 2.7182557 2.4141569 1.5111773 2.7182557 1.6785349 9.0000000 1.1586745 1.7786835 9.0000000 1.8942965 0.9913169 0.0000000 1.3144041 1.5111773 2.7182557 2.4141569 
t17        1.7786835 1.5901977 1.4396946 2.0310377 0.7662384 1.5111773 1.3744361 0.7945437 9.0000000 2.4141569 1.3144041 1.5901977 0.8239592 2.4141569 2.7182557 1.3144041 0.0000000 0.1673577 2.7182557 3.2381161 
t8         1.7786835 1.6785349 2.0310377 1.8942965 0.8545757 1.5111773 1.2588231 0.7945437 2.4141569 2.4141569 1.4396946 1.5111773 0.9547243 3.2381161 3.2381161 1.5111773 0.1673577 0.0000000 2.4141569 2.0310377 
t20        9.0000000 9.0000000 9.0000000 3.2381161 1.7786835 2.4141569 9.0000000 2.4141569 9.0000000 9.0000000 9.0000000 9.0000000 9.0000000 9.0000000 9.0000000 2.7182557 2.7182557 2.4141569 0.0000000 0.2191023 
t13        9.0000000 1.7786835 9.0000000 3.2381161 1.7786835 1.8942965 2.0310377 1.7786835 9.0000000 9.0000000 2.4141569 2.4141569 9.0000000 9.0000000 9.0000000 2.4141569 3.2381161 2.0310377 0.2191023 0.0000000 
