20
t19        0.0000000 1.3744361 1.5111773 1.0703373 1.7786835 1.2070784 2.4141569 2.7182557 2.1983953 1.5901977 1.8942965 1.5901977 1.3144041 1.5901977 2.1983953 1.3144041 2.4141569 2.4141569 1.8942965 1.8942965 
t12        1.3744361 0.0000000 0.7126442 0.8864954 0.9913169 0.5504769 0.9913169 0.9198342 1.0703373 0.9547243 0.6157354 0.6157354 0.6157354 0.8239592 0.6626257 1.0703373 1.2588231 1.2588231 0.7126442 0.7126442 
t17        1.5111773 0.7126442 0.0000000 1.0297869 1.2588231 0.6872180 1.6785349 0.9547243 0.8239592 1.3144041 0.8239592 0.6388142 0.6626257 0.6388142 0.6872180 0.9198342 1.0703373 1.0297869 0.8545757 0.8545757 
t6         1.0703373 0.8864954 1.0297869 0.0000000 0.9198342 0.8864954 1.3744361 1.3144041 1.2070784 1.3144041 1.2070784 0.8864954 0.8239592 0.9547243 1.0703373 0.9547243 1.1586745 1.1586745 1.3144041 1.3144041 
t11        1.7786835 0.9913169 1.2588231 0.9198342 0.0000000 0.9198342 1.4396946 1.1586745 1.7786835 1.0297869 1.4396946 1.0703373 0.8239592 1.3144041 1.3744361 0.7662384 0.8864954 0.8864954 1.5111773 1.5111773 
t16        1.2070784 0.5504769 0.6872180 0.8864954 0.9198342 0.0000000 1.2070784 0.8864954 0.6872180 0.7389627 0.5504769 0.5099265 0.6626257 0.6872180 0.7126442 0.7945437 0.9198342 0.9547243 0.7945437 0.7945437 
t5         2.4141569 0.9913169 1.6785349 1.3744361 1.4396946 1.2070784 0.0000000 2.1983953 1.3144041 1.5901977 0.9547243 1.3144041 1.3144041 3.2381161 1.5111773 2.0310377 1.7786835 1.6785349 0.9198342 0.9198342 
t4         2.7182557 0.9198342 0.9547243 1.3144041 1.1586745 0.8864954 2.1983953 0.0000000 1.2070784 1.7786835 1.2588231 0.6872180 0.8864954 0.7662384 0.9913169 1.2588231 1.2588231 1.2588231 1.6785349 1.6785349 
t20        2.1983953 1.0703373 0.8239592 1.2070784 1.7786835 0.6872180 1.3144041 1.2070784 0.0000000 0.9547243 0.6388142 0.7945437 1.0703373 0.9198342 1.1586745 1.1586745 1.3744361 1.3144041 1.0297869 1.0297869 
t2         1.5901977 0.9547243 1.3144041 1.3144041 1.0297869 0.7389627 1.5901977 1.7786835 0.9547243 0.0000000 0.6872180 1.1132061 1.2588231 1.3744361 1.2588231 1.2070784 1.6785349 1.8942965 1.0703373 1.0703373 
t1         1.8942965 0.6157354 0.8239592 1.2070784 1.4396946 0.5504769 0.9547243 1.2588231 0.6388142 0.6872180 0.0000000 0.7389627 0.8239592 0.8239592 0.9547243 1.2588231 1.7786835 1.7786835 1.0297869 1.0297869 
t10        1.5901977 0.6157354 0.6388142 0.8864954 1.0703373 0.5099265 1.3144041 0.6872180 0.7945437 1.1132061 0.7389627 0.0000000 0.3831192 0.4172160 0.5299277 0.9198342 1.0703373 0.9913169 0.7662384 0.7662384 
t7         1.3144041 0.6157354 0.6626257 0.8239592 0.8239592 0.6626257 1.3144041 0.8864954 1.0703373 1.2588231 0.8239592 0.3831192 0.0000000 0.5099265 0.6626257 1.0297869 1.1132061 1.0297869 0.9547243 0.9547243 
t9         1.5901977 0.8239592 0.6388142 0.9547243 1.3144041 0.6872180 3.2381161 0.7662384 0.9198342 1.3744361 0.8239592 0.4172160 0.5099265 0.0000000 0.4904449 1.0297869 1.1586745 1.1132061 1.0297869 1.0297869 
t15        2.1983953 0.6626257 0.6872180 1.0703373 1.3744361 0.7126442 1.5111773 0.9913169 1.1586745 1.2588231 0.9547243 0.5299277 0.6626257 0.4904449 0.0000000 1.2588231 1.4396946 1.3744361 0.8864954 0.8864954 
t13        1.3144041 1.0703373 0.9198342 0.9547243 0.7662384 0.7945437 2.0310377 1.2588231 1.1586745 1.2070784 1.2588231 0.9198342 1.0297869 1.0297869 1.2588231 0.0000000 0.2326162 0.2463781 1.3144041 1.3144041 
t3         2.4141569 1.2588231 1.0703373 1.1586745 0.8864954 0.9198342 1.7786835 1.2588231 1.3744361 1.6785349 1.7786835 1.0703373 1.1132061 1.1586745 1.4396946 0.2326162 0.0000000 0.0306165 1.2588231 1.2588231 
t8         2.4141569 1.2588231 1.0297869 1.1586745 0.8864954 0.9547243 1.6785349 1.2588231 1.3144041 1.8942965 1.7786835 0.9913169 1.0297869 1.1132061 1.3744361 0.2463781 0.0306165 0.0000000 1.2588231 1.2588231 
t14        1.8942965 0.7126442 0.8545757 1.3144041 1.5111773 0.7945437 0.9198342 1.6785349 1.0297869 1.0703373 1.0297869 0.7662384 0.9547243 1.0297869 0.8864954 1.3144041 1.2588231 1.2588231 0.0000000 0.0000010 
t18        1.8942965 0.7126442 0.8545757 1.3144041 1.5111773 0.7945437 0.9198342 1.6785349 1.0297869 1.0703373 1.0297869 0.7662384 0.9547243 1.0297869 0.8864954 1.3144041 1.2588231 1.2588231 0.0000010 0.0000000 
