20
t8         0.0000000 9.0000000 1.3144041 1.8942965 2.4141569 9.0000000 1.4396946 1.8942965 9.0000000 9.0000000 2.7182557 1.5901977 2.1983953 2.1983953 2.4141569 2.4141569 2.0310377 9.0000000 9.0000000 9.0000000 
t4         9.0000000 0.0000000 2.1983953 1.2588231 1.1132061 3.2381161 1.4396946 2.0310377 1.3144041 1.3144041 2.0310377 1.5901977 1.6785349 1.0703373 1.3744361 1.0703373 1.2588231 2.7182557 2.7182557 2.7182557 
t16        1.3144041 2.1983953 0.0000000 1.5111773 2.1983953 1.8942965 1.1132061 1.4396946 2.7182557 1.2070784 2.0310377 1.2070784 1.4396946 9.0000000 9.0000000 3.2381161 9.0000000 1.7786835 1.7786835 1.6785349 
t2         1.8942965 1.2588231 1.5111773 0.0000000 2.0310377 3.2381161 1.3744361 0.8545757 1.4396946 1.3744361 2.0310377 1.8942965 2.0310377 1.3144041 1.3744361 1.6785349 1.6785349 1.5111773 1.6785349 1.5901977 
t10        2.4141569 1.1132061 2.1983953 2.0310377 0.0000000 2.1983953 1.5901977 1.5111773 1.8942965 2.1983953 2.4141569 2.0310377 1.8942965 1.2070784 1.3744361 1.1586745 1.1132061 2.1983953 2.7182557 2.4141569 
t6         9.0000000 3.2381161 1.8942965 3.2381161 2.1983953 0.0000000 1.6785349 2.7182557 3.2381161 0.7389627 0.9198342 1.5901977 1.3744361 9.0000000 9.0000000 3.2381161 3.2381161 0.9547243 0.9198342 0.8545757 
t18        1.4396946 1.4396946 1.1132061 1.3744361 1.5901977 1.6785349 0.0000000 1.1132061 1.7786835 1.2070784 1.5901977 0.6872180 0.8864954 1.8942965 2.4141569 1.7786835 2.4141569 2.4141569 3.2381161 2.4141569 
t17        1.8942965 2.0310377 1.4396946 0.8545757 1.5111773 2.7182557 1.1132061 0.0000000 1.3144041 1.5901977 1.5901977 1.5901977 1.5111773 1.4396946 1.5901977 1.5901977 1.4396946 1.8942965 1.5901977 1.5901977 
t1         9.0000000 1.3144041 2.7182557 1.4396946 1.8942965 3.2381161 1.7786835 1.3144041 0.0000000 9.0000000 9.0000000 1.5901977 1.4396946 1.5111773 2.0310377 1.8942965 2.1983953 9.0000000 3.2381161 3.2381161 
t5         9.0000000 1.3144041 1.2070784 1.3744361 2.1983953 0.7389627 1.2070784 1.5901977 9.0000000 0.0000000 0.7126442 1.5901977 1.7786835 2.7182557 9.0000000 1.8942965 3.2381161 0.5504769 0.5716050 0.5299277 
t13        2.7182557 2.0310377 2.0310377 2.0310377 2.4141569 0.9198342 1.5901977 1.5901977 9.0000000 0.7126442 0.0000000 2.4141569 2.7182557 2.1983953 2.1983953 2.0310377 2.0310377 0.4714565 0.5099265 0.4904449 
t20        1.5901977 1.5901977 1.2070784 1.8942965 2.0310377 1.5901977 0.6872180 1.5901977 1.5901977 1.5901977 2.4141569 0.0000000 0.2746833 2.1983953 1.7786835 2.4141569 2.4141569 9.0000000 3.2381161 9.0000000 
t19        2.1983953 1.6785349 1.4396946 2.0310377 1.8942965 1.3744361 0.8864954 1.5111773 1.4396946 1.7786835 2.7182557 0.2746833 0.0000000 2.0310377 1.7786835 2.0310377 2.1983953 9.0000000 9.0000000 9.0000000 
t15        2.1983953 1.0703373 9.0000000 1.3144041 1.2070784 9.0000000 1.8942965 1.4396946 1.5111773 2.7182557 2.1983953 2.1983953 2.0310377 0.0000000 0.1927838 0.3192509 0.4172160 2.7182557 2.1983953 2.1983953 
t7         2.4141569 1.3744361 9.0000000 1.3744361 1.3744361 9.0000000 2.4141569 1.5901977 2.0310377 9.0000000 2.1983953 1.7786835 1.7786835 0.1927838 0.0000000 0.3192509 0.4172160 9.0000000 3.2381161 3.2381161 
t3         2.4141569 1.0703373 3.2381161 1.6785349 1.1586745 3.2381161 1.7786835 1.5901977 1.8942965 1.8942965 2.0310377 2.4141569 2.0310377 0.3192509 0.3192509 0.0000000 0.2326162 2.7182557 2.0310377 2.0310377 
t11        2.0310377 1.2588231 9.0000000 1.6785349 1.1132061 3.2381161 2.4141569 1.4396946 2.1983953 3.2381161 2.0310377 2.4141569 2.1983953 0.4172160 0.4172160 0.2326162 0.0000000 3.2381161 2.7182557 2.4141569 
t14        9.0000000 2.7182557 1.7786835 1.5111773 2.1983953 0.9547243 2.4141569 1.8942965 9.0000000 0.5504769 0.4714565 9.0000000 9.0000000 2.7182557 9.0000000 2.7182557 3.2381161 0.0000000 0.1073256 0.0845966 
t12        9.0000000 2.7182557 1.7786835 1.6785349 2.7182557 0.9198342 3.2381161 1.5901977 3.2381161 0.5716050 0.5099265 3.2381161 9.0000000 2.1983953 3.2381161 2.0310377 2.7182557 0.1073256 0.0000000 0.0202715 
t9         9.0000000 2.7182557 1.6785349 1.5901977 2.4141569 0.8545757 2.4141569 1.5901977 3.2381161 0.5299277 0.4904449 9.0000000 9.0000000 2.1983953 3.2381161 2.0310377 2.4141569 0.0845966 0.0202715 0.0000000 
