20
t5         0.0000000 1.7786835 9.0000000 9.0000000 9.0000000 9.0000000 1.8942965 2.4141569 2.1983953 2.4141569 2.4141569 1.8942965 2.1983953 2.1983953 1.8942965 2.4141569 9.0000000 9.0000000 3.2381161 9.0000000 
t1         1.7786835 0.0000000 1.6785349 1.3144041 1.5111773 1.0297869 1.8942965 1.2070784 1.8942965 1.7786835 1.7786835 2.7182557 2.1983953 2.1983953 1.5901977 1.6785349 1.5111773 1.4396946 1.0297869 1.1132061 
t16        9.0000000 1.6785349 0.0000000 0.3666350 1.5111773 1.0297869 1.6785349 1.8942965 1.3744361 1.3744361 2.0310377 1.5111773 1.1132061 2.4141569 1.7786835 2.4141569 1.3744361 1.4396946 1.1586745 1.2588231 
t19        9.0000000 1.3144041 0.3666350 0.0000000 1.6785349 0.8239592 1.6785349 1.3144041 1.1586745 1.3744361 1.5901977 1.6785349 1.2070784 2.0310377 1.7786835 1.8942965 1.2588231 1.2588231 1.1586745 1.3144041 
t13        9.0000000 1.5111773 1.5111773 1.6785349 0.0000000 1.4396946 1.2070784 1.5111773 1.3744361 2.0310377 0.7389627 1.5111773 1.3144041 1.0703373 1.1586745 0.8545757 1.7786835 1.7786835 1.7786835 1.7786835 
t17        9.0000000 1.0297869 1.0297869 0.8239592 1.4396946 0.0000000 9.0000000 0.7389627 1.3744361 1.3744361 1.6785349 2.7182557 1.8942965 1.7786835 2.4141569 2.0310377 0.8864954 0.7945437 0.4714565 0.6157354 
t9         1.8942965 1.8942965 1.6785349 1.6785349 1.2070784 9.0000000 0.0000000 2.4141569 1.8942965 9.0000000 0.3999739 1.3744361 1.5111773 0.7662384 0.5716050 0.4529370 9.0000000 9.0000000 9.0000000 9.0000000 
t8         2.4141569 1.2070784 1.8942965 1.3144041 1.5111773 0.7389627 2.4141569 0.0000000 2.0310377 2.4141569 2.1983953 9.0000000 3.2381161 2.4141569 2.0310377 1.8942965 0.3505054 0.3999739 0.9547243 1.0703373 
t18        2.1983953 1.8942965 1.3744361 1.1586745 1.3744361 1.3744361 1.8942965 2.0310377 0.0000000 0.5504769 1.5901977 2.4141569 1.8942965 2.4141569 1.8942965 1.6785349 9.0000000 9.0000000 1.6785349 2.1983953 
t3         2.4141569 1.7786835 1.3744361 1.3744361 2.0310377 1.3744361 9.0000000 2.4141569 0.5504769 0.0000000 2.0310377 9.0000000 2.7182557 9.0000000 3.2381161 3.2381161 9.0000000 3.2381161 2.1983953 3.2381161 
t11        2.4141569 1.7786835 2.0310377 1.5901977 0.7389627 1.6785349 0.3999739 2.1983953 1.5901977 2.0310377 0.0000000 1.3144041 1.4396946 0.3999739 0.3505054 0.2058276 9.0000000 1.7786835 2.1983953 2.4141569 
t7         1.8942965 2.7182557 1.5111773 1.6785349 1.5111773 2.7182557 1.3744361 9.0000000 2.4141569 9.0000000 1.3144041 0.0000000 0.3666350 2.7182557 9.0000000 1.8942965 9.0000000 9.0000000 2.7182557 1.8942965 
t6         2.1983953 2.1983953 1.1132061 1.2070784 1.3144041 1.8942965 1.5111773 3.2381161 1.8942965 2.7182557 1.4396946 0.3666350 0.0000000 3.2381161 1.8942965 2.4141569 3.2381161 2.7182557 1.4396946 1.4396946 
t4         2.1983953 2.1983953 2.4141569 2.0310377 1.0703373 1.7786835 0.7662384 2.4141569 2.4141569 9.0000000 0.3999739 2.7182557 3.2381161 0.0000000 0.4529370 0.2892469 9.0000000 1.8942965 3.2381161 9.0000000 
t14        1.8942965 1.5901977 1.7786835 1.7786835 1.1586745 2.4141569 0.5716050 2.0310377 1.8942965 3.2381161 0.3505054 9.0000000 1.8942965 0.4529370 0.0000000 0.2463781 9.0000000 2.4141569 1.8942965 2.0310377 
t12        2.4141569 1.6785349 2.4141569 1.8942965 0.8545757 2.0310377 0.4529370 1.8942965 1.6785349 3.2381161 0.2058276 1.8942965 2.4141569 0.2892469 0.2463781 0.0000000 9.0000000 1.8942965 2.7182557 3.2381161 
t20        9.0000000 1.5111773 1.3744361 1.2588231 1.7786835 0.8864954 9.0000000 0.3505054 9.0000000 9.0000000 9.0000000 9.0000000 3.2381161 9.0000000 9.0000000 9.0000000 0.0000000 0.3347153 1.1586745 1.1586745 
t2         9.0000000 1.4396946 1.4396946 1.2588231 1.7786835 0.7945437 9.0000000 0.3999739 9.0000000 3.2381161 1.7786835 9.0000000 2.7182557 1.8942965 2.4141569 1.8942965 0.3347153 0.0000000 0.9198342 0.8545757 
t10        3.2381161 1.0297869 1.1586745 1.1586745 1.7786835 0.4714565 9.0000000 0.9547243 1.6785349 2.1983953 2.1983953 2.7182557 1.4396946 3.2381161 1.8942965 2.7182557 1.1586745 0.9198342 0.0000000 0.1073256 
t15        9.0000000 1.1132061 1.2588231 1.3144041 1.7786835 0.6157354 9.0000000 1.0703373 2.1983953 3.2381161 2.4141569 1.8942965 1.4396946 9.0000000 2.0310377 3.2381161 1.1586745 0.8545757 0.1073256 0.0000000 
