20
t10        0.0000000 0.6157354 0.6157354 1.2588231 1.8942965 1.3144041 1.2588231 1.3144041 1.4396946 1.8942965 1.2588231 1.7786835 1.7786835 1.6785349 1.4396946 0.6872180 1.5111773 1.6785349 0.6872180 0.6157354 
t9         0.6157354 0.0000000 0.3040988 0.7662384 1.1586745 0.7389627 1.1586745 0.8239592 0.9198342 1.2070784 0.8239592 1.0703373 0.9547243 1.1132061 0.9547243 0.5504769 1.1132061 1.2070784 0.4348639 0.4172160 
t14        0.6157354 0.3040988 0.0000000 0.8545757 0.9913169 0.6872180 1.2070784 0.9913169 1.0297869 1.1132061 0.7945437 1.1586745 1.0703373 1.1132061 0.9913169 0.3831192 1.0703373 1.2070784 0.3192509 0.3040988 
t20        1.2588231 0.7662384 0.8545757 0.0000000 0.6626257 0.3192509 0.5933457 0.5099265 0.5099265 0.6626257 0.3831192 0.5716050 0.4714565 0.5504769 0.3505054 0.8864954 0.5933457 0.6872180 0.9547243 0.8239592 
t17        1.8942965 1.1586745 0.9913169 0.6626257 0.0000000 0.4348639 0.8864954 0.8864954 0.8545757 1.2070784 0.7389627 0.9913169 0.8864954 0.8864954 0.7126442 1.0703373 0.8864954 0.9547243 1.1132061 1.0297869 
t7         1.3144041 0.7389627 0.6872180 0.3192509 0.4348639 0.0000000 0.4714565 0.3505054 0.3192509 0.5933457 0.3192509 0.5099265 0.3505054 0.4714565 0.3666350 0.6872180 0.4904449 0.5716050 0.5933457 0.5299277 
t18        1.2588231 1.1586745 1.2070784 0.5933457 0.8864954 0.4714565 0.0000000 0.3999739 0.3666350 1.0703373 0.5504769 0.7389627 0.6157354 0.7662384 0.5504769 0.9198342 0.8864954 0.9913169 0.9913169 0.8864954 
t6         1.3144041 0.8239592 0.9913169 0.5099265 0.8864954 0.3505054 0.3999739 0.0000000 0.1073256 0.9547243 0.5299277 0.7126442 0.5716050 0.7389627 0.5299277 0.8239592 0.8239592 0.9198342 0.7945437 0.7389627 
t16        1.4396946 0.9198342 1.0297869 0.5099265 0.8545757 0.3192509 0.3666350 0.1073256 0.0000000 0.9198342 0.5299277 0.6872180 0.5299277 0.6626257 0.5299277 0.8239592 0.7126442 0.7945437 0.8239592 0.7662384 
t8         1.8942965 1.2070784 1.1132061 0.6626257 1.2070784 0.5933457 1.0703373 0.9547243 0.9198342 0.0000000 0.4904449 0.9198342 0.9547243 0.5933457 0.5299277 1.3144041 0.9547243 1.0297869 1.1132061 1.0703373 
t11        1.2588231 0.8239592 0.7945437 0.3831192 0.7389627 0.3192509 0.5504769 0.5299277 0.5299277 0.4904449 0.0000000 0.5099265 0.4904449 0.3040988 0.1799630 0.7662384 0.5299277 0.5716050 0.7945437 0.7662384 
t15        1.7786835 1.0703373 1.1586745 0.5716050 0.9913169 0.5099265 0.7389627 0.7126442 0.6872180 0.9198342 0.5099265 0.0000000 0.3192509 0.7662384 0.5933457 1.4396946 0.6388142 0.6872180 0.9913169 0.9547243 
t12        1.7786835 0.9547243 1.0703373 0.4714565 0.8864954 0.3505054 0.6157354 0.5716050 0.5299277 0.9547243 0.4904449 0.3192509 0.0000000 0.7126442 0.5099265 1.1132061 0.4904449 0.5504769 0.8864954 0.7945437 
t1         1.6785349 1.1132061 1.1132061 0.5504769 0.8864954 0.4714565 0.7662384 0.7389627 0.6626257 0.5933457 0.3040988 0.7662384 0.7126442 0.0000000 0.2892469 1.1586745 0.7945437 0.8545757 0.9198342 0.9198342 
t5         1.4396946 0.9547243 0.9913169 0.3505054 0.7126442 0.3666350 0.5504769 0.5299277 0.5299277 0.5299277 0.1799630 0.5933457 0.5099265 0.2892469 0.0000000 0.8545757 0.5716050 0.6157354 0.8545757 0.7945437 
t3         0.6872180 0.5504769 0.3831192 0.8864954 1.0703373 0.6872180 0.9198342 0.8239592 0.8239592 1.3144041 0.7662384 1.4396946 1.1132061 1.1586745 0.8545757 0.0000000 1.3144041 1.5111773 0.4172160 0.3666350 
t13        1.5111773 1.1132061 1.0703373 0.5933457 0.8864954 0.4904449 0.8864954 0.8239592 0.7126442 0.9547243 0.5299277 0.6388142 0.4904449 0.7945437 0.5716050 1.3144041 0.0000000 0.0411062 1.0703373 0.9547243 
t19        1.6785349 1.2070784 1.2070784 0.6872180 0.9547243 0.5716050 0.9913169 0.9198342 0.7945437 1.0297869 0.5716050 0.6872180 0.5504769 0.8545757 0.6157354 1.5111773 0.0411062 0.0000000 1.1586745 1.0297869 
t2         0.6872180 0.4348639 0.3192509 0.9547243 1.1132061 0.5933457 0.9913169 0.7945437 0.8239592 1.1132061 0.7945437 0.9913169 0.8864954 0.9198342 0.8545757 0.4172160 1.0703373 1.1586745 0.0000000 0.0517447 
t4         0.6157354 0.4172160 0.3040988 0.8239592 1.0297869 0.5299277 0.8864954 0.7389627 0.7662384 1.0703373 0.7662384 0.9547243 0.7945437 0.9198342 0.7945437 0.3666350 0.9547243 1.0297869 0.0517447 0.0000000 
