20
t7         0.0000000 0.6872180 0.9198342 0.6626257 0.9198342 0.7389627 0.6626257 0.6626257 0.9547243 0.8239592 0.8864954 0.8239592 0.8545757 0.8545757 0.9198342 0.7126442 0.6872180 0.7126442 0.7389627 0.7126442 
t4         0.6872180 0.0000000 0.5504769 0.4348639 0.7662384 0.4904449 0.3999739 0.4348639 0.6626257 0.6626257 0.7662384 0.4904449 0.5504769 0.5933457 0.5716050 0.4714565 0.4172160 0.3999739 0.5099265 0.4904449 
t17        0.9198342 0.5504769 0.0000000 0.5933457 0.9198342 0.3999739 0.4348639 0.4714565 0.5504769 0.8864954 0.8239592 0.5299277 0.5504769 0.4348639 0.4348639 0.7126442 0.5504769 0.5299277 0.7389627 0.7389627 
t9         0.6626257 0.4348639 0.5933457 0.0000000 0.9547243 0.7126442 0.4714565 0.5716050 0.9547243 0.6872180 0.8545757 0.6157354 0.6157354 0.7662384 0.7662384 0.3666350 0.5716050 0.5504769 0.3831192 0.3666350 
t20        0.9198342 0.7662384 0.9198342 0.9547243 0.0000000 0.7945437 0.7662384 0.7389627 1.0297869 0.5504769 0.5504769 0.7945437 0.9198342 0.8545757 0.8864954 1.1132061 0.8239592 0.7389627 1.2070784 1.2070784 
t16        0.7389627 0.4904449 0.3999739 0.7126442 0.7945437 0.0000000 0.3999739 0.3999739 0.5099265 0.7126442 0.7389627 0.5504769 0.5099265 0.3666350 0.3040988 0.6157354 0.4172160 0.4172160 0.6388142 0.6388142 
t12        0.6626257 0.3999739 0.4348639 0.4714565 0.7662384 0.3999739 0.0000000 0.2603971 0.6388142 0.6626257 0.6872180 0.4529370 0.4904449 0.4904449 0.4529370 0.4714565 0.2603971 0.2463781 0.5099265 0.5099265 
t18        0.6626257 0.4348639 0.4714565 0.5716050 0.7389627 0.3999739 0.2603971 0.0000000 0.5716050 0.5099265 0.5504769 0.4172160 0.4172160 0.4714565 0.3831192 0.4714565 0.2892469 0.3040988 0.4714565 0.4904449 
t5         0.9547243 0.6626257 0.5504769 0.9547243 1.0297869 0.5099265 0.6388142 0.5716050 0.0000000 0.9547243 1.0703373 0.7662384 0.7389627 0.4529370 0.3999739 0.7662384 0.6388142 0.5933457 0.8239592 0.7945437 
t13        0.8239592 0.6626257 0.8864954 0.6872180 0.5504769 0.7126442 0.6626257 0.5099265 0.9547243 0.0000000 0.3505054 0.7126442 0.7126442 0.6872180 0.8239592 0.6872180 0.5933457 0.5504769 0.7389627 0.7389627 
t8         0.8864954 0.7662384 0.8239592 0.8545757 0.5504769 0.7389627 0.6872180 0.5504769 1.0703373 0.3505054 0.0000000 0.7945437 0.6626257 0.7389627 0.7945437 0.7945437 0.6388142 0.5716050 0.8545757 0.8545757 
t10        0.8239592 0.4904449 0.5299277 0.6157354 0.7945437 0.5504769 0.4529370 0.4172160 0.7662384 0.7126442 0.7945437 0.0000000 0.2191023 0.6388142 0.5504769 0.5933457 0.4348639 0.4904449 0.5933457 0.6157354 
t19        0.8545757 0.5504769 0.5504769 0.6157354 0.9198342 0.5099265 0.4904449 0.4172160 0.7389627 0.7126442 0.6626257 0.2191023 0.0000000 0.6388142 0.5933457 0.5716050 0.4172160 0.4904449 0.5716050 0.5933457 
t6         0.8545757 0.5933457 0.4348639 0.7662384 0.8545757 0.3666350 0.4904449 0.4714565 0.4529370 0.6872180 0.7389627 0.6388142 0.6388142 0.0000000 0.1549607 0.7126442 0.4714565 0.4529370 0.7662384 0.7662384 
t3         0.9198342 0.5716050 0.4348639 0.7662384 0.8864954 0.3040988 0.4529370 0.3831192 0.3999739 0.8239592 0.7945437 0.5504769 0.5933457 0.1549607 0.0000000 0.7389627 0.4348639 0.4529370 0.7945437 0.7945437 
t14        0.7126442 0.4714565 0.7126442 0.3666350 1.1132061 0.6157354 0.4714565 0.4714565 0.7662384 0.6872180 0.7945437 0.5933457 0.5716050 0.7126442 0.7389627 0.0000000 0.6157354 0.6157354 0.0411062 0.0411062 
t2         0.6872180 0.4172160 0.5504769 0.5716050 0.8239592 0.4172160 0.2603971 0.2892469 0.6388142 0.5933457 0.6388142 0.4348639 0.4172160 0.4714565 0.4348639 0.6157354 0.0000000 0.0411062 0.6388142 0.6388142 
t1         0.7126442 0.3999739 0.5299277 0.5504769 0.7389627 0.4172160 0.2463781 0.3040988 0.5933457 0.5504769 0.5716050 0.4904449 0.4904449 0.4529370 0.4529370 0.6157354 0.0411062 0.0000000 0.6388142 0.6388142 
t15        0.7389627 0.5099265 0.7389627 0.3831192 1.2070784 0.6388142 0.5099265 0.4714565 0.8239592 0.7389627 0.8545757 0.5933457 0.5716050 0.7662384 0.7945437 0.0411062 0.6388142 0.6388142 0.0000000 0.0202715 
t11        0.7126442 0.4904449 0.7389627 0.3666350 1.2070784 0.6388142 0.5099265 0.4904449 0.7945437 0.7389627 0.8545757 0.6157354 0.5933457 0.7662384 0.7945437 0.0411062 0.6388142 0.6388142 0.0202715 0.0000000 
