20
t14        0.0000000 0.8239592 1.2588231 1.2588231 1.0297869 1.2070784 0.8545757 0.9198342 0.8864954 1.3144041 1.2588231 0.9913169 0.9547243 1.0297869 0.9198342 1.1132061 0.8239592 0.8864954 1.3144041 1.2588231 
t17        0.8239592 0.0000000 0.7945437 1.3744361 0.7945437 0.9913169 0.6388142 0.5504769 0.5504769 1.1132061 1.0297869 0.7126442 0.7126442 0.9198342 0.7945437 0.8545757 0.9198342 0.9198342 1.1132061 1.0297869 
t2         1.2588231 0.7945437 0.0000000 1.5111773 1.1132061 1.4396946 1.0297869 0.9198342 0.7662384 1.3144041 1.3144041 0.8864954 0.8864954 1.1132061 1.1586745 1.2070784 1.2070784 1.1132061 1.2070784 1.2070784 
t10        1.2588231 1.3744361 1.5111773 0.0000000 2.4141569 1.6785349 2.0310377 1.2588231 1.3744361 1.3744361 1.3144041 2.0310377 1.8942965 1.4396946 1.5111773 1.5111773 1.5111773 1.4396946 1.3144041 1.4396946 
t19        1.0297869 0.7945437 1.1132061 2.4141569 0.0000000 0.4529370 0.9547243 0.7945437 0.6157354 0.9547243 1.0703373 0.8239592 0.8239592 0.7945437 0.7945437 0.9198342 0.8239592 0.8545757 1.0297869 1.1586745 
t5         1.2070784 0.9913169 1.4396946 1.6785349 0.4529370 0.0000000 0.9913169 0.6626257 0.6872180 1.2070784 1.2070784 0.9547243 0.8864954 0.9913169 1.2070784 0.9547243 0.9198342 0.9547243 1.1586745 1.2070784 
t3         0.8545757 0.6388142 1.0297869 2.0310377 0.9547243 0.9913169 0.0000000 0.7945437 0.7945437 1.3744361 0.9913169 0.3347153 0.3831192 1.1586745 0.9913169 1.0703373 1.0703373 0.9913169 1.1132061 1.0703373 
t15        0.9198342 0.5504769 0.9198342 1.2588231 0.7945437 0.6626257 0.7945437 0.0000000 0.3999739 0.9547243 0.8545757 0.7662384 0.8239592 0.5504769 0.6626257 0.5099265 0.5299277 0.5504769 0.7945437 0.8239592 
t1         0.8864954 0.5504769 0.7662384 1.3744361 0.6157354 0.6872180 0.7945437 0.3999739 0.0000000 0.7389627 0.7662384 0.7126442 0.6626257 0.5933457 0.5716050 0.6626257 0.5716050 0.5504769 0.8864954 0.9547243 
t9         1.3144041 1.1132061 1.3144041 1.3744361 0.9547243 1.2070784 1.3744361 0.9547243 0.7389627 0.0000000 1.0297869 0.9913169 0.9913169 1.3144041 1.2588231 1.2588231 1.1132061 1.3744361 1.3144041 1.4396946 
t11        1.2588231 1.0297869 1.3144041 1.3144041 1.0703373 1.2070784 0.9913169 0.8545757 0.7662384 1.0297869 0.0000000 0.9913169 0.8864954 1.0297869 1.1132061 1.1132061 1.2588231 1.2588231 0.4904449 0.5299277 
t20        0.9913169 0.7126442 0.8864954 2.0310377 0.8239592 0.9547243 0.3347153 0.7662384 0.7126442 0.9913169 0.9913169 0.0000000 0.1307650 0.9547243 0.8239592 0.8864954 0.8239592 0.8239592 1.1586745 1.1132061 
t13        0.9547243 0.7126442 0.8864954 1.8942965 0.8239592 0.8864954 0.3831192 0.8239592 0.6626257 0.9913169 0.8864954 0.1307650 0.0000000 0.9913169 0.9198342 0.8545757 0.8864954 0.8864954 1.0297869 0.9913169 
t18        1.0297869 0.9198342 1.1132061 1.4396946 0.7945437 0.9913169 1.1586745 0.5504769 0.5933457 1.3144041 1.0297869 0.9547243 0.9913169 0.0000000 0.1799630 0.1189538 0.1189538 0.2058276 0.9913169 0.9547243 
t7         0.9198342 0.7945437 1.1586745 1.5111773 0.7945437 1.2070784 0.9913169 0.6626257 0.5716050 1.2588231 1.1132061 0.8239592 0.9198342 0.1799630 0.0000000 0.2603971 0.2058276 0.2603971 1.2070784 1.1586745 
t12        1.1132061 0.8545757 1.2070784 1.5111773 0.9198342 0.9547243 1.0703373 0.5099265 0.6626257 1.2588231 1.1132061 0.8864954 0.8545757 0.1189538 0.2603971 0.0000000 0.1307650 0.2326162 1.0297869 0.9913169 
t8         0.8239592 0.9198342 1.2070784 1.5111773 0.8239592 0.9198342 1.0703373 0.5299277 0.5716050 1.1132061 1.2588231 0.8239592 0.8864954 0.1189538 0.2058276 0.1307650 0.0000000 0.1549607 1.1132061 1.0703373 
t4         0.8864954 0.9198342 1.1132061 1.4396946 0.8545757 0.9547243 0.9913169 0.5504769 0.5504769 1.3744361 1.2588231 0.8239592 0.8864954 0.2058276 0.2603971 0.2326162 0.1549607 0.0000000 1.1132061 1.0703373 
t6         1.3144041 1.1132061 1.2070784 1.3144041 1.0297869 1.1586745 1.1132061 0.7945437 0.8864954 1.3144041 0.4904449 1.1586745 1.0297869 0.9913169 1.2070784 1.0297869 1.1132061 1.1132061 0.0000000 0.0306165 
t16        1.2588231 1.0297869 1.2070784 1.4396946 1.1586745 1.2070784 1.0703373 0.8239592 0.9547243 1.4396946 0.5299277 1.1132061 0.9913169 0.9547243 1.1586745 0.9913169 1.0703373 1.0703373 0.0306165 0.0000000 
