20
t15        0.0000000 1.4396946 0.8239592 1.2070784 1.0703373 0.9198342 1.0297869 0.9198342 0.7945437 0.8864954 0.7126442 0.6872180 0.9547243 0.8864954 0.9913169 0.8239592 1.0703373 1.1586745 1.2588231 1.3144041 
t13        1.4396946 0.0000000 1.3144041 1.3144041 1.1132061 1.5111773 1.1132061 1.1132061 1.0297869 1.0703373 1.0297869 1.2588231 1.1132061 1.2070784 1.3144041 1.3144041 1.5111773 1.6785349 1.5901977 1.4396946 
t12        0.8239592 1.3144041 0.0000000 1.2070784 0.9198342 0.6157354 1.2070784 1.0297869 0.9913169 0.8545757 0.5299277 0.4904449 1.0297869 1.2588231 0.6157354 0.5933457 1.2588231 1.2588231 0.9198342 0.8545757 
t18        1.2070784 1.3144041 1.2070784 0.0000000 0.6157354 1.0703373 0.8864954 0.6626257 0.5299277 0.6872180 1.3144041 1.2588231 0.6388142 0.7126442 1.4396946 1.5111773 0.8239592 0.7662384 1.6785349 1.7786835 
t14        1.0703373 1.1132061 0.9198342 0.6157354 0.0000000 0.9547243 0.9547243 0.6157354 0.5299277 0.5716050 0.8864954 0.9198342 0.5099265 0.7126442 1.0703373 0.9913169 0.7662384 0.7389627 1.1586745 1.1586745 
t4         0.9198342 1.5111773 0.6157354 1.0703373 0.9547243 0.0000000 1.2588231 1.0703373 0.9913169 1.0297869 0.3505054 0.3192509 1.3144041 1.3144041 0.5099265 0.5099265 1.2588231 1.3144041 0.7945437 0.8239592 
t19        1.0297869 1.1132061 1.2070784 0.8864954 0.9547243 1.2588231 0.0000000 0.3192509 0.5933457 0.7945437 0.9198342 1.0703373 0.5933457 0.6626257 1.2070784 1.1586745 0.4529370 0.4529370 1.2588231 1.2588231 
t20        0.9198342 1.1132061 1.0297869 0.6626257 0.6157354 1.0703373 0.3192509 0.0000000 0.3831192 0.4904449 0.7945437 0.8545757 0.4172160 0.4348639 1.0703373 1.0297869 0.3505054 0.3347153 1.0703373 1.1132061 
t2         0.7945437 1.0297869 0.9913169 0.5299277 0.5299277 0.9913169 0.5933457 0.3831192 0.0000000 0.3505054 0.8239592 0.8239592 0.3347153 0.3192509 1.0703373 1.0297869 0.5099265 0.4904449 1.2588231 1.3144041 
t6         0.8864954 1.0703373 0.8545757 0.6872180 0.5716050 1.0297869 0.7945437 0.4904449 0.3505054 0.0000000 0.7945437 0.8239592 0.4904449 0.4714565 1.0703373 0.9198342 0.7389627 0.6626257 1.3744361 1.2070784 
t9         0.7126442 1.0297869 0.5299277 1.3144041 0.8864954 0.3505054 0.9198342 0.7945437 0.8239592 0.7945437 0.0000000 0.1799630 0.9547243 1.0297869 0.3999739 0.4348639 1.0297869 1.0297869 0.6388142 0.6157354 
t8         0.6872180 1.2588231 0.4904449 1.2588231 0.9198342 0.3192509 1.0703373 0.8545757 0.8239592 0.8239592 0.1799630 0.0000000 0.9913169 0.9913169 0.4172160 0.4348639 1.1132061 1.2070784 0.5504769 0.5504769 
t7         0.9547243 1.1132061 1.0297869 0.6388142 0.5099265 1.3144041 0.5933457 0.4172160 0.3347153 0.4904449 0.9547243 0.9913169 0.0000000 0.2058276 1.2070784 1.1586745 0.5504769 0.5504769 1.2070784 1.4396946 
t16        0.8864954 1.2070784 1.2588231 0.7126442 0.7126442 1.3144041 0.6626257 0.4348639 0.3192509 0.4714565 1.0297869 0.9913169 0.2058276 0.0000000 1.1586745 1.2588231 0.5933457 0.5933457 1.2588231 1.3144041 
t5         0.9913169 1.3144041 0.6157354 1.4396946 1.0703373 0.5099265 1.2070784 1.0703373 1.0703373 1.0703373 0.3999739 0.4172160 1.2070784 1.1586745 0.0000000 0.1189538 1.2070784 1.1132061 0.6872180 0.7126442 
t1         0.8239592 1.3144041 0.5933457 1.5111773 0.9913169 0.5099265 1.1586745 1.0297869 1.0297869 0.9198342 0.4348639 0.4348639 1.1586745 1.2588231 0.1189538 0.0000000 1.2070784 1.1586745 0.7662384 0.7389627 
t17        1.0703373 1.5111773 1.2588231 0.8239592 0.7662384 1.2588231 0.4529370 0.3505054 0.5099265 0.7389627 1.0297869 1.1132061 0.5504769 0.5933457 1.2070784 1.2070784 0.0000000 0.1073256 1.0297869 1.2070784 
t10        1.1586745 1.6785349 1.2588231 0.7662384 0.7389627 1.3144041 0.4529370 0.3347153 0.4904449 0.6626257 1.0297869 1.2070784 0.5504769 0.5933457 1.1132061 1.1586745 0.1073256 0.0000000 1.2070784 1.3144041 
t3         1.2588231 1.5901977 0.9198342 1.6785349 1.1586745 0.7945437 1.2588231 1.0703373 1.2588231 1.3744361 0.6388142 0.5504769 1.2070784 1.2588231 0.6872180 0.7662384 1.0297869 1.2070784 0.0000000 0.0625362 
t11        1.3144041 1.4396946 0.8545757 1.7786835 1.1586745 0.8239592 1.2588231 1.1132061 1.3144041 1.2070784 0.6157354 0.5504769 1.4396946 1.3144041 0.7126442 0.7389627 1.2070784 1.3144041 0.0625362 0.0000000 
