20
t12        0.0000000 3.2381161 1.3144041 1.2070784 1.5901977 1.8942965 1.1586745 1.3744361 1.3744361 1.3144041 1.2070784 1.4396946 0.9913169 1.8942965 2.0310377 1.1586745 0.9198342 0.9913169 0.9913169 0.9913169 
t13        3.2381161 0.0000000 2.7182557 3.2381161 1.7786835 9.0000000 2.7182557 2.1983953 2.0310377 1.7786835 3.2381161 9.0000000 2.0310377 2.0310377 2.4141569 1.8942965 2.1983953 2.1983953 2.1983953 2.1983953 
t2         1.3144041 2.7182557 0.0000000 1.2588231 2.1983953 2.4141569 1.5111773 9.0000000 1.7786835 1.8942965 9.0000000 3.2381161 1.3144041 1.5901977 1.4396946 1.4396946 1.3744361 1.3144041 1.3744361 1.3744361 
t17        1.2070784 3.2381161 1.2588231 0.0000000 1.8942965 2.0310377 1.1132061 1.8942965 1.6785349 1.3744361 1.2070784 1.8942965 1.5901977 1.5901977 1.5111773 2.0310377 1.8942965 1.1586745 1.1132061 1.1132061 
t9         1.5901977 1.7786835 2.1983953 1.8942965 0.0000000 2.4141569 1.7786835 2.4141569 1.0703373 1.1586745 2.7182557 2.0310377 1.1132061 1.6785349 1.6785349 1.4396946 1.8942965 1.5901977 1.4396946 1.4396946 
t19        1.8942965 9.0000000 2.4141569 2.0310377 2.4141569 0.0000000 1.3744361 1.8942965 1.4396946 2.0310377 1.8942965 1.5111773 1.1132061 1.7786835 1.7786835 1.3144041 1.5901977 2.0310377 2.0310377 2.0310377 
t15        1.1586745 2.7182557 1.5111773 1.1132061 1.7786835 1.3744361 0.0000000 1.0297869 0.8545757 0.9913169 1.1132061 1.2070784 0.8864954 1.0297869 0.8239592 0.6872180 0.6872180 1.2070784 1.1586745 1.1586745 
t1         1.3744361 2.1983953 9.0000000 1.8942965 2.4141569 1.8942965 1.0297869 0.0000000 0.8545757 0.9913169 1.6785349 1.4396946 0.9547243 1.2070784 1.2588231 0.9913169 0.8864954 1.3744361 1.3744361 1.3744361 
t20        1.3744361 2.0310377 1.7786835 1.6785349 1.0703373 1.4396946 0.8545757 0.8545757 0.0000000 0.4172160 1.5111773 1.5111773 0.7389627 0.5504769 0.5933457 0.3505054 0.5299277 1.1586745 1.0703373 1.0703373 
t11        1.3144041 1.7786835 1.8942965 1.3744361 1.1586745 2.0310377 0.9913169 0.9913169 0.4172160 0.0000000 3.2381161 1.7786835 0.8864954 0.6626257 0.7389627 0.5299277 0.7389627 1.5111773 1.3744361 1.3744361 
t14        1.2070784 3.2381161 9.0000000 1.2070784 2.7182557 1.8942965 1.1132061 1.6785349 1.5111773 3.2381161 0.0000000 1.6785349 1.8942965 1.5901977 1.6785349 1.2588231 1.5901977 0.8239592 0.7945437 0.7945437 
t4         1.4396946 9.0000000 3.2381161 1.8942965 2.0310377 1.5111773 1.2070784 1.4396946 1.5111773 1.7786835 1.6785349 0.0000000 0.9547243 1.6785349 1.3744361 1.2588231 1.0703373 2.0310377 1.6785349 1.6785349 
t8         0.9913169 2.0310377 1.3144041 1.5901977 1.1132061 1.1132061 0.8864954 0.9547243 0.7389627 0.8864954 1.8942965 0.9547243 0.0000000 0.9913169 0.9913169 0.7945437 0.6626257 2.0310377 1.7786835 1.7786835 
t10        1.8942965 2.0310377 1.5901977 1.5901977 1.6785349 1.7786835 1.0297869 1.2070784 0.5504769 0.6626257 1.5901977 1.6785349 0.9913169 0.0000000 0.1549607 0.6157354 0.7945437 1.5111773 1.3744361 1.3744361 
t6         2.0310377 2.4141569 1.4396946 1.5111773 1.6785349 1.7786835 0.8239592 1.2588231 0.5933457 0.7389627 1.6785349 1.3744361 0.9913169 0.1549607 0.0000000 0.6388142 0.8239592 1.6785349 1.5111773 1.5111773 
t16        1.1586745 1.8942965 1.4396946 2.0310377 1.4396946 1.3144041 0.6872180 0.9913169 0.3505054 0.5299277 1.2588231 1.2588231 0.7945437 0.6157354 0.6388142 0.0000000 0.2326162 1.4396946 1.2588231 1.2588231 
t18        0.9198342 2.1983953 1.3744361 1.8942965 1.8942965 1.5901977 0.6872180 0.8864954 0.5299277 0.7389627 1.5901977 1.0703373 0.6626257 0.7945437 0.8239592 0.2326162 0.0000000 1.5111773 1.5111773 1.5111773 
t3         0.9913169 2.1983953 1.3144041 1.1586745 1.5901977 2.0310377 1.2070784 1.3744361 1.1586745 1.5111773 0.8239592 2.0310377 2.0310377 1.5111773 1.6785349 1.4396946 1.5111773 0.0000000 0.0517447 0.0517447 
t7         0.9913169 2.1983953 1.3744361 1.1132061 1.4396946 2.0310377 1.1586745 1.3744361 1.0703373 1.3744361 0.7945437 1.6785349 1.7786835 1.3744361 1.5111773 1.2588231 1.5111773 0.0517447 0.0000000 0.0000010 
t5         0.9913169 2.1983953 1.3744361 1.1132061 1.4396946 2.0310377 1.1586745 1.3744361 1.0703373 1.3744361 0.7945437 1.6785349 1.7786835 1.3744361 1.5111773 1.2588231 1.5111773 0.0517447 0.0000010 0.0000000 
