20
t18        0.0000000 0.3192509 0.4172160 1.2070784 0.3831192 0.6388142 0.5299277 0.4172160 0.7126442 1.0703373 1.0297869 0.4529370 0.5099265 0.3999739 0.3505054 0.4172160 0.4714565 0.4529370 0.8864954 0.8545757 
t14        0.3192509 0.0000000 0.2191023 1.3744361 0.1549607 0.5504769 0.4172160 0.1307650 0.4904449 0.8864954 0.7945437 0.2746833 0.3192509 0.2463781 0.2191023 0.2603971 0.1549607 0.1427653 0.5933457 0.5716050 
t4         0.4172160 0.2191023 0.0000000 1.1586745 0.2191023 0.6872180 0.4904449 0.2603971 0.5099265 1.2070784 1.1586745 0.3040988 0.3505054 0.2603971 0.2326162 0.2892469 0.3192509 0.3040988 0.5933457 0.5716050 
t5         1.2070784 1.3744361 1.1586745 0.0000000 1.2070784 1.5901977 1.3144041 1.3744361 1.5901977 1.1586745 1.2070784 1.1132061 1.1132061 1.4396946 1.3144041 1.4396946 1.2588231 1.2588231 1.7786835 1.8942965 
t11        0.3831192 0.1549607 0.2191023 1.2070784 0.0000000 0.5504769 0.3831192 0.1927838 0.5099265 0.7945437 0.8239592 0.3040988 0.3505054 0.2892469 0.2603971 0.3347153 0.2326162 0.2191023 0.5933457 0.5716050 
t20        0.6388142 0.5504769 0.6872180 1.5901977 0.5504769 0.0000000 0.5933457 0.6388142 0.9198342 1.3144041 1.5901977 0.7389627 0.7389627 0.6388142 0.5504769 0.6157354 0.6157354 0.6388142 1.2588231 1.2070784 
t13        0.5299277 0.4172160 0.4904449 1.3144041 0.3831192 0.5933457 0.0000000 0.5099265 0.6626257 1.1132061 1.1132061 0.5099265 0.5099265 0.4904449 0.4714565 0.5299277 0.4904449 0.5099265 0.7945437 0.7662384 
t19        0.4172160 0.1307650 0.2603971 1.3744361 0.1927838 0.6388142 0.5099265 0.0000000 0.6388142 0.8864954 0.8239592 0.3505054 0.3999739 0.3192509 0.2892469 0.3666350 0.1307650 0.1189538 0.5933457 0.5716050 
t16        0.7126442 0.4904449 0.5099265 1.5901977 0.5099265 0.9198342 0.6626257 0.6388142 0.0000000 1.2070784 1.2588231 0.6388142 0.6872180 0.5099265 0.5099265 0.5504769 0.6872180 0.6626257 0.7126442 0.6872180 
t17        1.0703373 0.8864954 1.2070784 1.1586745 0.7945437 1.3144041 1.1132061 0.8864954 1.2070784 0.0000000 0.1427653 0.9913169 1.0703373 1.1132061 1.0297869 1.1132061 0.9198342 0.9198342 1.6785349 1.6785349 
t6         1.0297869 0.7945437 1.1586745 1.2070784 0.8239592 1.5901977 1.1132061 0.8239592 1.2588231 0.1427653 0.0000000 0.9913169 1.0703373 1.0297869 0.9547243 1.0297869 0.8545757 0.8545757 1.5901977 1.5901977 
t9         0.4529370 0.2746833 0.3040988 1.1132061 0.3040988 0.7389627 0.5099265 0.3505054 0.6388142 0.9913169 0.9913169 0.0000000 0.0411062 0.4172160 0.3831192 0.4714565 0.3999739 0.3831192 0.7662384 0.7389627 
t10        0.5099265 0.3192509 0.3505054 1.1132061 0.3505054 0.7389627 0.5099265 0.3999739 0.6872180 1.0703373 1.0703373 0.0411062 0.0000000 0.3999739 0.3831192 0.4714565 0.4348639 0.4172160 0.8239592 0.7945437 
t2         0.3999739 0.2463781 0.2603971 1.4396946 0.2892469 0.6388142 0.4904449 0.3192509 0.5099265 1.1132061 1.0297869 0.4172160 0.3999739 0.0000000 0.0411062 0.0958750 0.3347153 0.3192509 0.6388142 0.6157354 
t12        0.3505054 0.2191023 0.2326162 1.3144041 0.2603971 0.5504769 0.4714565 0.2892469 0.5099265 1.0297869 0.9547243 0.3831192 0.3831192 0.0411062 0.0000000 0.0517447 0.3040988 0.2892469 0.6157354 0.5933457 
t1         0.4172160 0.2603971 0.2892469 1.4396946 0.3347153 0.6157354 0.5299277 0.3666350 0.5504769 1.1132061 1.0297869 0.4714565 0.4714565 0.0958750 0.0517447 0.0000000 0.3666350 0.3505054 0.6157354 0.5933457 
t15        0.4714565 0.1549607 0.3192509 1.2588231 0.2326162 0.6157354 0.4904449 0.1307650 0.6872180 0.9198342 0.8545757 0.3999739 0.4348639 0.3347153 0.3040988 0.3666350 0.0000000 0.0100673 0.6388142 0.6157354 
t8         0.4529370 0.1427653 0.3040988 1.2588231 0.2191023 0.6388142 0.5099265 0.1189538 0.6626257 0.9198342 0.8545757 0.3831192 0.4172160 0.3192509 0.2892469 0.3505054 0.0100673 0.0000000 0.6157354 0.5933457 
t7         0.8864954 0.5933457 0.5933457 1.7786835 0.5933457 1.2588231 0.7945437 0.5933457 0.7126442 1.6785349 1.5901977 0.7662384 0.8239592 0.6388142 0.6157354 0.6157354 0.6388142 0.6157354 0.0000000 0.0100673 
t3         0.8545757 0.5716050 0.5716050 1.8942965 0.5716050 1.2070784 0.7662384 0.5716050 0.6872180 1.6785349 1.5901977 0.7389627 0.7945437 0.6157354 0.5933457 0.5933457 0.6157354 0.5933457 0.0100673 0.0000000 
