20
t7         0.0000000 1.8942965 1.1586745 0.9913169 0.8864954 1.4396946 1.7786835 9.0000000 2.0310377 1.8942965 9.0000000 2.4141569 2.7182557 9.0000000 1.3744361 1.0703373 9.0000000 9.0000000 1.6785349 1.4396946 
t9         1.8942965 0.0000000 1.8942965 9.0000000 3.2381161 1.7786835 0.7945437 3.2381161 1.2070784 1.0703373 3.2381161 2.7182557 9.0000000 2.1983953 1.7786835 1.5901977 3.2381161 3.2381161 2.0310377 1.8942965 
t1         1.1586745 1.8942965 0.0000000 1.7786835 1.3744361 0.9913169 1.3744361 1.6785349 1.7786835 1.7786835 1.0703373 0.9547243 9.0000000 9.0000000 1.1132061 1.2070784 1.8942965 1.8942965 0.5716050 0.6626257 
t14        0.9913169 9.0000000 1.7786835 0.0000000 0.3347153 2.7182557 1.8942965 3.2381161 9.0000000 2.7182557 9.0000000 9.0000000 1.5901977 3.2381161 2.7182557 1.8942965 9.0000000 9.0000000 1.5901977 1.6785349 
t20        0.8864954 3.2381161 1.3744361 0.3347153 0.0000000 1.7786835 1.2588231 2.1983953 2.0310377 1.8942965 9.0000000 9.0000000 1.5901977 2.0310377 1.6785349 1.3744361 2.1983953 2.7182557 1.3744361 1.4396946 
t4         1.4396946 1.7786835 0.9913169 2.7182557 1.7786835 0.0000000 1.1586745 1.6785349 1.6785349 2.0310377 1.3744361 1.3144041 3.2381161 3.2381161 0.1799630 0.3347153 2.0310377 2.4141569 0.7662384 0.7945437 
t11        1.7786835 0.7945437 1.3744361 1.8942965 1.2588231 1.1586745 0.0000000 1.3744361 0.3831192 0.5099265 1.7786835 9.0000000 2.4141569 2.1983953 1.1132061 1.2070784 1.5901977 1.7786835 1.3744361 1.4396946 
t3         9.0000000 3.2381161 1.6785349 3.2381161 2.1983953 1.6785349 1.3744361 0.0000000 1.8942965 1.6785349 9.0000000 2.0310377 9.0000000 9.0000000 1.6785349 2.1983953 0.2058276 0.1673577 1.5111773 1.7786835 
t10        2.0310377 1.2070784 1.7786835 9.0000000 2.0310377 1.6785349 0.3831192 1.8942965 0.0000000 0.2603971 2.4141569 2.7182557 9.0000000 9.0000000 1.4396946 1.6785349 2.4141569 2.0310377 2.0310377 2.1983953 
t15        1.8942965 1.0703373 1.7786835 2.7182557 1.8942965 2.0310377 0.5099265 1.6785349 0.2603971 0.0000000 1.7786835 1.7786835 9.0000000 3.2381161 2.4141569 1.8942965 2.0310377 1.8942965 1.7786835 1.6785349 
t6         9.0000000 3.2381161 1.0703373 9.0000000 9.0000000 1.3744361 1.7786835 9.0000000 2.4141569 1.7786835 0.0000000 0.2326162 3.2381161 9.0000000 1.5111773 1.8942965 9.0000000 9.0000000 1.1586745 1.3744361 
t12        2.4141569 2.7182557 0.9547243 9.0000000 9.0000000 1.3144041 9.0000000 2.0310377 2.7182557 1.7786835 0.2326162 0.0000000 9.0000000 3.2381161 1.5111773 1.4396946 2.7182557 2.0310377 0.9198342 1.0703373 
t13        2.7182557 9.0000000 9.0000000 1.5901977 1.5901977 3.2381161 2.4141569 9.0000000 9.0000000 9.0000000 3.2381161 9.0000000 0.0000000 0.2603971 2.7182557 1.5111773 9.0000000 9.0000000 9.0000000 9.0000000 
t18        9.0000000 2.1983953 9.0000000 3.2381161 2.0310377 3.2381161 2.1983953 9.0000000 9.0000000 3.2381161 9.0000000 3.2381161 0.2603971 0.0000000 2.0310377 2.1983953 9.0000000 9.0000000 9.0000000 9.0000000 
t5         1.3744361 1.7786835 1.1132061 2.7182557 1.6785349 0.1799630 1.1132061 1.6785349 1.4396946 2.4141569 1.5111773 1.5111773 2.7182557 2.0310377 0.0000000 0.2603971 1.5901977 2.0310377 0.7662384 0.7662384 
t8         1.0703373 1.5901977 1.2070784 1.8942965 1.3744361 0.3347153 1.2070784 2.1983953 1.6785349 1.8942965 1.8942965 1.4396946 1.5111773 2.1983953 0.2603971 0.0000000 1.8942965 2.1983953 0.8545757 0.7945437 
t19        9.0000000 3.2381161 1.8942965 9.0000000 2.1983953 2.0310377 1.5901977 0.2058276 2.4141569 2.0310377 9.0000000 2.7182557 9.0000000 9.0000000 1.5901977 1.8942965 0.0000000 0.1073256 1.7786835 2.0310377 
t17        9.0000000 3.2381161 1.8942965 9.0000000 2.7182557 2.4141569 1.7786835 0.1673577 2.0310377 1.8942965 9.0000000 2.0310377 9.0000000 9.0000000 2.0310377 2.1983953 0.1073256 0.0000000 1.8942965 2.1983953 
t16        1.6785349 2.0310377 0.5716050 1.5901977 1.3744361 0.7662384 1.3744361 1.5111773 2.0310377 1.7786835 1.1586745 0.9198342 9.0000000 9.0000000 0.7662384 0.8545757 1.7786835 1.8942965 0.0000000 0.0845966 
t2         1.4396946 1.8942965 0.6626257 1.6785349 1.4396946 0.7945437 1.4396946 1.7786835 2.1983953 1.6785349 1.3744361 1.0703373 9.0000000 9.0000000 0.7662384 0.7945437 2.0310377 2.1983953 0.0845966 0.0000000 
