20
t5         0.0000000 1.8942965 9.0000000 1.7786835 1.5111773 1.8942965 2.0310377 2.7182557 1.7786835 1.6785349 2.7182557 2.1983953 2.7182557 1.5901977 1.5111773 1.5111773 1.8942965 2.4141569 1.8942965 1.8942965 
t18        1.8942965 0.0000000 1.2588231 0.8239592 0.6626257 0.9913169 2.0310377 0.8239592 0.9198342 0.8239592 0.8545757 1.3744361 1.2070784 0.7389627 1.3144041 0.8545757 0.9547243 0.9913169 1.0297869 0.9913169 
t8         9.0000000 1.2588231 0.0000000 1.5111773 1.4396946 1.5901977 2.7182557 1.5901977 1.4396946 1.3744361 1.6785349 1.5901977 1.8942965 1.4396946 1.8942965 1.3744361 1.3744361 1.4396946 1.3144041 1.2588231 
t14        1.7786835 0.8239592 1.5111773 0.0000000 0.4529370 0.6872180 1.6785349 0.5716050 0.6626257 0.6626257 0.6626257 0.8864954 0.9913169 0.4529370 0.7662384 0.5299277 0.8864954 0.6872180 0.7662384 0.7389627 
t13        1.5111773 0.6626257 1.4396946 0.4529370 0.0000000 0.6388142 1.3144041 0.4172160 0.5099265 0.5099265 0.4529370 0.7389627 0.7389627 0.3666350 0.6626257 0.3666350 0.6872180 0.5716050 0.6388142 0.6157354 
t12        1.8942965 0.9913169 1.5901977 0.6872180 0.6388142 0.0000000 1.8942965 0.8545757 0.8864954 0.9547243 0.6157354 1.2070784 1.5901977 0.7126442 1.0297869 0.7662384 0.8545757 0.8239592 0.9198342 0.8864954 
t15        2.0310377 2.0310377 2.7182557 1.6785349 1.3144041 1.8942965 0.0000000 1.6785349 0.8545757 0.8864954 2.4141569 1.3144041 2.4141569 2.1983953 1.8942965 2.1983953 2.1983953 2.0310377 3.2381161 3.2381161 
t4         2.7182557 0.8239592 1.5901977 0.5716050 0.4172160 0.8545757 1.6785349 0.0000000 0.6872180 0.7126442 0.5099265 0.5099265 0.5504769 0.2191023 0.5504769 0.2326162 0.7662384 0.5933457 0.7389627 0.7126442 
t6         1.7786835 0.9198342 1.4396946 0.6626257 0.5099265 0.8864954 0.8545757 0.6872180 0.0000000 0.0958750 0.7389627 0.9198342 1.3744361 0.7126442 0.7662384 0.6626257 1.1132061 0.8545757 0.8545757 0.8545757 
t17        1.6785349 0.8239592 1.3744361 0.6626257 0.5099265 0.9547243 0.8864954 0.7126442 0.0958750 0.0000000 0.7126442 0.9913169 1.3144041 0.6872180 0.8239592 0.7662384 1.2070784 0.9198342 0.8864954 0.8864954 
t11        2.7182557 0.8545757 1.6785349 0.6626257 0.4529370 0.6157354 2.4141569 0.5099265 0.7389627 0.7126442 0.0000000 0.6626257 0.8545757 0.3831192 0.7389627 0.4348639 0.3347153 0.2603971 0.7389627 0.7126442 
t2         2.1983953 1.3744361 1.5901977 0.8864954 0.7389627 1.2070784 1.3144041 0.5099265 0.9198342 0.9913169 0.6626257 0.0000000 0.4172160 0.3999739 0.7126442 0.4529370 1.0297869 0.9198342 0.8545757 0.8864954 
t10        2.7182557 1.2070784 1.8942965 0.9913169 0.7389627 1.5901977 2.4141569 0.5504769 1.3744361 1.3144041 0.8545757 0.4172160 0.0000000 0.4529370 0.7662384 0.5299277 1.2070784 0.9913169 0.8239592 0.8545757 
t19        1.5901977 0.7389627 1.4396946 0.4529370 0.3666350 0.7126442 2.1983953 0.2191023 0.7126442 0.6872180 0.3831192 0.3999739 0.4529370 0.0000000 0.3831192 0.0958750 0.6157354 0.4904449 0.5504769 0.5299277 
t7         1.5111773 1.3144041 1.8942965 0.7662384 0.6626257 1.0297869 1.8942965 0.5504769 0.7662384 0.8239592 0.7389627 0.7126442 0.7662384 0.3831192 0.0000000 0.3505054 0.7389627 0.8545757 0.7662384 0.7389627 
t9         1.5111773 0.8545757 1.3744361 0.5299277 0.3666350 0.7662384 2.1983953 0.2326162 0.6626257 0.7662384 0.4348639 0.4529370 0.5299277 0.0958750 0.3505054 0.0000000 0.6626257 0.5299277 0.6157354 0.5933457 
t1         1.8942965 0.9547243 1.3744361 0.8864954 0.6872180 0.8545757 2.1983953 0.7662384 1.1132061 1.2070784 0.3347153 1.0297869 1.2070784 0.6157354 0.7389627 0.6626257 0.0000000 0.3347153 0.7389627 0.7126442 
t3         2.4141569 0.9913169 1.4396946 0.6872180 0.5716050 0.8239592 2.0310377 0.5933457 0.8545757 0.9198342 0.2603971 0.9198342 0.9913169 0.4904449 0.8545757 0.5299277 0.3347153 0.0000000 0.7945437 0.7662384 
t20        1.8942965 1.0297869 1.3144041 0.7662384 0.6388142 0.9198342 3.2381161 0.7389627 0.8545757 0.8864954 0.7389627 0.8545757 0.8239592 0.5504769 0.7662384 0.6157354 0.7389627 0.7945437 0.0000000 0.0100673 
t16        1.8942965 0.9913169 1.2588231 0.7389627 0.6157354 0.8864954 3.2381161 0.7126442 0.8545757 0.8864954 0.7126442 0.8864954 0.8545757 0.5299277 0.7389627 0.5933457 0.7126442 0.7662384 0.0100673 0.0000000 
