20
t9         0.0000000 0.8545757 2.4141569 0.4904449 1.2588231 1.2070784 0.9198342 0.3192509 0.7945437 0.8864954 1.1586745 2.1983953 1.3144041 1.4396946 0.8239592 1.0703373 1.2070784 1.3744361 0.4172160 0.3666350 
t7         0.8545757 0.0000000 2.7182557 0.8239592 2.1983953 2.1983953 1.6785349 0.7662384 1.2588231 1.5901977 1.4396946 9.0000000 1.5901977 1.5901977 1.3744361 1.5111773 1.4396946 2.0310377 0.7662384 0.8545757 
t8         2.4141569 2.7182557 0.0000000 1.6785349 1.3744361 1.2070784 1.6785349 2.1983953 1.8942965 2.0310377 3.2381161 2.1983953 1.5901977 1.8942965 1.7786835 1.5901977 2.4141569 2.1983953 2.4141569 2.1983953 
t13        0.4904449 0.8239592 1.6785349 0.0000000 1.2588231 1.2588231 0.8239592 0.3192509 0.5299277 0.7126442 1.4396946 9.0000000 1.6785349 1.7786835 0.9913169 0.9913169 1.3144041 1.5901977 0.3347153 0.3666350 
t2         1.2588231 2.1983953 1.3744361 1.2588231 0.0000000 0.0517447 1.7786835 0.9913169 1.5111773 1.5901977 9.0000000 1.0297869 0.4348639 0.5716050 9.0000000 3.2381161 9.0000000 9.0000000 1.2070784 1.1586745 
t10        1.2070784 2.1983953 1.2070784 1.2588231 0.0517447 0.0000000 2.1983953 0.9913169 1.7786835 1.7786835 3.2381161 0.9547243 0.3831192 0.5099265 2.7182557 2.7182557 9.0000000 9.0000000 1.2588231 1.2588231 
t5         0.9198342 1.6785349 1.6785349 0.8239592 1.7786835 2.1983953 0.0000000 0.9198342 1.1586745 1.1586745 0.7389627 2.7182557 9.0000000 9.0000000 0.3347153 0.4348639 1.3744361 1.5901977 1.0297869 1.1132061 
t1         0.3192509 0.7662384 2.1983953 0.3192509 0.9913169 0.9913169 0.9198342 0.0000000 0.7389627 0.7126442 1.1132061 2.4141569 1.4396946 1.4396946 0.9547243 1.0703373 1.2070784 1.4396946 0.1549607 0.1799630 
t11        0.7945437 1.2588231 1.8942965 0.5299277 1.5111773 1.7786835 1.1586745 0.7389627 0.0000000 0.6388142 9.0000000 2.7182557 2.1983953 2.1983953 1.7786835 2.1983953 1.5111773 1.5901977 0.7945437 0.7389627 
t20        0.8864954 1.5901977 2.0310377 0.7126442 1.5901977 1.7786835 1.1586745 0.7126442 0.6388142 0.0000000 1.5111773 3.2381161 2.4141569 1.7786835 1.2588231 1.3744361 1.4396946 1.7786835 0.8239592 0.7945437 
t14        1.1586745 1.4396946 3.2381161 1.4396946 9.0000000 3.2381161 0.7389627 1.1132061 9.0000000 1.5111773 0.0000000 3.2381161 2.7182557 2.7182557 0.4348639 0.4714565 1.5901977 1.8942965 0.9913169 1.1586745 
t16        2.1983953 9.0000000 2.1983953 9.0000000 1.0297869 0.9547243 2.7182557 2.4141569 2.7182557 3.2381161 3.2381161 0.0000000 0.6626257 0.6872180 2.0310377 2.7182557 9.0000000 9.0000000 2.1983953 2.0310377 
t4         1.3144041 1.5901977 1.5901977 1.6785349 0.4348639 0.3831192 9.0000000 1.4396946 2.1983953 2.4141569 2.7182557 0.6626257 0.0000000 0.1427653 2.0310377 1.8942965 9.0000000 9.0000000 1.5901977 1.2588231 
t15        1.4396946 1.5901977 1.8942965 1.7786835 0.5716050 0.5099265 9.0000000 1.4396946 2.1983953 1.7786835 2.7182557 0.6872180 0.1427653 0.0000000 2.0310377 2.4141569 9.0000000 9.0000000 1.5901977 1.3144041 
t17        0.8239592 1.3744361 1.7786835 0.9913169 9.0000000 2.7182557 0.3347153 0.9547243 1.7786835 1.2588231 0.4348639 2.0310377 2.0310377 2.0310377 0.0000000 0.1307650 1.2588231 1.5111773 0.9198342 1.0703373 
t19        1.0703373 1.5111773 1.5901977 0.9913169 3.2381161 2.7182557 0.4348639 1.0703373 2.1983953 1.3744361 0.4714565 2.7182557 1.8942965 2.4141569 0.1307650 0.0000000 1.5111773 2.0310377 0.9913169 1.1132061 
t12        1.2070784 1.4396946 2.4141569 1.3144041 9.0000000 9.0000000 1.3744361 1.2070784 1.5111773 1.4396946 1.5901977 9.0000000 9.0000000 9.0000000 1.2588231 1.5111773 0.0000000 0.2191023 1.2070784 1.0703373 
t3         1.3744361 2.0310377 2.1983953 1.5901977 9.0000000 9.0000000 1.5901977 1.4396946 1.5901977 1.7786835 1.8942965 9.0000000 9.0000000 9.0000000 1.5111773 2.0310377 0.2191023 0.0000000 1.4396946 1.3744361 
t18        0.4172160 0.7662384 2.4141569 0.3347153 1.2070784 1.2588231 1.0297869 0.1549607 0.7945437 0.8239592 0.9913169 2.1983953 1.5901977 1.5901977 0.9198342 0.9913169 1.2070784 1.4396946 0.0000000 0.1307650 
t6         0.3666350 0.8545757 2.1983953 0.3666350 1.1586745 1.2588231 1.1132061 0.1799630 0.7389627 0.7945437 1.1586745 2.0310377 1.2588231 1.3144041 1.0703373 1.1132061 1.0703373 1.3744361 0.1307650 0.0000000 
