20
t18        0.0000000 0.3192509 0.7126442 0.6626257 0.7662384 0.5099265 0.5299277 0.5716050 0.7389627 0.7389627 0.5933457 0.6157354 0.7126442 0.7945437 0.8545757 0.7389627 0.7389627 0.5099265 0.4904449 0.4904449 
t19        0.3192509 0.0000000 0.6872180 0.6157354 0.6872180 0.4904449 0.3666350 0.3831192 0.4714565 0.5099265 0.4714565 0.4714565 0.5099265 0.6157354 0.6626257 0.4348639 0.4348639 0.3999739 0.3999739 0.3999739 
t12        0.7126442 0.6872180 0.0000000 0.5299277 0.5299277 0.7126442 0.7389627 0.8545757 0.8864954 1.0703373 0.8864954 0.5504769 0.5933457 0.6388142 0.6872180 1.0703373 1.0703373 0.7662384 0.7945437 0.7945437 
t3         0.6626257 0.6157354 0.5299277 0.0000000 0.3999739 0.6872180 0.6388142 0.7389627 0.7126442 0.8239592 0.6626257 0.4348639 0.4714565 0.5504769 0.5933457 0.8545757 0.8545757 0.6157354 0.6388142 0.6388142 
t7         0.7662384 0.6872180 0.5299277 0.3999739 0.0000000 0.8545757 0.7389627 0.7662384 0.7662384 0.8864954 0.6388142 0.4529370 0.4529370 0.7126442 0.7662384 0.8864954 0.8864954 0.6388142 0.6157354 0.6157354 
t9         0.5099265 0.4904449 0.7126442 0.6872180 0.8545757 0.0000000 0.2603971 0.5504769 0.6388142 0.6388142 0.3040988 0.6626257 0.6626257 0.6157354 0.6157354 0.7126442 0.7126442 0.2892469 0.3040988 0.3040988 
t2         0.5299277 0.3666350 0.7389627 0.6388142 0.7389627 0.2603971 0.0000000 0.5299277 0.6157354 0.6157354 0.2326162 0.5099265 0.5099265 0.6872180 0.7389627 0.6157354 0.6157354 0.2326162 0.2463781 0.2463781 
t20        0.5716050 0.3831192 0.8545757 0.7389627 0.7662384 0.5504769 0.5299277 0.0000000 0.1189538 0.1549607 0.5716050 0.5099265 0.5716050 0.7389627 0.7389627 0.1673577 0.1673577 0.5299277 0.5504769 0.5504769 
t15        0.7389627 0.4714565 0.8864954 0.7126442 0.7662384 0.6388142 0.6157354 0.1189538 0.0000000 0.1427653 0.6626257 0.4904449 0.5504769 0.8545757 0.8545757 0.1549607 0.1549607 0.5933457 0.6157354 0.6157354 
t13        0.7389627 0.5099265 1.0703373 0.8239592 0.8864954 0.6388142 0.6157354 0.1549607 0.1427653 0.0000000 0.6157354 0.5716050 0.6388142 0.8239592 0.8239592 0.1799630 0.1799630 0.5716050 0.5933457 0.5933457 
t14        0.5933457 0.4714565 0.8864954 0.6626257 0.6388142 0.3040988 0.2326162 0.5716050 0.6626257 0.6157354 0.0000000 0.6157354 0.5504769 0.7389627 0.7945437 0.6872180 0.6872180 0.0958750 0.1073256 0.1073256 
t11        0.6157354 0.4714565 0.5504769 0.4348639 0.4529370 0.6626257 0.5099265 0.5099265 0.4904449 0.5716050 0.6157354 0.0000000 0.0845966 0.5716050 0.6157354 0.5716050 0.5716050 0.5716050 0.5933457 0.5933457 
t16        0.7126442 0.5099265 0.5933457 0.4714565 0.4529370 0.6626257 0.5099265 0.5716050 0.5504769 0.6388142 0.5504769 0.0845966 0.0000000 0.6157354 0.6626257 0.6388142 0.6388142 0.5716050 0.5933457 0.5933457 
t4         0.7945437 0.6157354 0.6388142 0.5504769 0.7126442 0.6157354 0.6872180 0.7389627 0.8545757 0.8239592 0.7389627 0.5716050 0.6157354 0.0000000 0.0202715 0.8864954 0.8864954 0.6872180 0.6872180 0.6872180 
t1         0.8545757 0.6626257 0.6872180 0.5933457 0.7662384 0.6157354 0.7389627 0.7389627 0.8545757 0.8239592 0.7945437 0.6157354 0.6626257 0.0202715 0.0000000 0.8864954 0.8864954 0.7389627 0.7389627 0.7389627 
t10        0.7389627 0.4348639 1.0703373 0.8545757 0.8864954 0.7126442 0.6157354 0.1673577 0.1549607 0.1799630 0.6872180 0.5716050 0.6388142 0.8864954 0.8864954 0.0000000 0.0000010 0.6388142 0.6388142 0.6388142 
t17        0.7389627 0.4348639 1.0703373 0.8545757 0.8864954 0.7126442 0.6157354 0.1673577 0.1549607 0.1799630 0.6872180 0.5716050 0.6388142 0.8864954 0.8864954 0.0000010 0.0000000 0.6388142 0.6388142 0.6388142 
t6         0.5099265 0.3999739 0.7662384 0.6157354 0.6388142 0.2892469 0.2326162 0.5299277 0.5933457 0.5716050 0.0958750 0.5716050 0.5716050 0.6872180 0.7389627 0.6388142 0.6388142 0.0000000 0.0100673 0.0100673 
t5         0.4904449 0.3999739 0.7945437 0.6388142 0.6157354 0.3040988 0.2463781 0.5504769 0.6157354 0.5933457 0.1073256 0.5933457 0.5933457 0.6872180 0.7389627 0.6388142 0.6388142 0.0100673 0.0000000 0.0000010 
t8         0.4904449 0.3999739 0.7945437 0.6388142 0.6157354 0.3040988 0.2463781 0.5504769 0.6157354 0.5933457 0.1073256 0.5933457 0.5933457 0.6872180 0.7389627 0.6388142 0.6388142 0.0100673 0.0000010 0.0000000 
