20
t1         0.0000000 1.1586745 1.3744361 1.2588231 1.1132061 0.8239592 0.8545757 1.5111773 1.0297869 1.2588231 1.2070784 1.1586745 1.0297869 1.0297869 0.9913169 1.1132061 0.9913169 1.0703373 1.3744361 1.3744361 
t15        1.1586745 0.0000000 0.9198342 0.7945437 0.6626257 0.9547243 1.0703373 0.6388142 0.8864954 0.5716050 1.0703373 0.9198342 1.0297869 1.1586745 1.0297869 1.0703373 0.7126442 0.8239592 0.5099265 0.5504769 
t10        1.3744361 0.9198342 0.0000000 0.8864954 0.6626257 0.9547243 1.3144041 0.5933457 0.8864954 0.6388142 0.6157354 0.5504769 0.9913169 1.0703373 1.0703373 1.0297869 0.4529370 0.4904449 0.7126442 0.7126442 
t4         1.2588231 0.7945437 0.8864954 0.0000000 0.3666350 0.9913169 1.1132061 0.6157354 1.2588231 0.5716050 1.4396946 1.1586745 1.2588231 1.2070784 1.1132061 1.0703373 0.8545757 0.8545757 0.5933457 0.6388142 
t3         1.1132061 0.6626257 0.6626257 0.3666350 0.0000000 0.9198342 0.9547243 0.5933457 1.0297869 0.6157354 0.9913169 0.8545757 1.0703373 1.0703373 1.0297869 1.1132061 0.6872180 0.6872180 0.6388142 0.6872180 
t16        0.8239592 0.9547243 0.9547243 0.9913169 0.9198342 0.0000000 0.3831192 1.0297869 0.5099265 0.9547243 1.5111773 1.2070784 0.3831192 0.3831192 0.6626257 0.6388142 1.1132061 1.2070784 0.9198342 1.0297869 
t8         0.8545757 1.0703373 1.3144041 1.1132061 0.9547243 0.3831192 0.0000000 1.3144041 0.5299277 1.1132061 1.2070784 1.3144041 0.4904449 0.5099265 0.5716050 0.6157354 0.9547243 1.0703373 1.0703373 1.2070784 
t9         1.5111773 0.6388142 0.5933457 0.6157354 0.5933457 1.0297869 1.3144041 0.0000000 1.0703373 0.3040988 0.7945437 0.7389627 1.1586745 1.1586745 1.1132061 1.1132061 0.6872180 0.7126442 0.2463781 0.2746833 
t14        1.0297869 0.8864954 0.8864954 1.2588231 1.0297869 0.5099265 0.5299277 1.0703373 0.0000000 0.8864954 1.2070784 1.0297869 0.6388142 0.7389627 0.3999739 0.4348639 0.8864954 1.0703373 0.8545757 0.9547243 
t20        1.2588231 0.5716050 0.6388142 0.5716050 0.6157354 0.9547243 1.1132061 0.3040988 0.8864954 0.0000000 0.7389627 0.7389627 1.0297869 0.8239592 0.9198342 0.9198342 0.5299277 0.6157354 0.2603971 0.3040988 
t17        1.2070784 1.0703373 0.6157354 1.4396946 0.9913169 1.5111773 1.2070784 0.7945437 1.2070784 0.7389627 0.0000000 0.2892469 1.1132061 1.3744361 1.3744361 1.4396946 0.4348639 0.4348639 0.7662384 0.7389627 
t12        1.1586745 0.9198342 0.5504769 1.1586745 0.8545757 1.2070784 1.3144041 0.7389627 1.0297869 0.7389627 0.2892469 0.0000000 0.9547243 1.0703373 1.2588231 1.3144041 0.4348639 0.4348639 0.6626257 0.6388142 
t6         1.0297869 1.0297869 0.9913169 1.2588231 1.0703373 0.3831192 0.4904449 1.1586745 0.6388142 1.0297869 1.1132061 0.9547243 0.0000000 0.3040988 0.7389627 0.7662384 0.9547243 0.9547243 1.0297869 1.0703373 
t13        1.0297869 1.1586745 1.0703373 1.2070784 1.0703373 0.3831192 0.5099265 1.1586745 0.7389627 0.8239592 1.3744361 1.0703373 0.3040988 0.0000000 0.7126442 0.7126442 1.0703373 1.2070784 0.9913169 1.1132061 
t19        0.9913169 1.0297869 1.0703373 1.1132061 1.0297869 0.6626257 0.5716050 1.1132061 0.3999739 0.9198342 1.3744361 1.2588231 0.7389627 0.7126442 0.0000000 0.0958750 0.9547243 1.0703373 0.9547243 1.0703373 
t5         1.1132061 1.0703373 1.0297869 1.0703373 1.1132061 0.6388142 0.6157354 1.1132061 0.4348639 0.9198342 1.4396946 1.3144041 0.7662384 0.7126442 0.0958750 0.0000000 0.9547243 1.0703373 0.9547243 1.0703373 
t18        0.9913169 0.7126442 0.4529370 0.8545757 0.6872180 1.1132061 0.9547243 0.6872180 0.8864954 0.5299277 0.4348639 0.4348639 0.9547243 1.0703373 0.9547243 0.9547243 0.0000000 0.1549607 0.5299277 0.5299277 
t7         1.0703373 0.8239592 0.4904449 0.8545757 0.6872180 1.2070784 1.0703373 0.7126442 1.0703373 0.6157354 0.4348639 0.4348639 0.9547243 1.2070784 1.0703373 1.0703373 0.1549607 0.0000000 0.6388142 0.6626257 
t2         1.3744361 0.5099265 0.7126442 0.5933457 0.6388142 0.9198342 1.0703373 0.2463781 0.8545757 0.2603971 0.7662384 0.6626257 1.0297869 0.9913169 0.9547243 0.9547243 0.5299277 0.6388142 0.0000000 0.0306165 
t11        1.3744361 0.5504769 0.7126442 0.6388142 0.6872180 1.0297869 1.2070784 0.2746833 0.9547243 0.3040988 0.7389627 0.6388142 1.0703373 1.1132061 1.0703373 1.0703373 0.5299277 0.6626257 0.0306165 0.0000000 
