20
t3         0.0000000 0.7126442 1.1586745 0.8864954 0.7389627 0.6626257 0.8545757 0.8864954 0.7389627 0.7662384 1.2070784 0.9547243 0.9547243 0.7662384 0.7126442 0.7662384 0.9547243 0.8864954 0.8545757 0.8545757 
t20        0.7126442 0.0000000 0.7662384 0.8545757 0.4348639 0.4714565 0.5504769 0.7945437 0.4904449 0.7389627 0.7945437 0.7945437 0.5504769 0.5099265 0.6872180 0.7389627 0.8239592 0.7945437 0.4529370 0.4529370 
t19        1.1586745 0.7662384 0.0000000 0.2892469 0.9547243 0.8239592 0.9913169 0.9913169 0.9198342 0.8864954 0.7389627 0.6388142 1.0297869 0.7945437 0.8864954 0.7945437 0.6157354 0.5716050 0.8864954 0.8864954 
t2         0.8864954 0.8545757 0.2892469 0.0000000 0.9913169 0.7662384 1.0703373 0.8864954 0.9547243 0.6872180 0.5933457 0.5504769 0.9913169 0.7389627 0.7389627 0.7126442 0.6157354 0.5504769 0.9547243 0.9547243 
t1         0.7389627 0.4348639 0.9547243 0.9913169 0.0000000 0.2892469 0.3831192 0.4714565 0.4172160 0.6626257 0.8545757 0.8545757 0.5716050 0.4348639 0.6388142 0.6388142 0.9547243 0.9198342 0.3999739 0.3999739 
t17        0.6626257 0.4714565 0.8239592 0.7662384 0.2892469 0.0000000 0.3666350 0.3999739 0.3666350 0.5504769 0.6872180 0.7389627 0.4348639 0.3192509 0.5299277 0.5299277 0.8239592 0.7662384 0.3999739 0.3999739 
t10        0.8545757 0.5504769 0.9913169 1.0703373 0.3831192 0.3666350 0.0000000 0.3831192 0.5299277 0.7945437 0.9913169 0.9198342 0.5716050 0.5099265 0.7389627 0.7389627 1.1132061 1.0703373 0.5299277 0.5299277 
t18        0.8864954 0.7945437 0.9913169 0.8864954 0.4714565 0.3999739 0.3831192 0.0000000 0.5299277 0.8864954 1.0703373 1.0297869 0.5504769 0.5299277 0.7389627 0.7662384 1.1586745 1.0703373 0.5933457 0.5933457 
t4         0.7389627 0.4904449 0.9198342 0.9547243 0.4172160 0.3666350 0.5299277 0.5299277 0.0000000 0.7662384 0.8864954 0.8239592 0.2463781 0.1673577 0.6626257 0.6626257 0.8545757 0.7945437 0.2191023 0.2191023 
t7         0.7662384 0.7389627 0.8864954 0.6872180 0.6626257 0.5504769 0.7945437 0.8864954 0.7662384 0.0000000 0.9198342 0.7389627 0.7662384 0.7126442 0.1673577 0.1799630 0.8545757 0.7945437 0.6388142 0.6388142 
t9         1.2070784 0.7945437 0.7389627 0.5933457 0.8545757 0.6872180 0.9913169 1.0703373 0.8864954 0.9198342 0.0000000 0.1673577 0.9198342 0.7945437 0.9913169 0.9547243 0.4904449 0.4714565 0.7945437 0.7945437 
t15        0.9547243 0.7945437 0.6388142 0.5504769 0.8545757 0.7389627 0.9198342 1.0297869 0.8239592 0.7389627 0.1673577 0.0000000 0.9547243 0.7662384 0.8545757 0.8239592 0.4348639 0.4172160 0.7389627 0.7389627 
t6         0.9547243 0.5504769 1.0297869 0.9913169 0.5716050 0.4348639 0.5716050 0.5504769 0.2463781 0.7662384 0.9198342 0.9547243 0.0000000 0.1673577 0.7389627 0.7126442 0.9913169 0.9198342 0.2463781 0.2463781 
t13        0.7662384 0.5099265 0.7945437 0.7389627 0.4348639 0.3192509 0.5099265 0.5299277 0.1673577 0.7126442 0.7945437 0.7662384 0.1673577 0.0000000 0.7662384 0.7389627 0.7945437 0.7389627 0.2058276 0.2058276 
t16        0.7126442 0.6872180 0.8864954 0.7389627 0.6388142 0.5299277 0.7389627 0.7389627 0.6626257 0.1673577 0.9913169 0.8545757 0.7389627 0.7662384 0.0000000 0.0625362 0.8864954 0.8239592 0.6157354 0.6157354 
t5         0.7662384 0.7389627 0.7945437 0.7126442 0.6388142 0.5299277 0.7389627 0.7662384 0.6626257 0.1799630 0.9547243 0.8239592 0.7126442 0.7389627 0.0625362 0.0000000 0.8545757 0.8239592 0.6157354 0.6157354 
t14        0.9547243 0.8239592 0.6157354 0.6157354 0.9547243 0.8239592 1.1132061 1.1586745 0.8545757 0.8545757 0.4904449 0.4348639 0.9913169 0.7945437 0.8864954 0.8545757 0.0000000 0.0411062 0.8545757 0.8545757 
t12        0.8864954 0.7945437 0.5716050 0.5504769 0.9198342 0.7662384 1.0703373 1.0703373 0.7945437 0.7945437 0.4714565 0.4172160 0.9198342 0.7389627 0.8239592 0.8239592 0.0411062 0.0000000 0.8239592 0.8239592 
t8         0.8545757 0.4529370 0.8864954 0.9547243 0.3999739 0.3999739 0.5299277 0.5933457 0.2191023 0.6388142 0.7945437 0.7389627 0.2463781 0.2058276 0.6157354 0.6157354 0.8545757 0.8239592 0.0000000 0.0000010 
t11        0.8545757 0.4529370 0.8864954 0.9547243 0.3999739 0.3999739 0.5299277 0.5933457 0.2191023 0.6388142 0.7945437 0.7389627 0.2463781 0.2058276 0.6157354 0.6157354 0.8545757 0.8239592 0.0000010 0.0000000 
