20
t8         0.0000000 1.6785349 0.9913169 1.0703373 0.7945437 0.9198342 1.2070784 1.2070784 1.2070784 1.3744361 1.2070784 1.5111773 0.9547243 0.8864954 1.2588231 1.1586745 1.2070784 1.1586745 1.2070784 1.2070784 
t7         1.6785349 0.0000000 0.8864954 0.7662384 0.9913169 0.6626257 0.9913169 0.7389627 0.7945437 0.7389627 0.4714565 0.4172160 0.5504769 0.5716050 0.7662384 0.7662384 0.6388142 0.6626257 1.1132061 1.0703373 
t16        0.9913169 0.8864954 0.0000000 0.5504769 0.4904449 0.6388142 0.7389627 0.7389627 0.9547243 0.9198342 1.0297869 0.8864954 0.7945437 0.8545757 0.9913169 0.9913169 0.8864954 0.9198342 1.4396946 1.4396946 
t17        1.0703373 0.7662384 0.5504769 0.0000000 0.4904449 0.7945437 0.7662384 0.8545757 1.1132061 1.0297869 1.0297869 0.9547243 0.8239592 0.8239592 1.2588231 1.2588231 0.8864954 0.9198342 1.2588231 1.3144041 
t9         0.7945437 0.9913169 0.4904449 0.4904449 0.0000000 0.6872180 0.9198342 0.8239592 0.8545757 0.7662384 0.8239592 0.8864954 0.7662384 0.7389627 0.9198342 0.9913169 0.8239592 0.8239592 1.3144041 1.3744361 
t4         0.9198342 0.6626257 0.6388142 0.7945437 0.6872180 0.0000000 0.8864954 0.7945437 0.7945437 0.6872180 0.7126442 0.6388142 0.5099265 0.4714565 0.7389627 0.7389627 0.2191023 0.2326162 0.9913169 0.9913169 
t20        1.2070784 0.9913169 0.7389627 0.7662384 0.9198342 0.8864954 0.0000000 0.3666350 1.1132061 0.9198342 1.0297869 1.2070784 0.9198342 1.0297869 1.1132061 1.2588231 1.0297869 1.0703373 1.5901977 1.5901977 
t10        1.2070784 0.7389627 0.7389627 0.8545757 0.8239592 0.7945437 0.3666350 0.0000000 0.8864954 0.8239592 0.9198342 0.9198342 0.8239592 0.9198342 0.8545757 0.8545757 0.8864954 0.9198342 1.3744361 1.3744361 
t2         1.2070784 0.7945437 0.9547243 1.1132061 0.8545757 0.7945437 1.1132061 0.8864954 0.0000000 0.1549607 0.8239592 0.9198342 0.7126442 0.7126442 0.7389627 0.7126442 0.7389627 0.7662384 1.3144041 1.2588231 
t3         1.3744361 0.7389627 0.9198342 1.0297869 0.7662384 0.6872180 0.9198342 0.8239592 0.1549607 0.0000000 0.7389627 0.7945437 0.5099265 0.5099265 0.6872180 0.6157354 0.6626257 0.6872180 1.4396946 1.4396946 
t12        1.2070784 0.4714565 1.0297869 1.0297869 0.8239592 0.7126442 1.0297869 0.9198342 0.8239592 0.7389627 0.0000000 0.3040988 0.6872180 0.6872180 0.9198342 0.9547243 0.7389627 0.7662384 1.1586745 1.1586745 
t18        1.5111773 0.4172160 0.8864954 0.9547243 0.8864954 0.6388142 1.2070784 0.9198342 0.9198342 0.7945437 0.3040988 0.0000000 0.5504769 0.5933457 0.9547243 0.8864954 0.6388142 0.6626257 1.2070784 1.2070784 
t1         0.9547243 0.5504769 0.7945437 0.8239592 0.7662384 0.5099265 0.9198342 0.8239592 0.7126442 0.5099265 0.6872180 0.5504769 0.0000000 0.0411062 0.5299277 0.5299277 0.4348639 0.4529370 1.0297869 1.0297869 
t15        0.8864954 0.5716050 0.8545757 0.8239592 0.7389627 0.4714565 1.0297869 0.9198342 0.7126442 0.5099265 0.6872180 0.5933457 0.0411062 0.0000000 0.5299277 0.5299277 0.4348639 0.4529370 0.9547243 0.9547243 
t19        1.2588231 0.7662384 0.9913169 1.2588231 0.9198342 0.7389627 1.1132061 0.8545757 0.7389627 0.6872180 0.9198342 0.9547243 0.5299277 0.5299277 0.0000000 0.0625362 0.6626257 0.6626257 1.3144041 1.3144041 
t14        1.1586745 0.7662384 0.9913169 1.2588231 0.9913169 0.7389627 1.2588231 0.8545757 0.7126442 0.6157354 0.9547243 0.8864954 0.5299277 0.5299277 0.0625362 0.0000000 0.7126442 0.7126442 1.2070784 1.2070784 
t6         1.2070784 0.6388142 0.8864954 0.8864954 0.8239592 0.2191023 1.0297869 0.8864954 0.7389627 0.6626257 0.7389627 0.6388142 0.4348639 0.4348639 0.6626257 0.7126442 0.0000000 0.0100673 0.9547243 0.9547243 
t5         1.1586745 0.6626257 0.9198342 0.9198342 0.8239592 0.2326162 1.0703373 0.9198342 0.7662384 0.6872180 0.7662384 0.6626257 0.4529370 0.4529370 0.6626257 0.7126442 0.0100673 0.0000000 0.9913169 0.9913169 
t11        1.2070784 1.1132061 1.4396946 1.2588231 1.3144041 0.9913169 1.5901977 1.3744361 1.3144041 1.4396946 1.1586745 1.2070784 1.0297869 0.9547243 1.3144041 1.2070784 0.9547243 0.9913169 0.0000000 0.0411062 
t13        1.2070784 1.0703373 1.4396946 1.3144041 1.3744361 0.9913169 1.5901977 1.3744361 1.2588231 1.4396946 1.1586745 1.2070784 1.0297869 0.9547243 1.3144041 1.2070784 0.9547243 0.9913169 0.0411062 0.0000000 
