20
t18        0.0000000 1.3144041 1.6785349 1.8942965 1.3744361 2.0310377 1.5111773 2.0310377 2.0310377 9.0000000 2.1983953 3.2381161 9.0000000 1.5111773 1.8942965 1.7786835 9.0000000 9.0000000 1.6785349 1.6785349 
t3         1.3144041 0.0000000 1.3744361 0.9198342 0.8239592 0.8545757 0.7389627 0.8545757 0.7126442 1.3144041 0.7389627 1.0297869 1.7786835 1.0703373 0.5933457 0.6157354 1.8942965 1.5901977 1.0297869 1.0297869 
t13        1.6785349 1.3744361 0.0000000 1.8942965 1.8942965 2.4141569 1.3744361 1.1586745 1.5111773 1.6785349 1.7786835 1.5901977 2.0310377 1.5111773 1.4396946 1.6785349 9.0000000 9.0000000 1.4396946 1.5901977 
t14        1.8942965 0.9198342 1.8942965 0.0000000 1.1586745 1.2588231 1.2588231 1.2070784 1.0297869 1.0703373 0.9913169 0.9913169 1.4396946 1.1586745 0.7126442 0.6626257 9.0000000 3.2381161 1.0297869 1.0703373 
t7         1.3744361 0.8239592 1.8942965 1.1586745 0.0000000 0.4714565 0.9198342 1.1586745 0.8864954 1.1586745 1.1586745 1.3144041 2.4141569 1.3144041 0.9547243 0.8864954 1.8942965 2.0310377 1.4396946 1.3744361 
t11        2.0310377 0.8545757 2.4141569 1.2588231 0.4714565 0.0000000 0.9913169 1.1586745 0.9913169 1.0703373 1.0703373 1.5111773 2.1983953 1.3744361 0.9547243 0.8545757 2.0310377 1.7786835 1.2588231 1.2070784 
t19        1.5111773 0.7389627 1.3744361 1.2588231 0.9198342 0.9913169 0.0000000 0.5099265 0.4714565 1.3744361 0.8864954 1.0297869 1.4396946 1.3144041 0.5933457 0.6872180 9.0000000 2.7182557 1.5901977 1.7786835 
t15        2.0310377 0.8545757 1.1586745 1.2070784 1.1586745 1.1586745 0.5099265 0.0000000 0.4714565 1.7786835 1.2588231 1.3744361 2.1983953 1.7786835 0.8864954 0.9198342 1.8942965 1.5111773 1.8942965 1.7786835 
t20        2.0310377 0.7126442 1.5111773 1.0297869 0.8864954 0.9913169 0.4714565 0.4714565 0.0000000 1.5111773 0.8545757 1.0703373 1.8942965 1.3744361 0.7126442 0.7389627 1.7786835 1.5111773 1.3744361 1.3144041 
t1         9.0000000 1.3144041 1.6785349 1.0703373 1.1586745 1.0703373 1.3744361 1.7786835 1.5111773 0.0000000 1.3744361 0.5099265 0.7126442 2.4141569 1.3144041 1.2588231 2.1983953 2.1983953 1.8942965 1.8942965 
t5         2.1983953 0.7389627 1.7786835 0.9913169 1.1586745 1.0703373 0.8864954 1.2588231 0.8545757 1.3744361 0.0000000 1.1132061 1.3744361 1.2070784 0.2326162 0.2463781 2.4141569 2.4141569 1.0703373 1.0297869 
t16        3.2381161 1.0297869 1.5901977 0.9913169 1.3144041 1.5111773 1.0297869 1.3744361 1.0703373 0.5099265 1.1132061 0.0000000 0.3505054 1.7786835 0.9913169 1.0297869 2.0310377 1.7786835 2.1983953 2.1983953 
t17        9.0000000 1.7786835 2.0310377 1.4396946 2.4141569 2.1983953 1.4396946 2.1983953 1.8942965 0.7126442 1.3744361 0.3505054 0.0000000 2.7182557 1.5111773 1.5111773 3.2381161 2.1983953 2.1983953 2.7182557 
t10        1.5111773 1.0703373 1.5111773 1.1586745 1.3144041 1.3744361 1.3144041 1.7786835 1.3744361 2.4141569 1.2070784 1.7786835 2.7182557 0.0000000 1.0297869 0.9547243 9.0000000 3.2381161 0.1673577 0.2326162 
t8         1.8942965 0.5933457 1.4396946 0.7126442 0.9547243 0.9547243 0.5933457 0.8864954 0.7126442 1.3144041 0.2326162 0.9913169 1.5111773 1.0297869 0.0000000 0.0958750 3.2381161 3.2381161 1.0297869 1.0703373 
t12        1.7786835 0.6157354 1.6785349 0.6626257 0.8864954 0.8545757 0.6872180 0.9198342 0.7389627 1.2588231 0.2463781 1.0297869 1.5111773 0.9547243 0.0958750 0.0000000 2.4141569 2.4141569 0.9547243 0.9547243 
t2         9.0000000 1.8942965 9.0000000 9.0000000 1.8942965 2.0310377 9.0000000 1.8942965 1.7786835 2.1983953 2.4141569 2.0310377 3.2381161 9.0000000 3.2381161 2.4141569 0.0000000 0.0845966 9.0000000 9.0000000 
t6         9.0000000 1.5901977 9.0000000 3.2381161 2.0310377 1.7786835 2.7182557 1.5111773 1.5111773 2.1983953 2.4141569 1.7786835 2.1983953 3.2381161 3.2381161 2.4141569 0.0845966 0.0000000 9.0000000 3.2381161 
t4         1.6785349 1.0297869 1.4396946 1.0297869 1.4396946 1.2588231 1.5901977 1.8942965 1.3744361 1.8942965 1.0703373 2.1983953 2.1983953 0.1673577 1.0297869 0.9547243 9.0000000 9.0000000 0.0000000 0.0845966 
t9         1.6785349 1.0297869 1.5901977 1.0703373 1.3744361 1.2070784 1.7786835 1.7786835 1.3144041 1.8942965 1.0297869 2.1983953 2.7182557 0.2326162 1.0703373 0.9547243 9.0000000 3.2381161 0.0845966 0.0000000 
