20
t18        0.0000000 0.4904449 0.5933457 0.5099265 0.4904449 0.4529370 0.6872180 0.4714565 0.4348639 0.5099265 0.5933457 0.5933457 0.4348639 0.4714565 0.4904449 0.5099265 0.4904449 0.4714565 0.6872180 0.7126442 
t12        0.4904449 0.0000000 0.5933457 0.5299277 0.5716050 0.5716050 0.5099265 0.3999739 0.5504769 0.5299277 0.4348639 0.3831192 0.3505054 0.3999739 0.5504769 0.5504769 0.3347153 0.2892469 0.6388142 0.6872180 
t8         0.5933457 0.5933457 0.0000000 0.7945437 0.7945437 0.7662384 0.5933457 0.5504769 0.5299277 0.7389627 0.5716050 0.5099265 0.5099265 0.5933457 0.5504769 0.5933457 0.5504769 0.5099265 0.2326162 0.2326162 
t4         0.5099265 0.5299277 0.7945437 0.0000000 0.2603971 0.2463781 0.7389627 0.6626257 0.6388142 0.7662384 0.7662384 0.8239592 0.5716050 0.5716050 0.7389627 0.7389627 0.6388142 0.5933457 0.9198342 0.9547243 
t14        0.4904449 0.5716050 0.7945437 0.2603971 0.0000000 0.2326162 0.7389627 0.6388142 0.5933457 0.7945437 0.7389627 0.7126442 0.5933457 0.6388142 0.7126442 0.7945437 0.7126442 0.6872180 0.8545757 0.8864954 
t2         0.4529370 0.5716050 0.7662384 0.2463781 0.2326162 0.0000000 0.8239592 0.6388142 0.5504769 0.6388142 0.7389627 0.7126442 0.5716050 0.5299277 0.7126442 0.7662384 0.6872180 0.6626257 0.9547243 0.9547243 
t5         0.6872180 0.5099265 0.5933457 0.7389627 0.7389627 0.8239592 0.0000000 0.2463781 0.6872180 0.8864954 0.4529370 0.4348639 0.5099265 0.5504769 0.6626257 0.6157354 0.5099265 0.4904449 0.6157354 0.6626257 
t20        0.4714565 0.3999739 0.5504769 0.6626257 0.6388142 0.6388142 0.2463781 0.0000000 0.5299277 0.6157354 0.3505054 0.3831192 0.3666350 0.3831192 0.5504769 0.5299277 0.3831192 0.3347153 0.5299277 0.5716050 
t19        0.4348639 0.5504769 0.5299277 0.6388142 0.5933457 0.5504769 0.6872180 0.5299277 0.0000000 0.1799630 0.6157354 0.6388142 0.5716050 0.6388142 0.3040988 0.3192509 0.5099265 0.5099265 0.5933457 0.5933457 
t3         0.5099265 0.5299277 0.7389627 0.7662384 0.7945437 0.6388142 0.8864954 0.6157354 0.1799630 0.0000000 0.6626257 0.6872180 0.6872180 0.7389627 0.4172160 0.4348639 0.5716050 0.5504769 0.7945437 0.7945437 
t10        0.5933457 0.4348639 0.5716050 0.7662384 0.7389627 0.7389627 0.4529370 0.3505054 0.6157354 0.6626257 0.0000000 0.2191023 0.4172160 0.4172160 0.5933457 0.5716050 0.4348639 0.3999739 0.5933457 0.6388142 
t7         0.5933457 0.3831192 0.5099265 0.8239592 0.7126442 0.7126442 0.4348639 0.3831192 0.6388142 0.6872180 0.2191023 0.0000000 0.4348639 0.4714565 0.6388142 0.6626257 0.4172160 0.3666350 0.5504769 0.5933457 
t16        0.4348639 0.3505054 0.5099265 0.5716050 0.5933457 0.5716050 0.5099265 0.3666350 0.5716050 0.6872180 0.4172160 0.4348639 0.0000000 0.1427653 0.5299277 0.5299277 0.2746833 0.2326162 0.5099265 0.5504769 
t15        0.4714565 0.3999739 0.5933457 0.5716050 0.6388142 0.5299277 0.5504769 0.3831192 0.6388142 0.7389627 0.4172160 0.4714565 0.1427653 0.0000000 0.6157354 0.5933457 0.3040988 0.2603971 0.6388142 0.6872180 
t1         0.4904449 0.5504769 0.5504769 0.7389627 0.7126442 0.7126442 0.6626257 0.5504769 0.3040988 0.4172160 0.5933457 0.6388142 0.5299277 0.6157354 0.0000000 0.0517447 0.5299277 0.5299277 0.5299277 0.5716050 
t13        0.5099265 0.5504769 0.5933457 0.7389627 0.7945437 0.7662384 0.6157354 0.5299277 0.3192509 0.4348639 0.5716050 0.6626257 0.5299277 0.5933457 0.0517447 0.0000000 0.5504769 0.5299277 0.5933457 0.6388142 
t11        0.4904449 0.3347153 0.5504769 0.6388142 0.7126442 0.6872180 0.5099265 0.3831192 0.5099265 0.5716050 0.4348639 0.4172160 0.2746833 0.3040988 0.5299277 0.5504769 0.0000000 0.0306165 0.5099265 0.5504769 
t9         0.4714565 0.2892469 0.5099265 0.5933457 0.6872180 0.6626257 0.4904449 0.3347153 0.5099265 0.5504769 0.3999739 0.3666350 0.2326162 0.2603971 0.5299277 0.5299277 0.0306165 0.0000000 0.5099265 0.5504769 
t17        0.6872180 0.6388142 0.2326162 0.9198342 0.8545757 0.9547243 0.6157354 0.5299277 0.5933457 0.7945437 0.5933457 0.5504769 0.5099265 0.6388142 0.5299277 0.5933457 0.5099265 0.5099265 0.0000000 0.0202715 
t6         0.7126442 0.6872180 0.2326162 0.9547243 0.8864954 0.9547243 0.6626257 0.5716050 0.5933457 0.7945437 0.6388142 0.5933457 0.5504769 0.6872180 0.5716050 0.6388142 0.5504769 0.5504769 0.0202715 0.0000000 
