20
t9         0.0000000 1.4396946 1.0297869 1.6785349 1.3744361 1.5111773 1.5111773 0.9913169 1.5901977 1.5901977 1.5111773 1.1132061 1.2070784 1.1586745 1.0297869 1.2070784 0.9913169 0.9198342 1.0703373 1.0703373 
t7         1.4396946 0.0000000 0.8545757 1.3744361 1.2070784 1.0297869 1.0703373 1.1132061 0.9547243 9.0000000 9.0000000 1.0297869 0.9547243 1.7786835 0.9547243 1.1586745 1.1586745 1.0703373 1.3744361 1.3744361 
t6         1.0297869 0.8545757 0.0000000 1.1586745 0.8864954 0.9913169 0.9547243 0.8545757 1.0297869 1.4396946 1.1132061 0.7389627 0.8239592 1.0703373 0.8545757 0.8545757 0.8239592 0.8239592 0.9913169 0.9913169 
t17        1.6785349 1.3744361 1.1586745 0.0000000 1.4396946 1.7786835 1.3744361 0.9913169 1.5111773 2.0310377 1.5111773 1.0703373 1.0703373 0.5504769 1.5111773 1.4396946 1.0703373 1.0297869 0.4714565 0.4714565 
t19        1.3744361 1.2070784 0.8864954 1.4396946 0.0000000 1.2588231 0.4529370 1.3744361 1.0703373 1.5901977 1.5901977 1.0297869 1.1132061 1.3744361 0.8864954 1.2070784 0.4529370 0.4172160 1.3744361 1.3744361 
t18        1.5111773 1.0297869 0.9913169 1.7786835 1.2588231 0.0000000 1.3144041 1.1132061 0.4714565 9.0000000 9.0000000 0.7945437 0.8545757 1.6785349 0.5299277 0.6872180 1.5111773 1.5111773 1.5901977 1.5901977 
t4         1.5111773 1.0703373 0.9547243 1.3744361 0.4529370 1.3144041 0.0000000 1.0703373 1.6785349 1.7786835 3.2381161 1.1586745 1.0703373 1.2070784 1.1586745 1.5901977 0.3999739 0.3831192 1.1586745 1.1586745 
t20        0.9913169 1.1132061 0.8545757 0.9913169 1.3744361 1.1132061 1.0703373 0.0000000 1.1132061 1.3744361 1.5111773 0.3505054 0.3192509 0.8864954 0.7945437 0.8864954 0.9198342 0.8545757 0.8239592 0.8239592 
t14        1.5901977 0.9547243 1.0297869 1.5111773 1.0703373 0.4714565 1.6785349 1.1132061 0.0000000 1.5901977 1.7786835 0.9547243 0.9913169 1.4396946 0.5299277 0.6626257 1.6785349 1.6785349 1.3144041 1.3144041 
t16        1.5901977 9.0000000 1.4396946 2.0310377 1.5901977 9.0000000 1.7786835 1.3744361 1.5901977 0.0000000 0.3040988 1.3144041 1.5111773 1.1132061 2.0310377 1.8942965 1.6785349 1.6785349 1.3744361 1.3744361 
t5         1.5111773 9.0000000 1.1132061 1.5111773 1.5901977 9.0000000 3.2381161 1.5111773 1.7786835 0.3040988 0.0000000 1.2588231 1.4396946 0.9547243 1.4396946 1.5901977 2.0310377 1.8942965 1.2588231 1.2588231 
t10        1.1132061 1.0297869 0.7389627 1.0703373 1.0297869 0.7945437 1.1586745 0.3505054 0.9547243 1.3144041 1.2588231 0.0000000 0.0958750 0.9547243 0.6626257 0.6388142 1.0703373 0.9913169 0.9198342 0.9198342 
t3         1.2070784 0.9547243 0.8239592 1.0703373 1.1132061 0.8545757 1.0703373 0.3192509 0.9913169 1.5111773 1.4396946 0.0958750 0.0000000 1.0703373 0.6626257 0.6157354 0.9913169 0.9198342 1.0703373 1.0703373 
t11        1.1586745 1.7786835 1.0703373 0.5504769 1.3744361 1.6785349 1.2070784 0.8864954 1.4396946 1.1132061 0.9547243 0.9547243 1.0703373 0.0000000 1.2588231 1.3144041 1.2070784 1.0703373 0.1307650 0.1307650 
t15        1.0297869 0.9547243 0.8545757 1.5111773 0.8864954 0.5299277 1.1586745 0.7945437 0.5299277 2.0310377 1.4396946 0.6626257 0.6626257 1.2588231 0.0000000 0.1427653 1.1132061 1.1132061 1.2588231 1.2588231 
t8         1.2070784 1.1586745 0.8545757 1.4396946 1.2070784 0.6872180 1.5901977 0.8864954 0.6626257 1.8942965 1.5901977 0.6388142 0.6157354 1.3144041 0.1427653 0.0000000 1.5111773 1.5111773 1.3144041 1.3144041 
t2         0.9913169 1.1586745 0.8239592 1.0703373 0.4529370 1.5111773 0.3999739 0.9198342 1.6785349 1.6785349 2.0310377 1.0703373 0.9913169 1.2070784 1.1132061 1.5111773 0.0000000 0.0306165 0.9913169 0.9913169 
t1         0.9198342 1.0703373 0.8239592 1.0297869 0.4172160 1.5111773 0.3831192 0.8545757 1.6785349 1.6785349 1.8942965 0.9913169 0.9198342 1.0703373 1.1132061 1.5111773 0.0306165 0.0000000 0.8864954 0.8864954 
t12        1.0703373 1.3744361 0.9913169 0.4714565 1.3744361 1.5901977 1.1586745 0.8239592 1.3144041 1.3744361 1.2588231 0.9198342 1.0703373 0.1307650 1.2588231 1.3144041 0.9913169 0.8864954 0.0000000 0.0000010 
t13        1.0703373 1.3744361 0.9913169 0.4714565 1.3744361 1.5901977 1.1586745 0.8239592 1.3144041 1.3744361 1.2588231 0.9198342 1.0703373 0.1307650 1.2588231 1.3144041 0.9913169 0.8864954 0.0000010 0.0000000 
