20
t12        0.0000000 2.1983953 9.0000000 9.0000000 9.0000000 9.0000000 3.2381161 9.0000000 9.0000000 3.2381161 9.0000000 9.0000000 9.0000000 3.2381161 2.1983953 2.7182557 9.0000000 9.0000000 2.1983953 2.4141569 
t5         2.1983953 0.0000000 1.5901977 9.0000000 0.9913169 2.1983953 1.7786835 9.0000000 9.0000000 2.4141569 9.0000000 2.0310377 1.5111773 9.0000000 1.5901977 1.8942965 1.4396946 1.3744361 9.0000000 3.2381161 
t2         9.0000000 1.5901977 0.0000000 1.4396946 1.0703373 1.5901977 0.8545757 1.6785349 1.7786835 0.9913169 1.6785349 1.5901977 1.0703373 1.5901977 1.0297869 1.2588231 0.8864954 0.9547243 2.1983953 2.1983953 
t3         9.0000000 9.0000000 1.4396946 0.0000000 2.4141569 0.4714565 9.0000000 0.8239592 0.6157354 1.6785349 2.7182557 9.0000000 9.0000000 2.7182557 3.2381161 1.6785349 2.1983953 1.8942965 9.0000000 9.0000000 
t1         9.0000000 0.9913169 1.0703373 2.4141569 0.0000000 2.4141569 0.6157354 2.7182557 2.7182557 1.2070784 1.5111773 1.0703373 0.7389627 3.2381161 0.9547243 0.8239592 2.1983953 1.8942965 9.0000000 9.0000000 
t19        9.0000000 2.1983953 1.5901977 0.4714565 2.4141569 0.0000000 9.0000000 0.9547243 0.6626257 2.0310377 9.0000000 9.0000000 9.0000000 1.8942965 3.2381161 2.7182557 9.0000000 2.1983953 3.2381161 2.4141569 
t16        3.2381161 1.7786835 0.8545757 9.0000000 0.6157354 9.0000000 0.0000000 3.2381161 2.7182557 1.2070784 1.6785349 1.0703373 0.8239592 1.6785349 0.5716050 0.6872180 1.3744361 1.2588231 2.4141569 2.0310377 
t9         9.0000000 9.0000000 1.6785349 0.8239592 2.7182557 0.9547243 3.2381161 0.0000000 0.6388142 3.2381161 9.0000000 2.4141569 9.0000000 1.5901977 1.8942965 2.1983953 2.4141569 1.8942965 2.7182557 2.4141569 
t14        9.0000000 9.0000000 1.7786835 0.6157354 2.7182557 0.6626257 2.7182557 0.6388142 0.0000000 9.0000000 9.0000000 2.4141569 9.0000000 9.0000000 1.8942965 1.5901977 1.7786835 1.6785349 3.2381161 3.2381161 
t13        3.2381161 2.4141569 0.9913169 1.6785349 1.2070784 2.0310377 1.2070784 3.2381161 9.0000000 0.0000000 0.6872180 1.5901977 1.0703373 2.7182557 3.2381161 1.8942965 1.5901977 1.5901977 9.0000000 9.0000000 
t15        9.0000000 9.0000000 1.6785349 2.7182557 1.5111773 9.0000000 1.6785349 9.0000000 9.0000000 0.6872180 0.0000000 2.7182557 3.2381161 9.0000000 2.0310377 2.4141569 1.8942965 1.8942965 9.0000000 9.0000000 
t11        9.0000000 2.0310377 1.5901977 9.0000000 1.0703373 9.0000000 1.0703373 2.4141569 2.4141569 1.5901977 2.7182557 0.0000000 0.6626257 9.0000000 1.2588231 0.9547243 2.7182557 2.7182557 9.0000000 3.2381161 
t20        9.0000000 1.5111773 1.0703373 9.0000000 0.7389627 9.0000000 0.8239592 9.0000000 9.0000000 1.0703373 3.2381161 0.6626257 0.0000000 2.4141569 0.9547243 0.9547243 2.0310377 2.1983953 9.0000000 3.2381161 
t7         3.2381161 9.0000000 1.5901977 2.7182557 3.2381161 1.8942965 1.6785349 1.5901977 9.0000000 2.7182557 9.0000000 9.0000000 2.4141569 0.0000000 2.1983953 1.6785349 1.8942965 9.0000000 0.2603971 0.2326162 
t4         2.1983953 1.5901977 1.0297869 3.2381161 0.9547243 3.2381161 0.5716050 1.8942965 1.8942965 3.2381161 2.0310377 1.2588231 0.9547243 2.1983953 0.0000000 0.6626257 1.3144041 1.3144041 3.2381161 2.0310377 
t17        2.7182557 1.8942965 1.2588231 1.6785349 0.8239592 2.7182557 0.6872180 2.1983953 1.5901977 1.8942965 2.4141569 0.9547243 0.9547243 1.6785349 0.6626257 0.0000000 1.5901977 1.4396946 2.4141569 1.8942965 
t18        9.0000000 1.4396946 0.8864954 2.1983953 2.1983953 9.0000000 1.3744361 2.4141569 1.7786835 1.5901977 1.8942965 2.7182557 2.0310377 1.8942965 1.3144041 1.5901977 0.0000000 0.2326162 2.1983953 1.7786835 
t6         9.0000000 1.3744361 0.9547243 1.8942965 1.8942965 2.1983953 1.2588231 1.8942965 1.6785349 1.5901977 1.8942965 2.7182557 2.1983953 9.0000000 1.3144041 1.4396946 0.2326162 0.0000000 3.2381161 3.2381161 
t8         2.1983953 9.0000000 2.1983953 9.0000000 9.0000000 3.2381161 2.4141569 2.7182557 3.2381161 9.0000000 9.0000000 9.0000000 9.0000000 0.2603971 3.2381161 2.4141569 2.1983953 3.2381161 0.0000000 0.1189538 
t10        2.4141569 3.2381161 2.1983953 9.0000000 9.0000000 2.4141569 2.0310377 2.4141569 3.2381161 9.0000000 9.0000000 3.2381161 3.2381161 0.2326162 2.0310377 1.8942965 1.7786835 3.2381161 0.1189538 0.0000000 
