20
t17        0.0000000 2.7182557 9.0000000 2.7182557 2.0310377 2.0310377 9.0000000 2.1983953 9.0000000 9.0000000 2.1983953 1.4396946 9.0000000 9.0000000 9.0000000 9.0000000 9.0000000 3.2381161 9.0000000 9.0000000 
t20        2.7182557 0.0000000 9.0000000 1.5901977 1.5901977 2.4141569 1.8942965 1.7786835 2.7182557 1.6785349 1.6785349 2.1983953 1.5901977 1.3744361 1.6785349 1.3144041 1.5901977 1.8942965 1.8942965 1.6785349 
t6         9.0000000 9.0000000 0.0000000 3.2381161 9.0000000 9.0000000 2.1983953 2.7182557 3.2381161 2.0310377 1.8942965 2.0310377 2.7182557 1.8942965 1.4396946 1.5901977 9.0000000 9.0000000 1.3744361 1.5901977 
t14        2.7182557 1.5901977 3.2381161 0.0000000 9.0000000 1.5111773 2.0310377 2.7182557 3.2381161 9.0000000 2.4141569 1.5901977 1.6785349 9.0000000 2.7182557 9.0000000 2.1983953 3.2381161 2.7182557 2.7182557 
t19        2.0310377 1.5901977 9.0000000 9.0000000 0.0000000 1.8942965 3.2381161 1.8942965 9.0000000 2.0310377 1.2070784 1.1586745 1.5901977 2.4141569 1.8942965 1.7786835 1.6785349 1.8942965 2.7182557 2.4141569 
t15        2.0310377 2.4141569 9.0000000 1.5111773 1.8942965 0.0000000 2.7182557 1.7786835 1.5111773 2.7182557 1.3744361 0.7945437 1.3744361 1.5901977 2.1983953 2.1983953 1.5111773 1.2070784 2.1983953 3.2381161 
t12        9.0000000 1.8942965 2.1983953 2.0310377 3.2381161 2.7182557 0.0000000 1.5901977 1.5901977 1.3744361 2.7182557 1.8942965 1.1586745 1.3744361 1.6785349 1.2070784 1.6785349 1.8942965 1.3744361 1.1586745 
t2         2.1983953 1.7786835 2.7182557 2.7182557 1.8942965 1.7786835 1.5901977 0.0000000 1.4396946 1.6785349 1.5111773 1.5901977 1.5901977 1.5111773 1.5111773 1.7786835 1.5111773 1.6785349 1.8942965 1.8942965 
t1         9.0000000 2.7182557 3.2381161 3.2381161 9.0000000 1.5111773 1.5901977 1.4396946 0.0000000 1.0703373 2.1983953 1.2588231 0.7662384 1.0297869 2.4141569 1.0703373 0.6626257 0.7662384 1.1132061 1.7786835 
t16        9.0000000 1.6785349 2.0310377 9.0000000 2.0310377 2.7182557 1.3744361 1.6785349 1.0703373 0.0000000 1.8942965 1.6785349 1.1586745 0.7945437 1.1132061 0.7389627 1.0703373 1.2070784 0.8239592 0.9547243 
t4         2.1983953 1.6785349 1.8942965 2.4141569 1.2070784 1.3744361 2.7182557 1.5111773 2.1983953 1.8942965 0.0000000 0.4714565 1.6785349 1.7786835 1.3744361 1.5901977 1.5111773 1.5111773 2.1983953 2.1983953 
t10        1.4396946 2.1983953 2.0310377 1.5901977 1.1586745 0.7945437 1.8942965 1.5901977 1.2588231 1.6785349 0.4714565 0.0000000 1.3144041 1.4396946 2.0310377 1.2070784 1.2070784 1.2070784 1.8942965 1.5111773 
t13        9.0000000 1.5901977 2.7182557 1.6785349 1.5901977 1.3744361 1.1586745 1.5901977 0.7662384 1.1586745 1.6785349 1.3144041 0.0000000 0.8864954 1.8942965 1.1586745 0.2463781 0.3666350 1.7786835 2.1983953 
t18        9.0000000 1.3744361 1.8942965 9.0000000 2.4141569 1.5901977 1.3744361 1.5111773 1.0297869 0.7945437 1.7786835 1.4396946 0.8864954 0.0000000 0.7389627 0.5504769 1.0297869 0.9198342 0.5299277 0.7126442 
t5         9.0000000 1.6785349 1.4396946 2.7182557 1.8942965 2.1983953 1.6785349 1.5111773 2.4141569 1.1132061 1.3744361 2.0310377 1.8942965 0.7389627 0.0000000 0.9913169 2.7182557 2.4141569 0.8239592 0.7945437 
t8         9.0000000 1.3144041 1.5901977 9.0000000 1.7786835 2.1983953 1.2070784 1.7786835 1.0703373 0.7389627 1.5901977 1.2070784 1.1586745 0.5504769 0.9913169 0.0000000 1.3144041 1.4396946 0.5099265 0.5716050 
t3         9.0000000 1.5901977 9.0000000 2.1983953 1.6785349 1.5111773 1.6785349 1.5111773 0.6626257 1.0703373 1.5111773 1.2070784 0.2463781 1.0297869 2.7182557 1.3144041 0.0000000 0.2326162 1.5901977 1.6785349 
t9         3.2381161 1.8942965 9.0000000 3.2381161 1.8942965 1.2070784 1.8942965 1.6785349 0.7662384 1.2070784 1.5111773 1.2070784 0.3666350 0.9198342 2.4141569 1.4396946 0.2326162 0.0000000 1.4396946 1.8942965 
t7         9.0000000 1.8942965 1.3744361 2.7182557 2.7182557 2.1983953 1.3744361 1.8942965 1.1132061 0.8239592 2.1983953 1.8942965 1.7786835 0.5299277 0.8239592 0.5099265 1.5901977 1.4396946 0.0000000 0.2058276 
t11        9.0000000 1.6785349 1.5901977 2.7182557 2.4141569 3.2381161 1.1586745 1.8942965 1.7786835 0.9547243 2.1983953 1.5111773 2.1983953 0.7126442 0.7945437 0.5716050 1.6785349 1.8942965 0.2058276 0.0000000 
