20
t15        0.0000000 1.8942965 1.2070784 0.9547243 0.6872180 1.1586745 1.8942965 1.2070784 0.6626257 1.4396946 1.3744361 1.5901977 1.2588231 2.1983953 1.8942965 1.2588231 2.4141569 3.2381161 1.5111773 1.5901977 
t10        1.8942965 0.0000000 1.1132061 1.1586745 1.3744361 1.3144041 2.0310377 1.6785349 1.3144041 0.8864954 1.4396946 1.0703373 0.9547243 1.1132061 1.3744361 0.9198342 0.9198342 0.8545757 1.1586745 0.9913169 
t3         1.2070784 1.1132061 0.0000000 0.7662384 0.8864954 0.5099265 0.7126442 1.3144041 0.8864954 1.2588231 1.1586745 1.1132061 1.3144041 1.7786835 1.5111773 1.0703373 1.4396946 1.5901977 1.2070784 1.3144041 
t12        0.9547243 1.1586745 0.7662384 0.0000000 0.5933457 0.8545757 1.5901977 1.4396946 0.7945437 0.9913169 1.3144041 1.3144041 1.2070784 1.2070784 2.0310377 0.7945437 1.0703373 1.3144041 1.0297869 1.0703373 
t14        0.6872180 1.3744361 0.8864954 0.5933457 0.0000000 0.8239592 1.4396946 1.6785349 0.6626257 1.1132061 1.5901977 1.3144041 1.5901977 1.2588231 2.0310377 1.4396946 1.2588231 1.2588231 1.5111773 1.5901977 
t16        1.1586745 1.3144041 0.5099265 0.8545757 0.8239592 0.0000000 0.7389627 1.0703373 0.9198342 0.9913169 1.1586745 1.1586745 1.0297869 1.2070784 1.4396946 1.1132061 0.9198342 1.0703373 1.3744361 1.3144041 
t6         1.8942965 2.0310377 0.7126442 1.5901977 1.4396946 0.7389627 0.0000000 1.3744361 1.6785349 1.5901977 1.5111773 1.8942965 1.4396946 1.5901977 2.0310377 1.6785349 1.6785349 2.1983953 2.0310377 2.4141569 
t19        1.2070784 1.6785349 1.3144041 1.4396946 1.6785349 1.0703373 1.3744361 0.0000000 1.3744361 2.1983953 3.2381161 2.4141569 1.1586745 9.0000000 9.0000000 1.5901977 2.4141569 9.0000000 9.0000000 9.0000000 
t17        0.6626257 1.3144041 0.8864954 0.7945437 0.6626257 0.9198342 1.6785349 1.3744361 0.0000000 1.5901977 1.5111773 1.5901977 1.4396946 2.0310377 1.8942965 1.3744361 1.4396946 1.5901977 1.5901977 1.6785349 
t2         1.4396946 0.8864954 1.2588231 0.9913169 1.1132061 0.9913169 1.5901977 2.1983953 1.5901977 0.0000000 0.4714565 0.3831192 0.4172160 0.6626257 1.1586745 0.3831192 0.5933457 0.6626257 0.4348639 0.4172160 
t7         1.3744361 1.4396946 1.1586745 1.3144041 1.5901977 1.1586745 1.5111773 3.2381161 1.5111773 0.4714565 0.0000000 0.5299277 0.6626257 0.7389627 1.0703373 0.5299277 0.8239592 0.8545757 0.5716050 0.5933457 
t1         1.5901977 1.0703373 1.1132061 1.3144041 1.3144041 1.1586745 1.8942965 2.4141569 1.5901977 0.3831192 0.5299277 0.0000000 0.5933457 0.7945437 1.3744361 0.5933457 0.7945437 0.7945437 0.5099265 0.5504769 
t18        1.2588231 0.9547243 1.3144041 1.2070784 1.5901977 1.0297869 1.4396946 1.1586745 1.4396946 0.4172160 0.6626257 0.5933457 0.0000000 1.2588231 1.3144041 0.4529370 0.7389627 0.8545757 0.5299277 0.5099265 
t9         2.1983953 1.1132061 1.7786835 1.2070784 1.2588231 1.2070784 1.5901977 9.0000000 2.0310377 0.6626257 0.7389627 0.7945437 1.2588231 0.0000000 0.7389627 0.8545757 0.4904449 0.5504769 0.8545757 0.8239592 
t5         1.8942965 1.3744361 1.5111773 2.0310377 2.0310377 1.4396946 2.0310377 9.0000000 1.8942965 1.1586745 1.0703373 1.3744361 1.3144041 0.7389627 0.0000000 1.2588231 0.8545757 0.9547243 0.9913169 0.9198342 
t13        1.2588231 0.9198342 1.0703373 0.7945437 1.4396946 1.1132061 1.6785349 1.5901977 1.3744361 0.3831192 0.5299277 0.5933457 0.4529370 0.8545757 1.2588231 0.0000000 0.7389627 0.8545757 0.4714565 0.4529370 
t11        2.4141569 0.9198342 1.4396946 1.0703373 1.2588231 0.9198342 1.6785349 2.4141569 1.4396946 0.5933457 0.8239592 0.7945437 0.7389627 0.4904449 0.8545757 0.7389627 0.0000000 0.1673577 0.7945437 0.7389627 
t8         3.2381161 0.8545757 1.5901977 1.3144041 1.2588231 1.0703373 2.1983953 9.0000000 1.5901977 0.6626257 0.8545757 0.7945437 0.8545757 0.5504769 0.9547243 0.8545757 0.1673577 0.0000000 0.8545757 0.7945437 
t20        1.5111773 1.1586745 1.2070784 1.0297869 1.5111773 1.3744361 2.0310377 9.0000000 1.5901977 0.4348639 0.5716050 0.5099265 0.5299277 0.8545757 0.9913169 0.4714565 0.7945437 0.8545757 0.0000000 0.0845966 
t4         1.5901977 0.9913169 1.3144041 1.0703373 1.5901977 1.3144041 2.4141569 9.0000000 1.6785349 0.4172160 0.5933457 0.5504769 0.5099265 0.8239592 0.9198342 0.4529370 0.7389627 0.7945437 0.0845966 0.0000000 
