20
t1         0.0000000 0.6872180 0.5504769 0.7945437 1.3744361 0.5504769 0.6872180 0.4348639 0.5716050 1.0297869 0.8864954 0.8239592 0.5504769 0.5933457 0.6388142 0.7389627 0.9198342 0.5716050 0.6157354 0.5716050 
t18        0.6872180 0.0000000 0.2603971 0.3831192 0.7662384 0.2191023 0.3040988 0.4172160 0.4714565 0.4714565 0.4904449 0.6872180 0.5099265 0.5933457 0.5933457 0.6626257 0.9198342 0.5933457 0.5716050 0.5299277 
t17        0.5504769 0.2603971 0.0000000 0.4172160 0.7662384 0.2191023 0.2892469 0.3040988 0.5099265 0.4172160 0.3831192 0.6388142 0.5099265 0.5504769 0.5933457 0.6388142 0.7662384 0.5504769 0.5504769 0.5299277 
t13        0.7945437 0.3831192 0.4172160 0.0000000 0.7662384 0.3666350 0.4904449 0.5933457 0.6157354 0.7389627 0.7662384 0.9547243 0.7126442 0.6157354 0.7126442 0.9547243 1.2070784 0.8545757 0.8864954 0.7945437 
t8         1.3744361 0.7662384 0.7662384 0.7662384 0.0000000 0.6626257 0.8239592 1.1586745 1.3144041 1.0297869 0.9913169 1.6785349 1.3744361 1.3744361 1.5111773 1.4396946 1.4396946 1.1586745 1.3144041 1.2588231 
t4         0.5504769 0.2191023 0.2191023 0.3666350 0.6626257 0.0000000 0.2603971 0.3505054 0.5099265 0.4904449 0.4348639 0.6626257 0.5299277 0.5504769 0.6388142 0.5716050 0.7389627 0.5099265 0.4904449 0.4714565 
t15        0.6872180 0.3040988 0.2892469 0.4904449 0.8239592 0.2603971 0.0000000 0.4529370 0.6157354 0.4904449 0.4714565 0.7945437 0.5933457 0.6388142 0.7389627 0.6872180 0.8545757 0.6388142 0.5504769 0.5299277 
t11        0.4348639 0.4172160 0.3040988 0.5933457 1.1586745 0.3505054 0.4529370 0.0000000 0.4904449 0.6626257 0.5716050 0.6388142 0.4904449 0.4714565 0.5099265 0.3505054 0.4348639 0.1927838 0.2058276 0.1799630 
t10        0.5716050 0.4714565 0.5099265 0.6157354 1.3144041 0.5099265 0.6157354 0.4904449 0.0000000 0.8545757 0.8545757 0.4529370 0.3040988 0.2058276 0.2326162 0.7662384 0.9198342 0.6626257 0.7126442 0.6626257 
t19        1.0297869 0.4714565 0.4172160 0.7389627 1.0297869 0.4904449 0.4904449 0.6626257 0.8545757 0.0000000 0.1927838 1.1132061 0.8239592 0.9198342 0.9913169 0.8239592 0.9547243 0.8864954 0.9198342 0.8545757 
t14        0.8864954 0.4904449 0.3831192 0.7662384 0.9913169 0.4348639 0.4714565 0.5716050 0.8545757 0.1927838 0.0000000 1.1132061 0.8239592 0.8864954 0.9913169 0.7389627 0.8864954 0.7389627 0.6872180 0.7126442 
t7         0.8239592 0.6872180 0.6388142 0.9547243 1.6785349 0.6626257 0.7945437 0.6388142 0.4529370 1.1132061 1.1132061 0.0000000 0.2058276 0.4172160 0.4904449 0.8864954 1.0703373 0.8545757 0.9198342 0.8545757 
t20        0.5504769 0.5099265 0.5099265 0.7126442 1.3744361 0.5299277 0.5933457 0.4904449 0.3040988 0.8239592 0.8239592 0.2058276 0.0000000 0.3040988 0.3040988 0.6872180 0.8545757 0.6872180 0.7389627 0.6872180 
t9         0.5933457 0.5933457 0.5504769 0.6157354 1.3744361 0.5504769 0.6388142 0.4714565 0.2058276 0.9198342 0.8864954 0.4172160 0.3040988 0.0000000 0.0625362 0.6872180 0.8239592 0.6157354 0.6872180 0.6157354 
t16        0.6388142 0.5933457 0.5933457 0.7126442 1.5111773 0.6388142 0.7389627 0.5099265 0.2326162 0.9913169 0.9913169 0.4904449 0.3040988 0.0625362 0.0000000 0.7126442 0.7945437 0.6872180 0.7662384 0.7126442 
t5         0.7389627 0.6626257 0.6388142 0.9547243 1.4396946 0.5716050 0.6872180 0.3505054 0.7662384 0.8239592 0.7389627 0.8864954 0.6872180 0.6872180 0.7126442 0.0000000 0.1927838 0.5099265 0.4529370 0.4529370 
t12        0.9198342 0.9198342 0.7662384 1.2070784 1.4396946 0.7389627 0.8545757 0.4348639 0.9198342 0.9547243 0.8864954 1.0703373 0.8545757 0.8239592 0.7945437 0.1927838 0.0000000 0.5716050 0.5933457 0.5933457 
t3         0.5716050 0.5933457 0.5504769 0.8545757 1.1586745 0.5099265 0.6388142 0.1927838 0.6626257 0.8864954 0.7389627 0.8545757 0.6872180 0.6157354 0.6872180 0.5099265 0.5716050 0.0000000 0.1073256 0.0734853 
t2         0.6157354 0.5716050 0.5504769 0.8864954 1.3144041 0.4904449 0.5504769 0.2058276 0.7126442 0.9198342 0.6872180 0.9198342 0.7389627 0.6872180 0.7662384 0.4529370 0.5933457 0.1073256 0.0000000 0.0517447 
t6         0.5716050 0.5299277 0.5299277 0.7945437 1.2588231 0.4714565 0.5299277 0.1799630 0.6626257 0.8545757 0.7126442 0.8545757 0.6872180 0.6157354 0.7126442 0.4529370 0.5933457 0.0734853 0.0517447 0.0000000 
