20
t4         0.0000000 1.3144041 0.9913169 1.5901977 1.1586745 1.1586745 1.4396946 0.9913169 0.7662384 1.6785349 2.4141569 1.2588231 1.1132061 1.3744361 1.1132061 1.2070784 2.0310377 1.8942965 1.8942965 2.1983953 
t14        1.3144041 0.0000000 1.2070784 2.0310377 1.7786835 2.7182557 1.3744361 1.3744361 1.5111773 1.7786835 1.7786835 1.4396946 1.3744361 1.4396946 1.7786835 1.7786835 1.6785349 1.6785349 1.6785349 1.7786835 
t2         0.9913169 1.2070784 0.0000000 1.5901977 1.2070784 1.3144041 0.9198342 1.3744361 0.9547243 0.9913169 1.0703373 0.6157354 0.5299277 0.6872180 0.5504769 0.5504769 2.4141569 2.1983953 0.8239592 0.9198342 
t9         1.5901977 2.0310377 1.5901977 0.0000000 2.1983953 1.8942965 2.0310377 1.8942965 1.4396946 1.7786835 1.6785349 2.0310377 1.5901977 1.4396946 1.7786835 1.6785349 0.3666350 0.3666350 1.3144041 1.5901977 
t18        1.1586745 1.7786835 1.2070784 2.1983953 0.0000000 0.3666350 1.8942965 1.2070784 1.2588231 1.5111773 1.6785349 1.5111773 1.4396946 1.7786835 1.3144041 1.5111773 1.5111773 1.6785349 1.7786835 2.1983953 
t13        1.1586745 2.7182557 1.3144041 1.8942965 0.3666350 0.0000000 1.8942965 1.5901977 1.2588231 1.6785349 2.0310377 1.5111773 1.4396946 1.7786835 1.4396946 1.5111773 2.0310377 1.8942965 1.5901977 2.0310377 
t11        1.4396946 1.3744361 0.9198342 2.0310377 1.8942965 1.8942965 0.0000000 1.5901977 1.6785349 1.2588231 1.2070784 0.5504769 0.4714565 0.4904449 0.4904449 0.5299277 2.1983953 2.7182557 0.7126442 0.7389627 
t15        0.9913169 1.3744361 1.3744361 1.8942965 1.2070784 1.5901977 1.5901977 0.0000000 0.4529370 2.4141569 3.2381161 1.6785349 1.6785349 1.5111773 1.7786835 2.1983953 1.5901977 1.5111773 1.7786835 1.7786835 
t17        0.7662384 1.5111773 0.9547243 1.4396946 1.2588231 1.2588231 1.6785349 0.4529370 0.0000000 2.0310377 2.1983953 1.2070784 1.2070784 1.1132061 1.2588231 1.3144041 1.3144041 1.2588231 1.2588231 1.3744361 
t20        1.6785349 1.7786835 0.9913169 1.7786835 1.5111773 1.6785349 1.2588231 2.4141569 2.0310377 0.0000000 0.3040988 0.9913169 0.8864954 0.9198342 0.7389627 0.7389627 2.0310377 1.8942965 1.0297869 1.1586745 
t16        2.4141569 1.7786835 1.0703373 1.6785349 1.6785349 2.0310377 1.2070784 3.2381161 2.1983953 0.3040988 0.0000000 0.8864954 0.7389627 0.8864954 0.7662384 0.7389627 2.0310377 1.7786835 0.9547243 1.2070784 
t1         1.2588231 1.4396946 0.6157354 2.0310377 1.5111773 1.5111773 0.5504769 1.6785349 1.2070784 0.9913169 0.8864954 0.0000000 0.1673577 0.3831192 0.2463781 0.2892469 3.2381161 3.2381161 0.5299277 0.5504769 
t3         1.1132061 1.3744361 0.5299277 1.5901977 1.4396946 1.4396946 0.4714565 1.6785349 1.2070784 0.8864954 0.7389627 0.1673577 0.0000000 0.2463781 0.1307650 0.1799630 2.0310377 2.0310377 0.3999739 0.4529370 
t8         1.3744361 1.4396946 0.6872180 1.4396946 1.7786835 1.7786835 0.4904449 1.5111773 1.1132061 0.9198342 0.8864954 0.3831192 0.2463781 0.0000000 0.2603971 0.2603971 3.2381161 3.2381161 0.1927838 0.2603971 
t19        1.1132061 1.7786835 0.5504769 1.7786835 1.3144041 1.4396946 0.4904449 1.7786835 1.2588231 0.7389627 0.7662384 0.2463781 0.1307650 0.2603971 0.0000000 0.1189538 2.7182557 2.7182557 0.3666350 0.3999739 
t5         1.2070784 1.7786835 0.5504769 1.6785349 1.5111773 1.5111773 0.5299277 2.1983953 1.3144041 0.7389627 0.7389627 0.2892469 0.1799630 0.2603971 0.1189538 0.0000000 2.1983953 2.1983953 0.3831192 0.4348639 
t12        2.0310377 1.6785349 2.4141569 0.3666350 1.5111773 2.0310377 2.1983953 1.5901977 1.3144041 2.0310377 2.0310377 3.2381161 2.0310377 3.2381161 2.7182557 2.1983953 0.0000000 0.0517447 2.7182557 2.4141569 
t6         1.8942965 1.6785349 2.1983953 0.3666350 1.6785349 1.8942965 2.7182557 1.5111773 1.2588231 1.8942965 1.7786835 3.2381161 2.0310377 3.2381161 2.7182557 2.1983953 0.0517447 0.0000000 2.7182557 2.7182557 
t10        1.8942965 1.6785349 0.8239592 1.3144041 1.7786835 1.5901977 0.7126442 1.7786835 1.2588231 1.0297869 0.9547243 0.5299277 0.3999739 0.1927838 0.3666350 0.3831192 2.7182557 2.7182557 0.0000000 0.0845966 
t7         2.1983953 1.7786835 0.9198342 1.5901977 2.1983953 2.0310377 0.7389627 1.7786835 1.3744361 1.1586745 1.2070784 0.5504769 0.4529370 0.2603971 0.3999739 0.4348639 2.4141569 2.7182557 0.0845966 0.0000000 
