20
t6         0.0000000 1.5901977 2.4141569 1.2070784 9.0000000 1.5901977 1.7786835 2.0310377 1.8942965 2.4141569 2.7182557 1.6785349 1.3144041 2.1983953 1.6785349 2.0310377 1.5901977 1.6785349 1.7786835 1.6785349 
t1         1.5901977 0.0000000 1.0703373 1.3144041 1.3144041 1.0297869 1.0703373 1.6785349 1.2588231 1.3744361 1.3144041 1.2070784 1.1132061 1.3744361 1.2588231 1.0703373 1.2588231 1.3744361 1.2588231 1.2588231 
t12        2.4141569 1.0703373 0.0000000 2.7182557 1.8942965 1.7786835 1.6785349 1.7786835 1.2070784 0.9198342 1.6785349 2.0310377 1.6785349 1.7786835 2.4141569 2.1983953 1.5901977 1.5111773 1.7786835 1.7786835 
t2         1.2070784 1.3144041 2.7182557 0.0000000 0.7126442 0.8239592 1.0703373 1.5111773 1.3144041 1.7786835 1.6785349 0.9913169 0.8239592 1.3144041 0.9913169 0.8864954 0.9913169 1.1132061 1.0703373 1.0297869 
t15        9.0000000 1.3144041 1.8942965 0.7126442 0.0000000 1.1132061 1.2588231 1.8942965 1.2588231 1.8942965 1.3144041 1.1586745 1.5111773 1.3144041 1.3144041 1.1132061 1.1586745 1.1586745 0.8545757 0.8239592 
t19        1.5901977 1.0297869 1.7786835 0.8239592 1.1132061 0.0000000 0.5299277 0.6388142 1.4396946 1.4396946 0.7662384 0.4529370 0.5299277 0.6157354 0.5933457 0.5099265 0.4904449 0.4714565 0.7945437 0.7662384 
t8         1.7786835 1.0703373 1.6785349 1.0703373 1.2588231 0.5299277 0.0000000 0.7126442 1.3744361 2.1983953 0.8239592 0.4714565 0.5933457 0.5716050 0.5933457 0.6157354 0.6157354 0.5099265 0.9198342 0.9198342 
t11        2.0310377 1.6785349 1.7786835 1.5111773 1.8942965 0.6388142 0.7126442 0.0000000 1.7786835 1.6785349 1.0703373 0.5933457 0.6872180 0.6157354 0.5716050 0.7662384 0.6872180 0.5716050 1.3144041 1.3744361 
t17        1.8942965 1.2588231 1.2070784 1.3144041 1.2588231 1.4396946 1.3744361 1.7786835 0.0000000 0.7662384 2.1983953 1.4396946 1.7786835 1.5111773 1.4396946 1.3144041 1.5901977 1.7786835 1.4396946 1.5111773 
t20        2.4141569 1.3744361 0.9198342 1.7786835 1.8942965 1.4396946 2.1983953 1.6785349 0.7662384 0.0000000 2.4141569 1.6785349 9.0000000 1.5901977 2.0310377 1.6785349 3.2381161 1.7786835 2.4141569 2.7182557 
t7         2.7182557 1.3144041 1.6785349 1.6785349 1.3144041 0.7662384 0.8239592 1.0703373 2.1983953 2.4141569 0.0000000 0.8239592 0.9198342 0.9547243 0.8239592 0.9198342 0.7945437 0.7389627 0.7126442 0.7662384 
t13        1.6785349 1.2070784 2.0310377 0.9913169 1.1586745 0.4529370 0.4714565 0.5933457 1.4396946 1.6785349 0.8239592 0.0000000 0.4348639 0.4348639 0.4714565 0.4529370 0.4714565 0.4348639 0.9198342 0.8864954 
t16        1.3144041 1.1132061 1.6785349 0.8239592 1.5111773 0.5299277 0.5933457 0.6872180 1.7786835 9.0000000 0.9198342 0.4348639 0.0000000 0.5299277 0.4529370 0.4904449 0.3347153 0.3347153 0.8545757 0.8545757 
t9         2.1983953 1.3744361 1.7786835 1.3144041 1.3144041 0.6157354 0.5716050 0.6157354 1.5111773 1.5901977 0.9547243 0.4348639 0.5299277 0.0000000 0.3505054 0.4348639 0.5504769 0.4904449 0.9913169 1.0297869 
t14        1.6785349 1.2588231 2.4141569 0.9913169 1.3144041 0.5933457 0.5933457 0.5716050 1.4396946 2.0310377 0.8239592 0.4714565 0.4529370 0.3505054 0.0000000 0.3666350 0.4714565 0.4348639 0.8545757 0.8864954 
t4         2.0310377 1.0703373 2.1983953 0.8864954 1.1132061 0.5099265 0.6157354 0.7662384 1.3144041 1.6785349 0.9198342 0.4529370 0.4904449 0.4348639 0.3666350 0.0000000 0.5099265 0.4714565 0.9198342 0.9547243 
t5         1.5901977 1.2588231 1.5901977 0.9913169 1.1586745 0.4904449 0.6157354 0.6872180 1.5901977 3.2381161 0.7945437 0.4714565 0.3347153 0.5504769 0.4714565 0.5099265 0.0000000 0.1549607 0.7389627 0.7945437 
t3         1.6785349 1.3744361 1.5111773 1.1132061 1.1586745 0.4714565 0.5099265 0.5716050 1.7786835 1.7786835 0.7389627 0.4348639 0.3347153 0.4904449 0.4348639 0.4714565 0.1549607 0.0000000 0.7389627 0.7945437 
t10        1.7786835 1.2588231 1.7786835 1.0703373 0.8545757 0.7945437 0.9198342 1.3144041 1.4396946 2.4141569 0.7126442 0.9198342 0.8545757 0.9913169 0.8545757 0.9198342 0.7389627 0.7389627 0.0000000 0.0202715 
t18        1.6785349 1.2588231 1.7786835 1.0297869 0.8239592 0.7662384 0.9198342 1.3744361 1.5111773 2.7182557 0.7662384 0.8864954 0.8545757 1.0297869 0.8864954 0.9547243 0.7945437 0.7945437 0.0202715 0.0000000 
