20
t4         0.0000000 0.9913169 9.0000000 1.0703373 1.2588231 0.9547243 1.1132061 0.9913169 1.0297869 1.3744361 1.0703373 1.3144041 1.2588231 1.4396946 1.1132061 1.2070784 1.1586745 1.2070784 1.0297869 1.1132061 
t1         0.9913169 0.0000000 1.5901977 0.5933457 0.7945437 0.5933457 0.8239592 0.3831192 0.5099265 0.5716050 0.4172160 0.5099265 0.5716050 0.8239592 0.5099265 0.5299277 0.9198342 0.7945437 0.5933457 0.5504769 
t7         9.0000000 1.5901977 0.0000000 1.5111773 3.2381161 1.5111773 1.7786835 2.7182557 1.5901977 1.5901977 2.0310377 2.0310377 2.0310377 2.0310377 2.4141569 3.2381161 2.4141569 2.4141569 1.5901977 1.5111773 
t6         1.0703373 0.5933457 1.5111773 0.0000000 0.7662384 0.6388142 0.9913169 0.4904449 0.6626257 0.7389627 0.4714565 0.5504769 0.5933457 0.9198342 0.5099265 0.5716050 1.2588231 1.1586745 0.7389627 0.7389627 
t20        1.2588231 0.7945437 3.2381161 0.7662384 0.0000000 0.4904449 0.7945437 0.6872180 0.9198342 1.1132061 0.7662384 0.9913169 0.9913169 1.0297869 0.9547243 1.0297869 1.0703373 0.9913169 0.7662384 0.8864954 
t3         0.9547243 0.5933457 1.5111773 0.6388142 0.4904449 0.0000000 0.6157354 0.4904449 0.6157354 0.6872180 0.5299277 0.6872180 0.8239592 0.9198342 0.7662384 0.7945437 0.7126442 0.6626257 0.6872180 0.7662384 
t13        1.1132061 0.8239592 1.7786835 0.9913169 0.7945437 0.6157354 0.0000000 0.9198342 1.3744361 1.2588231 0.9913169 1.2070784 1.4396946 1.3744361 1.5111773 1.5901977 1.2070784 1.1132061 1.1586745 1.2588231 
t16        0.9913169 0.3831192 2.7182557 0.4904449 0.6872180 0.4904449 0.9198342 0.0000000 0.5504769 0.5933457 0.1549607 0.3347153 0.5299277 0.7126442 0.4529370 0.4714565 0.7945437 0.7389627 0.4529370 0.4714565 
t19        1.0297869 0.5099265 1.5901977 0.6626257 0.9198342 0.6157354 1.3744361 0.5504769 0.0000000 0.2463781 0.5716050 0.7126442 0.6388142 1.0297869 0.5504769 0.6157354 0.9913169 0.9913169 0.5099265 0.5099265 
t5         1.3744361 0.5716050 1.5901977 0.7389627 1.1132061 0.6872180 1.2588231 0.5933457 0.2463781 0.0000000 0.5716050 0.7126442 0.6872180 1.1132061 0.5933457 0.6626257 1.0703373 1.0703373 0.6157354 0.5933457 
t17        1.0703373 0.4172160 2.0310377 0.4714565 0.7662384 0.5299277 0.9913169 0.1549607 0.5716050 0.5716050 0.0000000 0.2463781 0.5504769 0.7126442 0.4714565 0.4904449 0.9198342 0.8864954 0.4348639 0.4714565 
t2         1.3144041 0.5099265 2.0310377 0.5504769 0.9913169 0.6872180 1.2070784 0.3347153 0.7126442 0.7126442 0.2463781 0.0000000 0.7126442 0.8545757 0.5933457 0.6388142 1.2070784 1.1132061 0.6157354 0.5504769 
t14        1.2588231 0.5716050 2.0310377 0.5933457 0.9913169 0.8239592 1.4396946 0.5299277 0.6388142 0.6872180 0.5504769 0.7126442 0.0000000 0.3192509 0.0958750 0.1073256 1.3144041 1.2588231 0.7126442 0.6872180 
t18        1.4396946 0.8239592 2.0310377 0.9198342 1.0297869 0.9198342 1.3744361 0.7126442 1.0297869 1.1132061 0.7126442 0.8545757 0.3192509 0.0000000 0.3040988 0.3192509 1.5111773 1.5111773 0.9198342 0.9198342 
t9         1.1132061 0.5099265 2.4141569 0.5099265 0.9547243 0.7662384 1.5111773 0.4529370 0.5504769 0.5933457 0.4714565 0.5933457 0.0958750 0.3040988 0.0000000 0.0517447 1.2070784 1.1586745 0.6388142 0.6388142 
t11        1.2070784 0.5299277 3.2381161 0.5716050 1.0297869 0.7945437 1.5901977 0.4714565 0.6157354 0.6626257 0.4904449 0.6388142 0.1073256 0.3192509 0.0517447 0.0000000 1.2588231 1.2070784 0.6872180 0.6388142 
t15        1.1586745 0.9198342 2.4141569 1.2588231 1.0703373 0.7126442 1.2070784 0.7945437 0.9913169 1.0703373 0.9198342 1.2070784 1.3144041 1.5111773 1.2070784 1.2588231 0.0000000 0.0625362 0.9198342 0.9913169 
t12        1.2070784 0.7945437 2.4141569 1.1586745 0.9913169 0.6626257 1.1132061 0.7389627 0.9913169 1.0703373 0.8864954 1.1132061 1.2588231 1.5111773 1.1586745 1.2070784 0.0625362 0.0000000 0.9198342 0.9913169 
t10        1.0297869 0.5933457 1.5901977 0.7389627 0.7662384 0.6872180 1.1586745 0.4529370 0.5099265 0.6157354 0.4348639 0.6157354 0.7126442 0.9198342 0.6388142 0.6872180 0.9198342 0.9198342 0.0000000 0.1073256 
t8         1.1132061 0.5504769 1.5111773 0.7389627 0.8864954 0.7662384 1.2588231 0.4714565 0.5099265 0.5933457 0.4714565 0.5504769 0.6872180 0.9198342 0.6388142 0.6388142 0.9913169 0.9913169 0.1073256 0.0000000 
