20
t1         0.0000000 3.2381161 2.0310377 1.4396946 2.0310377 1.5111773 1.5901977 1.2070784 2.1983953 1.6785349 2.0310377 1.2588231 1.5111773 2.7182557 9.0000000 1.5111773 2.1983953 9.0000000 2.0310377 2.0310377 
t8         3.2381161 0.0000000 3.2381161 2.0310377 2.0310377 3.2381161 3.2381161 2.7182557 9.0000000 1.3144041 9.0000000 9.0000000 9.0000000 9.0000000 9.0000000 1.7786835 9.0000000 9.0000000 3.2381161 9.0000000 
t4         2.0310377 3.2381161 0.0000000 3.2381161 9.0000000 1.8942965 2.0310377 1.6785349 2.4141569 3.2381161 9.0000000 2.1983953 2.0310377 2.7182557 2.7182557 9.0000000 9.0000000 9.0000000 9.0000000 9.0000000 
t16        1.4396946 2.0310377 3.2381161 0.0000000 1.0703373 1.4396946 0.8864954 1.5111773 1.3144041 1.5901977 9.0000000 1.6785349 2.7182557 1.0703373 1.2588231 2.0310377 9.0000000 9.0000000 2.4141569 2.0310377 
t12        2.0310377 2.0310377 9.0000000 1.0703373 0.0000000 1.5111773 1.1586745 1.7786835 1.8942965 2.0310377 2.4141569 2.7182557 2.7182557 1.7786835 1.4396946 3.2381161 2.4141569 9.0000000 2.7182557 9.0000000 
t2         1.5111773 3.2381161 1.8942965 1.4396946 1.5111773 0.0000000 0.7945437 9.0000000 9.0000000 2.4141569 9.0000000 1.5901977 1.6785349 1.2588231 1.7786835 9.0000000 2.1983953 3.2381161 2.1983953 2.0310377 
t13        1.5901977 3.2381161 2.0310377 0.8864954 1.1586745 0.7945437 0.0000000 1.2588231 0.9913169 2.7182557 9.0000000 1.8942965 1.8942965 0.9547243 1.0703373 9.0000000 9.0000000 1.8942965 2.4141569 1.5901977 
t18        1.2070784 2.7182557 1.6785349 1.5111773 1.7786835 9.0000000 1.2588231 0.0000000 0.6626257 9.0000000 2.4141569 2.0310377 2.0310377 2.1983953 2.1983953 2.0310377 9.0000000 9.0000000 2.1983953 2.1983953 
t10        2.1983953 9.0000000 2.4141569 1.3144041 1.8942965 9.0000000 0.9913169 0.6626257 0.0000000 2.4141569 9.0000000 1.7786835 2.4141569 1.5111773 1.6785349 1.8942965 9.0000000 9.0000000 2.0310377 1.8942965 
t11        1.6785349 1.3144041 3.2381161 1.5901977 2.0310377 2.4141569 2.7182557 9.0000000 2.4141569 0.0000000 9.0000000 1.6785349 1.5901977 2.4141569 3.2381161 2.0310377 2.4141569 2.7182557 1.3144041 1.3744361 
t14        2.0310377 9.0000000 9.0000000 9.0000000 2.4141569 9.0000000 9.0000000 2.4141569 9.0000000 9.0000000 0.0000000 2.1983953 2.7182557 9.0000000 2.4141569 3.2381161 0.7945437 0.5299277 2.1983953 2.1983953 
t9         1.2588231 9.0000000 2.1983953 1.6785349 2.7182557 1.5901977 1.8942965 2.0310377 1.7786835 1.6785349 2.1983953 0.0000000 0.6388142 9.0000000 9.0000000 0.9198342 9.0000000 2.4141569 0.8545757 0.8545757 
t20        1.5111773 9.0000000 2.0310377 2.7182557 2.7182557 1.6785349 1.8942965 2.0310377 2.4141569 1.5901977 2.7182557 0.6388142 0.0000000 9.0000000 3.2381161 1.0297869 2.7182557 9.0000000 1.1132061 1.1132061 
t5         2.7182557 9.0000000 2.7182557 1.0703373 1.7786835 1.2588231 0.9547243 2.1983953 1.5111773 2.4141569 9.0000000 9.0000000 9.0000000 0.0000000 0.4172160 9.0000000 9.0000000 9.0000000 9.0000000 9.0000000 
t6         9.0000000 9.0000000 2.7182557 1.2588231 1.4396946 1.7786835 1.0703373 2.1983953 1.6785349 3.2381161 2.4141569 9.0000000 3.2381161 0.4172160 0.0000000 9.0000000 2.7182557 3.2381161 9.0000000 3.2381161 
t15        1.5111773 1.7786835 9.0000000 2.0310377 3.2381161 9.0000000 9.0000000 2.0310377 1.8942965 2.0310377 3.2381161 0.9198342 1.0297869 9.0000000 9.0000000 0.0000000 2.1983953 2.7182557 0.4714565 0.5099265 
t17        2.1983953 9.0000000 9.0000000 9.0000000 2.4141569 2.1983953 9.0000000 9.0000000 9.0000000 2.4141569 0.7945437 9.0000000 2.7182557 9.0000000 2.7182557 2.1983953 0.0000000 0.8545757 2.0310377 9.0000000 
t7         9.0000000 9.0000000 9.0000000 9.0000000 9.0000000 3.2381161 1.8942965 9.0000000 9.0000000 2.7182557 0.5299277 2.4141569 9.0000000 9.0000000 3.2381161 2.7182557 0.8545757 0.0000000 3.2381161 2.0310377 
t3         2.0310377 3.2381161 9.0000000 2.4141569 2.7182557 2.1983953 2.4141569 2.1983953 2.0310377 1.3144041 2.1983953 0.8545757 1.1132061 9.0000000 9.0000000 0.4714565 2.0310377 3.2381161 0.0000000 0.2058276 
t19        2.0310377 9.0000000 9.0000000 2.0310377 9.0000000 2.0310377 1.5901977 2.1983953 1.8942965 1.3744361 2.1983953 0.8545757 1.1132061 9.0000000 3.2381161 0.5099265 9.0000000 2.0310377 0.2058276 0.0000000 
