20
t1         0.0000000 1.3744361 1.4396946 1.7786835 1.6785349 1.1586745 1.1586745 2.4141569 2.1983953 2.7182557 1.6785349 1.8942965 1.2588231 1.3744361 2.0310377 1.3744361 1.8942965 1.6785349 1.5901977 1.1586745 
t20        1.3744361 0.0000000 1.1132061 2.0310377 0.7945437 1.0297869 1.5111773 1.8942965 0.9913169 1.0297869 1.2588231 0.9913169 1.0297869 0.9913169 1.1586745 1.1586745 1.3144041 1.6785349 0.9913169 0.7945437 
t7         1.4396946 1.1132061 0.0000000 1.2588231 0.7662384 0.7126442 0.7662384 3.2381161 0.6872180 1.0297869 1.1132061 0.8239592 0.8864954 0.8239592 0.6872180 0.6388142 0.8864954 0.8545757 1.2070784 0.7662384 
t9         1.7786835 2.0310377 1.2588231 0.0000000 1.2070784 1.3144041 1.5901977 9.0000000 1.6785349 1.5111773 3.2381161 2.0310377 1.7786835 2.1983953 3.2381161 1.5901977 2.0310377 2.0310377 1.5111773 1.5111773 
t5         1.6785349 0.7945437 0.7662384 1.2070784 0.0000000 0.7126442 1.1132061 2.4141569 0.8545757 1.1586745 0.8545757 0.7126442 0.7126442 0.5933457 0.9913169 0.8239592 0.7945437 1.0297869 0.6157354 0.5299277 
t10        1.1586745 1.0297869 0.7126442 1.3144041 0.7126442 0.0000000 0.6626257 2.4141569 0.8239592 1.0297869 0.8239592 0.7126442 0.7126442 0.7945437 0.8239592 0.7945437 0.9547243 1.1586745 0.7945437 0.5299277 
t2         1.1586745 1.5111773 0.7662384 1.5901977 1.1132061 0.6626257 0.0000000 9.0000000 1.1586745 1.8942965 1.0297869 1.0297869 0.7662384 1.1132061 1.0703373 0.8864954 1.1586745 1.3144041 1.5901977 1.0297869 
t19        2.4141569 1.8942965 3.2381161 9.0000000 2.4141569 2.4141569 9.0000000 0.0000000 2.0310377 1.8942965 3.2381161 3.2381161 1.6785349 1.6785349 2.4141569 1.8942965 2.1983953 3.2381161 1.5111773 2.0310377 
t4         2.1983953 0.9913169 0.6872180 1.6785349 0.8545757 0.8239592 1.1586745 2.0310377 0.0000000 0.3831192 1.5111773 1.0297869 0.9198342 0.9198342 0.8545757 0.6388142 0.8864954 1.1586745 0.9198342 0.7126442 
t12        2.7182557 1.0297869 1.0297869 1.5111773 1.1586745 1.0297869 1.8942965 1.8942965 0.3831192 0.0000000 1.5901977 1.3144041 1.2070784 1.3144041 1.2070784 1.0703373 1.2588231 1.6785349 1.3744361 0.9913169 
t3         1.6785349 1.2588231 1.1132061 3.2381161 0.8545757 0.8239592 1.0297869 3.2381161 1.5111773 1.5901977 0.0000000 0.6388142 0.8864954 0.8545757 1.1132061 1.1586745 1.5901977 1.5901977 1.0703373 0.8239592 
t8         1.8942965 0.9913169 0.8239592 2.0310377 0.7126442 0.7126442 1.0297869 3.2381161 1.0297869 1.3144041 0.6388142 0.0000000 0.9913169 0.9198342 1.0297869 0.9913169 1.0297869 1.1132061 0.8545757 0.5716050 
t16        1.2588231 1.0297869 0.8864954 1.7786835 0.7126442 0.7126442 0.7662384 1.6785349 0.9198342 1.2070784 0.8864954 0.9913169 0.0000000 0.3192509 0.9547243 0.8239592 1.1132061 1.1586745 0.9913169 0.7126442 
t18        1.3744361 0.9913169 0.8239592 2.1983953 0.5933457 0.7945437 1.1132061 1.6785349 0.9198342 1.3144041 0.8545757 0.9198342 0.3192509 0.0000000 1.1586745 0.9547243 1.0703373 1.0297869 0.9913169 0.6626257 
t13        2.0310377 1.1586745 0.6872180 3.2381161 0.9913169 0.8239592 1.0703373 2.4141569 0.8545757 1.2070784 1.1132061 1.0297869 0.9547243 1.1586745 0.0000000 0.2746833 0.6872180 0.9198342 1.1132061 0.9198342 
t15        1.3744361 1.1586745 0.6388142 1.5901977 0.8239592 0.7945437 0.8864954 1.8942965 0.6388142 1.0703373 1.1586745 0.9913169 0.8239592 0.9547243 0.2746833 0.0000000 0.6626257 0.8239592 0.8864954 0.6626257 
t6         1.8942965 1.3144041 0.8864954 2.0310377 0.7945437 0.9547243 1.1586745 2.1983953 0.8864954 1.2588231 1.5901977 1.0297869 1.1132061 1.0703373 0.6872180 0.6626257 0.0000000 0.4714565 1.1132061 0.8545757 
t11        1.6785349 1.6785349 0.8545757 2.0310377 1.0297869 1.1586745 1.3144041 3.2381161 1.1586745 1.6785349 1.5901977 1.1132061 1.1586745 1.0297869 0.9198342 0.8239592 0.4714565 0.0000000 1.4396946 1.1132061 
t17        1.5901977 0.9913169 1.2070784 1.5111773 0.6157354 0.7945437 1.5901977 1.5111773 0.9198342 1.3744361 1.0703373 0.8545757 0.9913169 0.9913169 1.1132061 0.8864954 1.1132061 1.4396946 0.0000000 0.3666350 
t14        1.1586745 0.7945437 0.7662384 1.5111773 0.5299277 0.5299277 1.0297869 2.0310377 0.7126442 0.9913169 0.8239592 0.5716050 0.7126442 0.6626257 0.9198342 0.6626257 0.8545757 1.1132061 0.3666350 0.0000000 
