20
t20        0.0000000 1.6785349 1.2070784 9.0000000 9.0000000 1.8942965 1.7786835 2.7182557 1.6785349 1.7786835 1.5901977 1.8942965 1.5901977 9.0000000 2.4141569 2.1983953 1.7786835 9.0000000 2.0310377 2.7182557 
t8         1.6785349 0.0000000 0.9198342 1.8942965 9.0000000 0.9913169 1.6785349 1.1132061 1.2070784 1.0297869 1.1586745 1.5111773 1.3744361 2.0310377 2.7182557 1.5901977 3.2381161 9.0000000 0.9547243 1.0297869 
t5         1.2070784 0.9198342 0.0000000 1.6785349 9.0000000 1.0297869 1.1586745 1.0703373 0.9547243 1.1586745 1.2070784 1.1132061 1.2588231 1.2588231 2.0310377 2.7182557 1.7786835 2.0310377 0.8545757 0.8864954 
t11        9.0000000 1.8942965 1.6785349 0.0000000 2.7182557 2.7182557 1.3744361 1.7786835 2.1983953 9.0000000 1.7786835 1.4396946 2.1983953 9.0000000 1.4396946 2.4141569 2.4141569 9.0000000 1.7786835 1.7786835 
t2         9.0000000 9.0000000 9.0000000 2.7182557 0.0000000 9.0000000 2.7182557 9.0000000 2.7182557 2.1983953 9.0000000 9.0000000 2.4141569 2.1983953 9.0000000 9.0000000 9.0000000 2.7182557 9.0000000 9.0000000 
t14        1.8942965 0.9913169 1.0297869 2.7182557 9.0000000 0.0000000 1.1586745 0.9198342 1.1132061 0.8545757 1.6785349 1.3144041 1.3144041 1.7786835 1.5901977 2.0310377 1.5901977 2.0310377 0.6872180 0.7945437 
t6         1.7786835 1.6785349 1.1586745 1.3744361 2.7182557 1.1586745 0.0000000 1.5901977 1.5901977 1.3144041 0.5299277 0.4348639 2.1983953 2.4141569 9.0000000 9.0000000 0.8239592 1.4396946 1.2588231 1.1586745 
t17        2.7182557 1.1132061 1.0703373 1.7786835 9.0000000 0.9198342 1.5901977 0.0000000 1.1586745 0.8864954 1.2588231 1.6785349 1.0297869 1.5111773 2.0310377 2.4141569 1.7786835 2.0310377 0.7126442 0.8864954 
t19        1.6785349 1.2070784 0.9547243 2.1983953 2.7182557 1.1132061 1.5901977 1.1586745 0.0000000 0.6626257 1.5901977 1.7786835 1.5901977 1.2588231 3.2381161 2.0310377 1.8942965 9.0000000 0.7945437 0.8239592 
t1         1.7786835 1.0297869 1.1586745 9.0000000 2.1983953 0.8545757 1.3144041 0.8864954 0.6626257 0.0000000 1.6785349 2.0310377 1.5901977 2.1983953 9.0000000 2.0310377 9.0000000 2.7182557 0.7389627 0.7945437 
t13        1.5901977 1.1586745 1.2070784 1.7786835 9.0000000 1.6785349 0.5299277 1.2588231 1.5901977 1.6785349 0.0000000 0.4714565 1.8942965 2.7182557 9.0000000 9.0000000 1.0297869 2.0310377 1.2070784 1.1586745 
t18        1.8942965 1.5111773 1.1132061 1.4396946 9.0000000 1.3144041 0.4348639 1.6785349 1.7786835 2.0310377 0.4714565 0.0000000 2.4141569 9.0000000 2.1983953 2.1983953 0.9547243 1.6785349 1.4396946 1.2588231 
t9         1.5901977 1.3744361 1.2588231 2.1983953 2.4141569 1.3144041 2.1983953 1.0297869 1.5901977 1.5901977 1.8942965 2.4141569 0.0000000 0.8545757 2.7182557 9.0000000 9.0000000 3.2381161 0.9198342 0.9913169 
t16        9.0000000 2.0310377 1.2588231 9.0000000 2.1983953 1.7786835 2.4141569 1.5111773 1.2588231 2.1983953 2.7182557 9.0000000 0.8545757 0.0000000 9.0000000 9.0000000 3.2381161 9.0000000 1.6785349 1.8942965 
t10        2.4141569 2.7182557 2.0310377 1.4396946 9.0000000 1.5901977 9.0000000 2.0310377 3.2381161 9.0000000 9.0000000 2.1983953 2.7182557 9.0000000 0.0000000 0.6872180 9.0000000 9.0000000 9.0000000 9.0000000 
t15        2.1983953 1.5901977 2.7182557 2.4141569 9.0000000 2.0310377 9.0000000 2.4141569 2.0310377 2.0310377 9.0000000 2.1983953 9.0000000 9.0000000 0.6872180 0.0000000 9.0000000 9.0000000 2.1983953 2.1983953 
t12        1.7786835 3.2381161 1.7786835 2.4141569 9.0000000 1.5901977 0.8239592 1.7786835 1.8942965 9.0000000 1.0297869 0.9547243 9.0000000 3.2381161 9.0000000 9.0000000 0.0000000 0.6388142 1.5111773 1.7786835 
t7         9.0000000 9.0000000 2.0310377 9.0000000 2.7182557 2.0310377 1.4396946 2.0310377 9.0000000 2.7182557 2.0310377 1.6785349 3.2381161 9.0000000 9.0000000 9.0000000 0.6388142 0.0000000 1.8942965 2.0310377 
t4         2.0310377 0.9547243 0.8545757 1.7786835 9.0000000 0.6872180 1.2588231 0.7126442 0.7945437 0.7389627 1.2070784 1.4396946 0.9198342 1.6785349 9.0000000 2.1983953 1.5111773 1.8942965 0.0000000 0.0734853 
t3         2.7182557 1.0297869 0.8864954 1.7786835 9.0000000 0.7945437 1.1586745 0.8864954 0.8239592 0.7945437 1.1586745 1.2588231 0.9913169 1.8942965 9.0000000 2.1983953 1.7786835 2.0310377 0.0734853 0.0000000 
