20
t17        0.0000000 1.0703373 2.4141569 9.0000000 1.0297869 1.2588231 1.0703373 0.9913169 1.1586745 1.2070784 1.3744361 1.2588231 1.6785349 0.9547243 1.8942965 1.3144041 1.5901977 1.3744361 0.9913169 1.0703373 
t20        1.0703373 0.0000000 1.1586745 2.0310377 0.7945437 0.7945437 0.9913169 0.6872180 0.7389627 0.9198342 0.6872180 0.7389627 1.1132061 0.6388142 1.0703373 0.9547243 1.0297869 1.1586745 0.6626257 0.8545757 
t18        2.4141569 1.1586745 0.0000000 2.0310377 1.5111773 0.9547243 1.1132061 1.0703373 1.5111773 1.0297869 0.8545757 0.9547243 1.2070784 0.9198342 1.2070784 1.2070784 1.3144041 1.4396946 0.8545757 0.9913169 
t16        9.0000000 2.0310377 2.0310377 0.0000000 1.5111773 1.1586745 1.2070784 1.1586745 1.4396946 1.3144041 1.3744361 1.5111773 1.6785349 1.3144041 1.5901977 1.5111773 1.5111773 1.2588231 1.2070784 1.4396946 
t5         1.0297869 0.7945437 1.5111773 1.5111773 0.0000000 0.7945437 0.8864954 0.6626257 0.6388142 0.7945437 0.8864954 0.9913169 1.0297869 0.6626257 0.9913169 0.9913169 0.8545757 0.9913169 0.7126442 0.7662384 
t10        1.2588231 0.7945437 0.9547243 1.1586745 0.7945437 0.0000000 0.3505054 0.3505054 0.7126442 0.4714565 0.3999739 0.5504769 0.6872180 0.4529370 0.7126442 0.5716050 0.8864954 0.7662384 0.4714565 0.6626257 
t1         1.0703373 0.9913169 1.1132061 1.2070784 0.8864954 0.3505054 0.0000000 0.4348639 0.9198342 0.6157354 0.5099265 0.7126442 0.8864954 0.4714565 0.9198342 0.7945437 1.3144041 1.0297869 0.4904449 0.6388142 
t6         0.9913169 0.6872180 1.0703373 1.1586745 0.6626257 0.3505054 0.4348639 0.0000000 0.8545757 0.3999739 0.2603971 0.4529370 0.8864954 0.3666350 0.9198342 0.7389627 0.9198342 0.7945437 0.3999739 0.5099265 
t4         1.1586745 0.7389627 1.5111773 1.4396946 0.6388142 0.7126442 0.9198342 0.8545757 0.0000000 0.8864954 0.8545757 1.0297869 1.1586745 0.6872180 1.1586745 1.0297869 0.7662384 0.7389627 0.7662384 0.8239592 
t3         1.2070784 0.9198342 1.0297869 1.3144041 0.7945437 0.4714565 0.6157354 0.3999739 0.8864954 0.0000000 0.3505054 0.5099265 0.8864954 0.5504769 0.9547243 0.7662384 1.0297869 0.9198342 0.6157354 0.7389627 
t8         1.3744361 0.6872180 0.8545757 1.3744361 0.8864954 0.3999739 0.5099265 0.2603971 0.8545757 0.3505054 0.0000000 0.2463781 0.8239592 0.4172160 0.9547243 0.7662384 1.0297869 0.8545757 0.4348639 0.5716050 
t11        1.2588231 0.7389627 0.9547243 1.5111773 0.9913169 0.5504769 0.7126442 0.4529370 1.0297869 0.5099265 0.2463781 0.0000000 0.9913169 0.5099265 1.1132061 0.9913169 1.1586745 1.0297869 0.4348639 0.6388142 
t19        1.6785349 1.1132061 1.2070784 1.6785349 1.0297869 0.6872180 0.8864954 0.8864954 1.1586745 0.8864954 0.8239592 0.9913169 0.0000000 0.7389627 0.2058276 0.1427653 1.1132061 1.1586745 0.9198342 0.9547243 
t12        0.9547243 0.6388142 0.9198342 1.3144041 0.6626257 0.4529370 0.4714565 0.3666350 0.6872180 0.5504769 0.4172160 0.5099265 0.7389627 0.0000000 0.7389627 0.6626257 0.7945437 0.6626257 0.1549607 0.2603971 
t7         1.8942965 1.0703373 1.2070784 1.5901977 0.9913169 0.7126442 0.9198342 0.9198342 1.1586745 0.9547243 0.9547243 1.1132061 0.2058276 0.7389627 0.0000000 0.1073256 1.4396946 1.4396946 0.8864954 0.9198342 
t2         1.3144041 0.9547243 1.2070784 1.5111773 0.9913169 0.5716050 0.7945437 0.7389627 1.0297869 0.7662384 0.7662384 0.9913169 0.1427653 0.6626257 0.1073256 0.0000000 1.3144041 1.2588231 0.7945437 0.8545757 
t15        1.5901977 1.0297869 1.3144041 1.5111773 0.8545757 0.8864954 1.3144041 0.9198342 0.7662384 1.0297869 1.0297869 1.1586745 1.1132061 0.7945437 1.4396946 1.3144041 0.0000000 0.1549607 0.8239592 0.8864954 
t13        1.3744361 1.1586745 1.4396946 1.2588231 0.9913169 0.7662384 1.0297869 0.7945437 0.7389627 0.9198342 0.8545757 1.0297869 1.1586745 0.6626257 1.4396946 1.2588231 0.1549607 0.0000000 0.7126442 0.7662384 
t14        0.9913169 0.6626257 0.8545757 1.2070784 0.7126442 0.4714565 0.4904449 0.3999739 0.7662384 0.6157354 0.4348639 0.4348639 0.9198342 0.1549607 0.8864954 0.7945437 0.8239592 0.7126442 0.0000000 0.1427653 
t9         1.0703373 0.8545757 0.9913169 1.4396946 0.7662384 0.6626257 0.6388142 0.5099265 0.8239592 0.7389627 0.5716050 0.6388142 0.9547243 0.2603971 0.9198342 0.8545757 0.8864954 0.7662384 0.1427653 0.0000000 
