20
t19        0.0000000 9.0000000 1.2070784 1.4396946 1.8942965 2.7182557 2.7182557 1.2070784 1.3744361 1.8942965 9.0000000 9.0000000 1.7786835 2.0310377 9.0000000 3.2381161 1.8942965 2.0310377 2.7182557 2.7182557 
t18        9.0000000 0.0000000 2.4141569 1.5901977 2.0310377 9.0000000 1.3744361 9.0000000 2.0310377 1.3744361 1.7786835 1.6785349 2.4141569 9.0000000 2.0310377 1.5901977 2.0310377 2.1983953 1.3744361 1.4396946 
t6         1.2070784 2.4141569 0.0000000 1.7786835 1.5901977 2.7182557 1.4396946 1.4396946 1.5901977 1.4396946 2.0310377 1.7786835 1.4396946 1.5901977 3.2381161 9.0000000 1.6785349 1.6785349 1.0703373 1.0297869 
t16        1.4396946 1.5901977 1.7786835 0.0000000 9.0000000 1.2588231 3.2381161 1.7786835 1.8942965 9.0000000 3.2381161 2.1983953 1.8942965 2.7182557 2.0310377 1.8942965 1.0297869 1.0297869 9.0000000 9.0000000 
t7         1.8942965 2.0310377 1.5901977 9.0000000 0.0000000 1.6785349 1.2588231 0.8239592 0.6626257 1.8942965 1.8942965 1.3744361 3.2381161 1.5111773 2.4141569 2.4141569 2.0310377 2.0310377 1.7786835 1.8942965 
t1         2.7182557 9.0000000 2.7182557 1.2588231 1.6785349 0.0000000 3.2381161 1.3144041 1.5901977 9.0000000 1.5111773 1.8942965 9.0000000 2.7182557 1.7786835 2.4141569 0.5099265 0.4714565 9.0000000 9.0000000 
t14        2.7182557 1.3744361 1.4396946 3.2381161 1.2588231 3.2381161 0.0000000 2.4141569 2.1983953 0.6388142 1.4396946 1.5901977 1.8942965 2.1983953 9.0000000 2.7182557 3.2381161 9.0000000 0.4348639 0.4172160 
t9         1.2070784 9.0000000 1.4396946 1.7786835 0.8239592 1.3144041 2.4141569 0.0000000 0.3505054 1.7786835 1.5111773 1.5901977 2.1983953 2.1983953 9.0000000 9.0000000 1.2070784 1.2588231 9.0000000 2.7182557 
t3         1.3744361 2.0310377 1.5901977 1.8942965 0.6626257 1.5901977 2.1983953 0.3505054 0.0000000 1.7786835 1.2588231 1.3144041 2.0310377 2.4141569 3.2381161 9.0000000 1.5111773 1.5901977 1.8942965 1.8942965 
t2         1.8942965 1.3744361 1.4396946 9.0000000 1.8942965 9.0000000 0.6388142 1.7786835 1.7786835 0.0000000 1.2588231 1.5901977 1.5111773 1.5111773 9.0000000 9.0000000 9.0000000 9.0000000 0.6626257 0.6872180 
t11        9.0000000 1.7786835 2.0310377 3.2381161 1.8942965 1.5111773 1.4396946 1.5111773 1.2588231 1.2588231 0.0000000 0.4348639 1.6785349 1.8942965 2.1983953 2.0310377 1.4396946 1.4396946 1.5901977 1.8942965 
t17        9.0000000 1.6785349 1.7786835 2.1983953 1.3744361 1.8942965 1.5901977 1.5901977 1.3144041 1.5901977 0.4348639 0.0000000 1.2588231 1.2070784 1.7786835 2.0310377 1.4396946 1.5111773 1.3744361 1.5901977 
t13        1.7786835 2.4141569 1.4396946 1.8942965 3.2381161 9.0000000 1.8942965 2.1983953 2.0310377 1.5111773 1.6785349 1.2588231 0.0000000 0.4529370 9.0000000 9.0000000 1.8942965 2.0310377 1.1586745 1.1132061 
t10        2.0310377 9.0000000 1.5901977 2.7182557 1.5111773 2.7182557 2.1983953 2.1983953 2.4141569 1.5111773 1.8942965 1.2070784 0.4529370 0.0000000 2.4141569 3.2381161 1.7786835 1.7786835 1.7786835 1.5901977 
t5         9.0000000 2.0310377 3.2381161 2.0310377 2.4141569 1.7786835 9.0000000 9.0000000 3.2381161 9.0000000 2.1983953 1.7786835 9.0000000 2.4141569 0.0000000 0.2326162 1.2588231 1.3144041 3.2381161 2.4141569 
t4         3.2381161 1.5901977 9.0000000 1.8942965 2.4141569 2.4141569 2.7182557 9.0000000 9.0000000 9.0000000 2.0310377 2.0310377 9.0000000 3.2381161 0.2326162 0.0000000 1.5901977 1.6785349 2.0310377 1.7786835 
t15        1.8942965 2.0310377 1.6785349 1.0297869 2.0310377 0.5099265 3.2381161 1.2070784 1.5111773 9.0000000 1.4396946 1.4396946 1.8942965 1.7786835 1.2588231 1.5901977 0.0000000 0.0306165 9.0000000 3.2381161 
t8         2.0310377 2.1983953 1.6785349 1.0297869 2.0310377 0.4714565 9.0000000 1.2588231 1.5901977 9.0000000 1.4396946 1.5111773 2.0310377 1.7786835 1.3144041 1.6785349 0.0306165 0.0000000 9.0000000 9.0000000 
t20        2.7182557 1.3744361 1.0703373 9.0000000 1.7786835 9.0000000 0.4348639 9.0000000 1.8942965 0.6626257 1.5901977 1.3744361 1.1586745 1.7786835 3.2381161 2.0310377 9.0000000 9.0000000 0.0000000 0.0411062 
t12        2.7182557 1.4396946 1.0297869 9.0000000 1.8942965 9.0000000 0.4172160 2.7182557 1.8942965 0.6872180 1.8942965 1.5901977 1.1132061 1.5901977 2.4141569 1.7786835 3.2381161 9.0000000 0.0411062 0.0000000 
