20
t17        0.0000000 9.0000000 1.4396946 1.5901977 1.4396946 2.4141569 1.4396946 1.6785349 1.5111773 1.0297869 0.9198342 1.3744361 1.5111773 1.1132061 1.3744361 1.6785349 2.0310377 0.9913169 1.0703373 1.1132061 
t4         9.0000000 0.0000000 9.0000000 2.1983953 2.4141569 2.4141569 9.0000000 2.7182557 2.4141569 2.1983953 1.7786835 9.0000000 9.0000000 9.0000000 9.0000000 9.0000000 1.8942965 9.0000000 9.0000000 9.0000000 
t11        1.4396946 9.0000000 0.0000000 1.4396946 2.1983953 9.0000000 2.0310377 2.4141569 2.7182557 1.7786835 2.7182557 2.0310377 1.6785349 2.4141569 2.7182557 9.0000000 9.0000000 1.3144041 1.6785349 2.0310377 
t5         1.5901977 2.1983953 1.4396946 0.0000000 2.0310377 9.0000000 9.0000000 1.5901977 2.0310377 1.6785349 1.8942965 2.4141569 2.1983953 1.7786835 2.4141569 9.0000000 2.7182557 1.0703373 1.4396946 2.0310377 
t9         1.4396946 2.4141569 2.1983953 2.0310377 0.0000000 9.0000000 1.8942965 2.1983953 1.6785349 0.7662384 0.7389627 1.6785349 2.7182557 1.2588231 1.8942965 2.0310377 1.6785349 1.3744361 1.5901977 1.5901977 
t6         2.4141569 2.4141569 9.0000000 9.0000000 9.0000000 0.0000000 2.0310377 9.0000000 9.0000000 2.1983953 2.1983953 2.1983953 9.0000000 1.1132061 1.2070784 9.0000000 3.2381161 9.0000000 9.0000000 2.1983953 
t2         1.4396946 9.0000000 2.0310377 9.0000000 1.8942965 2.0310377 0.0000000 9.0000000 1.8942965 1.5111773 1.5111773 2.1983953 1.8942965 1.4396946 1.6785349 1.4396946 1.5111773 1.4396946 2.1983953 1.7786835 
t13        1.6785349 2.7182557 2.4141569 1.5901977 2.1983953 9.0000000 9.0000000 0.0000000 1.5901977 1.6785349 1.6785349 9.0000000 9.0000000 2.0310377 1.8942965 1.5901977 1.4396946 1.2070784 1.5111773 2.0310377 
t10        1.5111773 2.4141569 2.7182557 2.0310377 1.6785349 9.0000000 1.8942965 1.5901977 0.0000000 1.3744361 1.3744361 2.7182557 3.2381161 2.0310377 1.7786835 0.6872180 0.7126442 1.3144041 1.3144041 1.5111773 
t7         1.0297869 2.1983953 1.7786835 1.6785349 0.7662384 2.1983953 1.5111773 1.6785349 1.3744361 0.0000000 0.2326162 1.5901977 1.6785349 1.0703373 1.2070784 1.4396946 1.3144041 0.8864954 1.2070784 1.2070784 
t12        0.9198342 1.7786835 2.7182557 1.8942965 0.7389627 2.1983953 1.5111773 1.6785349 1.3744361 0.2326162 0.0000000 1.2070784 1.4396946 0.9198342 1.4396946 1.4396946 1.3144041 0.8239592 1.1132061 1.0703373 
t18        1.3744361 9.0000000 2.0310377 2.4141569 1.6785349 2.1983953 2.1983953 9.0000000 2.7182557 1.5901977 1.2070784 0.0000000 0.2746833 1.1586745 1.2588231 1.7786835 2.0310377 1.8942965 2.7182557 3.2381161 
t15        1.5111773 9.0000000 1.6785349 2.1983953 2.7182557 9.0000000 1.8942965 9.0000000 3.2381161 1.6785349 1.4396946 0.2746833 0.0000000 1.5111773 1.5901977 3.2381161 2.7182557 1.7786835 9.0000000 3.2381161 
t8         1.1132061 9.0000000 2.4141569 1.7786835 1.2588231 1.1132061 1.4396946 2.0310377 2.0310377 1.0703373 0.9198342 1.1586745 1.5111773 0.0000000 0.3347153 1.6785349 1.5901977 1.1586745 1.3744361 1.4396946 
t19        1.3744361 9.0000000 2.7182557 2.4141569 1.8942965 1.2070784 1.6785349 1.8942965 1.7786835 1.2070784 1.4396946 1.2588231 1.5901977 0.3347153 0.0000000 1.2588231 1.3144041 1.5901977 1.8942965 1.6785349 
t20        1.6785349 9.0000000 9.0000000 9.0000000 2.0310377 9.0000000 1.4396946 1.5901977 0.6872180 1.4396946 1.4396946 1.7786835 3.2381161 1.6785349 1.2588231 0.0000000 0.3192509 2.1983953 2.1983953 1.6785349 
t1         2.0310377 1.8942965 9.0000000 2.7182557 1.6785349 3.2381161 1.5111773 1.4396946 0.7126442 1.3144041 1.3144041 2.0310377 2.7182557 1.5901977 1.3144041 0.3192509 0.0000000 1.6785349 1.8942965 1.6785349 
t16        0.9913169 9.0000000 1.3144041 1.0703373 1.3744361 9.0000000 1.4396946 1.2070784 1.3144041 0.8864954 0.8239592 1.8942965 1.7786835 1.1586745 1.5901977 2.1983953 1.6785349 0.0000000 0.2326162 0.3999739 
t14        1.0703373 9.0000000 1.6785349 1.4396946 1.5901977 9.0000000 2.1983953 1.5111773 1.3144041 1.2070784 1.1132061 2.7182557 9.0000000 1.3744361 1.8942965 2.1983953 1.8942965 0.2326162 0.0000000 0.3040988 
t3         1.1132061 9.0000000 2.0310377 2.0310377 1.5901977 2.1983953 1.7786835 2.0310377 1.5111773 1.2070784 1.0703373 3.2381161 3.2381161 1.4396946 1.6785349 1.6785349 1.6785349 0.3999739 0.3040988 0.0000000 
