20
t4         0.0000000 0.7389627 1.0703373 1.0703373 1.1132061 1.2588231 0.9198342 0.8864954 1.0703373 1.1586745 1.0703373 1.0297869 1.2070784 0.7389627 1.1586745 1.2588231 1.1586745 1.0703373 0.8239592 0.8239592 
t14        0.7389627 0.0000000 0.5933457 0.8545757 0.6626257 0.9547243 0.8864954 0.5099265 0.6157354 1.0297869 0.9547243 0.9198342 0.8545757 0.5933457 0.7662384 0.7662384 0.8239592 0.7389627 0.6388142 0.6157354 
t11        1.0703373 0.5933457 0.0000000 0.7389627 0.7662384 0.7662384 0.7389627 0.5099265 0.7389627 1.2070784 0.9547243 1.0703373 1.1586745 0.6872180 0.8864954 0.8239592 1.1586745 0.9913169 0.6872180 0.6872180 
t17        1.0703373 0.8545757 0.7389627 0.0000000 0.7945437 0.5299277 0.3831192 0.8545757 0.8239592 0.8864954 1.3144041 1.0703373 0.9913169 0.8545757 0.7945437 0.7389627 1.2070784 1.0297869 0.9198342 0.8545757 
t7         1.1132061 0.6626257 0.7662384 0.7945437 0.0000000 1.0297869 0.9198342 0.8864954 0.9913169 0.9547243 0.9198342 1.1132061 0.6872180 0.7945437 0.4904449 0.4714565 0.8864954 0.8864954 0.8239592 0.7945437 
t20        1.2588231 0.9547243 0.7662384 0.5299277 1.0297869 0.0000000 0.3347153 0.7945437 0.8864954 1.2588231 1.6785349 1.3144041 1.5111773 0.9547243 0.8864954 0.8545757 1.3144041 1.4396946 0.9913169 0.9913169 
t18        0.9198342 0.8864954 0.7389627 0.3831192 0.9198342 0.3347153 0.0000000 0.7945437 0.8239592 1.1132061 1.4396946 1.0297869 1.0297869 0.7389627 0.7662384 0.6872180 1.1586745 1.1586745 0.7389627 0.6872180 
t10        0.8864954 0.5099265 0.5099265 0.8545757 0.8864954 0.7945437 0.7945437 0.0000000 0.3831192 1.3144041 1.0703373 1.0297869 0.9547243 0.4714565 1.0297869 0.9913169 0.9547243 0.9198342 0.4529370 0.4529370 
t12        1.0703373 0.6157354 0.7389627 0.8239592 0.9913169 0.8864954 0.8239592 0.3831192 0.0000000 1.2070784 1.2588231 1.1132061 1.2070784 0.4714565 1.1132061 1.0703373 1.0297869 0.9198342 0.4172160 0.4529370 
t2         1.1586745 1.0297869 1.2070784 0.8864954 0.9547243 1.2588231 1.1132061 1.3144041 1.2070784 0.0000000 0.3831192 0.3192509 0.5933457 1.0703373 1.2588231 1.3144041 0.5504769 0.4904449 1.1132061 1.1586745 
t19        1.0703373 0.9547243 0.9547243 1.3144041 0.9198342 1.6785349 1.4396946 1.0703373 1.2588231 0.3831192 0.0000000 0.3999739 0.5933457 1.1132061 1.2588231 1.2588231 0.6872180 0.5933457 0.9198342 0.9913169 
t8         1.0297869 0.9198342 1.0703373 1.0703373 1.1132061 1.3144041 1.0297869 1.0297869 1.1132061 0.3192509 0.3999739 0.0000000 0.5504769 1.1132061 1.4396946 1.3744361 0.5933457 0.4904449 1.0297869 1.0703373 
t6         1.2070784 0.8545757 1.1586745 0.9913169 0.6872180 1.5111773 1.0297869 0.9547243 1.2070784 0.5933457 0.5933457 0.5504769 0.0000000 0.9198342 1.1586745 1.0703373 0.4348639 0.3505054 0.9198342 0.9198342 
t9         0.7389627 0.5933457 0.6872180 0.8545757 0.7945437 0.9547243 0.7389627 0.4714565 0.4714565 1.0703373 1.1132061 1.1132061 0.9198342 0.0000000 1.0703373 1.0297869 0.8864954 0.8239592 0.1427653 0.1189538 
t13        1.1586745 0.7662384 0.8864954 0.7945437 0.4904449 0.8864954 0.7662384 1.0297869 1.1132061 1.2588231 1.2588231 1.4396946 1.1586745 1.0703373 0.0000000 0.0625362 1.3744361 1.2070784 0.9547243 0.9198342 
t15        1.2588231 0.7662384 0.8239592 0.7389627 0.4714565 0.8545757 0.6872180 0.9913169 1.0703373 1.3144041 1.2588231 1.3744361 1.0703373 1.0297869 0.0625362 0.0000000 1.3144041 1.1586745 0.9198342 0.8864954 
t16        1.1586745 0.8239592 1.1586745 1.2070784 0.8864954 1.3144041 1.1586745 0.9547243 1.0297869 0.5504769 0.6872180 0.5933457 0.4348639 0.8864954 1.3744361 1.3144041 0.0000000 0.0625362 0.8545757 0.8545757 
t5         1.0703373 0.7389627 0.9913169 1.0297869 0.8864954 1.4396946 1.1586745 0.9198342 0.9198342 0.4904449 0.5933457 0.4904449 0.3505054 0.8239592 1.2070784 1.1586745 0.0625362 0.0000000 0.7945437 0.7945437 
t3         0.8239592 0.6388142 0.6872180 0.9198342 0.8239592 0.9913169 0.7389627 0.4529370 0.4172160 1.1132061 0.9198342 1.0297869 0.9198342 0.1427653 0.9547243 0.9198342 0.8545757 0.7945437 0.0000000 0.0202715 
t1         0.8239592 0.6157354 0.6872180 0.8545757 0.7945437 0.9913169 0.6872180 0.4529370 0.4529370 1.1586745 0.9913169 1.0703373 0.9198342 0.1189538 0.9198342 0.8864954 0.8545757 0.7945437 0.0202715 0.0000000 
