20
t4         0.0000000 1.4396946 0.7945437 0.3831192 0.8239592 2.4141569 1.8942965 1.5901977 1.2588231 1.1132061 0.8864954 9.0000000 2.7182557 1.3744361 0.9547243 0.6157354 2.7182557 1.7786835 1.2588231 1.2588231 
t14        1.4396946 0.0000000 1.3144041 1.5901977 1.4396946 9.0000000 2.7182557 1.6785349 1.5901977 2.4141569 1.5901977 3.2381161 2.1983953 2.0310377 1.8942965 2.4141569 1.6785349 1.7786835 9.0000000 9.0000000 
t18        0.7945437 1.3144041 0.0000000 1.1586745 0.6388142 2.4141569 1.5901977 1.3144041 1.3744361 1.2588231 1.6785349 9.0000000 9.0000000 2.4141569 1.4396946 1.7786835 9.0000000 1.8942965 1.3144041 1.3144041 
t11        0.3831192 1.5901977 1.1586745 0.0000000 0.9913169 9.0000000 2.1983953 1.5111773 1.3744361 1.5901977 0.9198342 9.0000000 2.1983953 1.7786835 0.7945437 0.5299277 9.0000000 9.0000000 1.8942965 1.8942965 
t2         0.8239592 1.4396946 0.6388142 0.9913169 0.0000000 2.4141569 1.3744361 0.9547243 0.7945437 0.6157354 0.9913169 9.0000000 1.8942965 1.3744361 0.9547243 1.4396946 2.1983953 1.7786835 0.7389627 0.7389627 
t19        2.4141569 9.0000000 2.4141569 9.0000000 2.4141569 0.0000000 2.0310377 2.7182557 2.7182557 9.0000000 9.0000000 9.0000000 2.4141569 2.0310377 2.7182557 3.2381161 9.0000000 2.1983953 9.0000000 9.0000000 
t12        1.8942965 2.7182557 1.5901977 2.1983953 1.3744361 2.0310377 0.0000000 2.4141569 1.8942965 9.0000000 9.0000000 9.0000000 2.1983953 1.6785349 1.4396946 2.4141569 9.0000000 9.0000000 2.7182557 2.7182557 
t7         1.5901977 1.6785349 1.3144041 1.5111773 0.9547243 2.7182557 2.4141569 0.0000000 0.3040988 1.1586745 1.3744361 1.8942965 1.7786835 2.0310377 1.8942965 2.7182557 1.6785349 1.6785349 0.9913169 0.9913169 
t20        1.2588231 1.5901977 1.3744361 1.3744361 0.7945437 2.7182557 1.8942965 0.3040988 0.0000000 1.1132061 1.4396946 1.7786835 1.8942965 1.5111773 1.4396946 2.4141569 1.7786835 1.3744361 0.9547243 0.9547243 
t10        1.1132061 2.4141569 1.2588231 1.5901977 0.6157354 9.0000000 9.0000000 1.1586745 1.1132061 0.0000000 1.5111773 9.0000000 1.8942965 2.0310377 1.3144041 1.3744361 1.6785349 1.8942965 0.4529370 0.4529370 
t16        0.8864954 1.5901977 1.6785349 0.9198342 0.9913169 9.0000000 9.0000000 1.3744361 1.4396946 1.5111773 0.0000000 2.7182557 1.5111773 1.1132061 1.0703373 1.3144041 2.0310377 1.5901977 1.4396946 1.4396946 
t13        9.0000000 3.2381161 9.0000000 9.0000000 9.0000000 9.0000000 9.0000000 1.8942965 1.7786835 9.0000000 2.7182557 0.0000000 2.1983953 2.4141569 9.0000000 9.0000000 0.5299277 0.4904449 9.0000000 9.0000000 
t8         2.7182557 2.1983953 9.0000000 2.1983953 1.8942965 2.4141569 2.1983953 1.7786835 1.8942965 1.8942965 1.5111773 2.1983953 0.0000000 0.5933457 2.7182557 9.0000000 2.0310377 2.0310377 1.7786835 1.7786835 
t5         1.3744361 2.0310377 2.4141569 1.7786835 1.3744361 2.0310377 1.6785349 2.0310377 1.5111773 2.0310377 1.1132061 2.4141569 0.5933457 0.0000000 1.8942965 2.1983953 2.7182557 2.4141569 2.4141569 2.4141569 
t17        0.9547243 1.8942965 1.4396946 0.7945437 0.9547243 2.7182557 1.4396946 1.8942965 1.4396946 1.3144041 1.0703373 9.0000000 2.7182557 1.8942965 0.0000000 0.5504769 9.0000000 9.0000000 1.5901977 1.5901977 
t3         0.6157354 2.4141569 1.7786835 0.5299277 1.4396946 3.2381161 2.4141569 2.7182557 2.4141569 1.3744361 1.3144041 9.0000000 9.0000000 2.1983953 0.5504769 0.0000000 9.0000000 9.0000000 1.3744361 1.3744361 
t15        2.7182557 1.6785349 9.0000000 9.0000000 2.1983953 9.0000000 9.0000000 1.6785349 1.7786835 1.6785349 2.0310377 0.5299277 2.0310377 2.7182557 9.0000000 9.0000000 0.0000000 0.3831192 9.0000000 9.0000000 
t1         1.7786835 1.7786835 1.8942965 9.0000000 1.7786835 2.1983953 9.0000000 1.6785349 1.3744361 1.8942965 1.5901977 0.4904449 2.0310377 2.4141569 9.0000000 9.0000000 0.3831192 0.0000000 9.0000000 9.0000000 
t6         1.2588231 9.0000000 1.3144041 1.8942965 0.7389627 9.0000000 2.7182557 0.9913169 0.9547243 0.4529370 1.4396946 9.0000000 1.7786835 2.4141569 1.5901977 1.3744361 9.0000000 9.0000000 0.0000000 0.0000010 
t9         1.2588231 9.0000000 1.3144041 1.8942965 0.7389627 9.0000000 2.7182557 0.9913169 0.9547243 0.4529370 1.4396946 9.0000000 1.7786835 2.4141569 1.5901977 1.3744361 9.0000000 9.0000000 0.0000010 0.0000000 
