20
t6         0.0000000 1.1586745 9.0000000 1.7786835 9.0000000 9.0000000 3.2381161 1.5111773 9.0000000 2.0310377 9.0000000 9.0000000 1.4396946 2.4141569 9.0000000 2.4141569 2.7182557 3.2381161 2.4141569 1.8942965 
t19        1.1586745 0.0000000 9.0000000 1.8942965 2.7182557 2.0310377 2.1983953 1.2070784 1.5111773 1.7786835 1.4396946 1.5901977 0.8239592 1.2588231 2.0310377 1.7786835 2.0310377 9.0000000 1.5111773 1.7786835 
t18        9.0000000 9.0000000 0.0000000 9.0000000 2.0310377 1.4396946 1.3144041 1.5901977 9.0000000 1.3744361 1.6785349 1.8942965 2.0310377 2.1983953 2.7182557 9.0000000 9.0000000 9.0000000 1.4396946 1.5111773 
t3         1.7786835 1.8942965 9.0000000 0.0000000 2.7182557 2.0310377 1.3744361 1.5901977 1.3744361 9.0000000 1.6785349 3.2381161 1.7786835 2.7182557 3.2381161 9.0000000 9.0000000 2.7182557 9.0000000 9.0000000 
t17        9.0000000 2.7182557 2.0310377 2.7182557 0.0000000 0.9547243 0.8545757 1.3144041 2.1983953 9.0000000 1.4396946 1.5111773 1.3144041 2.4141569 9.0000000 9.0000000 9.0000000 9.0000000 3.2381161 9.0000000 
t7         9.0000000 2.0310377 1.4396946 2.0310377 0.9547243 0.0000000 0.4348639 0.7945437 2.0310377 1.7786835 1.5901977 1.5901977 1.2070784 1.7786835 9.0000000 9.0000000 9.0000000 9.0000000 1.2070784 1.3744361 
t10        3.2381161 2.1983953 1.3144041 1.3744361 0.8545757 0.4348639 0.0000000 0.6872180 2.4141569 3.2381161 1.3144041 1.5901977 1.1586745 1.6785349 9.0000000 9.0000000 9.0000000 9.0000000 1.5901977 1.7786835 
t5         1.5111773 1.2070784 1.5901977 1.5901977 1.3144041 0.7945437 0.6872180 0.0000000 0.7389627 1.6785349 1.3744361 1.6785349 0.9547243 1.7786835 9.0000000 1.6785349 9.0000000 2.7182557 1.5111773 1.6785349 
t8         9.0000000 1.5111773 9.0000000 1.3744361 2.1983953 2.0310377 2.4141569 0.7389627 0.0000000 1.6785349 2.7182557 1.8942965 1.1132061 2.1983953 1.7786835 1.7786835 2.4141569 9.0000000 9.0000000 9.0000000 
t9         2.0310377 1.7786835 1.3744361 9.0000000 9.0000000 1.7786835 3.2381161 1.6785349 1.6785349 0.0000000 2.4141569 9.0000000 1.8942965 9.0000000 2.7182557 9.0000000 9.0000000 9.0000000 0.8545757 0.8545757 
t2         9.0000000 1.4396946 1.6785349 1.6785349 1.4396946 1.5901977 1.3144041 1.3744361 2.7182557 2.4141569 0.0000000 0.4714565 1.3744361 2.0310377 2.4141569 9.0000000 2.0310377 9.0000000 2.0310377 2.4141569 
t15        9.0000000 1.5901977 1.8942965 3.2381161 1.5111773 1.5901977 1.5901977 1.6785349 1.8942965 9.0000000 0.4714565 0.0000000 1.5111773 1.6785349 9.0000000 3.2381161 3.2381161 9.0000000 2.7182557 2.7182557 
t12        1.4396946 0.8239592 2.0310377 1.7786835 1.3144041 1.2070784 1.1586745 0.9547243 1.1132061 1.8942965 1.3744361 1.5111773 0.0000000 0.6626257 2.4141569 2.0310377 2.7182557 3.2381161 1.7786835 2.0310377 
t13        2.4141569 1.2588231 2.1983953 2.7182557 2.4141569 1.7786835 1.6785349 1.7786835 2.1983953 9.0000000 2.0310377 1.6785349 0.6626257 0.0000000 9.0000000 2.4141569 2.4141569 9.0000000 3.2381161 9.0000000 
t4         9.0000000 2.0310377 2.7182557 3.2381161 9.0000000 9.0000000 9.0000000 9.0000000 1.7786835 2.7182557 2.4141569 9.0000000 2.4141569 9.0000000 0.0000000 0.4714565 0.3999739 0.5716050 3.2381161 3.2381161 
t14        2.4141569 1.7786835 9.0000000 9.0000000 9.0000000 9.0000000 9.0000000 1.6785349 1.7786835 9.0000000 9.0000000 3.2381161 2.0310377 2.4141569 0.4714565 0.0000000 0.2892469 0.4714565 2.4141569 2.4141569 
t16        2.7182557 2.0310377 9.0000000 9.0000000 9.0000000 9.0000000 9.0000000 9.0000000 2.4141569 9.0000000 2.0310377 3.2381161 2.7182557 2.4141569 0.3999739 0.2892469 0.0000000 0.4172160 3.2381161 3.2381161 
t1         3.2381161 9.0000000 9.0000000 2.7182557 9.0000000 9.0000000 9.0000000 2.7182557 9.0000000 9.0000000 9.0000000 9.0000000 3.2381161 9.0000000 0.5716050 0.4714565 0.4172160 0.0000000 9.0000000 9.0000000 
t11        2.4141569 1.5111773 1.4396946 9.0000000 3.2381161 1.2070784 1.5901977 1.5111773 9.0000000 0.8545757 2.0310377 2.7182557 1.7786835 3.2381161 3.2381161 2.4141569 3.2381161 9.0000000 0.0000000 0.0734853 
t20        1.8942965 1.7786835 1.5111773 9.0000000 9.0000000 1.3744361 1.7786835 1.6785349 9.0000000 0.8545757 2.4141569 2.7182557 2.0310377 9.0000000 3.2381161 2.4141569 3.2381161 9.0000000 0.0734853 0.0000000 
