20
t2         0.0000000 0.4904449 0.6388142 0.5933457 0.5504769 0.5299277 0.6157354 0.5299277 0.6157354 0.7389627 0.7945437 0.8545757 0.7945437 0.7389627 0.7126442 0.5716050 0.6157354 0.5504769 0.5933457 0.5933457 
t20        0.4904449 0.0000000 0.4172160 0.5716050 0.4714565 0.4904449 0.6157354 0.5299277 0.4714565 0.5504769 0.5716050 0.6872180 0.7389627 0.5299277 0.5099265 0.6388142 0.6157354 0.4348639 0.4529370 0.4529370 
t1         0.6388142 0.4172160 0.0000000 0.5504769 0.5716050 0.4714565 0.6157354 0.7662384 0.5504769 0.5099265 0.5716050 0.7945437 0.7945437 0.5299277 0.5299277 0.6388142 0.6157354 0.3831192 0.3999739 0.3999739 
t11        0.5933457 0.5716050 0.5504769 0.0000000 0.3192509 0.3040988 0.5933457 0.6626257 0.7126442 0.7945437 0.7126442 0.8545757 0.8864954 0.6626257 0.6626257 0.6626257 0.6157354 0.5504769 0.5933457 0.5933457 
t4         0.5504769 0.4714565 0.5716050 0.3192509 0.0000000 0.2326162 0.4348639 0.6157354 0.5933457 0.7126442 0.6157354 0.7945437 0.7126442 0.5299277 0.5716050 0.4714565 0.4529370 0.5504769 0.5716050 0.5716050 
t6         0.5299277 0.4904449 0.4714565 0.3040988 0.2326162 0.0000000 0.4714565 0.6157354 0.5099265 0.6388142 0.5933457 0.7126442 0.7389627 0.5299277 0.5504769 0.4714565 0.4529370 0.5504769 0.5716050 0.5716050 
t3         0.6157354 0.6157354 0.6157354 0.5933457 0.4348639 0.4714565 0.0000000 0.7389627 0.5933457 0.9913169 0.6872180 0.9547243 0.8239592 0.6872180 0.7126442 0.2463781 0.2191023 0.7389627 0.7662384 0.7662384 
t16        0.5299277 0.5299277 0.7662384 0.6626257 0.6157354 0.6157354 0.7389627 0.0000000 0.3040988 0.8239592 0.8239592 0.5099265 0.5099265 0.7126442 0.7662384 0.7945437 0.7945437 0.7662384 0.7945437 0.7945437 
t10        0.6157354 0.4714565 0.5504769 0.7126442 0.5933457 0.5099265 0.5933457 0.3040988 0.0000000 0.7945437 0.7126442 0.5504769 0.5299277 0.6157354 0.5933457 0.6388142 0.6388142 0.7126442 0.7389627 0.7389627 
t12        0.7389627 0.5504769 0.5099265 0.7945437 0.7126442 0.6388142 0.9913169 0.8239592 0.7945437 0.0000000 0.8239592 1.0297869 1.1132061 0.7389627 0.6626257 0.8239592 0.8864954 0.2326162 0.2191023 0.2191023 
t17        0.7945437 0.5716050 0.5716050 0.7126442 0.6157354 0.5933457 0.6872180 0.8239592 0.7126442 0.8239592 0.0000000 0.7945437 0.8864954 0.1427653 0.1549607 0.8545757 0.7662384 0.6872180 0.6872180 0.6872180 
t5         0.8545757 0.6872180 0.7945437 0.8545757 0.7945437 0.7126442 0.9547243 0.5099265 0.5504769 1.0297869 0.7945437 0.0000000 0.0845966 0.8239592 0.7945437 1.0703373 1.0297869 0.9913169 0.9913169 0.9913169 
t9         0.7945437 0.7389627 0.7945437 0.8864954 0.7126442 0.7389627 0.8239592 0.5099265 0.5299277 1.1132061 0.8864954 0.0845966 0.0000000 0.8239592 0.7945437 0.9547243 0.8864954 0.9913169 0.9913169 0.9913169 
t7         0.7389627 0.5299277 0.5299277 0.6626257 0.5299277 0.5299277 0.6872180 0.7126442 0.6157354 0.7389627 0.1427653 0.8239592 0.8239592 0.0000000 0.0625362 0.7662384 0.6872180 0.6157354 0.6388142 0.6388142 
t18        0.7126442 0.5099265 0.5299277 0.6626257 0.5716050 0.5504769 0.7126442 0.7662384 0.5933457 0.6626257 0.1549607 0.7945437 0.7945437 0.0625362 0.0000000 0.7662384 0.6872180 0.5716050 0.5933457 0.5933457 
t19        0.5716050 0.6388142 0.6388142 0.6626257 0.4714565 0.4714565 0.2463781 0.7945437 0.6388142 0.8239592 0.8545757 1.0703373 0.9547243 0.7662384 0.7662384 0.0000000 0.0411062 0.6626257 0.6872180 0.6872180 
t8         0.6157354 0.6157354 0.6157354 0.6157354 0.4529370 0.4529370 0.2191023 0.7945437 0.6388142 0.8864954 0.7662384 1.0297869 0.8864954 0.6872180 0.6872180 0.0411062 0.0000000 0.7126442 0.7389627 0.7389627 
t14        0.5504769 0.4348639 0.3831192 0.5504769 0.5504769 0.5504769 0.7389627 0.7662384 0.7126442 0.2326162 0.6872180 0.9913169 0.9913169 0.6157354 0.5716050 0.6626257 0.7126442 0.0000000 0.0306165 0.0306165 
t13        0.5933457 0.4529370 0.3999739 0.5933457 0.5716050 0.5716050 0.7662384 0.7945437 0.7389627 0.2191023 0.6872180 0.9913169 0.9913169 0.6388142 0.5933457 0.6872180 0.7389627 0.0306165 0.0000000 0.0000010 
t15        0.5933457 0.4529370 0.3999739 0.5933457 0.5716050 0.5716050 0.7662384 0.7945437 0.7389627 0.2191023 0.6872180 0.9913169 0.9913169 0.6388142 0.5933457 0.6872180 0.7389627 0.0306165 0.0000010 0.0000000 
