20
t12        0.0000000 1.7786835 1.8942965 0.9198342 0.8545757 0.9913169 0.9913169 1.5901977 0.9547243 0.8239592 0.8864954 1.1132061 1.1132061 0.7126442 0.6388142 0.7389627 0.5716050 0.5716050 0.8239592 0.9547243 
t15        1.7786835 0.0000000 0.6157354 2.1983953 1.8942965 1.6785349 9.0000000 1.8942965 1.5901977 1.6785349 1.4396946 1.7786835 2.0310377 1.2070784 1.1132061 1.2588231 1.3744361 1.2588231 1.5111773 1.5111773 
t17        1.8942965 0.6157354 0.0000000 1.3744361 2.0310377 1.5111773 9.0000000 1.3744361 1.5111773 1.3744361 1.2588231 1.3744361 1.7786835 1.0297869 0.9547243 1.1132061 1.2070784 1.3744361 1.2588231 1.2588231 
t13        0.9198342 2.1983953 1.3744361 0.0000000 1.0297869 1.1132061 0.7662384 1.5901977 0.6872180 0.6388142 1.2588231 1.1586745 1.3144041 0.4529370 0.3831192 0.4904449 0.7389627 0.8545757 1.2588231 1.4396946 
t10        0.8545757 1.8942965 2.0310377 1.0297869 0.0000000 1.4396946 1.2070784 9.0000000 0.9198342 0.8545757 1.2070784 2.4141569 2.4141569 0.7662384 0.7389627 0.7389627 0.9913169 0.9547243 1.2588231 1.2070784 
t2         0.9913169 1.6785349 1.5111773 1.1132061 1.4396946 0.0000000 1.0297869 1.3144041 1.1132061 1.1132061 0.7126442 1.0703373 1.1586745 0.7945437 0.8239592 0.7945437 0.4904449 0.4348639 0.8239592 0.8239592 
t4         0.9913169 9.0000000 9.0000000 0.7662384 1.2070784 1.0297869 0.0000000 1.4396946 0.6157354 0.5716050 1.1586745 1.3744361 1.5111773 0.7126442 0.7389627 0.7945437 0.9913169 0.9913169 1.2070784 1.2588231 
t18        1.5901977 1.8942965 1.3744361 1.5901977 9.0000000 1.3144041 1.4396946 0.0000000 1.3144041 1.1586745 0.9913169 0.4172160 0.3666350 1.6785349 1.5901977 1.6785349 1.2588231 1.2588231 1.0297869 1.0297869 
t3         0.9547243 1.5901977 1.5111773 0.6872180 0.9198342 1.1132061 0.6157354 1.3144041 0.0000000 0.1673577 0.8864954 1.2070784 1.3144041 0.5299277 0.5504769 0.5933457 0.8545757 0.9198342 0.8864954 0.9547243 
t20        0.8239592 1.6785349 1.3744361 0.6388142 0.8545757 1.1132061 0.5716050 1.1586745 0.1673577 0.0000000 0.9547243 1.1586745 1.2588231 0.4348639 0.4529370 0.5299277 0.8239592 0.8864954 0.9547243 1.0297869 
t1         0.8864954 1.4396946 1.2588231 1.2588231 1.2070784 0.7126442 1.1586745 0.9913169 0.8864954 0.9547243 0.0000000 0.5504769 0.6626257 0.7662384 0.7389627 0.8545757 0.7945437 0.8864954 0.0734853 0.0625362 
t14        1.1132061 1.7786835 1.3744361 1.1586745 2.4141569 1.0703373 1.3744361 0.4172160 1.2070784 1.1586745 0.5504769 0.0000000 0.0958750 1.2070784 1.1132061 1.1132061 1.0297869 1.0297869 0.5716050 0.5716050 
t5         1.1132061 2.0310377 1.7786835 1.3144041 2.4141569 1.1586745 1.5111773 0.3666350 1.3144041 1.2588231 0.6626257 0.0958750 0.0000000 1.3144041 1.2070784 1.2070784 1.2070784 1.1586745 0.6388142 0.6872180 
t19        0.7126442 1.2070784 1.0297869 0.4529370 0.7662384 0.7945437 0.7126442 1.6785349 0.5299277 0.4348639 0.7662384 1.2070784 1.3144041 0.0000000 0.0411062 0.1307650 0.5933457 0.6626257 0.7945437 0.8239592 
t8         0.6388142 1.1132061 0.9547243 0.3831192 0.7389627 0.8239592 0.7389627 1.5901977 0.5504769 0.4529370 0.7389627 1.1132061 1.2070784 0.0411062 0.0000000 0.1073256 0.5299277 0.6157354 0.7389627 0.8239592 
t6         0.7389627 1.2588231 1.1132061 0.4904449 0.7389627 0.7945437 0.7945437 1.6785349 0.5933457 0.5299277 0.8545757 1.1132061 1.2070784 0.1307650 0.1073256 0.0000000 0.5933457 0.6626257 0.9547243 0.9198342 
t7         0.5716050 1.3744361 1.2070784 0.7389627 0.9913169 0.4904449 0.9913169 1.2588231 0.8545757 0.8239592 0.7945437 1.0297869 1.2070784 0.5933457 0.5299277 0.5933457 0.0000000 0.0845966 0.8864954 0.8239592 
t9         0.5716050 1.2588231 1.3744361 0.8545757 0.9547243 0.4348639 0.9913169 1.2588231 0.9198342 0.8864954 0.8864954 1.0297869 1.1586745 0.6626257 0.6157354 0.6626257 0.0845966 0.0000000 0.9547243 0.8864954 
t11        0.8239592 1.5111773 1.2588231 1.2588231 1.2588231 0.8239592 1.2070784 1.0297869 0.8864954 0.9547243 0.0734853 0.5716050 0.6388142 0.7945437 0.7389627 0.9547243 0.8864954 0.9547243 0.0000000 0.0845966 
t16        0.9547243 1.5111773 1.2588231 1.4396946 1.2070784 0.8239592 1.2588231 1.0297869 0.9547243 1.0297869 0.0625362 0.5716050 0.6872180 0.8239592 0.8239592 0.9198342 0.8239592 0.8864954 0.0845966 0.0000000 
