20
t5         0.0000000 1.3744361 9.0000000 3.2381161 2.0310377 1.8942965 3.2381161 2.1983953 2.0310377 2.1983953 1.5111773 2.7182557 2.1983953 2.7182557 2.4141569 2.0310377 9.0000000 9.0000000 2.4141569 2.4141569 
t18        1.3744361 0.0000000 2.0310377 1.1586745 1.5901977 1.4396946 1.3744361 1.4396946 1.0297869 0.8864954 1.1586745 1.6785349 1.5901977 1.1132061 1.3144041 1.3144041 1.3144041 1.2588231 1.0703373 1.1586745 
t4         9.0000000 2.0310377 0.0000000 1.3744361 1.0703373 1.5111773 1.1586745 1.5111773 1.0703373 1.0703373 1.5901977 1.3144041 1.1586745 1.2070784 1.4396946 1.5111773 1.2588231 1.0297869 1.2588231 1.2070784 
t1         3.2381161 1.1586745 1.3744361 0.0000000 1.1586745 1.5111773 0.8864954 1.3144041 1.1586745 0.9913169 1.3144041 0.8545757 0.9198342 1.1586745 1.4396946 1.2588231 1.1132061 0.9547243 1.2070784 1.2588231 
t17        2.0310377 1.5901977 1.0703373 1.1586745 0.0000000 2.1983953 0.9547243 1.2588231 0.8545757 0.8545757 1.5901977 1.0703373 0.9913169 0.5716050 1.3744361 1.3744361 1.2070784 1.1586745 0.5099265 0.5504769 
t3         1.8942965 1.4396946 1.5111773 1.5111773 2.1983953 0.0000000 1.3744361 0.6157354 1.5901977 1.5111773 0.6388142 1.7786835 2.0310377 1.5111773 0.6388142 0.7126442 1.5901977 1.3144041 1.7786835 1.5901977 
t2         3.2381161 1.3744361 1.1586745 0.8864954 0.9547243 1.3744361 0.0000000 1.2070784 0.5933457 0.8239592 1.1132061 1.1586745 1.2070784 0.8545757 1.2588231 1.4396946 0.5299277 0.4348639 0.8545757 0.7945437 
t14        2.1983953 1.4396946 1.5111773 1.3144041 1.2588231 0.6157354 1.2070784 0.0000000 1.1132061 1.4396946 0.3347153 1.3144041 1.5901977 1.1132061 0.3040988 0.3347153 1.5901977 1.4396946 1.2588231 1.2070784 
t12        2.0310377 1.0297869 1.0703373 1.1586745 0.8545757 1.5901977 0.5933457 1.1132061 0.0000000 0.3040988 0.9547243 1.2588231 1.2588231 0.7126442 1.0297869 1.1586745 0.9198342 0.8545757 0.6872180 0.7126442 
t20        2.1983953 0.8864954 1.0703373 0.9913169 0.8545757 1.5111773 0.8239592 1.4396946 0.3040988 0.0000000 1.2588231 1.2588231 1.1586745 0.7945437 1.2588231 1.5111773 1.0297869 0.9913169 0.7126442 0.7662384 
t16        1.5111773 1.1586745 1.5901977 1.3144041 1.5901977 0.6388142 1.1132061 0.3347153 0.9547243 1.2588231 0.0000000 1.4396946 1.7786835 1.2070784 0.1927838 0.2463781 1.5111773 1.3144041 1.4396946 1.3144041 
t19        2.7182557 1.6785349 1.3144041 0.8545757 1.0703373 1.7786835 1.1586745 1.3144041 1.2588231 1.2588231 1.4396946 0.0000000 0.1307650 1.2588231 1.5901977 1.5901977 1.5901977 1.3744361 1.2070784 1.2588231 
t7         2.1983953 1.5901977 1.1586745 0.9198342 0.9913169 2.0310377 1.2070784 1.5901977 1.2588231 1.1586745 1.7786835 0.1307650 0.0000000 1.1586745 2.0310377 1.7786835 1.5901977 1.4396946 1.1132061 1.2070784 
t8         2.7182557 1.1132061 1.2070784 1.1586745 0.5716050 1.5111773 0.8545757 1.1132061 0.7126442 0.7945437 1.2070784 1.2588231 1.1586745 0.0000000 1.0297869 1.1132061 0.9913169 0.9547243 0.0734853 0.0734853 
t11        2.4141569 1.3144041 1.4396946 1.4396946 1.3744361 0.6388142 1.2588231 0.3040988 1.0297869 1.2588231 0.1927838 1.5901977 2.0310377 1.0297869 0.0000000 0.1673577 1.5111773 1.3744361 1.1586745 1.1132061 
t13        2.0310377 1.3144041 1.5111773 1.2588231 1.3744361 0.7126442 1.4396946 0.3347153 1.1586745 1.5111773 0.2463781 1.5901977 1.7786835 1.1132061 0.1673577 0.0000000 1.8942965 1.6785349 1.3144041 1.2070784 
t10        9.0000000 1.3144041 1.2588231 1.1132061 1.2070784 1.5901977 0.5299277 1.5901977 0.9198342 1.0297869 1.5111773 1.5901977 1.5901977 0.9913169 1.5111773 1.8942965 0.0000000 0.1073256 0.9913169 0.9913169 
t6         9.0000000 1.2588231 1.0297869 0.9547243 1.1586745 1.3144041 0.4348639 1.4396946 0.8545757 0.9913169 1.3144041 1.3744361 1.4396946 0.9547243 1.3744361 1.6785349 0.1073256 0.0000000 0.9913169 0.9547243 
t9         2.4141569 1.0703373 1.2588231 1.2070784 0.5099265 1.7786835 0.8545757 1.2588231 0.6872180 0.7126442 1.4396946 1.2070784 1.1132061 0.0734853 1.1586745 1.3144041 0.9913169 0.9913169 0.0000000 0.0411062 
t15        2.4141569 1.1586745 1.2070784 1.2588231 0.5504769 1.5901977 0.7945437 1.2070784 0.7126442 0.7662384 1.3144041 1.2588231 1.2070784 0.0734853 1.1132061 1.2070784 0.9913169 0.9547243 0.0411062 0.0000000 
