20
t9         0.0000000 9.0000000 1.7786835 1.3144041 1.7786835 1.7786835 1.5111773 1.8942965 9.0000000 0.9547243 1.1132061 1.5901977 1.5111773 0.9198342 1.0703373 1.2070784 1.1132061 1.1132061 9.0000000 9.0000000 
t10        9.0000000 0.0000000 1.2070784 1.0703373 1.2588231 1.8942965 1.3144041 1.0703373 1.4396946 1.5901977 1.3744361 1.2588231 1.2070784 1.5901977 1.4396946 1.6785349 1.1586745 1.2070784 9.0000000 9.0000000 
t11        1.7786835 1.2070784 0.0000000 0.7389627 0.7126442 0.9547243 0.7126442 0.7945437 0.8545757 1.2070784 0.9913169 0.8545757 0.9913169 1.2070784 1.0297869 1.2588231 0.9547243 1.0703373 1.6785349 1.5111773 
t13        1.3144041 1.0703373 0.7389627 0.0000000 0.9198342 0.9198342 1.1132061 1.1132061 1.2588231 1.0297869 1.3144041 0.9913169 1.1586745 1.1586745 1.3144041 1.3744361 0.9198342 0.9913169 1.6785349 2.0310377 
t19        1.7786835 1.2588231 0.7126442 0.9198342 0.0000000 1.3744361 1.0703373 1.0297869 0.8545757 1.3144041 1.0703373 0.6626257 0.5716050 0.9913169 1.0297869 1.0703373 0.9198342 0.8545757 1.2070784 1.2070784 
t18        1.7786835 1.8942965 0.9547243 0.9198342 1.3744361 0.0000000 0.9198342 0.9547243 1.0297869 1.2588231 1.3144041 0.9198342 0.9547243 1.2070784 1.2070784 1.2588231 0.9913169 1.0297869 1.1586745 1.0703373 
t15        1.5111773 1.3144041 0.7126442 1.1132061 1.0703373 0.9198342 0.0000000 0.5099265 0.8239592 1.0297869 0.9198342 0.8864954 0.9198342 0.9198342 0.8864954 0.7945437 0.8545757 0.9547243 1.2070784 1.3144041 
t8         1.8942965 1.0703373 0.7945437 1.1132061 1.0297869 0.9547243 0.5099265 0.0000000 0.9547243 0.9198342 0.8545757 0.9547243 0.8864954 0.9198342 0.9913169 0.9913169 0.8239592 0.9198342 1.1586745 1.2588231 
t12        9.0000000 1.4396946 0.8545757 1.2588231 0.8545757 1.0297869 0.8239592 0.9547243 0.0000000 1.2588231 0.9198342 0.9198342 0.9198342 0.9547243 0.9198342 0.9547243 1.1586745 1.1132061 0.7126442 0.7126442 
t14        0.9547243 1.5901977 1.2070784 1.0297869 1.3144041 1.2588231 1.0297869 0.9198342 1.2588231 0.0000000 0.5716050 0.8239592 0.8864954 0.5099265 0.4714565 0.5933457 0.3999739 0.4348639 1.6785349 1.8942965 
t4         1.1132061 1.3744361 0.9913169 1.3144041 1.0703373 1.3144041 0.9198342 0.8545757 0.9198342 0.5716050 0.0000000 0.9913169 0.9913169 0.3831192 0.3666350 0.5099265 0.3999739 0.4172160 1.5111773 1.6785349 
t5         1.5901977 1.2588231 0.8545757 0.9913169 0.6626257 0.9198342 0.8864954 0.9547243 0.9198342 0.8239592 0.9913169 0.0000000 0.2463781 0.8864954 0.8864954 0.9198342 0.8545757 0.9547243 1.3144041 1.3144041 
t2         1.5111773 1.2070784 0.9913169 1.1586745 0.5716050 0.9547243 0.9198342 0.8864954 0.9198342 0.8864954 0.9913169 0.2463781 0.0000000 0.9913169 0.9547243 1.1132061 0.9198342 0.9547243 1.5111773 1.5901977 
t6         0.9198342 1.5901977 1.2070784 1.1586745 0.9913169 1.2070784 0.9198342 0.9198342 0.9547243 0.5099265 0.3831192 0.8864954 0.9913169 0.0000000 0.1427653 0.2326162 0.3040988 0.3192509 1.5901977 1.7786835 
t20        1.0703373 1.4396946 1.0297869 1.3144041 1.0297869 1.2070784 0.8864954 0.9913169 0.9198342 0.4714565 0.3666350 0.8864954 0.9547243 0.1427653 0.0000000 0.1799630 0.3040988 0.3666350 1.3744361 1.5111773 
t17        1.2070784 1.6785349 1.2588231 1.3744361 1.0703373 1.2588231 0.7945437 0.9913169 0.9547243 0.5933457 0.5099265 0.9198342 1.1132061 0.2326162 0.1799630 0.0000000 0.4172160 0.4904449 1.3144041 1.5111773 
t1         1.1132061 1.1586745 0.9547243 0.9198342 0.9198342 0.9913169 0.8545757 0.8239592 1.1586745 0.3999739 0.3999739 0.8545757 0.9198342 0.3040988 0.3040988 0.4172160 0.0000000 0.0734853 1.7786835 2.0310377 
t3         1.1132061 1.2070784 1.0703373 0.9913169 0.8545757 1.0297869 0.9547243 0.9198342 1.1132061 0.4348639 0.4172160 0.9547243 0.9547243 0.3192509 0.3666350 0.4904449 0.0734853 0.0000000 1.7786835 2.0310377 
t7         9.0000000 9.0000000 1.6785349 1.6785349 1.2070784 1.1586745 1.2070784 1.1586745 0.7126442 1.6785349 1.5111773 1.3144041 1.5111773 1.5901977 1.3744361 1.3144041 1.7786835 1.7786835 0.0000000 0.0734853 
t16        9.0000000 9.0000000 1.5111773 2.0310377 1.2070784 1.0703373 1.3144041 1.2588231 0.7126442 1.8942965 1.6785349 1.3144041 1.5901977 1.7786835 1.5111773 1.5111773 2.0310377 2.0310377 0.0734853 0.0000000 
