20
t16        0.0000000 0.8239592 1.0703373 0.7662384 0.6388142 0.8545757 0.9547243 0.7126442 0.8864954 1.0297869 1.0297869 0.9198342 0.9198342 1.1132061 0.9198342 0.8545757 0.5716050 0.5933457 1.0703373 1.0297869 
t5         0.8239592 0.0000000 1.1586745 0.5716050 0.3505054 0.7662384 0.7945437 0.6872180 0.7945437 0.8545757 1.5111773 0.8545757 0.8239592 1.1132061 0.5933457 0.6157354 0.3040988 0.3192509 0.9547243 0.8239592 
t9         1.0703373 1.1586745 0.0000000 0.8239592 1.2070784 1.2070784 1.1586745 1.2070784 1.0297869 1.3144041 1.6785349 1.0297869 1.1586745 1.5111773 1.5111773 1.5111773 1.0703373 1.1132061 2.0310377 1.8942965 
t7         0.7662384 0.5716050 0.8239592 0.0000000 0.4904449 0.6626257 0.6626257 0.5716050 0.6388142 0.8545757 1.0297869 0.6388142 0.6626257 0.8545757 0.6388142 0.6626257 0.4904449 0.5099265 0.7389627 0.7945437 
t15        0.6388142 0.3505054 1.2070784 0.4904449 0.0000000 0.5504769 0.5504769 0.4714565 0.6157354 0.7662384 1.2588231 0.5933457 0.5716050 0.9547243 0.3192509 0.3192509 0.0517447 0.0625362 0.8239592 0.8239592 
t13        0.8545757 0.7662384 1.2070784 0.6626257 0.5504769 0.0000000 0.4714565 0.5299277 0.8239592 1.0703373 1.6785349 0.7662384 0.7389627 1.1132061 0.8239592 0.8545757 0.5299277 0.5504769 0.8239592 0.7945437 
t2         0.9547243 0.7945437 1.1586745 0.6626257 0.5504769 0.4714565 0.0000000 0.4529370 0.7126442 0.9198342 1.0703373 0.6626257 0.6872180 0.9198342 0.8239592 0.8545757 0.5504769 0.5716050 0.7945437 0.7662384 
t1         0.7126442 0.6872180 1.2070784 0.5716050 0.4714565 0.5299277 0.4529370 0.0000000 0.6388142 1.0297869 1.2070784 0.6388142 0.6872180 0.7945437 0.7126442 0.7662384 0.4348639 0.4348639 0.3040988 0.3040988 
t18        0.8864954 0.7945437 1.0297869 0.6388142 0.6157354 0.8239592 0.7126442 0.6388142 0.0000000 0.6388142 1.2588231 0.7945437 0.8545757 1.0297869 0.8864954 0.9547243 0.5716050 0.5933457 0.7662384 0.8545757 
t10        1.0297869 0.8545757 1.3144041 0.8545757 0.7662384 1.0703373 0.9198342 1.0297869 0.6388142 0.0000000 1.4396946 0.8864954 0.9913169 1.3744361 1.2070784 1.1132061 0.7126442 0.7389627 1.0297869 1.1132061 
t3         1.0297869 1.5111773 1.6785349 1.0297869 1.2588231 1.6785349 1.0703373 1.2070784 1.2588231 1.4396946 0.0000000 0.6157354 0.6388142 0.8239592 1.3744361 1.3144041 1.2588231 1.3144041 1.0297869 1.0297869 
t17        0.9198342 0.8545757 1.0297869 0.6388142 0.5933457 0.7662384 0.6626257 0.6388142 0.7945437 0.8864954 0.6157354 0.0000000 0.1189538 0.3505054 0.8545757 0.8545757 0.5716050 0.5933457 0.8545757 0.8239592 
t8         0.9198342 0.8239592 1.1586745 0.6626257 0.5716050 0.7389627 0.6872180 0.6872180 0.8545757 0.9913169 0.6388142 0.1189538 0.0000000 0.3831192 0.8239592 0.8239592 0.5933457 0.6157354 0.9198342 0.8864954 
t6         1.1132061 1.1132061 1.5111773 0.8545757 0.9547243 1.1132061 0.9198342 0.7945437 1.0297869 1.3744361 0.8239592 0.3505054 0.3831192 0.0000000 1.2588231 1.2588231 0.8239592 0.8239592 0.9198342 0.9547243 
t4         0.9198342 0.5933457 1.5111773 0.6388142 0.3192509 0.8239592 0.8239592 0.7126442 0.8864954 1.2070784 1.3744361 0.8545757 0.8239592 1.2588231 0.0000000 0.0734853 0.3192509 0.3347153 1.1586745 1.2070784 
t12        0.8545757 0.6157354 1.5111773 0.6626257 0.3192509 0.8545757 0.8545757 0.7662384 0.9547243 1.1132061 1.3144041 0.8545757 0.8239592 1.2588231 0.0734853 0.0000000 0.3192509 0.3347153 1.2070784 1.2588231 
t11        0.5716050 0.3040988 1.0703373 0.4904449 0.0517447 0.5299277 0.5504769 0.4348639 0.5716050 0.7126442 1.2588231 0.5716050 0.5933457 0.8239592 0.3192509 0.3192509 0.0000000 0.0100673 0.8239592 0.8239592 
t20        0.5933457 0.3192509 1.1132061 0.5099265 0.0625362 0.5504769 0.5716050 0.4348639 0.5933457 0.7389627 1.3144041 0.5933457 0.6157354 0.8239592 0.3347153 0.3347153 0.0100673 0.0000000 0.8239592 0.8239592 
t14        1.0703373 0.9547243 2.0310377 0.7389627 0.8239592 0.8239592 0.7945437 0.3040988 0.7662384 1.0297869 1.0297869 0.8545757 0.9198342 0.9198342 1.1586745 1.2070784 0.8239592 0.8239592 0.0000000 0.0411062 
t19        1.0297869 0.8239592 1.8942965 0.7945437 0.8239592 0.7945437 0.7662384 0.3040988 0.8545757 1.1132061 1.0297869 0.8239592 0.8864954 0.9547243 1.2070784 1.2588231 0.8239592 0.8239592 0.0411062 0.0000000 
