20
t18        0.0000000 1.3144041 1.5901977 1.3744361 1.1586745 1.4396946 1.6785349 9.0000000 2.7182557 2.0310377 9.0000000 9.0000000 9.0000000 1.5111773 2.1983953 2.0310377 2.1983953 9.0000000 1.7786835 1.4396946 
t16        1.3144041 0.0000000 0.7945437 0.9547243 1.3744361 0.8864954 0.8545757 1.7786835 1.1132061 0.9913169 2.1983953 9.0000000 9.0000000 0.6626257 0.9547243 1.2070784 1.0297869 1.5901977 0.9198342 0.7945437 
t8         1.5901977 0.7945437 0.0000000 0.8545757 1.1132061 0.7945437 0.7945437 1.6785349 1.2070784 0.7662384 9.0000000 9.0000000 9.0000000 0.6157354 0.9547243 1.3144041 0.8239592 1.2070784 0.6157354 0.5933457 
t7         1.3744361 0.9547243 0.8545757 0.0000000 0.6157354 0.4529370 1.8942965 2.7182557 0.9913169 1.2588231 2.0310377 9.0000000 9.0000000 0.4714565 0.6388142 1.0703373 0.8239592 1.6785349 1.2070784 0.8864954 
t15        1.1586745 1.3744361 1.1132061 0.6157354 0.0000000 0.5933457 1.8942965 9.0000000 1.2070784 1.7786835 1.7786835 9.0000000 9.0000000 0.5716050 0.7389627 1.0297869 0.9547243 1.4396946 1.0297869 0.8864954 
t20        1.4396946 0.8864954 0.7945437 0.4529370 0.5933457 0.0000000 1.2070784 9.0000000 0.8545757 1.0703373 9.0000000 9.0000000 9.0000000 0.4348639 0.7389627 0.9913169 0.6626257 1.6785349 1.1132061 0.7945437 
t14        1.6785349 0.8545757 0.7945437 1.8942965 1.8942965 1.2070784 0.0000000 1.4396946 1.4396946 1.4396946 9.0000000 9.0000000 9.0000000 1.2070784 1.3144041 1.6785349 1.2588231 1.7786835 1.1586745 1.2588231 
t9         9.0000000 1.7786835 1.6785349 2.7182557 9.0000000 9.0000000 1.4396946 0.0000000 9.0000000 9.0000000 2.0310377 1.8942965 1.8942965 9.0000000 3.2381161 2.4141569 2.7182557 1.5901977 1.6785349 1.8942965 
t11        2.7182557 1.1132061 1.2070784 0.9913169 1.2070784 0.8545757 1.4396946 9.0000000 0.0000000 1.3144041 2.1983953 3.2381161 2.4141569 0.7389627 1.1586745 0.4348639 0.2892469 0.8239592 1.1586745 1.1586745 
t6         2.0310377 0.9913169 0.7662384 1.2588231 1.7786835 1.0703373 1.4396946 9.0000000 1.3144041 0.0000000 9.0000000 9.0000000 3.2381161 0.7662384 1.2070784 1.6785349 1.2070784 2.4141569 0.7945437 0.7389627 
t10        9.0000000 2.1983953 9.0000000 2.0310377 1.7786835 9.0000000 9.0000000 2.0310377 2.1983953 9.0000000 0.0000000 0.1799630 0.3666350 9.0000000 9.0000000 1.2070784 3.2381161 1.8942965 2.7182557 2.4141569 
t17        9.0000000 9.0000000 9.0000000 9.0000000 9.0000000 9.0000000 9.0000000 1.8942965 3.2381161 9.0000000 0.1799630 0.0000000 0.3666350 9.0000000 9.0000000 1.8942965 9.0000000 2.1983953 9.0000000 3.2381161 
t3         9.0000000 9.0000000 9.0000000 9.0000000 9.0000000 9.0000000 9.0000000 1.8942965 2.4141569 3.2381161 0.3666350 0.3666350 0.0000000 9.0000000 9.0000000 1.7786835 9.0000000 9.0000000 2.4141569 2.7182557 
t2         1.5111773 0.6626257 0.6157354 0.4714565 0.5716050 0.4348639 1.2070784 9.0000000 0.7389627 0.7662384 9.0000000 9.0000000 9.0000000 0.0000000 0.3666350 0.9547243 0.6157354 1.1586745 0.9198342 0.6157354 
t4         2.1983953 0.9547243 0.9547243 0.6388142 0.7389627 0.7389627 1.3144041 3.2381161 1.1586745 1.2070784 9.0000000 9.0000000 9.0000000 0.3666350 0.0000000 1.2588231 0.8239592 1.6785349 1.1586745 0.9198342 
t12        2.0310377 1.2070784 1.3144041 1.0703373 1.0297869 0.9913169 1.6785349 2.4141569 0.4348639 1.6785349 1.2070784 1.8942965 1.7786835 0.9547243 1.2588231 0.0000000 0.3831192 0.9547243 1.1132061 1.1132061 
t19        2.1983953 1.0297869 0.8239592 0.8239592 0.9547243 0.6626257 1.2588231 2.7182557 0.2892469 1.2070784 3.2381161 9.0000000 9.0000000 0.6157354 0.8239592 0.3831192 0.0000000 0.5716050 0.9198342 0.9198342 
t1         9.0000000 1.5901977 1.2070784 1.6785349 1.4396946 1.6785349 1.7786835 1.5901977 0.8239592 2.4141569 1.8942965 2.1983953 9.0000000 1.1586745 1.6785349 0.9547243 0.5716050 0.0000000 1.3144041 1.1586745 
t5         1.7786835 0.9198342 0.6157354 1.2070784 1.0297869 1.1132061 1.1586745 1.6785349 1.1586745 0.7945437 2.7182557 9.0000000 2.4141569 0.9198342 1.1586745 1.1132061 0.9198342 1.3144041 0.0000000 0.3505054 
t13        1.4396946 0.7945437 0.5933457 0.8864954 0.8864954 0.7945437 1.2588231 1.8942965 1.1586745 0.7389627 2.4141569 3.2381161 2.7182557 0.6157354 0.9198342 1.1132061 0.9198342 1.1586745 0.3505054 0.0000000 
