20
t12        0.0000000 0.7126442 0.6626257 0.8239592 0.6157354 0.7945437 0.8239592 0.7662384 1.1586745 0.8545757 0.6388142 0.7945437 0.7662384 0.7126442 0.9913169 0.8239592 0.7662384 0.8239592 0.8239592 0.8545757 
t13        0.7126442 0.0000000 0.5933457 0.7126442 0.6872180 0.6157354 0.8239592 0.8239592 1.1132061 1.0297869 1.0297869 0.7389627 0.8239592 0.7945437 0.7126442 1.5111773 0.6626257 0.7126442 1.2070784 1.1132061 
t8         0.6626257 0.5933457 0.0000000 0.6872180 0.7126442 0.8545757 0.7662384 0.8239592 0.9547243 1.2588231 1.2588231 0.7662384 0.8239592 0.9547243 0.7945437 1.5901977 0.7389627 0.9913169 1.2588231 1.1586745 
t3         0.8239592 0.7126442 0.6872180 0.0000000 0.5099265 0.7945437 0.7389627 1.0297869 1.0297869 1.0297869 1.1586745 0.6626257 1.0297869 0.9913169 0.8864954 1.4396946 0.7126442 0.8545757 1.3744361 1.3744361 
t15        0.6157354 0.6872180 0.7126442 0.5099265 0.0000000 0.9547243 0.9198342 0.7945437 0.9547243 0.8239592 0.8864954 0.5299277 0.8864954 0.9198342 0.7389627 1.0703373 0.5716050 0.6626257 0.8864954 0.8545757 
t18        0.7945437 0.6157354 0.8545757 0.7945437 0.9547243 0.0000000 0.7389627 0.8864954 1.1586745 0.9913169 1.0703373 0.8545757 1.2070784 0.9913169 1.1586745 1.2588231 1.0297869 0.9547243 0.9547243 1.1132061 
t10        0.8239592 0.8239592 0.7662384 0.7389627 0.9198342 0.7389627 0.0000000 1.0297869 0.9913169 1.2588231 1.2070784 0.7389627 0.9198342 0.9547243 0.8545757 1.3744361 0.7945437 0.7389627 1.3144041 1.4396946 
t19        0.7662384 0.8239592 0.8239592 1.0297869 0.7945437 0.8864954 1.0297869 0.0000000 1.4396946 1.2070784 1.0297869 0.8864954 0.7126442 0.5716050 0.9198342 1.4396946 0.8239592 0.9913169 1.2588231 1.1586745 
t16        1.1586745 1.1132061 0.9547243 1.0297869 0.9547243 1.1586745 0.9913169 1.4396946 0.0000000 1.2588231 1.3144041 0.5299277 1.0297869 1.2070784 0.6626257 1.7786835 0.5504769 0.5933457 1.2070784 1.3744361 
t11        0.8545757 1.0297869 1.2588231 1.0297869 0.8239592 0.9913169 1.2588231 1.2070784 1.2588231 0.0000000 0.2463781 0.7945437 1.3144041 1.0297869 0.9913169 0.5504769 0.7126442 0.8545757 0.4714565 0.3999739 
t5         0.6388142 1.0297869 1.2588231 1.1586745 0.8864954 1.0703373 1.2070784 1.0297869 1.3144041 0.2463781 0.0000000 0.9547243 1.1132061 1.0297869 1.1586745 0.4714565 0.8864954 1.0297869 0.4172160 0.3347153 
t14        0.7945437 0.7389627 0.7662384 0.6626257 0.5299277 0.8545757 0.7389627 0.8864954 0.5299277 0.7945437 0.9547243 0.0000000 0.7945437 0.8545757 0.2892469 1.1586745 0.2326162 0.3192509 0.9913169 0.9913169 
t20        0.7662384 0.8239592 0.8239592 1.0297869 0.8864954 1.2070784 0.9198342 0.7126442 1.0297869 1.3144041 1.1132061 0.7945437 0.0000000 0.3666350 0.8545757 0.9547243 0.6626257 0.7126442 0.8864954 0.9198342 
t2         0.7126442 0.7945437 0.9547243 0.9913169 0.9198342 0.9913169 0.9547243 0.5716050 1.2070784 1.0297869 1.0297869 0.8545757 0.3666350 0.0000000 1.0297869 1.1586745 0.8239592 0.9198342 1.0703373 1.0297869 
t4         0.9913169 0.7126442 0.7945437 0.8864954 0.7389627 1.1586745 0.8545757 0.9198342 0.6626257 0.9913169 1.1586745 0.2892469 0.8545757 1.0297869 0.0000000 1.2070784 0.2191023 0.3040988 1.0703373 0.9547243 
t6         0.8239592 1.5111773 1.5901977 1.4396946 1.0703373 1.2588231 1.3744361 1.4396946 1.7786835 0.5504769 0.4714565 1.1586745 0.9547243 1.1586745 1.2070784 0.0000000 1.1132061 1.2588231 0.3831192 0.3666350 
t9         0.7662384 0.6626257 0.7389627 0.7126442 0.5716050 1.0297869 0.7945437 0.8239592 0.5504769 0.7126442 0.8864954 0.2326162 0.6626257 0.8239592 0.2191023 1.1132061 0.0000000 0.1799630 0.8864954 0.8239592 
t17        0.8239592 0.7126442 0.9913169 0.8545757 0.6626257 0.9547243 0.7389627 0.9913169 0.5933457 0.8545757 1.0297869 0.3192509 0.7126442 0.9198342 0.3040988 1.2588231 0.1799630 0.0000000 0.8864954 0.9547243 
t1         0.8239592 1.2070784 1.2588231 1.3744361 0.8864954 0.9547243 1.3144041 1.2588231 1.2070784 0.4714565 0.4172160 0.9913169 0.8864954 1.0703373 1.0703373 0.3831192 0.8864954 0.8864954 0.0000000 0.1427653 
t7         0.8545757 1.1132061 1.1586745 1.3744361 0.8545757 1.1132061 1.4396946 1.1586745 1.3744361 0.3999739 0.3347153 0.9913169 0.9198342 1.0297869 0.9547243 0.3666350 0.8239592 0.9547243 0.1427653 0.0000000 
