20
t5         0.0000000 0.7945437 1.0703373 1.0703373 0.9913169 1.0297869 1.1132061 1.0703373 1.1132061 0.7662384 0.6872180 0.9198342 0.7126442 0.9547243 1.0297869 0.7126442 1.1132061 0.9198342 0.8545757 1.0297869 
t18        0.7945437 0.0000000 1.2588231 0.8545757 0.7126442 0.8545757 1.0703373 0.8239592 0.9547243 0.9198342 0.6388142 0.8864954 0.7389627 0.9198342 0.8864954 0.7662384 1.1132061 0.9198342 0.8239592 0.9547243 
t1         1.0703373 1.2588231 0.0000000 0.5504769 1.3144041 0.8239592 1.2588231 1.2070784 1.3744361 1.2070784 0.9913169 0.6626257 1.2070784 0.7389627 0.6872180 1.0703373 1.2070784 1.2070784 1.3144041 1.5111773 
t9         1.0703373 0.8545757 0.5504769 0.0000000 1.0703373 0.4904449 1.1132061 1.0703373 1.1132061 1.1586745 0.7389627 0.4904449 0.9198342 0.6157354 0.5504769 0.8864954 1.3144041 0.9547243 0.9198342 1.0703373 
t14        0.9913169 0.7126442 1.3144041 1.0703373 0.0000000 0.7389627 1.0703373 0.4348639 0.5299277 1.1586745 0.6872180 0.8545757 0.7945437 0.8864954 0.7945437 0.9547243 1.1586745 0.8864954 0.8239592 0.9198342 
t10        1.0297869 0.8545757 0.8239592 0.4904449 0.7389627 0.0000000 1.0703373 0.7126442 0.9547243 0.8239592 0.6157354 0.4714565 0.9547243 0.5299277 0.4904449 1.0703373 1.3744361 0.9547243 0.8864954 1.1132061 
t12        1.1132061 1.0703373 1.2588231 1.1132061 1.0703373 1.0703373 0.0000000 1.3144041 1.1586745 1.3144041 0.7945437 1.0703373 0.6626257 1.0297869 1.1132061 0.7389627 1.0703373 0.7389627 0.7662384 0.7945437 
t19        1.0703373 0.8239592 1.2070784 1.0703373 0.4348639 0.7126442 1.3144041 0.0000000 0.4348639 1.2588231 0.9198342 0.8239592 0.9198342 0.9198342 0.9198342 1.0703373 1.4396946 0.8545757 0.8239592 0.9198342 
t13        1.1132061 0.9547243 1.3744361 1.1132061 0.5299277 0.9547243 1.1586745 0.4348639 0.0000000 1.1132061 0.8545757 0.8864954 0.8864954 0.9547243 0.9913169 0.8864954 1.1586745 0.8864954 0.8239592 0.9198342 
t6         0.7662384 0.9198342 1.2070784 1.1586745 1.1586745 0.8239592 1.3144041 1.2588231 1.1132061 0.0000000 0.4172160 1.0703373 0.7945437 1.2588231 1.0703373 0.8545757 1.2070784 0.7389627 0.6388142 0.7662384 
t20        0.6872180 0.6388142 0.9913169 0.7389627 0.6872180 0.6157354 0.7945437 0.9198342 0.8545757 0.4172160 0.0000000 0.7126442 0.4348639 0.7662384 0.7126442 0.5933457 0.9198342 0.4904449 0.4529370 0.5716050 
t4         0.9198342 0.8864954 0.6626257 0.4904449 0.8545757 0.4714565 1.0703373 0.8239592 0.8864954 1.0703373 0.7126442 0.0000000 0.7945437 0.2463781 0.2746833 0.7389627 1.0297869 0.9198342 0.9198342 1.0703373 
t3         0.7126442 0.7389627 1.2070784 0.9198342 0.7945437 0.9547243 0.6626257 0.9198342 0.8864954 0.7945437 0.4348639 0.7945437 0.0000000 0.7945437 0.7945437 0.2892469 0.4172160 0.5716050 0.5716050 0.7126442 
t16        0.9547243 0.9198342 0.7389627 0.6157354 0.8864954 0.5299277 1.0297869 0.9198342 0.9547243 1.2588231 0.7662384 0.2463781 0.7945437 0.0000000 0.1799630 0.8239592 1.1586745 1.0703373 1.0297869 1.1586745 
t17        1.0297869 0.8864954 0.6872180 0.5504769 0.7945437 0.4904449 1.1132061 0.9198342 0.9913169 1.0703373 0.7126442 0.2746833 0.7945437 0.1799630 0.0000000 0.8864954 1.1132061 1.1586745 1.0703373 1.2070784 
t8         0.7126442 0.7662384 1.0703373 0.8864954 0.9547243 1.0703373 0.7389627 1.0703373 0.8864954 0.8545757 0.5933457 0.7389627 0.2892469 0.8239592 0.8864954 0.0000000 0.2746833 0.5504769 0.6157354 0.7662384 
t2         1.1132061 1.1132061 1.2070784 1.3144041 1.1586745 1.3744361 1.0703373 1.4396946 1.1586745 1.2070784 0.9198342 1.0297869 0.4172160 1.1586745 1.1132061 0.2746833 0.0000000 0.8239592 0.8864954 1.0297869 
t15        0.9198342 0.9198342 1.2070784 0.9547243 0.8864954 0.9547243 0.7389627 0.8545757 0.8864954 0.7389627 0.4904449 0.9198342 0.5716050 1.0703373 1.1586745 0.5504769 0.8239592 0.0000000 0.0958750 0.1673577 
t11        0.8545757 0.8239592 1.3144041 0.9198342 0.8239592 0.8864954 0.7662384 0.8239592 0.8239592 0.6388142 0.4529370 0.9198342 0.5716050 1.0297869 1.0703373 0.6157354 0.8864954 0.0958750 0.0000000 0.0958750 
t7         1.0297869 0.9547243 1.5111773 1.0703373 0.9198342 1.1132061 0.7945437 0.9198342 0.9198342 0.7662384 0.5716050 1.0703373 0.7126442 1.1586745 1.2070784 0.7662384 1.0297869 0.1673577 0.0958750 0.0000000 
