20
t18        0.0000000 9.0000000 2.7182557 2.0310377 1.8942965 9.0000000 2.4141569 0.8239592 0.7662384 1.6785349 3.2381161 1.1586745 1.1586745 3.2381161 2.7182557 0.7662384 9.0000000 2.1983953 0.8239592 0.9547243 
t20        9.0000000 0.0000000 1.5111773 1.5111773 9.0000000 9.0000000 2.7182557 9.0000000 9.0000000 9.0000000 1.7786835 9.0000000 9.0000000 2.7182557 9.0000000 9.0000000 2.4141569 9.0000000 9.0000000 3.2381161 
t6         2.7182557 1.5111773 0.0000000 1.5901977 9.0000000 1.5901977 9.0000000 9.0000000 9.0000000 1.7786835 1.7786835 9.0000000 9.0000000 3.2381161 3.2381161 9.0000000 2.4141569 9.0000000 9.0000000 3.2381161 
t9         2.0310377 1.5111773 1.5901977 0.0000000 2.0310377 1.0297869 2.7182557 2.4141569 9.0000000 3.2381161 0.5716050 2.4141569 2.0310377 1.6785349 1.5901977 9.0000000 1.0703373 1.5111773 9.0000000 2.4141569 
t2         1.8942965 9.0000000 9.0000000 2.0310377 0.0000000 9.0000000 3.2381161 2.0310377 1.5901977 9.0000000 2.1983953 1.5901977 1.5901977 1.4396946 1.3144041 1.5901977 2.4141569 1.6785349 1.5901977 1.6785349 
t5         9.0000000 9.0000000 1.5901977 1.0297869 9.0000000 0.0000000 9.0000000 1.3144041 1.6785349 2.0310377 0.9198342 2.4141569 2.4141569 2.0310377 1.8942965 2.0310377 1.1586745 1.7786835 1.7786835 2.4141569 
t3         2.4141569 2.7182557 9.0000000 2.7182557 3.2381161 9.0000000 0.0000000 1.7786835 9.0000000 1.4396946 3.2381161 9.0000000 9.0000000 9.0000000 9.0000000 2.7182557 9.0000000 9.0000000 2.4141569 1.7786835 
t12        0.8239592 9.0000000 9.0000000 2.4141569 2.0310377 1.3144041 1.7786835 0.0000000 0.2746833 1.2070784 1.5901977 0.6388142 0.7389627 1.3144041 1.3144041 0.2892469 1.8942965 2.1983953 0.2746833 0.4714565 
t4         0.7662384 9.0000000 9.0000000 9.0000000 1.5901977 1.6785349 9.0000000 0.2746833 0.0000000 1.1586745 1.8942965 0.5933457 0.6388142 2.4141569 2.4141569 0.1307650 9.0000000 9.0000000 0.1427653 0.3831192 
t8         1.6785349 9.0000000 1.7786835 3.2381161 9.0000000 2.0310377 1.4396946 1.2070784 1.1586745 0.0000000 9.0000000 1.2588231 1.1132061 9.0000000 3.2381161 1.2070784 9.0000000 9.0000000 1.2070784 1.1132061 
t14        3.2381161 1.7786835 1.7786835 0.5716050 2.1983953 0.9198342 3.2381161 1.5901977 1.8942965 9.0000000 0.0000000 2.4141569 1.7786835 1.5901977 1.5901977 2.0310377 0.6388142 0.8545757 2.4141569 2.0310377 
t15        1.1586745 9.0000000 9.0000000 2.4141569 1.5901977 2.4141569 9.0000000 0.6388142 0.5933457 1.2588231 2.4141569 0.0000000 0.1927838 1.5111773 1.4396946 0.5504769 9.0000000 2.1983953 0.6157354 0.7662384 
t1         1.1586745 9.0000000 9.0000000 2.0310377 1.5901977 2.4141569 9.0000000 0.7389627 0.6388142 1.1132061 1.7786835 0.1927838 0.0000000 1.8942965 1.8942965 0.5716050 9.0000000 3.2381161 0.6388142 0.7662384 
t19        3.2381161 2.7182557 3.2381161 1.6785349 1.4396946 2.0310377 9.0000000 1.3144041 2.4141569 9.0000000 1.5901977 1.5111773 1.8942965 0.0000000 0.0306165 2.0310377 1.8942965 2.0310377 1.7786835 2.0310377 
t13        2.7182557 9.0000000 3.2381161 1.5901977 1.3144041 1.8942965 9.0000000 1.3144041 2.4141569 3.2381161 1.5901977 1.4396946 1.8942965 0.0306165 0.0000000 2.0310377 2.0310377 2.0310377 1.7786835 2.0310377 
t16        0.7662384 9.0000000 9.0000000 9.0000000 1.5901977 2.0310377 2.7182557 0.2892469 0.1307650 1.2070784 2.0310377 0.5504769 0.5716050 2.0310377 2.0310377 0.0000000 3.2381161 2.7182557 0.0734853 0.2603971 
t10        9.0000000 2.4141569 2.4141569 1.0703373 2.4141569 1.1586745 9.0000000 1.8942965 9.0000000 9.0000000 0.6388142 9.0000000 9.0000000 1.8942965 2.0310377 3.2381161 0.0000000 0.3831192 2.1983953 2.1983953 
t17        2.1983953 9.0000000 9.0000000 1.5111773 1.6785349 1.7786835 9.0000000 2.1983953 9.0000000 9.0000000 0.8545757 2.1983953 3.2381161 2.0310377 2.0310377 2.7182557 0.3831192 0.0000000 2.1983953 2.0310377 
t7         0.8239592 9.0000000 9.0000000 9.0000000 1.5901977 1.7786835 2.4141569 0.2746833 0.1427653 1.2070784 2.4141569 0.6157354 0.6388142 1.7786835 1.7786835 0.0734853 2.1983953 2.1983953 0.0000000 0.2746833 
t11        0.9547243 3.2381161 3.2381161 2.4141569 1.6785349 2.4141569 1.7786835 0.4714565 0.3831192 1.1132061 2.0310377 0.7662384 0.7662384 2.0310377 2.0310377 0.2603971 2.1983953 2.0310377 0.2746833 0.0000000 
