20
t8         0.0000000 1.5111773 1.6785349 1.1132061 2.0310377 1.3144041 1.6785349 1.6785349 1.5111773 1.2588231 1.3744361 1.5901977 1.6785349 1.4396946 1.1586745 1.3744361 1.7786835 1.5901977 1.3744361 1.3744361 
t7         1.5111773 0.0000000 0.9913169 0.9198342 1.2588231 1.5901977 0.9547243 0.9547243 0.7389627 1.5111773 1.3744361 1.2070784 1.4396946 1.0297869 0.9198342 0.8545757 1.0703373 0.9913169 1.1132061 0.9547243 
t5         1.6785349 0.9913169 0.0000000 0.5504769 1.3144041 1.2588231 0.8239592 1.0703373 1.1586745 0.7126442 0.8864954 0.8545757 0.8545757 1.1132061 0.9198342 0.8864954 0.6626257 0.6157354 0.7945437 0.7662384 
t13        1.1132061 0.9198342 0.5504769 0.0000000 1.1132061 1.2070784 0.8864954 1.2588231 1.1132061 0.7662384 0.7945437 0.8239592 0.9547243 0.9198342 0.8239592 0.7662384 0.7389627 0.6388142 0.9198342 0.7662384 
t17        2.0310377 1.2588231 1.3144041 1.1132061 0.0000000 1.1132061 0.5716050 0.9913169 0.9198342 1.1586745 0.9913169 0.8864954 1.3744361 0.7389627 0.6872180 0.7126442 0.7389627 0.6157354 0.7945437 0.7126442 
t20        1.3144041 1.5901977 1.2588231 1.2070784 1.1132061 0.0000000 0.5299277 1.1586745 1.0703373 1.3744361 1.4396946 1.6785349 1.5111773 0.7662384 0.6388142 1.0297869 1.1586745 0.9547243 0.9198342 0.7945437 
t1         1.6785349 0.9547243 0.8239592 0.8864954 0.5716050 0.5299277 0.0000000 0.8545757 0.6872180 1.0703373 1.0703373 1.0703373 1.2070784 0.4904449 0.3999739 0.5299277 0.5716050 0.4529370 0.5299277 0.4714565 
t3         1.6785349 0.9547243 1.0703373 1.2588231 0.9913169 1.1586745 0.8545757 0.0000000 0.6157354 1.0297869 1.0297869 1.0703373 1.1132061 1.2070784 1.0297869 1.0297869 1.0703373 0.9913169 0.9547243 1.1132061 
t9         1.5111773 0.7389627 1.1586745 1.1132061 0.9198342 1.0703373 0.6872180 0.6157354 0.0000000 0.8864954 0.9198342 1.1132061 1.2070784 0.9547243 0.7389627 0.7126442 0.9547243 0.8864954 0.7945437 0.7945437 
t14        1.2588231 1.5111773 0.7126442 0.7662384 1.1586745 1.3744361 1.0703373 1.0297869 0.8864954 0.0000000 0.2191023 0.2463781 0.3347153 1.3144041 1.1132061 0.9547243 0.9198342 0.7662384 1.0297869 0.8864954 
t18        1.3744361 1.3744361 0.8864954 0.7945437 0.9913169 1.4396946 1.0703373 1.0297869 0.9198342 0.2191023 0.0000000 0.2603971 0.3192509 1.3144041 1.1586745 0.9198342 1.0297869 0.7662384 1.0703373 0.8864954 
t19        1.5901977 1.2070784 0.8545757 0.8239592 0.8864954 1.6785349 1.0703373 1.0703373 1.1132061 0.2463781 0.2603971 0.0000000 0.3999739 1.5901977 1.1586745 0.8239592 0.9913169 0.7389627 0.9198342 0.7389627 
t4         1.6785349 1.4396946 0.8545757 0.9547243 1.3744361 1.5111773 1.2070784 1.1132061 1.2070784 0.3347153 0.3192509 0.3999739 0.0000000 1.5901977 1.3744361 1.1132061 1.2588231 0.8864954 1.2588231 1.0703373 
t11        1.4396946 1.0297869 1.1132061 0.9198342 0.7389627 0.7662384 0.4904449 1.2070784 0.9547243 1.3144041 1.3144041 1.5901977 1.5901977 0.0000000 0.2326162 0.7126442 0.8239592 0.6388142 0.6388142 0.6626257 
t2         1.1586745 0.9198342 0.9198342 0.8239592 0.6872180 0.6388142 0.3999739 1.0297869 0.7389627 1.1132061 1.1586745 1.1586745 1.3744361 0.2326162 0.0000000 0.5716050 0.6388142 0.4904449 0.4714565 0.4714565 
t6         1.3744361 0.8545757 0.8864954 0.7662384 0.7126442 1.0297869 0.5299277 1.0297869 0.7126442 0.9547243 0.9198342 0.8239592 1.1132061 0.7126442 0.5716050 0.0000000 0.4172160 0.2892469 0.1799630 0.1189538 
t16        1.7786835 1.0703373 0.6626257 0.7389627 0.7389627 1.1586745 0.5716050 1.0703373 0.9547243 0.9198342 1.0297869 0.9913169 1.2588231 0.8239592 0.6388142 0.4172160 0.0000000 0.1307650 0.3831192 0.3831192 
t12        1.5901977 0.9913169 0.6157354 0.6388142 0.6157354 0.9547243 0.4529370 0.9913169 0.8864954 0.7662384 0.7662384 0.7389627 0.8864954 0.6388142 0.4904449 0.2892469 0.1307650 0.0000000 0.2892469 0.2603971 
t10        1.3744361 1.1132061 0.7945437 0.9198342 0.7945437 0.9198342 0.5299277 0.9547243 0.7945437 1.0297869 1.0703373 0.9198342 1.2588231 0.6388142 0.4714565 0.1799630 0.3831192 0.2892469 0.0000000 0.1427653 
t15        1.3744361 0.9547243 0.7662384 0.7662384 0.7126442 0.7945437 0.4714565 1.1132061 0.7945437 0.8864954 0.8864954 0.7389627 1.0703373 0.6626257 0.4714565 0.1189538 0.3831192 0.2603971 0.1427653 0.0000000 
