20
t15        0.0000000 0.8545757 0.5716050 0.4348639 0.4172160 0.5504769 0.3831192 1.2588231 1.4396946 0.6157354 0.4904449 0.5933457 0.7945437 0.8864954 0.5933457 0.6388142 0.6626257 0.5716050 0.5933457 0.6388142 
t11        0.8545757 0.0000000 0.6157354 0.8864954 1.2588231 1.1586745 0.8239592 2.1983953 2.1983953 0.9198342 0.7945437 0.6872180 0.7389627 0.9547243 1.3144041 1.3144041 0.7389627 0.6872180 0.9913169 0.8864954 
t19        0.5716050 0.6157354 0.0000000 0.4529370 0.5933457 0.6626257 0.4529370 1.1132061 1.5901977 0.5504769 0.4172160 0.1189538 0.2191023 0.2746833 0.8545757 0.9913169 0.2603971 0.1673577 0.8545757 0.7945437 
t3         0.4348639 0.8864954 0.4529370 0.0000000 0.5299277 0.5299277 0.3347153 1.3144041 2.7182557 0.5933457 0.4714565 0.5716050 0.6872180 0.7945437 0.7945437 0.8545757 0.5716050 0.5099265 0.6388142 0.7126442 
t1         0.4172160 1.2588231 0.5933457 0.5299277 0.0000000 0.7126442 0.4904449 1.4396946 1.5901977 0.6157354 0.5933457 0.6157354 0.7662384 0.9198342 0.8545757 0.9547243 0.6388142 0.5933457 0.7662384 0.7945437 
t2         0.5504769 1.1586745 0.6626257 0.5299277 0.7126442 0.0000000 0.1799630 1.4396946 1.3744361 0.7126442 0.5933457 0.7945437 0.8545757 0.8864954 0.8545757 0.9547243 0.7945437 0.7126442 0.6626257 0.7126442 
t12        0.3831192 0.8239592 0.4529370 0.3347153 0.4904449 0.1799630 0.0000000 1.3144041 1.3144041 0.4529370 0.3666350 0.5504769 0.6626257 0.6872180 0.7945437 0.9198342 0.5716050 0.5099265 0.5099265 0.5504769 
t10        1.2588231 2.1983953 1.1132061 1.3144041 1.4396946 1.4396946 1.3144041 0.0000000 2.4141569 1.2588231 0.9913169 1.1132061 1.2588231 1.2588231 1.2588231 1.5901977 1.4396946 1.4396946 1.8942965 2.0310377 
t4         1.4396946 2.1983953 1.5901977 2.7182557 1.5901977 1.3744361 1.3144041 2.4141569 0.0000000 1.2070784 1.0703373 1.8942965 1.7786835 1.8942965 1.5901977 1.6785349 1.7786835 1.5901977 2.7182557 3.2381161 
t14        0.6157354 0.9198342 0.5504769 0.5933457 0.6157354 0.7126442 0.4529370 1.2588231 1.2070784 0.0000000 0.2058276 0.5933457 0.5933457 0.8545757 0.7662384 0.8864954 0.6872180 0.5504769 0.6872180 0.6626257 
t18        0.4904449 0.7945437 0.4172160 0.4714565 0.5933457 0.5933457 0.3666350 0.9913169 1.0703373 0.2058276 0.0000000 0.4529370 0.5504769 0.6626257 0.7126442 0.8239592 0.5933457 0.4529370 0.6388142 0.6626257 
t8         0.5933457 0.6872180 0.1189538 0.5716050 0.6157354 0.7945437 0.5504769 1.1132061 1.8942965 0.5933457 0.4529370 0.0000000 0.2326162 0.3040988 0.8239592 0.9198342 0.2191023 0.1307650 0.8239592 0.7662384 
t17        0.7945437 0.7389627 0.2191023 0.6872180 0.7662384 0.8545757 0.6626257 1.2588231 1.7786835 0.5933457 0.5504769 0.2326162 0.0000000 0.3666350 1.0297869 1.1586745 0.3192509 0.2326162 0.9547243 0.8239592 
t13        0.8864954 0.9547243 0.2746833 0.7945437 0.9198342 0.8864954 0.6872180 1.2588231 1.8942965 0.8545757 0.6626257 0.3040988 0.3666350 0.0000000 1.0703373 1.1586745 0.3999739 0.3505054 0.9913169 1.0297869 
t5         0.5933457 1.3144041 0.8545757 0.7945437 0.8545757 0.8545757 0.7945437 1.2588231 1.5901977 0.7662384 0.7126442 0.8239592 1.0297869 1.0703373 0.0000000 0.2746833 1.1586745 0.8864954 1.0703373 1.0703373 
t6         0.6388142 1.3144041 0.9913169 0.8545757 0.9547243 0.9547243 0.9198342 1.5901977 1.6785349 0.8864954 0.8239592 0.9198342 1.1586745 1.1586745 0.2746833 0.0000000 1.1586745 0.9913169 1.1132061 1.0703373 
t16        0.6626257 0.7389627 0.2603971 0.5716050 0.6388142 0.7945437 0.5716050 1.4396946 1.7786835 0.6872180 0.5933457 0.2191023 0.3192509 0.3999739 1.1586745 1.1586745 0.0000000 0.0734853 0.9198342 0.9198342 
t9         0.5716050 0.6872180 0.1673577 0.5099265 0.5933457 0.7126442 0.5099265 1.4396946 1.5901977 0.5504769 0.4529370 0.1307650 0.2326162 0.3505054 0.8864954 0.9913169 0.0734853 0.0000000 0.8545757 0.8545757 
t20        0.5933457 0.9913169 0.8545757 0.6388142 0.7662384 0.6626257 0.5099265 1.8942965 2.7182557 0.6872180 0.6388142 0.8239592 0.9547243 0.9913169 1.0703373 1.1132061 0.9198342 0.8545757 0.0000000 0.0845966 
t7         0.6388142 0.8864954 0.7945437 0.7126442 0.7945437 0.7126442 0.5504769 2.0310377 3.2381161 0.6626257 0.6626257 0.7662384 0.8239592 1.0297869 1.0703373 1.0703373 0.9198342 0.8545757 0.0845966 0.0000000 
