20
t17        0.0000000 1.2588231 1.6785349 1.3744361 1.1586745 0.9547243 1.1586745 1.6785349 1.0703373 1.2588231 1.3144041 1.4396946 1.4396946 1.4396946 1.8942965 1.6785349 1.5111773 1.6785349 1.4396946 1.4396946 
t20        1.2588231 0.0000000 1.0297869 0.9198342 0.7945437 0.6157354 0.5504769 1.5901977 0.6388142 0.7945437 0.8545757 0.8239592 0.6388142 1.3744361 1.4396946 0.7662384 0.7945437 0.8239592 0.7662384 0.7389627 
t9         1.6785349 1.0297869 0.0000000 0.3831192 1.4396946 1.1132061 0.9198342 1.3144041 1.4396946 1.4396946 1.4396946 1.2588231 0.9547243 2.4141569 1.7786835 1.3144041 1.3144041 1.3744361 1.0297869 0.8864954 
t16        1.3744361 0.9198342 0.3831192 0.0000000 1.4396946 1.1132061 0.9547243 1.4396946 1.4396946 1.3744361 1.5901977 1.2588231 0.9913169 9.0000000 3.2381161 1.8942965 1.6785349 1.8942965 1.0703373 0.9547243 
t12        1.1586745 0.7945437 1.4396946 1.4396946 0.0000000 0.6157354 0.5933457 1.6785349 0.5099265 0.6157354 1.4396946 0.7945437 0.7126442 1.3744361 1.7786835 1.1586745 1.1586745 1.1132061 0.8239592 0.7945437 
t18        0.9547243 0.6157354 1.1132061 1.1132061 0.6157354 0.0000000 0.3347153 2.0310377 0.3666350 0.5299277 1.0297869 0.8545757 0.6626257 2.0310377 1.8942965 1.0297869 0.9198342 0.9198342 0.7126442 0.6626257 
t8         1.1586745 0.5504769 0.9198342 0.9547243 0.5933457 0.3347153 0.0000000 1.3744361 0.3999739 0.4904449 0.9913169 0.7389627 0.6388142 1.5111773 1.2070784 1.1132061 0.9547243 0.9913169 0.6872180 0.6388142 
t10        1.6785349 1.5901977 1.3144041 1.4396946 1.6785349 2.0310377 1.3744361 0.0000000 1.8942965 1.5901977 9.0000000 1.7786835 1.3144041 0.6157354 0.5504769 2.4141569 9.0000000 9.0000000 1.7786835 1.8942965 
t11        1.0703373 0.6388142 1.4396946 1.4396946 0.5099265 0.3666350 0.3999739 1.8942965 0.0000000 0.5933457 0.9198342 0.8239592 0.6388142 1.5901977 1.5901977 0.8239592 0.8239592 0.8545757 0.6626257 0.6157354 
t5         1.2588231 0.7945437 1.4396946 1.3744361 0.6157354 0.5299277 0.4904449 1.5901977 0.5933457 0.0000000 0.9913169 0.8239592 0.8239592 2.1983953 1.6785349 1.4396946 1.2588231 1.1586745 0.8239592 0.7945437 
t6         1.3144041 0.8545757 1.4396946 1.5901977 1.4396946 1.0297869 0.9913169 9.0000000 0.9198342 0.9913169 0.0000000 1.1132061 1.0703373 1.8942965 2.0310377 0.6872180 0.5299277 0.5504769 1.0703373 1.0297869 
t4         1.4396946 0.8239592 1.2588231 1.2588231 0.7945437 0.8545757 0.7389627 1.7786835 0.8239592 0.8239592 1.1132061 0.0000000 0.3831192 1.8942965 1.8942965 1.2070784 1.2070784 1.2070784 0.3505054 0.3666350 
t13        1.4396946 0.6388142 0.9547243 0.9913169 0.7126442 0.6626257 0.6388142 1.3144041 0.6388142 0.8239592 1.0703373 0.3831192 0.0000000 1.8942965 1.5901977 0.9198342 0.9913169 0.9547243 0.2746833 0.2892469 
t1         1.4396946 1.3744361 2.4141569 9.0000000 1.3744361 2.0310377 1.5111773 0.6157354 1.5901977 2.1983953 1.8942965 1.8942965 1.8942965 0.0000000 0.3999739 1.8942965 2.4141569 2.1983953 1.8942965 2.1983953 
t3         1.8942965 1.4396946 1.7786835 3.2381161 1.7786835 1.8942965 1.2070784 0.5504769 1.5901977 1.6785349 2.0310377 1.8942965 1.5901977 0.3999739 0.0000000 9.0000000 9.0000000 9.0000000 1.6785349 2.0310377 
t2         1.6785349 0.7662384 1.3144041 1.8942965 1.1586745 1.0297869 1.1132061 2.4141569 0.8239592 1.4396946 0.6872180 1.2070784 0.9198342 1.8942965 9.0000000 0.0000000 0.1549607 0.1799630 1.1132061 1.0703373 
t15        1.5111773 0.7945437 1.3144041 1.6785349 1.1586745 0.9198342 0.9547243 9.0000000 0.8239592 1.2588231 0.5299277 1.2070784 0.9913169 2.4141569 9.0000000 0.1549607 0.0000000 0.0411062 1.0703373 1.0297869 
t19        1.6785349 0.8239592 1.3744361 1.8942965 1.1132061 0.9198342 0.9913169 9.0000000 0.8545757 1.1586745 0.5504769 1.2070784 0.9547243 2.1983953 9.0000000 0.1799630 0.0411062 0.0000000 1.0297869 0.9913169 
t14        1.4396946 0.7662384 1.0297869 1.0703373 0.8239592 0.7126442 0.6872180 1.7786835 0.6626257 0.8239592 1.0703373 0.3505054 0.2746833 1.8942965 1.6785349 1.1132061 1.0703373 1.0297869 0.0000000 0.0411062 
t7         1.4396946 0.7389627 0.8864954 0.9547243 0.7945437 0.6626257 0.6388142 1.8942965 0.6157354 0.7945437 1.0297869 0.3666350 0.2892469 2.1983953 2.0310377 1.0703373 1.0297869 0.9913169 0.0411062 0.0000000 
