20
t1         0.0000000 0.8239592 1.3144041 1.2070784 1.6785349 0.5716050 0.7389627 0.9547243 0.6626257 2.4141569 0.7126442 0.8239592 1.2070784 1.6785349 1.3744361 1.4396946 0.8545757 0.8864954 1.2588231 1.1132061 
t16        0.8239592 0.0000000 1.5111773 1.7786835 2.1983953 0.9913169 1.0703373 1.1132061 1.1586745 1.7786835 1.3744361 1.3744361 1.2588231 2.0310377 9.0000000 9.0000000 1.1132061 1.1132061 1.5901977 1.3744361 
t9         1.3144041 1.5111773 0.0000000 2.7182557 1.7786835 2.0310377 1.7786835 2.7182557 1.7786835 2.4141569 1.6785349 2.4141569 3.2381161 9.0000000 9.0000000 9.0000000 1.3744361 1.3744361 3.2381161 2.4141569 
t5         1.2070784 1.7786835 2.7182557 0.0000000 2.7182557 1.6785349 9.0000000 2.7182557 2.0310377 9.0000000 9.0000000 9.0000000 9.0000000 1.8942965 9.0000000 9.0000000 3.2381161 2.1983953 2.7182557 2.0310377 
t12        1.6785349 2.1983953 1.7786835 2.7182557 0.0000000 0.8545757 2.4141569 1.7786835 1.5111773 9.0000000 2.1983953 2.1983953 2.1983953 2.0310377 2.4141569 2.7182557 1.5901977 1.5901977 9.0000000 9.0000000 
t14        0.5716050 0.9913169 2.0310377 1.6785349 0.8545757 0.0000000 0.8864954 0.9198342 0.7126442 2.1983953 1.2070784 1.2070784 1.3144041 1.8942965 1.7786835 2.0310377 1.2070784 1.3144041 1.6785349 1.5111773 
t17        0.7389627 1.0703373 1.7786835 9.0000000 2.4141569 0.8864954 0.0000000 0.5933457 0.9547243 1.4396946 1.1132061 1.1586745 0.9913169 9.0000000 2.1983953 9.0000000 1.5901977 1.6785349 1.0703373 0.9913169 
t10        0.9547243 1.1132061 2.7182557 2.7182557 1.7786835 0.9198342 0.5933457 0.0000000 1.0297869 1.8942965 1.2070784 1.3744361 0.9547243 9.0000000 2.4141569 2.4141569 1.6785349 1.5901977 1.1586745 1.3144041 
t11        0.6626257 1.1586745 1.7786835 2.0310377 1.5111773 0.7126442 0.9547243 1.0297869 0.0000000 2.0310377 0.9198342 1.0297869 1.1586745 1.7786835 2.1983953 3.2381161 0.8545757 0.7662384 1.8942965 2.0310377 
t3         2.4141569 1.7786835 2.4141569 9.0000000 9.0000000 2.1983953 1.4396946 1.8942965 2.0310377 0.0000000 2.4141569 9.0000000 1.5111773 1.5111773 9.0000000 9.0000000 2.4141569 3.2381161 1.2070784 1.1586745 
t18        0.7126442 1.3744361 1.6785349 9.0000000 2.1983953 1.2070784 1.1132061 1.2070784 0.9198342 2.4141569 0.0000000 0.2746833 1.7786835 1.5901977 9.0000000 9.0000000 1.5111773 1.5111773 1.5901977 1.3144041 
t19        0.8239592 1.3744361 2.4141569 9.0000000 2.1983953 1.2070784 1.1586745 1.3744361 1.0297869 9.0000000 0.2746833 0.0000000 2.1983953 2.1983953 9.0000000 9.0000000 1.2588231 1.2588231 2.0310377 2.1983953 
t6         1.2070784 1.2588231 3.2381161 9.0000000 2.1983953 1.3144041 0.9913169 0.9547243 1.1586745 1.5111773 1.7786835 2.1983953 0.0000000 1.5901977 3.2381161 2.1983953 1.3744361 1.4396946 1.6785349 1.5901977 
t8         1.6785349 2.0310377 9.0000000 1.8942965 2.0310377 1.8942965 9.0000000 9.0000000 1.7786835 1.5111773 1.5901977 2.1983953 1.5901977 0.0000000 2.7182557 9.0000000 1.5111773 1.5901977 1.7786835 1.7786835 
t2         1.3744361 9.0000000 9.0000000 9.0000000 2.4141569 1.7786835 2.1983953 2.4141569 2.1983953 9.0000000 9.0000000 9.0000000 3.2381161 2.7182557 0.0000000 0.2058276 1.8942965 1.6785349 9.0000000 9.0000000 
t15        1.4396946 9.0000000 9.0000000 9.0000000 2.7182557 2.0310377 9.0000000 2.4141569 3.2381161 9.0000000 9.0000000 9.0000000 2.1983953 9.0000000 0.2058276 0.0000000 1.8942965 1.5901977 9.0000000 9.0000000 
t13        0.8545757 1.1132061 1.3744361 3.2381161 1.5901977 1.2070784 1.5901977 1.6785349 0.8545757 2.4141569 1.5111773 1.2588231 1.3744361 1.5111773 1.8942965 1.8942965 0.0000000 0.0734853 1.7786835 1.7786835 
t7         0.8864954 1.1132061 1.3744361 2.1983953 1.5901977 1.3144041 1.6785349 1.5901977 0.7662384 3.2381161 1.5111773 1.2588231 1.4396946 1.5901977 1.6785349 1.5901977 0.0734853 0.0000000 1.7786835 1.7786835 
t4         1.2588231 1.5901977 3.2381161 2.7182557 9.0000000 1.6785349 1.0703373 1.1586745 1.8942965 1.2070784 1.5901977 2.0310377 1.6785349 1.7786835 9.0000000 9.0000000 1.7786835 1.7786835 0.0000000 0.0734853 
t20        1.1132061 1.3744361 2.4141569 2.0310377 9.0000000 1.5111773 0.9913169 1.3144041 2.0310377 1.1586745 1.3144041 2.1983953 1.5901977 1.7786835 9.0000000 9.0000000 1.7786835 1.7786835 0.0734853 0.0000000 
