20
t12        0.0000000 0.8864954 0.8239592 0.8239592 0.8545757 1.3744361 0.6872180 0.8239592 1.6785349 0.8545757 0.9547243 0.8545757 0.8864954 0.7945437 0.6388142 0.6388142 1.0297869 0.9913169 0.9913169 0.9913169 
t8         0.8864954 0.0000000 0.6872180 1.0297869 0.7389627 1.1132061 0.4714565 0.8545757 1.2588231 0.8545757 1.0297869 0.9913169 1.1132061 1.0297869 0.4714565 0.5099265 1.1586745 1.0297869 0.9913169 1.0297869 
t11        0.8239592 0.6872180 0.0000000 0.9913169 0.6626257 1.6785349 0.4904449 0.8239592 1.4396946 0.9198342 1.0703373 0.8545757 1.1132061 1.0703373 0.5299277 0.5716050 1.2070784 1.1586745 1.0703373 1.1586745 
t19        0.8239592 1.0297869 0.9913169 0.0000000 0.7945437 1.5901977 0.7126442 0.3347153 0.9913169 0.2746833 0.3505054 0.3999739 0.3666350 0.3831192 0.6872180 0.7126442 0.5933457 0.5933457 0.4529370 0.4529370 
t9         0.8545757 0.7389627 0.6626257 0.7945437 0.0000000 1.2070784 0.5299277 0.8545757 1.3144041 0.8239592 0.9198342 0.9198342 0.9547243 0.9547243 0.6388142 0.6626257 1.2070784 1.1132061 0.9198342 0.9198342 
t6         1.3744361 1.1132061 1.6785349 1.5901977 1.2070784 0.0000000 1.2070784 1.5111773 2.4141569 1.2588231 1.4396946 1.6785349 2.4141569 2.0310377 1.2070784 1.2588231 2.4141569 2.0310377 2.7182557 2.0310377 
t17        0.6872180 0.4714565 0.4904449 0.7126442 0.5299277 1.2070784 0.0000000 0.6626257 1.4396946 0.6388142 0.7126442 0.7662384 0.6626257 0.7389627 0.4172160 0.4348639 0.8545757 0.7945437 0.7126442 0.7389627 
t7         0.8239592 0.8545757 0.8239592 0.3347153 0.8545757 1.5111773 0.6626257 0.0000000 0.8864954 0.2463781 0.3040988 0.2191023 0.2191023 0.1927838 0.7945437 0.7945437 0.3666350 0.3347153 0.2058276 0.2191023 
t18        1.6785349 1.2588231 1.4396946 0.9913169 1.3144041 2.4141569 1.4396946 0.8864954 0.0000000 0.9547243 0.9198342 0.8545757 0.8545757 0.7945437 1.3144041 1.1586745 1.0297869 1.0703373 0.8864954 0.8545757 
t14        0.8545757 0.8545757 0.9198342 0.2746833 0.8239592 1.2588231 0.6388142 0.2463781 0.9547243 0.0000000 0.1549607 0.3666350 0.3831192 0.2892469 0.6872180 0.7945437 0.4529370 0.4348639 0.3666350 0.3666350 
t4         0.9547243 1.0297869 1.0703373 0.3505054 0.9198342 1.4396946 0.7126442 0.3040988 0.9198342 0.1549607 0.0000000 0.3999739 0.4348639 0.3831192 0.7662384 0.8864954 0.4529370 0.4348639 0.4348639 0.3999739 
t1         0.8545757 0.9913169 0.8545757 0.3999739 0.9198342 1.6785349 0.7662384 0.2191023 0.8545757 0.3666350 0.3999739 0.0000000 0.2603971 0.2326162 0.8545757 0.8545757 0.3831192 0.3505054 0.3192509 0.3505054 
t15        0.8864954 1.1132061 1.1132061 0.3666350 0.9547243 2.4141569 0.6626257 0.2191023 0.8545757 0.3831192 0.4348639 0.2603971 0.0000000 0.1549607 0.8239592 0.8545757 0.5099265 0.4714565 0.2892469 0.3040988 
t3         0.7945437 1.0297869 1.0703373 0.3831192 0.9547243 2.0310377 0.7389627 0.1927838 0.7945437 0.2892469 0.3831192 0.2326162 0.1549607 0.0000000 0.8545757 0.8545757 0.4348639 0.3999739 0.2463781 0.2746833 
t10        0.6388142 0.4714565 0.5299277 0.6872180 0.6388142 1.2070784 0.4172160 0.7945437 1.3144041 0.6872180 0.7662384 0.8545757 0.8239592 0.8545757 0.0000000 0.1189538 0.9913169 0.9547243 0.9913169 0.9913169 
t2         0.6388142 0.5099265 0.5716050 0.7126442 0.6626257 1.2588231 0.4348639 0.7945437 1.1586745 0.7945437 0.8864954 0.8545757 0.8545757 0.8545757 0.1189538 0.0000000 1.0703373 1.0297869 0.8864954 0.8864954 
t16        1.0297869 1.1586745 1.2070784 0.5933457 1.2070784 2.4141569 0.8545757 0.3666350 1.0297869 0.4529370 0.4529370 0.3831192 0.5099265 0.4348639 0.9913169 1.0703373 0.0000000 0.0306165 0.3666350 0.3666350 
t5         0.9913169 1.0297869 1.1586745 0.5933457 1.1132061 2.0310377 0.7945437 0.3347153 1.0703373 0.4348639 0.4348639 0.3505054 0.4714565 0.3999739 0.9547243 1.0297869 0.0306165 0.0000000 0.3347153 0.3347153 
t20        0.9913169 0.9913169 1.0703373 0.4529370 0.9198342 2.7182557 0.7126442 0.2058276 0.8864954 0.3666350 0.4348639 0.3192509 0.2892469 0.2463781 0.9913169 0.8864954 0.3666350 0.3347153 0.0000000 0.0306165 
t13        0.9913169 1.0297869 1.1586745 0.4529370 0.9198342 2.0310377 0.7389627 0.2191023 0.8545757 0.3666350 0.3999739 0.3505054 0.3040988 0.2746833 0.9913169 0.8864954 0.3666350 0.3347153 0.0306165 0.0000000 
