20
t15        0.0000000 0.8864954 0.8239592 1.0297869 0.9547243 0.9547243 0.7126442 0.9913169 1.0297869 1.2588231 1.1132061 1.2588231 1.1586745 1.3144041 0.9913169 0.9913169 0.9913169 1.0297869 1.2070784 1.1586745 
t2         0.8864954 0.0000000 0.4904449 0.5299277 0.7126442 0.7126442 1.0297869 1.0297869 1.2588231 1.5111773 0.6872180 1.0703373 0.6626257 0.7389627 1.0297869 1.0297869 0.6157354 0.6388142 0.8864954 0.8545757 
t20        0.8239592 0.4904449 0.0000000 0.5933457 0.3999739 0.5299277 0.5716050 0.6626257 1.1586745 1.2588231 0.6626257 0.8864954 0.6872180 0.7945437 0.7389627 0.7389627 0.6626257 0.7126442 0.7126442 0.6872180 
t18        1.0297869 0.5299277 0.5933457 0.0000000 0.9913169 1.3144041 1.0297869 1.1586745 1.7786835 1.3744361 0.7945437 1.2588231 0.7945437 0.8545757 1.1586745 1.1586745 0.7945437 0.7945437 0.9547243 0.9198342 
t12        0.9547243 0.7126442 0.3999739 0.9913169 0.0000000 0.5299277 0.7945437 0.7389627 1.5901977 3.2381161 0.8545757 1.3744361 0.8545757 0.9913169 0.9198342 0.9198342 0.8239592 0.7945437 1.0703373 1.0703373 
t17        0.9547243 0.7126442 0.5299277 1.3144041 0.5299277 0.0000000 0.7662384 1.1132061 1.5111773 1.5111773 0.9547243 0.9198342 0.9913169 1.1132061 0.7126442 0.7126442 0.9198342 0.8864954 0.7662384 0.7389627 
t13        0.7126442 1.0297869 0.5716050 1.0297869 0.7945437 0.7662384 0.0000000 0.6388142 1.1586745 1.5111773 1.1586745 1.4396946 1.1586745 1.1586745 0.6872180 0.6872180 1.2070784 1.2588231 1.1132061 1.0703373 
t9         0.9913169 1.0297869 0.6626257 1.1586745 0.7389627 1.1132061 0.6388142 0.0000000 1.1586745 1.5901977 0.9547243 1.1586745 0.8239592 0.9913169 0.6626257 0.7389627 0.9198342 0.9547243 0.9913169 0.9913169 
t11        1.0297869 1.2588231 1.1586745 1.7786835 1.5901977 1.5111773 1.1586745 1.1586745 0.0000000 0.8545757 1.5111773 2.0310377 1.2588231 1.6785349 1.5111773 1.5111773 1.5901977 1.5901977 1.5111773 1.4396946 
t5         1.2588231 1.5111773 1.2588231 1.3744361 3.2381161 1.5111773 1.5111773 1.5901977 0.8545757 0.0000000 1.5111773 1.5111773 9.0000000 3.2381161 1.1586745 1.1132061 9.0000000 9.0000000 1.5111773 1.4396946 
t3         1.1132061 0.6872180 0.6626257 0.7945437 0.8545757 0.9547243 1.1586745 0.9547243 1.5111773 1.5111773 0.0000000 1.2070784 0.5716050 0.6157354 1.0703373 1.0703373 0.4348639 0.4714565 0.8864954 0.8864954 
t6         1.2588231 1.0703373 0.8864954 1.2588231 1.3744361 0.9198342 1.4396946 1.1586745 2.0310377 1.5111773 1.2070784 0.0000000 0.9913169 1.2588231 1.1132061 1.1132061 1.1132061 1.1586745 0.2746833 0.2603971 
t8         1.1586745 0.6626257 0.6872180 0.7945437 0.8545757 0.9913169 1.1586745 0.8239592 1.2588231 9.0000000 0.5716050 0.9913169 0.0000000 0.2603971 1.2588231 1.3144041 0.2892469 0.3192509 0.7945437 0.7662384 
t1         1.3144041 0.7389627 0.7945437 0.8545757 0.9913169 1.1132061 1.1586745 0.9913169 1.6785349 3.2381161 0.6157354 1.2588231 0.2603971 0.0000000 1.1132061 1.2070784 0.3831192 0.3999739 1.0297869 0.9913169 
t7         0.9913169 1.0297869 0.7389627 1.1586745 0.9198342 0.7126442 0.6872180 0.6626257 1.5111773 1.1586745 1.0703373 1.1132061 1.2588231 1.1132061 0.0000000 0.0306165 1.1586745 1.1586745 0.9547243 0.9198342 
t14        0.9913169 1.0297869 0.7389627 1.1586745 0.9198342 0.7126442 0.6872180 0.7389627 1.5111773 1.1132061 1.0703373 1.1132061 1.3144041 1.2070784 0.0306165 0.0000000 1.1586745 1.1586745 0.9547243 0.9198342 
t16        0.9913169 0.6157354 0.6626257 0.7945437 0.8239592 0.9198342 1.2070784 0.9198342 1.5901977 9.0000000 0.4348639 1.1132061 0.2892469 0.3831192 1.1586745 1.1586745 0.0000000 0.0306165 0.8545757 0.8239592 
t10        1.0297869 0.6388142 0.7126442 0.7945437 0.7945437 0.8864954 1.2588231 0.9547243 1.5901977 9.0000000 0.4714565 1.1586745 0.3192509 0.3999739 1.1586745 1.1586745 0.0306165 0.0000000 0.8864954 0.8545757 
t4         1.2070784 0.8864954 0.7126442 0.9547243 1.0703373 0.7662384 1.1132061 0.9913169 1.5111773 1.5111773 0.8864954 0.2746833 0.7945437 1.0297869 0.9547243 0.9547243 0.8545757 0.8864954 0.0000000 0.0100673 
t19        1.1586745 0.8545757 0.6872180 0.9198342 1.0703373 0.7389627 1.0703373 0.9913169 1.4396946 1.4396946 0.8864954 0.2603971 0.7662384 0.9913169 0.9198342 0.9198342 0.8239592 0.8545757 0.0100673 0.0000000 
