20
t15        0.0000000 0.8545757 1.6785349 0.9913169 0.8864954 1.2588231 1.3144041 1.2070784 1.5111773 1.3144041 2.1983953 2.0310377 1.5901977 1.0703373 1.1586745 0.9913169 1.0297869 0.9198342 0.9913169 0.8545757 
t2         0.8545757 0.0000000 1.7786835 0.9913169 1.1586745 1.2588231 2.1983953 1.2070784 1.6785349 2.1983953 2.4141569 3.2381161 1.3744361 1.1132061 1.1132061 1.2070784 1.5111773 0.9547243 0.9547243 0.8545757 
t8         1.6785349 1.7786835 0.0000000 3.2381161 3.2381161 9.0000000 2.1983953 9.0000000 9.0000000 9.0000000 1.7786835 3.2381161 2.4141569 3.2381161 2.0310377 2.0310377 2.1983953 3.2381161 9.0000000 9.0000000 
t6         0.9913169 0.9913169 3.2381161 0.0000000 0.7662384 1.4396946 1.7786835 1.5901977 1.5901977 1.5901977 9.0000000 2.0310377 1.5111773 1.0703373 1.1586745 1.1132061 0.9198342 0.9547243 1.1132061 0.9198342 
t5         0.8864954 1.1586745 3.2381161 0.7662384 0.0000000 1.2070784 1.3744361 1.2070784 1.3744361 1.0703373 1.5901977 1.0703373 1.6785349 0.9913169 0.9198342 0.9547243 0.9913169 0.7389627 0.7662384 0.6872180 
t14        1.2588231 1.2588231 9.0000000 1.4396946 1.2070784 0.0000000 1.6785349 0.9198342 2.7182557 2.1983953 2.0310377 9.0000000 0.7945437 0.3999739 0.9547243 1.3144041 1.5111773 1.3744361 1.3144041 1.2070784 
t17        1.3144041 2.1983953 2.1983953 1.7786835 1.3744361 1.6785349 0.0000000 0.8864954 9.0000000 9.0000000 9.0000000 9.0000000 1.4396946 1.2070784 2.0310377 2.0310377 2.7182557 1.5111773 1.7786835 1.5901977 
t9         1.2070784 1.2070784 9.0000000 1.5901977 1.2070784 0.9198342 0.8864954 0.0000000 9.0000000 9.0000000 3.2381161 9.0000000 1.0703373 0.9547243 1.2588231 1.7786835 2.0310377 0.9913169 1.1132061 1.0703373 
t3         1.5111773 1.6785349 9.0000000 1.5901977 1.3744361 2.7182557 9.0000000 9.0000000 0.0000000 0.3192509 9.0000000 9.0000000 1.7786835 1.4396946 2.1983953 3.2381161 9.0000000 1.8942965 1.8942965 1.8942965 
t13        1.3144041 2.1983953 9.0000000 1.5901977 1.0703373 2.1983953 9.0000000 9.0000000 0.3192509 0.0000000 9.0000000 3.2381161 1.5901977 1.5901977 1.5111773 1.3744361 1.7786835 1.2070784 1.3144041 1.2070784 
t12        2.1983953 2.4141569 1.7786835 9.0000000 1.5901977 2.0310377 9.0000000 3.2381161 9.0000000 9.0000000 0.0000000 2.0310377 9.0000000 1.5111773 2.7182557 2.1983953 2.7182557 2.7182557 2.4141569 2.4141569 
t10        2.0310377 3.2381161 3.2381161 2.0310377 1.0703373 9.0000000 9.0000000 9.0000000 9.0000000 3.2381161 2.0310377 0.0000000 9.0000000 1.8942965 1.7786835 1.3744361 1.5111773 1.6785349 1.6785349 1.7786835 
t4         1.5901977 1.3744361 2.4141569 1.5111773 1.6785349 0.7945437 1.4396946 1.0703373 1.7786835 1.5901977 9.0000000 9.0000000 0.0000000 0.6626257 1.3144041 1.1132061 1.7786835 1.4396946 1.4396946 1.4396946 
t11        1.0703373 1.1132061 3.2381161 1.0703373 0.9913169 0.3999739 1.2070784 0.9547243 1.4396946 1.5901977 1.5111773 1.8942965 0.6626257 0.0000000 0.8239592 0.8864954 1.2588231 0.9547243 1.0703373 0.9913169 
t16        1.1586745 1.1132061 2.0310377 1.1586745 0.9198342 0.9547243 2.0310377 1.2588231 2.1983953 1.5111773 2.7182557 1.7786835 1.3144041 0.8239592 0.0000000 0.3999739 0.6157354 0.8545757 0.8545757 0.7945437 
t7         0.9913169 1.2070784 2.0310377 1.1132061 0.9547243 1.3144041 2.0310377 1.7786835 3.2381161 1.3744361 2.1983953 1.3744361 1.1132061 0.8864954 0.3999739 0.0000000 0.2892469 0.9547243 1.0297869 0.9547243 
t1         1.0297869 1.5111773 2.1983953 0.9198342 0.9913169 1.5111773 2.7182557 2.0310377 9.0000000 1.7786835 2.7182557 1.5111773 1.7786835 1.2588231 0.6157354 0.2892469 0.0000000 1.1132061 1.0703373 0.9913169 
t19        0.9198342 0.9547243 3.2381161 0.9547243 0.7389627 1.3744361 1.5111773 0.9913169 1.8942965 1.2070784 2.7182557 1.6785349 1.4396946 0.9547243 0.8545757 0.9547243 1.1132061 0.0000000 0.1073256 0.0734853 
t20        0.9913169 0.9547243 9.0000000 1.1132061 0.7662384 1.3144041 1.7786835 1.1132061 1.8942965 1.3144041 2.4141569 1.6785349 1.4396946 1.0703373 0.8545757 1.0297869 1.0703373 0.1073256 0.0000000 0.0625362 
t18        0.8545757 0.8545757 9.0000000 0.9198342 0.6872180 1.2070784 1.5901977 1.0703373 1.8942965 1.2070784 2.4141569 1.7786835 1.4396946 0.9913169 0.7945437 0.9547243 0.9913169 0.0734853 0.0625362 0.0000000 
