20
t2         0.0000000 1.7786835 2.1983953 2.0310377 9.0000000 1.7786835 1.5901977 1.4396946 9.0000000 1.8942965 2.1983953 2.7182557 2.0310377 2.4141569 2.1983953 1.7786835 2.1983953 1.8942965 1.7786835 2.0310377 
t12        1.7786835 0.0000000 2.0310377 1.1132061 1.2070784 1.5901977 1.5901977 1.7786835 0.8545757 0.9198342 1.6785349 1.1132061 1.1132061 1.3144041 1.3144041 2.1983953 1.7786835 1.0703373 0.9198342 0.9198342 
t19        2.1983953 2.0310377 0.0000000 1.0703373 1.6785349 1.5111773 1.7786835 2.1983953 1.3744361 1.8942965 2.7182557 2.0310377 1.5111773 1.7786835 2.7182557 1.8942965 1.7786835 2.7182557 2.0310377 2.0310377 
t1         2.0310377 1.1132061 1.0703373 0.0000000 1.2588231 1.3144041 1.6785349 1.6785349 0.9913169 0.8545757 1.8942965 1.3744361 1.1586745 1.5111773 1.6785349 1.7786835 1.4396946 1.3144041 1.3144041 1.4396946 
t11        9.0000000 1.2070784 1.6785349 1.2588231 0.0000000 0.9198342 1.5901977 1.7786835 0.7945437 0.8864954 9.0000000 0.9547243 1.0703373 1.1586745 1.0297869 9.0000000 9.0000000 1.0703373 1.1132061 1.0297869 
t16        1.7786835 1.5901977 1.5111773 1.3144041 0.9198342 0.0000000 9.0000000 9.0000000 1.0703373 1.1132061 2.4141569 1.2070784 1.3144041 1.6785349 1.3744361 9.0000000 9.0000000 1.1132061 1.5901977 1.4396946 
t20        1.5901977 1.5901977 1.7786835 1.6785349 1.5901977 9.0000000 0.0000000 0.6872180 1.8942965 1.5111773 1.6785349 2.1983953 9.0000000 3.2381161 1.6785349 2.7182557 2.7182557 9.0000000 9.0000000 9.0000000 
t10        1.4396946 1.7786835 2.1983953 1.6785349 1.7786835 9.0000000 0.6872180 0.0000000 2.1983953 1.6785349 9.0000000 2.4141569 1.7786835 1.8942965 1.6785349 9.0000000 9.0000000 2.4141569 2.4141569 2.7182557 
t5         9.0000000 0.8545757 1.3744361 0.9913169 0.7945437 1.0703373 1.8942965 2.1983953 0.0000000 0.5716050 2.0310377 0.6872180 0.7662384 0.9198342 1.0703373 2.4141569 9.0000000 0.8545757 0.8239592 0.7662384 
t18        1.8942965 0.9198342 1.8942965 0.8545757 0.8864954 1.1132061 1.5111773 1.6785349 0.5716050 0.0000000 1.5111773 0.6872180 0.5933457 0.8239592 0.8864954 1.7786835 1.7786835 0.7126442 0.6872180 0.7126442 
t3         2.1983953 1.6785349 2.7182557 1.8942965 9.0000000 2.4141569 1.6785349 9.0000000 2.0310377 1.5111773 0.0000000 1.6785349 1.7786835 1.8942965 1.5111773 0.4714565 0.5299277 1.3744361 1.5901977 1.6785349 
t13        2.7182557 1.1132061 2.0310377 1.3744361 0.9547243 1.2070784 2.1983953 2.4141569 0.6872180 0.6872180 1.6785349 0.0000000 0.3347153 0.8545757 0.9547243 1.8942965 3.2381161 0.5504769 0.5504769 0.5933457 
t14        2.0310377 1.1132061 1.5111773 1.1586745 1.0703373 1.3144041 9.0000000 1.7786835 0.7662384 0.5933457 1.7786835 0.3347153 0.0000000 1.2588231 1.4396946 1.5111773 2.0310377 0.4529370 0.4348639 0.4714565 
t17        2.4141569 1.3144041 1.7786835 1.5111773 1.1586745 1.6785349 3.2381161 1.8942965 0.9198342 0.8239592 1.8942965 0.8545757 1.2588231 0.0000000 0.2892469 2.0310377 2.1983953 0.9913169 0.9913169 1.0297869 
t6         2.1983953 1.3144041 2.7182557 1.6785349 1.0297869 1.3744361 1.6785349 1.6785349 1.0703373 0.8864954 1.5111773 0.9547243 1.4396946 0.2892469 0.0000000 2.0310377 2.0310377 1.2588231 1.4396946 1.4396946 
t9         1.7786835 2.1983953 1.8942965 1.7786835 9.0000000 9.0000000 2.7182557 9.0000000 2.4141569 1.7786835 0.4714565 1.8942965 1.5111773 2.0310377 2.0310377 0.0000000 0.2892469 1.5901977 1.3144041 1.5901977 
t4         2.1983953 1.7786835 1.7786835 1.4396946 9.0000000 9.0000000 2.7182557 9.0000000 9.0000000 1.7786835 0.5299277 3.2381161 2.0310377 2.1983953 2.0310377 0.2892469 0.0000000 2.0310377 1.8942965 2.7182557 
t8         1.8942965 1.0703373 2.7182557 1.3144041 1.0703373 1.1132061 9.0000000 2.4141569 0.8545757 0.7126442 1.3744361 0.5504769 0.4529370 0.9913169 1.2588231 1.5901977 2.0310377 0.0000000 0.1673577 0.1673577 
t15        1.7786835 0.9198342 2.0310377 1.3144041 1.1132061 1.5901977 9.0000000 2.4141569 0.8239592 0.6872180 1.5901977 0.5504769 0.4348639 0.9913169 1.4396946 1.3144041 1.8942965 0.1673577 0.0000000 0.0734853 
t7         2.0310377 0.9198342 2.0310377 1.4396946 1.0297869 1.4396946 9.0000000 2.7182557 0.7662384 0.7126442 1.6785349 0.5933457 0.4714565 1.0297869 1.4396946 1.5901977 2.7182557 0.1673577 0.0734853 0.0000000 
