20
t19        0.0000000 1.1586745 1.5901977 0.7662384 0.7662384 0.8239592 0.9913169 1.3144041 1.2070784 1.0703373 0.9198342 1.0297869 1.0703373 0.9547243 0.9547243 0.9198342 1.1586745 1.1132061 1.3744361 1.4396946 
t18        1.1586745 0.0000000 1.4396946 1.3144041 0.9913169 1.0703373 1.3144041 1.4396946 1.5901977 0.5099265 0.4529370 1.1586745 1.1132061 1.0703373 1.1132061 1.1586745 0.8864954 0.8864954 1.0297869 1.0703373 
t12        1.5901977 1.4396946 0.0000000 1.5111773 0.8545757 1.3144041 1.3744361 1.8942965 1.6785349 1.4396946 1.1586745 1.1586745 1.2588231 1.2588231 1.3144041 1.3144041 1.0297869 1.0703373 1.8942965 1.8942965 
t14        0.7662384 1.3144041 1.5111773 0.0000000 0.7945437 0.9913169 0.9547243 1.0703373 1.3144041 1.3144041 1.1586745 1.4396946 1.2588231 1.2070784 1.4396946 1.3744361 1.0297869 1.0297869 2.7182557 3.2381161 
t16        0.7662384 0.9913169 0.8545757 0.7945437 0.0000000 0.6388142 0.8545757 1.0297869 1.1132061 0.9198342 0.8239592 0.9198342 0.8864954 0.8545757 0.7945437 0.7945437 0.7389627 0.7389627 1.2070784 1.2070784 
t10        0.8239592 1.0703373 1.3144041 0.9913169 0.6388142 0.0000000 0.8545757 1.2070784 0.7945437 0.9913169 0.9198342 0.6388142 0.6626257 0.6157354 0.5716050 0.5933457 0.9547243 0.9198342 1.3144041 1.3744361 
t5         0.9913169 1.3144041 1.3744361 0.9547243 0.8545757 0.8545757 0.0000000 0.4714565 1.3144041 1.2588231 1.2070784 0.9913169 1.0297869 0.9547243 0.9913169 0.9547243 0.9547243 0.9198342 1.4396946 1.4396946 
t7         1.3144041 1.4396946 1.8942965 1.0703373 1.0297869 1.2070784 0.4714565 0.0000000 1.6785349 1.4396946 1.3744361 1.2070784 1.1132061 1.0703373 1.1132061 1.0703373 1.3144041 1.2588231 1.6785349 1.6785349 
t13        1.2070784 1.5901977 1.6785349 1.3144041 1.1132061 0.7945437 1.3144041 1.6785349 0.0000000 1.2588231 1.3144041 0.3831192 0.3831192 0.3666350 0.3505054 0.3666350 1.3744361 1.3744361 1.5901977 1.5901977 
t4         1.0703373 0.5099265 1.4396946 1.3144041 0.9198342 0.9913169 1.2588231 1.4396946 1.2588231 0.0000000 0.0734853 1.3144041 1.3744361 1.2070784 1.2070784 1.2588231 0.7389627 0.7126442 0.6157354 0.6388142 
t11        0.9198342 0.4529370 1.1586745 1.1586745 0.8239592 0.9198342 1.2070784 1.3744361 1.3144041 0.0734853 0.0000000 1.1586745 1.2070784 1.0703373 1.1132061 1.1586745 0.7389627 0.7126442 0.5716050 0.5933457 
t8         1.0297869 1.1586745 1.1586745 1.4396946 0.9198342 0.6388142 0.9913169 1.2070784 0.3831192 1.3144041 1.1586745 0.0000000 0.0845966 0.0734853 0.0958750 0.1073256 1.1132061 1.1132061 1.4396946 1.4396946 
t20        1.0703373 1.1132061 1.2588231 1.2588231 0.8864954 0.6626257 1.0297869 1.1132061 0.3831192 1.3744361 1.2070784 0.0845966 0.0000000 0.0306165 0.0958750 0.1073256 1.1586745 1.1586745 1.5901977 1.5901977 
t17        0.9547243 1.0703373 1.2588231 1.2070784 0.8545757 0.6157354 0.9547243 1.0703373 0.3666350 1.2070784 1.0703373 0.0734853 0.0306165 0.0000000 0.0845966 0.0958750 1.1132061 1.1132061 1.3744361 1.3744361 
t9         0.9547243 1.1132061 1.3144041 1.4396946 0.7945437 0.5716050 0.9913169 1.1132061 0.3505054 1.2070784 1.1132061 0.0958750 0.0958750 0.0845966 0.0000000 0.0100673 1.1586745 1.1586745 1.4396946 1.4396946 
t1         0.9198342 1.1586745 1.3144041 1.3744361 0.7945437 0.5933457 0.9547243 1.0703373 0.3666350 1.2588231 1.1586745 0.1073256 0.1073256 0.0958750 0.0100673 0.0000000 1.1586745 1.1586745 1.3744361 1.3744361 
t2         1.1586745 0.8864954 1.0297869 1.0297869 0.7389627 0.9547243 0.9547243 1.3144041 1.3744361 0.7389627 0.7389627 1.1132061 1.1586745 1.1132061 1.1586745 1.1586745 0.0000000 0.0100673 1.1586745 1.1586745 
t3         1.1132061 0.8864954 1.0703373 1.0297869 0.7389627 0.9198342 0.9198342 1.2588231 1.3744361 0.7126442 0.7126442 1.1132061 1.1586745 1.1132061 1.1586745 1.1586745 0.0100673 0.0000000 1.1132061 1.1132061 
t15        1.3744361 1.0297869 1.8942965 2.7182557 1.2070784 1.3144041 1.4396946 1.6785349 1.5901977 0.6157354 0.5716050 1.4396946 1.5901977 1.3744361 1.4396946 1.3744361 1.1586745 1.1132061 0.0000000 0.0202715 
t6         1.4396946 1.0703373 1.8942965 3.2381161 1.2070784 1.3744361 1.4396946 1.6785349 1.5901977 0.6388142 0.5933457 1.4396946 1.5901977 1.3744361 1.4396946 1.3744361 1.1586745 1.1132061 0.0202715 0.0000000 
