20
t14        0.0000000 1.8942965 0.5933457 0.8239592 0.9198342 1.1586745 0.7126442 2.7182557 0.6388142 0.8545757 0.7945437 0.8239592 0.8864954 0.8545757 0.8239592 0.7662384 0.8239592 0.8239592 0.9198342 0.9198342 
t15        1.8942965 0.0000000 1.6785349 9.0000000 9.0000000 1.7786835 2.0310377 9.0000000 1.4396946 9.0000000 9.0000000 9.0000000 3.2381161 9.0000000 2.4141569 2.4141569 9.0000000 9.0000000 1.5111773 1.5111773 
t16        0.5933457 1.6785349 0.0000000 1.1586745 1.6785349 1.7786835 1.1586745 2.4141569 0.5504769 1.2588231 1.1132061 1.2588231 1.1586745 1.1586745 1.1586745 1.1132061 1.1132061 1.1132061 1.3744361 1.3744361 
t13        0.8239592 9.0000000 1.1586745 0.0000000 0.5716050 1.6785349 1.3144041 1.5901977 1.1132061 0.4172160 0.4529370 0.4904449 0.4904449 0.4172160 0.7126442 0.7662384 0.4172160 0.4172160 1.7786835 1.7786835 
t20        0.9198342 9.0000000 1.6785349 0.5716050 0.0000000 2.7182557 1.7786835 3.2381161 1.3744361 0.6157354 0.5504769 0.6157354 0.6157354 0.5716050 0.8545757 0.8545757 0.5504769 0.5504769 2.1983953 2.1983953 
t1         1.1586745 1.7786835 1.7786835 1.6785349 2.7182557 0.0000000 0.5504769 1.6785349 3.2381161 1.4396946 1.3744361 1.3144041 1.6785349 1.4396946 1.3744361 1.2588231 1.4396946 1.4396946 0.7389627 0.7389627 
t17        0.7126442 2.0310377 1.1586745 1.3144041 1.7786835 0.5504769 0.0000000 2.0310377 2.4141569 1.2588231 1.1586745 1.1586745 1.1586745 1.1132061 1.0703373 0.9913169 1.1132061 1.1132061 0.3666350 0.3666350 
t5         2.7182557 9.0000000 2.4141569 1.5901977 3.2381161 1.6785349 2.0310377 0.0000000 2.1983953 1.6785349 2.1983953 3.2381161 9.0000000 2.4141569 3.2381161 2.4141569 2.4141569 2.4141569 1.7786835 1.7786835 
t9         0.6388142 1.4396946 0.5504769 1.1132061 1.3744361 3.2381161 2.4141569 2.1983953 0.0000000 1.3144041 1.2588231 1.3744361 1.3144041 1.3744361 1.3144041 1.4396946 1.3144041 1.3144041 1.8942965 1.8942965 
t4         0.8545757 9.0000000 1.2588231 0.4172160 0.6157354 1.4396946 1.2588231 1.6785349 1.3144041 0.0000000 0.2746833 0.3192509 0.3192509 0.2892469 0.7662384 0.8239592 0.2746833 0.2746833 1.3744361 1.3744361 
t11        0.7945437 9.0000000 1.1132061 0.4529370 0.5504769 1.3744361 1.1586745 2.1983953 1.2588231 0.2746833 0.0000000 0.1073256 0.1073256 0.0517447 0.6388142 0.6872180 0.0411062 0.0411062 1.1586745 1.1586745 
t19        0.8239592 9.0000000 1.2588231 0.4904449 0.6157354 1.3144041 1.1586745 3.2381161 1.3744361 0.3192509 0.1073256 0.0000000 0.0625362 0.1189538 0.7126442 0.7662384 0.1073256 0.1073256 1.3144041 1.3144041 
t8         0.8864954 3.2381161 1.1586745 0.4904449 0.6157354 1.6785349 1.1586745 9.0000000 1.3144041 0.3192509 0.1073256 0.0625362 0.0000000 0.1189538 0.7662384 0.8239592 0.1073256 0.1073256 1.4396946 1.4396946 
t18        0.8545757 9.0000000 1.1586745 0.4172160 0.5716050 1.4396946 1.1132061 2.4141569 1.3744361 0.2892469 0.0517447 0.1189538 0.1189538 0.0000000 0.6872180 0.7389627 0.0100673 0.0100673 1.1586745 1.1586745 
t6         0.8239592 2.4141569 1.1586745 0.7126442 0.8545757 1.3744361 1.0703373 3.2381161 1.3144041 0.7662384 0.6388142 0.7126442 0.7662384 0.6872180 0.0000000 0.0202715 0.6872180 0.6872180 1.3144041 1.3144041 
t7         0.7662384 2.4141569 1.1132061 0.7662384 0.8545757 1.2588231 0.9913169 2.4141569 1.4396946 0.8239592 0.6872180 0.7662384 0.8239592 0.7389627 0.0202715 0.0000000 0.7389627 0.7389627 1.2070784 1.2070784 
t10        0.8239592 9.0000000 1.1132061 0.4172160 0.5504769 1.4396946 1.1132061 2.4141569 1.3144041 0.2746833 0.0411062 0.1073256 0.1073256 0.0100673 0.6872180 0.7389627 0.0000000 0.0000010 1.1586745 1.1586745 
t2         0.8239592 9.0000000 1.1132061 0.4172160 0.5504769 1.4396946 1.1132061 2.4141569 1.3144041 0.2746833 0.0411062 0.1073256 0.1073256 0.0100673 0.6872180 0.7389627 0.0000010 0.0000000 1.1586745 1.1586745 
t3         0.9198342 1.5111773 1.3744361 1.7786835 2.1983953 0.7389627 0.3666350 1.7786835 1.8942965 1.3744361 1.1586745 1.3144041 1.4396946 1.1586745 1.3144041 1.2070784 1.1586745 1.1586745 0.0000000 0.0000010 
t12        0.9198342 1.5111773 1.3744361 1.7786835 2.1983953 0.7389627 0.3666350 1.7786835 1.8942965 1.3744361 1.1586745 1.3144041 1.4396946 1.1586745 1.3144041 1.2070784 1.1586745 1.1586745 0.0000010 0.0000000 
