20
t18        0.0000000 1.1586745 1.6785349 1.2588231 0.9913169 1.8942965 1.3744361 1.7786835 1.5111773 1.4396946 1.5901977 1.3144041 1.8942965 1.7786835 1.8942965 1.3744361 1.6785349 1.5901977 1.4396946 1.4396946 
t7         1.1586745 0.0000000 0.3666350 0.5504769 0.4348639 0.5933457 0.6626257 0.6157354 0.6872180 0.7662384 0.6157354 0.5299277 0.5716050 0.5716050 0.5299277 0.6626257 0.7389627 0.7662384 0.7389627 0.7662384 
t3         1.6785349 0.3666350 0.0000000 0.4714565 0.5299277 0.5933457 0.5099265 0.6157354 0.4904449 0.5716050 0.4172160 0.3831192 0.5099265 0.5099265 0.5299277 0.7389627 0.5716050 0.5933457 0.7945437 0.8239592 
t9         1.2588231 0.5504769 0.4714565 0.0000000 0.3347153 0.7945437 0.6872180 0.7945437 0.6388142 0.6626257 0.7126442 0.5933457 0.7126442 0.5933457 0.7126442 0.6388142 0.7389627 0.7389627 0.7662384 0.7945437 
t20        0.9913169 0.4348639 0.5299277 0.3347153 0.0000000 0.6626257 0.7126442 0.6388142 0.7126442 0.7389627 0.6388142 0.5933457 0.6388142 0.5299277 0.5933457 0.6626257 0.7662384 0.7945437 0.7389627 0.7662384 
t6         1.8942965 0.5933457 0.5933457 0.7945437 0.6626257 0.0000000 0.7389627 0.4172160 0.7389627 0.8239592 0.6626257 0.6157354 0.3347153 0.3666350 0.3347153 0.8239592 0.7945437 0.7662384 0.8239592 0.8545757 
t10        1.3744361 0.6626257 0.5099265 0.6872180 0.7126442 0.7389627 0.0000000 0.7126442 0.3040988 0.3347153 0.5716050 0.4529370 0.7389627 0.6872180 0.7945437 0.7945437 0.2603971 0.2746833 0.8239592 0.7945437 
t13        1.7786835 0.6157354 0.6157354 0.7945437 0.6388142 0.4172160 0.7126442 0.0000000 0.7945437 0.7945437 0.6872180 0.6157354 0.3666350 0.3505054 0.3040988 0.9198342 0.7662384 0.7945437 0.9198342 0.9547243 
t2         1.5111773 0.6872180 0.4904449 0.6388142 0.7126442 0.7389627 0.3040988 0.7945437 0.0000000 0.2191023 0.5933457 0.4904449 0.8864954 0.7389627 0.8864954 0.9198342 0.2892469 0.3040988 0.9913169 0.9547243 
t15        1.4396946 0.7662384 0.5716050 0.6626257 0.7389627 0.8239592 0.3347153 0.7945437 0.2191023 0.0000000 0.6872180 0.5933457 0.8545757 0.7126442 0.8545757 0.9198342 0.3040988 0.3192509 0.9198342 0.9198342 
t8         1.5901977 0.6157354 0.4172160 0.7126442 0.6388142 0.6626257 0.5716050 0.6872180 0.5933457 0.6872180 0.0000000 0.1073256 0.5933457 0.6626257 0.6872180 0.8239592 0.6157354 0.6388142 0.9547243 0.9198342 
t19        1.3144041 0.5299277 0.3831192 0.5933457 0.5933457 0.6157354 0.4529370 0.6157354 0.4904449 0.5933457 0.1073256 0.0000000 0.5933457 0.6157354 0.6388142 0.6872180 0.5933457 0.6157354 0.7945437 0.7662384 
t14        1.8942965 0.5716050 0.5099265 0.7126442 0.6388142 0.3347153 0.7389627 0.3666350 0.8864954 0.8545757 0.5933457 0.5933457 0.0000000 0.2603971 0.1927838 0.8239592 0.7945437 0.8239592 0.8864954 0.8545757 
t11        1.7786835 0.5716050 0.5099265 0.5933457 0.5299277 0.3666350 0.6872180 0.3505054 0.7389627 0.7126442 0.6626257 0.6157354 0.2603971 0.0000000 0.0734853 0.7126442 0.7126442 0.7389627 0.7389627 0.7662384 
t5         1.8942965 0.5299277 0.5299277 0.7126442 0.5933457 0.3347153 0.7945437 0.3040988 0.8864954 0.8545757 0.6872180 0.6388142 0.1927838 0.0734853 0.0000000 0.7662384 0.8239592 0.8545757 0.7945437 0.8239592 
t4         1.3744361 0.6626257 0.7389627 0.6388142 0.6626257 0.8239592 0.7945437 0.9198342 0.9198342 0.9198342 0.8239592 0.6872180 0.8239592 0.7126442 0.7662384 0.0000000 0.7945437 0.8239592 0.0958750 0.1073256 
t12        1.6785349 0.7389627 0.5716050 0.7389627 0.7662384 0.7945437 0.2603971 0.7662384 0.2892469 0.3040988 0.6157354 0.5933457 0.7945437 0.7126442 0.8239592 0.7945437 0.0000000 0.0100673 0.8239592 0.7945437 
t1         1.5901977 0.7662384 0.5933457 0.7389627 0.7945437 0.7662384 0.2746833 0.7945437 0.3040988 0.3192509 0.6388142 0.6157354 0.8239592 0.7389627 0.8545757 0.8239592 0.0100673 0.0000000 0.7945437 0.7662384 
t16        1.4396946 0.7389627 0.7945437 0.7662384 0.7389627 0.8239592 0.8239592 0.9198342 0.9913169 0.9198342 0.9547243 0.7945437 0.8864954 0.7389627 0.7945437 0.0958750 0.8239592 0.7945437 0.0000000 0.0100673 
t17        1.4396946 0.7662384 0.8239592 0.7945437 0.7662384 0.8545757 0.7945437 0.9547243 0.9547243 0.9198342 0.9198342 0.7662384 0.8545757 0.7662384 0.8239592 0.1073256 0.7945437 0.7662384 0.0100673 0.0000000 
