20
t15        0.0000000 1.6785349 1.3144041 1.3744361 1.2070784 1.1586745 1.8942965 1.2070784 1.2588231 1.3744361 1.1586745 1.5111773 1.5901977 1.3744361 1.3144041 1.3144041 1.4396946 1.5111773 1.2070784 1.2588231 
t11        1.6785349 0.0000000 1.2588231 1.2588231 1.2070784 1.1586745 1.2070784 1.1586745 1.0703373 1.4396946 1.2070784 1.4396946 1.1586745 1.3744361 1.2588231 1.1132061 1.2588231 1.2070784 1.0703373 1.0703373 
t1         1.3144041 1.2588231 0.0000000 1.2588231 0.7662384 0.8239592 1.1586745 0.9913169 0.7389627 0.7945437 0.9198342 1.1586745 1.0297869 1.0703373 0.9198342 0.9198342 1.0703373 1.2588231 0.9198342 0.9913169 
t2         1.3744361 1.2588231 1.2588231 0.0000000 1.1586745 0.9547243 1.2070784 1.1132061 1.2588231 1.3744361 0.5933457 0.5504769 0.6872180 0.7126442 0.8864954 0.8239592 0.9547243 0.9198342 0.5504769 0.5299277 
t18        1.2070784 1.2070784 0.7662384 1.1586745 0.0000000 1.0297869 1.3144041 1.2070784 0.6872180 0.8545757 1.1586745 1.3744361 0.8864954 0.9913169 1.2070784 1.1132061 1.3144041 1.4396946 1.1132061 1.2070784 
t14        1.1586745 1.1586745 0.8239592 0.9547243 1.0297869 0.0000000 0.4172160 0.2746833 1.2588231 1.2588231 0.8239592 0.8239592 0.7945437 0.8239592 0.9547243 0.8239592 1.2588231 1.2588231 0.7945437 0.7662384 
t13        1.8942965 1.2070784 1.1586745 1.2070784 1.3144041 0.4172160 0.0000000 0.3999739 1.1132061 1.3144041 1.0703373 1.1586745 1.1132061 1.1586745 0.8864954 0.8545757 2.1983953 2.0310377 1.0297869 0.9547243 
t12        1.2070784 1.1586745 0.9913169 1.1132061 1.2070784 0.2746833 0.3999739 0.0000000 1.0297869 1.1586745 0.8545757 0.9547243 0.8864954 0.9198342 0.9198342 0.8545757 1.7786835 1.7786835 0.9198342 0.8545757 
t3         1.2588231 1.0703373 0.7389627 1.2588231 0.6872180 1.2588231 1.1132061 1.0297869 0.0000000 0.3347153 1.1586745 1.3144041 1.2070784 1.3744361 1.0703373 1.1132061 1.5111773 1.4396946 1.1132061 1.2070784 
t10        1.3744361 1.4396946 0.7945437 1.3744361 0.8545757 1.2588231 1.3144041 1.1586745 0.3347153 0.0000000 1.3144041 1.6785349 1.2070784 1.2070784 1.3144041 1.2588231 1.4396946 1.3744361 1.3744361 1.5111773 
t5         1.1586745 1.2070784 0.9198342 0.5933457 1.1586745 0.8239592 1.0703373 0.8545757 1.1586745 1.3144041 0.0000000 0.1927838 0.4172160 0.4348639 0.7662384 0.7126442 0.6157354 0.5299277 0.1427653 0.1307650 
t7         1.5111773 1.4396946 1.1586745 0.5504769 1.3744361 0.8239592 1.1586745 0.9547243 1.3144041 1.6785349 0.1927838 0.0000000 0.4529370 0.4714565 0.9547243 0.8545757 0.7126442 0.5933457 0.1189538 0.1073256 
t16        1.5901977 1.1586745 1.0297869 0.6872180 0.8864954 0.7945437 1.1132061 0.8864954 1.2070784 1.2070784 0.4172160 0.4529370 0.0000000 0.1073256 1.0297869 0.9198342 0.7945437 0.6388142 0.3999739 0.3831192 
t17        1.3744361 1.3744361 1.0703373 0.7126442 0.9913169 0.8239592 1.1586745 0.9198342 1.3744361 1.2070784 0.4348639 0.4714565 0.1073256 0.0000000 1.0297869 0.9198342 0.7945437 0.6388142 0.3999739 0.3831192 
t19        1.3144041 1.2588231 0.9198342 0.8864954 1.2070784 0.9547243 0.8864954 0.9198342 1.0703373 1.3144041 0.7662384 0.9547243 1.0297869 1.0297869 0.0000000 0.0734853 1.2070784 1.1132061 0.8864954 0.8239592 
t6         1.3144041 1.1132061 0.9198342 0.8239592 1.1132061 0.8239592 0.8545757 0.8545757 1.1132061 1.2588231 0.7126442 0.8545757 0.9198342 0.9198342 0.0734853 0.0000000 0.9913169 0.9547243 0.8239592 0.7662384 
t9         1.4396946 1.2588231 1.0703373 0.9547243 1.3144041 1.2588231 2.1983953 1.7786835 1.5111773 1.4396946 0.6157354 0.7126442 0.7945437 0.7945437 1.2070784 0.9913169 0.0000000 0.1307650 0.6872180 0.6388142 
t4         1.5111773 1.2070784 1.2588231 0.9198342 1.4396946 1.2588231 2.0310377 1.7786835 1.4396946 1.3744361 0.5299277 0.5933457 0.6388142 0.6388142 1.1132061 0.9547243 0.1307650 0.0000000 0.5716050 0.5504769 
t20        1.2070784 1.0703373 0.9198342 0.5504769 1.1132061 0.7945437 1.0297869 0.9198342 1.1132061 1.3744361 0.1427653 0.1189538 0.3999739 0.3999739 0.8864954 0.8239592 0.6872180 0.5716050 0.0000000 0.0306165 
t8         1.2588231 1.0703373 0.9913169 0.5299277 1.2070784 0.7662384 0.9547243 0.8545757 1.2070784 1.5111773 0.1307650 0.1073256 0.3831192 0.3831192 0.8239592 0.7662384 0.6388142 0.5504769 0.0306165 0.0000000 
