20
t10        0.0000000 2.1983953 1.7786835 0.7126442 0.7662384 0.7945437 1.5901977 1.8942965 1.3744361 1.5111773 1.2070784 1.2070784 1.7786835 1.3144041 2.1983953 2.4141569 1.4396946 1.3744361 0.9913169 0.9547243 
t7         2.1983953 0.0000000 0.7662384 1.2588231 1.3144041 1.8942965 0.6157354 0.5716050 9.0000000 9.0000000 1.5901977 1.6785349 1.1586745 1.3144041 0.5716050 0.6626257 0.9913169 1.1586745 1.8942965 1.7786835 
t8         1.7786835 0.7662384 0.0000000 2.4141569 1.5111773 1.4396946 0.6157354 0.7389627 9.0000000 9.0000000 1.8942965 1.8942965 1.4396946 1.4396946 0.7126442 0.7126442 1.1586745 1.2588231 2.1983953 3.2381161 
t18        0.7126442 1.2588231 2.4141569 0.0000000 0.4904449 0.6626257 1.4396946 1.3744361 1.1132061 1.2070784 0.8239592 0.8239592 1.6785349 1.8942965 1.5111773 1.8942965 2.4141569 2.4141569 0.7945437 0.8545757 
t12        0.7662384 1.3144041 1.5111773 0.4904449 0.0000000 0.7389627 1.2588231 1.5111773 0.9198342 0.9913169 0.9198342 0.8545757 1.4396946 1.5901977 1.5111773 1.6785349 2.7182557 9.0000000 0.8239592 0.8239592 
t15        0.7945437 1.8942965 1.4396946 0.6626257 0.7389627 0.0000000 1.1586745 1.4396946 1.0703373 1.1586745 0.8545757 0.8239592 1.5111773 1.3744361 1.8942965 1.8942965 1.5111773 1.6785349 0.3192509 0.4348639 
t16        1.5901977 0.6157354 0.6157354 1.4396946 1.2588231 1.1586745 0.0000000 0.3999739 2.4141569 2.7182557 1.5901977 1.5111773 1.3144041 1.2070784 0.3999739 0.5299277 0.9913169 1.1132061 1.3144041 1.5111773 
t20        1.8942965 0.5716050 0.7389627 1.3744361 1.5111773 1.4396946 0.3999739 0.0000000 2.1983953 2.4141569 2.0310377 1.8942965 1.5901977 1.5111773 0.4714565 0.5099265 1.3744361 1.3744361 1.5111773 2.0310377 
t6         1.3744361 9.0000000 9.0000000 1.1132061 0.9198342 1.0703373 2.4141569 2.1983953 0.0000000 0.3192509 1.1586745 1.2070784 9.0000000 3.2381161 9.0000000 9.0000000 2.4141569 2.4141569 1.4396946 1.3144041 
t1         1.5111773 9.0000000 9.0000000 1.2070784 0.9913169 1.1586745 2.7182557 2.4141569 0.3192509 0.0000000 1.0297869 1.0297869 9.0000000 9.0000000 9.0000000 9.0000000 9.0000000 9.0000000 1.1586745 1.0703373 
t5         1.2070784 1.5901977 1.8942965 0.8239592 0.9198342 0.8545757 1.5901977 2.0310377 1.1586745 1.0297869 0.0000000 0.2058276 1.3744361 1.5111773 1.7786835 1.6785349 1.5111773 1.5901977 1.0297869 0.9547243 
t3         1.2070784 1.6785349 1.8942965 0.8239592 0.8545757 0.8239592 1.5111773 1.8942965 1.2070784 1.0297869 0.2058276 0.0000000 1.1586745 1.3744361 1.6785349 1.6785349 1.6785349 1.7786835 0.9198342 0.9547243 
t9         1.7786835 1.1586745 1.4396946 1.6785349 1.4396946 1.5111773 1.3144041 1.5901977 9.0000000 9.0000000 1.3744361 1.1586745 0.0000000 0.2463781 1.4396946 1.2588231 1.6785349 1.7786835 1.3744361 1.5111773 
t11        1.3144041 1.3144041 1.4396946 1.8942965 1.5901977 1.3744361 1.2070784 1.5111773 3.2381161 9.0000000 1.5111773 1.3744361 0.2463781 0.0000000 1.5111773 1.3744361 1.3744361 1.4396946 1.4396946 1.6785349 
t17        2.1983953 0.5716050 0.7126442 1.5111773 1.5111773 1.8942965 0.3999739 0.4714565 9.0000000 9.0000000 1.7786835 1.6785349 1.4396946 1.5111773 0.0000000 0.2746833 1.1586745 1.2588231 1.8942965 2.0310377 
t13        2.4141569 0.6626257 0.7126442 1.8942965 1.6785349 1.8942965 0.5299277 0.5099265 9.0000000 9.0000000 1.6785349 1.6785349 1.2588231 1.3744361 0.2746833 0.0000000 1.1586745 1.2588231 2.1983953 2.4141569 
t2         1.4396946 0.9913169 1.1586745 2.4141569 2.7182557 1.5111773 0.9913169 1.3744361 2.4141569 9.0000000 1.5111773 1.6785349 1.6785349 1.3744361 1.1586745 1.1586745 0.0000000 0.0411062 1.7786835 1.8942965 
t19        1.3744361 1.1586745 1.2588231 2.4141569 9.0000000 1.6785349 1.1132061 1.3744361 2.4141569 9.0000000 1.5901977 1.7786835 1.7786835 1.4396946 1.2588231 1.2588231 0.0411062 0.0000000 1.7786835 1.8942965 
t14        0.9913169 1.8942965 2.1983953 0.7945437 0.8239592 0.3192509 1.3144041 1.5111773 1.4396946 1.1586745 1.0297869 0.9198342 1.3744361 1.4396946 1.8942965 2.1983953 1.7786835 1.7786835 0.0000000 0.1427653 
t4         0.9547243 1.7786835 3.2381161 0.8545757 0.8239592 0.4348639 1.5111773 2.0310377 1.3144041 1.0703373 0.9547243 0.9547243 1.5111773 1.6785349 2.0310377 2.4141569 1.8942965 1.8942965 0.1427653 0.0000000 
