20
t10        0.0000000 0.8545757 0.3666350 0.1673577 1.8942965 0.5099265 0.2326162 0.3192509 0.3831192 0.6872180 0.8864954 0.6157354 0.3505054 0.4529370 0.5099265 0.6388142 0.4714565 0.4529370 1.2588231 1.1586745 
t3         0.8545757 0.0000000 0.7389627 0.7945437 1.2070784 0.8864954 0.6626257 0.8545757 0.9547243 1.0297869 1.3744361 1.3744361 0.9198342 0.9547243 1.0297869 0.9913169 1.1132061 1.1586745 1.4396946 1.4396946 
t19        0.3666350 0.7389627 0.0000000 0.3505054 1.2070784 0.6626257 0.2058276 0.4348639 0.6157354 0.7389627 1.0703373 0.7662384 0.4904449 0.5933457 0.7662384 0.7126442 0.7126442 0.6626257 1.0703373 1.0703373 
t7         0.1673577 0.7945437 0.3505054 0.0000000 1.5111773 0.5716050 0.2326162 0.2191023 0.2463781 0.5716050 0.9198342 0.6872180 0.3040988 0.3999739 0.5099265 0.6626257 0.5099265 0.4904449 0.9913169 0.9198342 
t8         1.8942965 1.2070784 1.2070784 1.5111773 0.0000000 1.7786835 1.2070784 1.3744361 1.5901977 2.4141569 9.0000000 1.6785349 2.4141569 2.1983953 2.0310377 2.7182557 9.0000000 2.4141569 1.5901977 1.6785349 
t18        0.5099265 0.8864954 0.6626257 0.5716050 1.7786835 0.0000000 0.3666350 0.7126442 0.7126442 1.2070784 1.4396946 0.9913169 0.8864954 0.9547243 0.8864954 0.8864954 1.0297869 0.9547243 1.0703373 1.1132061 
t6         0.2326162 0.6626257 0.2058276 0.2326162 1.2070784 0.3666350 0.0000000 0.2892469 0.4172160 0.7945437 0.9547243 0.7126442 0.4348639 0.5299277 0.6388142 0.6872180 0.6872180 0.6388142 0.9198342 0.9198342 
t5         0.3192509 0.8545757 0.4348639 0.2191023 1.3744361 0.7126442 0.2892469 0.0000000 0.2746833 0.7945437 1.1132061 0.8239592 0.5299277 0.5933457 0.7126442 0.7945437 0.7662384 0.7389627 1.2588231 1.1586745 
t11        0.3831192 0.9547243 0.6157354 0.2463781 1.5901977 0.7126442 0.4172160 0.2746833 0.0000000 0.8864954 1.3144041 0.9547243 0.5933457 0.6157354 0.7662384 0.9198342 0.7126442 0.7662384 1.1132061 1.0703373 
t4         0.6872180 1.0297869 0.7389627 0.5716050 2.4141569 1.2070784 0.7945437 0.7945437 0.8864954 0.0000000 0.8545757 0.7126442 0.4714565 0.5933457 0.3347153 0.5299277 0.8239592 0.8239592 2.1983953 1.8942965 
t2         0.8864954 1.3744361 1.0703373 0.9198342 9.0000000 1.4396946 0.9547243 1.1132061 1.3144041 0.8545757 0.0000000 0.6388142 0.6157354 0.8239592 0.7662384 0.7126442 0.9547243 0.8545757 2.1983953 2.0310377 
t15        0.6157354 1.3744361 0.7662384 0.6872180 1.6785349 0.9913169 0.7126442 0.8239592 0.9547243 0.7126442 0.6388142 0.0000000 0.3999739 0.5504769 0.5716050 0.7126442 0.9547243 0.9198342 1.7786835 1.4396946 
t20        0.3505054 0.9198342 0.4904449 0.3040988 2.4141569 0.8864954 0.4348639 0.5299277 0.5933457 0.4714565 0.6157354 0.3999739 0.0000000 0.1673577 0.3666350 0.4714565 0.6388142 0.5933457 1.1132061 1.0703373 
t9         0.4529370 0.9547243 0.5933457 0.3999739 2.1983953 0.9547243 0.5299277 0.5933457 0.6157354 0.5933457 0.8239592 0.5504769 0.1673577 0.0000000 0.4529370 0.5099265 0.7945437 0.7126442 1.3144041 1.3744361 
t16        0.5099265 1.0297869 0.7662384 0.5099265 2.0310377 0.8864954 0.6388142 0.7126442 0.7662384 0.3347153 0.7662384 0.5716050 0.3666350 0.4529370 0.0000000 0.2191023 0.8239592 0.7389627 1.5111773 1.3744361 
t13        0.6388142 0.9913169 0.7126442 0.6626257 2.7182557 0.8864954 0.6872180 0.7945437 0.9198342 0.5299277 0.7126442 0.7126442 0.4714565 0.5099265 0.2191023 0.0000000 0.9547243 0.8545757 1.5111773 1.5111773 
t17        0.4714565 1.1132061 0.7126442 0.5099265 9.0000000 1.0297869 0.6872180 0.7662384 0.7126442 0.8239592 0.9547243 0.9547243 0.6388142 0.7945437 0.8239592 0.9547243 0.0000000 0.1189538 0.9547243 0.8864954 
t14        0.4529370 1.1586745 0.6626257 0.4904449 2.4141569 0.9547243 0.6388142 0.7389627 0.7662384 0.8239592 0.8545757 0.9198342 0.5933457 0.7126442 0.7389627 0.8545757 0.1189538 0.0000000 1.0297869 0.9547243 
t1         1.2588231 1.4396946 1.0703373 0.9913169 1.5901977 1.0703373 0.9198342 1.2588231 1.1132061 2.1983953 2.1983953 1.7786835 1.1132061 1.3144041 1.5111773 1.5111773 0.9547243 1.0297869 0.0000000 0.0734853 
t12        1.1586745 1.4396946 1.0703373 0.9198342 1.6785349 1.1132061 0.9198342 1.1586745 1.0703373 1.8942965 2.0310377 1.4396946 1.0703373 1.3744361 1.3744361 1.5111773 0.8864954 0.9547243 0.0734853 0.0000000 
