20
t16        0.0000000 1.6785349 0.8864954 1.1586745 1.0703373 1.1132061 0.9547243 1.3744361 1.5111773 1.2588231 1.1586745 1.2070784 1.7786835 1.5901977 1.2070784 1.3744361 1.2588231 1.5111773 1.5901977 1.6785349 
t6         1.6785349 0.0000000 1.8942965 2.7182557 3.2381161 9.0000000 9.0000000 9.0000000 9.0000000 1.7786835 9.0000000 1.6785349 2.4141569 2.4141569 9.0000000 9.0000000 9.0000000 9.0000000 2.4141569 2.0310377 
t4         0.8864954 1.8942965 0.0000000 0.6872180 0.9198342 0.8864954 0.5933457 0.5504769 1.2070784 1.2588231 0.7662384 0.8239592 0.8864954 1.3744361 1.0297869 1.1132061 1.1132061 0.9547243 1.2070784 1.3744361 
t10        1.1586745 2.7182557 0.6872180 0.0000000 1.0703373 1.2070784 0.6626257 1.1586745 1.1586745 1.0297869 0.8864954 1.0297869 1.2588231 1.3744361 1.1586745 1.3744361 0.9913169 1.0703373 1.0297869 1.1132061 
t19        1.0703373 3.2381161 0.9198342 1.0703373 0.0000000 1.2588231 0.7389627 0.7389627 1.1132061 1.1586745 1.1586745 1.2070784 1.3744361 1.2588231 1.3744361 1.6785349 0.7945437 0.9547243 1.0703373 1.2588231 
t11        1.1132061 9.0000000 0.8864954 1.2070784 1.2588231 0.0000000 1.1132061 1.0297869 1.6785349 1.2070784 1.1586745 1.0703373 1.2070784 1.4396946 1.1132061 1.2588231 1.5901977 1.3144041 1.3744361 1.3744361 
t3         0.9547243 9.0000000 0.5933457 0.6626257 0.7389627 1.1132061 0.0000000 0.8864954 1.5901977 0.9547243 0.9913169 0.9547243 0.8239592 1.1586745 1.0703373 1.2070784 0.7945437 0.9198342 0.9547243 0.9913169 
t18        1.3744361 9.0000000 0.5504769 1.1586745 0.7389627 1.0297869 0.8864954 0.0000000 1.1586745 1.1586745 0.9198342 1.1132061 1.1586745 1.2070784 0.9198342 1.1132061 0.9547243 0.9547243 1.0703373 1.1132061 
t5         1.5111773 9.0000000 1.2070784 1.1586745 1.1132061 1.6785349 1.5901977 1.1586745 0.0000000 1.5111773 0.8239592 1.6785349 1.8942965 2.0310377 1.0703373 1.0703373 1.8942965 1.8942965 1.5901977 1.3144041 
t14        1.2588231 1.7786835 1.2588231 1.0297869 1.1586745 1.2070784 0.9547243 1.1586745 1.5111773 0.0000000 1.0297869 0.9913169 1.1132061 0.5299277 1.4396946 2.0310377 1.3144041 1.5901977 0.5299277 0.4904449 
t15        1.1586745 9.0000000 0.7662384 0.8864954 1.1586745 1.1586745 0.9913169 0.9198342 0.8239592 1.0297869 0.0000000 1.3744361 1.5901977 1.2588231 0.3505054 0.4529370 1.3144041 1.2588231 1.3144041 1.2070784 
t20        1.2070784 1.6785349 0.8239592 1.0297869 1.2070784 1.0703373 0.9547243 1.1132061 1.6785349 0.9913169 1.3744361 0.0000000 0.2463781 1.4396946 1.1132061 1.1586745 1.5111773 1.6785349 1.3144041 1.4396946 
t12        1.7786835 2.4141569 0.8864954 1.2588231 1.3744361 1.2070784 0.8239592 1.1586745 1.8942965 1.1132061 1.5901977 0.2463781 0.0000000 1.4396946 1.3144041 1.3744361 2.7182557 1.8942965 1.2070784 1.4396946 
t1         1.5901977 2.4141569 1.3744361 1.3744361 1.2588231 1.4396946 1.1586745 1.2070784 2.0310377 0.5299277 1.2588231 1.4396946 1.4396946 0.0000000 1.3744361 1.8942965 1.6785349 2.1983953 0.2892469 0.2326162 
t7         1.2070784 9.0000000 1.0297869 1.1586745 1.3744361 1.1132061 1.0703373 0.9198342 1.0703373 1.4396946 0.3505054 1.1132061 1.3144041 1.3744361 0.0000000 0.2463781 1.7786835 1.6785349 1.2588231 1.4396946 
t17        1.3744361 9.0000000 1.1132061 1.3744361 1.6785349 1.2588231 1.2070784 1.1132061 1.0703373 2.0310377 0.4529370 1.1586745 1.3744361 1.8942965 0.2463781 0.0000000 2.1983953 1.3144041 1.7786835 1.6785349 
t9         1.2588231 9.0000000 1.1132061 0.9913169 0.7945437 1.5901977 0.7945437 0.9547243 1.8942965 1.3144041 1.3144041 1.5111773 2.7182557 1.6785349 1.7786835 2.1983953 0.0000000 0.3999739 1.5111773 1.5111773 
t8         1.5111773 9.0000000 0.9547243 1.0703373 0.9547243 1.3144041 0.9198342 0.9547243 1.8942965 1.5901977 1.2588231 1.6785349 1.8942965 2.1983953 1.6785349 1.3144041 0.3999739 0.0000000 1.6785349 1.8942965 
t13        1.5901977 2.4141569 1.2070784 1.0297869 1.0703373 1.3744361 0.9547243 1.0703373 1.5901977 0.5299277 1.3144041 1.3144041 1.2070784 0.2892469 1.2588231 1.7786835 1.5111773 1.6785349 0.0000000 0.1307650 
t2         1.6785349 2.0310377 1.3744361 1.1132061 1.2588231 1.3744361 0.9913169 1.1132061 1.3144041 0.4904449 1.2070784 1.4396946 1.4396946 0.2326162 1.4396946 1.6785349 1.5111773 1.8942965 0.1307650 0.0000000 
