20
t5         0.0000000 9.0000000 9.0000000 9.0000000 9.0000000 9.0000000 9.0000000 2.7182557 9.0000000 9.0000000 9.0000000 9.0000000 9.0000000 9.0000000 9.0000000 9.0000000 9.0000000 9.0000000 9.0000000 9.0000000 
t18        9.0000000 0.0000000 0.6872180 0.7126442 0.9547243 9.0000000 9.0000000 1.0703373 0.8864954 0.8239592 0.8239592 0.6626257 0.7662384 9.0000000 9.0000000 9.0000000 9.0000000 2.4141569 9.0000000 2.4141569 
t20        9.0000000 0.6872180 0.0000000 0.1673577 0.3999739 2.1983953 1.5901977 0.5716050 0.4348639 0.4529370 0.4714565 0.2326162 0.3999739 1.8942965 2.0310377 3.2381161 2.7182557 1.3744361 1.3744361 1.3144041 
t19        9.0000000 0.7126442 0.1673577 0.0000000 0.2326162 2.4141569 1.5111773 0.4714565 0.3666350 0.4904449 0.5099265 0.2191023 0.3666350 2.0310377 2.1983953 2.4141569 2.1983953 1.3744361 1.4396946 1.3144041 
t8         9.0000000 0.9547243 0.3999739 0.2326162 0.0000000 2.1983953 1.4396946 0.6872180 0.6388142 0.8545757 0.8545757 0.4348639 0.5716050 2.7182557 2.4141569 2.1983953 1.7786835 1.5901977 1.6785349 1.5901977 
t4         9.0000000 9.0000000 2.1983953 2.4141569 2.1983953 0.0000000 0.6157354 2.7182557 2.7182557 9.0000000 2.7182557 9.0000000 9.0000000 0.1307650 0.0734853 0.6626257 0.7389627 0.6872180 0.6388142 0.7662384 
t3         9.0000000 9.0000000 1.5901977 1.5111773 1.4396946 0.6157354 0.0000000 3.2381161 2.4141569 1.5901977 1.7786835 1.7786835 2.4141569 0.7945437 0.6157354 1.0297869 1.2070784 0.4714565 0.3999739 0.4348639 
t16        2.7182557 1.0703373 0.5716050 0.4714565 0.6872180 2.7182557 3.2381161 0.0000000 0.4172160 0.7126442 0.7662384 0.4172160 0.5299277 2.4141569 2.0310377 2.1983953 2.1983953 1.4396946 1.5111773 1.3744361 
t6         9.0000000 0.8864954 0.4348639 0.3666350 0.6388142 2.7182557 2.4141569 0.4172160 0.0000000 0.6157354 0.6626257 0.2746833 0.4172160 2.1983953 2.1983953 2.7182557 3.2381161 1.5901977 1.5111773 1.5111773 
t7         9.0000000 0.8239592 0.4529370 0.4904449 0.8545757 9.0000000 1.5901977 0.7126442 0.6157354 0.0000000 0.1927838 0.4714565 0.6157354 9.0000000 9.0000000 9.0000000 9.0000000 1.7786835 1.8942965 1.8942965 
t1         9.0000000 0.8239592 0.4714565 0.5099265 0.8545757 2.7182557 1.7786835 0.7662384 0.6626257 0.1927838 0.0000000 0.4904449 0.6626257 2.7182557 2.4141569 9.0000000 9.0000000 1.7786835 1.8942965 2.0310377 
t13        9.0000000 0.6626257 0.2326162 0.2191023 0.4348639 9.0000000 1.7786835 0.4172160 0.2746833 0.4714565 0.4904449 0.0000000 0.1189538 2.4141569 2.7182557 9.0000000 9.0000000 1.5901977 1.6785349 1.5111773 
t11        9.0000000 0.7662384 0.3999739 0.3666350 0.5716050 9.0000000 2.4141569 0.5299277 0.4172160 0.6157354 0.6626257 0.1189538 0.0000000 9.0000000 9.0000000 9.0000000 9.0000000 2.0310377 2.1983953 1.8942965 
t10        9.0000000 9.0000000 1.8942965 2.0310377 2.7182557 0.1307650 0.7945437 2.4141569 2.1983953 9.0000000 2.7182557 2.4141569 9.0000000 0.0000000 0.1307650 0.6872180 0.7389627 0.8239592 0.7389627 0.8545757 
t2         9.0000000 9.0000000 2.0310377 2.1983953 2.4141569 0.0734853 0.6157354 2.0310377 2.1983953 9.0000000 2.4141569 2.7182557 9.0000000 0.1307650 0.0000000 0.6872180 0.7945437 0.7126442 0.6388142 0.7389627 
t15        9.0000000 9.0000000 3.2381161 2.4141569 2.1983953 0.6626257 1.0297869 2.1983953 2.7182557 9.0000000 9.0000000 9.0000000 9.0000000 0.6872180 0.6872180 0.0000000 0.1189538 1.0703373 1.0297869 1.2070784 
t9         9.0000000 9.0000000 2.7182557 2.1983953 1.7786835 0.7389627 1.2070784 2.1983953 3.2381161 9.0000000 9.0000000 9.0000000 9.0000000 0.7389627 0.7945437 0.1189538 0.0000000 1.3144041 1.2588231 1.5111773 
t12        9.0000000 2.4141569 1.3744361 1.3744361 1.5901977 0.6872180 0.4714565 1.4396946 1.5901977 1.7786835 1.7786835 1.5901977 2.0310377 0.8239592 0.7126442 1.0703373 1.3144041 0.0000000 0.0517447 0.1073256 
t17        9.0000000 9.0000000 1.3744361 1.4396946 1.6785349 0.6388142 0.3999739 1.5111773 1.5111773 1.8942965 1.8942965 1.6785349 2.1983953 0.7389627 0.6388142 1.0297869 1.2588231 0.0517447 0.0000000 0.0517447 
t14        9.0000000 2.4141569 1.3144041 1.3144041 1.5901977 0.7662384 0.4348639 1.3744361 1.5111773 1.8942965 2.0310377 1.5111773 1.8942965 0.8545757 0.7389627 1.2070784 1.5111773 0.1073256 0.0517447 0.0000000 
