20
t12        0.0000000 1.0297869 1.1132061 1.7786835 1.6785349 1.5111773 1.6785349 1.3144041 1.3744361 1.1586745 0.7126442 0.8864954 1.8942965 1.5901977 1.5111773 1.1132061 1.2588231 1.0703373 1.2588231 1.4396946 
t4         1.0297869 0.0000000 1.5111773 2.1983953 1.5111773 1.6785349 2.7182557 1.3144041 1.2588231 1.2070784 1.3144041 1.2588231 2.0310377 2.0310377 1.6785349 1.5111773 1.5111773 1.3144041 1.5111773 1.7786835 
t3         1.1132061 1.5111773 0.0000000 2.0310377 2.7182557 9.0000000 1.1586745 0.8239592 0.9198342 1.3144041 1.0297869 1.5111773 1.1586745 1.2070784 0.8545757 0.8545757 1.1132061 0.8545757 1.1586745 1.4396946 
t6         1.7786835 2.1983953 2.0310377 0.0000000 1.0703373 1.6785349 1.8942965 1.3744361 1.1132061 2.4141569 1.2070784 1.6785349 1.4396946 1.3744361 1.4396946 1.5111773 2.1983953 1.4396946 2.0310377 1.7786835 
t11        1.6785349 1.5111773 2.7182557 1.0703373 0.0000000 1.3744361 1.5111773 2.1983953 1.1132061 1.3144041 1.5901977 2.0310377 1.8942965 1.8942965 2.0310377 1.8942965 1.5901977 1.2588231 1.4396946 1.5901977 
t20        1.5111773 1.6785349 9.0000000 1.6785349 1.3744361 0.0000000 1.2070784 2.7182557 1.8942965 2.1983953 3.2381161 9.0000000 1.8942965 2.0310377 2.1983953 1.7786835 2.4141569 1.8942965 9.0000000 2.4141569 
t10        1.6785349 2.7182557 1.1586745 1.8942965 1.5111773 1.2070784 0.0000000 1.7786835 1.7786835 1.7786835 1.4396946 1.8942965 1.4396946 1.3744361 1.6785349 1.5111773 2.0310377 1.3744361 2.7182557 2.0310377 
t1         1.3144041 1.3144041 0.8239592 1.3744361 2.1983953 2.7182557 1.7786835 0.0000000 0.4529370 1.0297869 0.9913169 1.5111773 1.4396946 1.2588231 0.7662384 0.7389627 0.9198342 0.8864954 0.9198342 1.0297869 
t17        1.3744361 1.2588231 0.9198342 1.1132061 1.1132061 1.8942965 1.7786835 0.4529370 0.0000000 0.9547243 1.0297869 1.2588231 1.2588231 1.2588231 0.8239592 0.7662384 0.8545757 0.8864954 0.9913169 1.2070784 
t7         1.1586745 1.2070784 1.3144041 2.4141569 1.3144041 2.1983953 1.7786835 1.0297869 0.9547243 0.0000000 0.9913169 1.1132061 1.3144041 1.2070784 1.3144041 1.1132061 0.7945437 0.5933457 0.6388142 0.5504769 
t18        0.7126442 1.3144041 1.0297869 1.2070784 1.5901977 3.2381161 1.4396946 0.9913169 1.0297869 0.9913169 0.0000000 0.3999739 1.6785349 1.2070784 1.2070784 1.1586745 1.0297869 0.8545757 1.1132061 1.0703373 
t5         0.8864954 1.2588231 1.5111773 1.6785349 2.0310377 9.0000000 1.8942965 1.5111773 1.2588231 1.1132061 0.3999739 0.0000000 2.7182557 1.7786835 1.7786835 1.4396946 1.6785349 1.1132061 1.4396946 1.3744361 
t13        1.8942965 2.0310377 1.1586745 1.4396946 1.8942965 1.8942965 1.4396946 1.4396946 1.2588231 1.3144041 1.6785349 2.7182557 0.0000000 0.3040988 1.3144041 1.7786835 1.4396946 1.2070784 1.2588231 1.5901977 
t8         1.5901977 2.0310377 1.2070784 1.3744361 1.8942965 2.0310377 1.3744361 1.2588231 1.2588231 1.2070784 1.2070784 1.7786835 0.3040988 0.0000000 1.1586745 1.7786835 1.5901977 1.4396946 1.3744361 1.5111773 
t9         1.5111773 1.6785349 0.8545757 1.4396946 2.0310377 2.1983953 1.6785349 0.7662384 0.8239592 1.3144041 1.2070784 1.7786835 1.3144041 1.1586745 0.0000000 0.2603971 1.0297869 1.0297869 1.0703373 1.3744361 
t19        1.1132061 1.5111773 0.8545757 1.5111773 1.8942965 1.7786835 1.5111773 0.7389627 0.7662384 1.1132061 1.1586745 1.4396946 1.7786835 1.7786835 0.2603971 0.0000000 0.9547243 0.9547243 1.0297869 1.1132061 
t16        1.2588231 1.5111773 1.1132061 2.1983953 1.5901977 2.4141569 2.0310377 0.9198342 0.8545757 0.7945437 1.0297869 1.6785349 1.4396946 1.5901977 1.0297869 0.9547243 0.0000000 0.2326162 0.4904449 0.5504769 
t14        1.0703373 1.3144041 0.8545757 1.4396946 1.2588231 1.8942965 1.3744361 0.8864954 0.8864954 0.5933457 0.8545757 1.1132061 1.2070784 1.4396946 1.0297869 0.9547243 0.2326162 0.0000000 0.3040988 0.3192509 
t2         1.2588231 1.5111773 1.1586745 2.0310377 1.4396946 9.0000000 2.7182557 0.9198342 0.9913169 0.6388142 1.1132061 1.4396946 1.2588231 1.3744361 1.0703373 1.0297869 0.4904449 0.3040988 0.0000000 0.1927838 
t15        1.4396946 1.7786835 1.4396946 1.7786835 1.5901977 2.4141569 2.0310377 1.0297869 1.2070784 0.5504769 1.0703373 1.3744361 1.5901977 1.5111773 1.3744361 1.1132061 0.5504769 0.3192509 0.1927838 0.0000000 
