20
t2         0.0000000 0.7126442 1.1586745 2.1983953 2.7182557 1.1132061 0.7389627 1.4396946 1.0297869 0.7389627 1.0703373 0.8545757 2.7182557 2.4141569 2.7182557 1.2070784 1.0297869 0.9913169 1.1586745 1.5901977 
t14        0.7126442 0.0000000 0.7389627 2.1983953 2.7182557 0.7389627 0.3999739 1.3144041 0.6388142 0.3999739 0.8545757 0.7389627 9.0000000 2.7182557 1.7786835 1.1586745 0.8864954 0.9547243 0.9547243 1.3144041 
t11        1.1586745 0.7389627 0.0000000 3.2381161 2.1983953 1.3144041 0.9547243 2.0310377 1.3744361 1.0703373 2.1983953 1.1132061 2.1983953 1.8942965 2.0310377 1.5901977 1.6785349 1.3144041 2.0310377 2.7182557 
t15        2.1983953 2.1983953 3.2381161 0.0000000 9.0000000 2.0310377 1.8942965 9.0000000 1.5901977 2.0310377 9.0000000 1.5901977 9.0000000 9.0000000 2.7182557 9.0000000 9.0000000 9.0000000 9.0000000 9.0000000 
t17        2.7182557 2.7182557 2.1983953 9.0000000 0.0000000 9.0000000 9.0000000 9.0000000 2.1983953 3.2381161 3.2381161 2.1983953 9.0000000 2.7182557 9.0000000 9.0000000 9.0000000 9.0000000 9.0000000 9.0000000 
t12        1.1132061 0.7389627 1.3144041 2.0310377 9.0000000 0.0000000 0.8864954 1.3744361 1.2070784 0.8864954 0.8545757 0.7126442 9.0000000 2.7182557 1.4396946 1.5901977 1.1132061 1.1132061 1.0297869 1.3744361 
t10        0.7389627 0.3999739 0.9547243 1.8942965 9.0000000 0.8864954 0.0000000 2.4141569 0.3999739 0.1307650 0.8864954 0.8239592 2.7182557 2.7182557 2.1983953 1.6785349 0.9913169 1.0703373 1.0297869 1.4396946 
t1         1.4396946 1.3144041 2.0310377 9.0000000 9.0000000 1.3744361 2.4141569 0.0000000 2.7182557 2.0310377 1.7786835 1.6785349 9.0000000 2.7182557 1.7786835 1.1586745 1.2588231 1.4396946 1.2588231 1.7786835 
t6         1.0297869 0.6388142 1.3744361 1.5901977 2.1983953 1.2070784 0.3999739 2.7182557 0.0000000 0.3192509 1.2070784 1.4396946 3.2381161 3.2381161 9.0000000 1.6785349 1.2588231 1.7786835 1.3144041 1.6785349 
t4         0.7389627 0.3999739 1.0703373 2.0310377 3.2381161 0.8864954 0.1307650 2.0310377 0.3192509 0.0000000 0.9547243 0.8864954 3.2381161 2.7182557 2.1983953 1.3144041 0.8545757 0.9547243 0.8864954 1.3744361 
t9         1.0703373 0.8545757 2.1983953 9.0000000 3.2381161 0.8545757 0.8864954 1.7786835 1.2070784 0.9547243 0.0000000 0.5504769 9.0000000 9.0000000 9.0000000 1.7786835 1.2070784 1.4396946 1.2588231 1.4396946 
t5         0.8545757 0.7389627 1.1132061 1.5901977 2.1983953 0.7126442 0.8239592 1.6785349 1.4396946 0.8864954 0.5504769 0.0000000 9.0000000 3.2381161 2.7182557 1.4396946 1.2588231 1.1132061 1.2588231 1.3144041 
t16        2.7182557 9.0000000 2.1983953 9.0000000 9.0000000 9.0000000 2.7182557 9.0000000 3.2381161 3.2381161 9.0000000 9.0000000 0.0000000 0.5299277 9.0000000 9.0000000 9.0000000 2.7182557 9.0000000 2.4141569 
t19        2.4141569 2.7182557 1.8942965 9.0000000 2.7182557 2.7182557 2.7182557 2.7182557 3.2381161 2.7182557 9.0000000 3.2381161 0.5299277 0.0000000 9.0000000 9.0000000 9.0000000 9.0000000 9.0000000 9.0000000 
t7         2.7182557 1.7786835 2.0310377 2.7182557 9.0000000 1.4396946 2.1983953 1.7786835 9.0000000 2.1983953 9.0000000 2.7182557 9.0000000 9.0000000 0.0000000 2.0310377 1.2070784 1.3744361 1.1586745 2.0310377 
t20        1.2070784 1.1586745 1.5901977 9.0000000 9.0000000 1.5901977 1.6785349 1.1586745 1.6785349 1.3144041 1.7786835 1.4396946 9.0000000 9.0000000 2.0310377 0.0000000 0.5504769 0.7126442 0.6872180 0.9198342 
t3         1.0297869 0.8864954 1.6785349 9.0000000 9.0000000 1.1132061 0.9913169 1.2588231 1.2588231 0.8545757 1.2070784 1.2588231 9.0000000 9.0000000 1.2070784 0.5504769 0.0000000 0.1307650 0.0845966 0.4172160 
t8         0.9913169 0.9547243 1.3144041 9.0000000 9.0000000 1.1132061 1.0703373 1.4396946 1.7786835 0.9547243 1.4396946 1.1132061 2.7182557 9.0000000 1.3744361 0.7126442 0.1307650 0.0000000 0.1799630 0.4714565 
t18        1.1586745 0.9547243 2.0310377 9.0000000 9.0000000 1.0297869 1.0297869 1.2588231 1.3144041 0.8864954 1.2588231 1.2588231 9.0000000 9.0000000 1.1586745 0.6872180 0.0845966 0.1799630 0.0000000 0.4172160 
t13        1.5901977 1.3144041 2.7182557 9.0000000 9.0000000 1.3744361 1.4396946 1.7786835 1.6785349 1.3744361 1.4396946 1.3144041 2.4141569 9.0000000 2.0310377 0.9198342 0.4172160 0.4714565 0.4172160 0.0000000 
