20
t9         0.0000000 0.7945437 0.9198342 0.8545757 0.9198342 0.8239592 1.0703373 1.1586745 0.7389627 1.1586745 1.0703373 0.9198342 0.9198342 0.8239592 1.1132061 1.2070784 0.8864954 0.7389627 0.9913169 1.0703373 
t7         0.7945437 0.0000000 0.5299277 0.7662384 0.5933457 0.5504769 0.7389627 1.0297869 0.7126442 0.9547243 0.9198342 0.7662384 0.7945437 0.7945437 0.9547243 0.8239592 0.7662384 0.7389627 0.6872180 0.7126442 
t4         0.9198342 0.5299277 0.0000000 0.7126442 0.5716050 0.4348639 0.6626257 0.7126442 0.6157354 1.0703373 0.9547243 0.9198342 0.6626257 0.7126442 0.6157354 0.5716050 0.6626257 0.6626257 0.4714565 0.4714565 
t18        0.8545757 0.7662384 0.7126442 0.0000000 0.6626257 0.6872180 0.9198342 0.9913169 0.5504769 0.9198342 0.6872180 0.7945437 0.3505054 0.4172160 0.4348639 0.9547243 0.6626257 0.5716050 0.8545757 0.8545757 
t15        0.9198342 0.5933457 0.5716050 0.6626257 0.0000000 0.2058276 0.5099265 0.6872180 0.7389627 0.9198342 0.9547243 0.8545757 0.6157354 0.6872180 0.6157354 0.5933457 0.8239592 0.7389627 0.4714565 0.5099265 
t13        0.8239592 0.5504769 0.4348639 0.6872180 0.2058276 0.0000000 0.4172160 0.5933457 0.5299277 0.7945437 0.8239592 0.7389627 0.6626257 0.7389627 0.7389627 0.5299277 0.6388142 0.5933457 0.4348639 0.4172160 
t10        1.0703373 0.7389627 0.6626257 0.9198342 0.5099265 0.4172160 0.0000000 0.4172160 0.7389627 0.9913169 1.2070784 0.9913169 0.9913169 1.2588231 1.2588231 0.5716050 0.7945437 0.7945437 0.4904449 0.4714565 
t11        1.1586745 1.0297869 0.7126442 0.9913169 0.6872180 0.5933457 0.4172160 0.0000000 0.8864954 1.1586745 1.1132061 1.1132061 0.9547243 0.9547243 1.1586745 0.6872180 1.1132061 0.9198342 0.6157354 0.5933457 
t16        0.7389627 0.7126442 0.6157354 0.5504769 0.7389627 0.5299277 0.7389627 0.8864954 0.0000000 0.5504769 0.5716050 0.4904449 0.7126442 0.7945437 0.8545757 0.7126442 0.1673577 0.1549607 0.5716050 0.6388142 
t1         1.1586745 0.9547243 1.0703373 0.9198342 0.9198342 0.7945437 0.9913169 1.1586745 0.5504769 0.0000000 0.2463781 0.1927838 0.9198342 1.1132061 0.9913169 0.7945437 0.4904449 0.4529370 0.8239592 0.8239592 
t3         1.0703373 0.9198342 0.9547243 0.6872180 0.9547243 0.8239592 1.2070784 1.1132061 0.5716050 0.2463781 0.0000000 0.2463781 0.7389627 0.8864954 0.7945437 1.0297869 0.5716050 0.4714565 0.9913169 0.8864954 
t19        0.9198342 0.7662384 0.9198342 0.7945437 0.8545757 0.7389627 0.9913169 1.1132061 0.4904449 0.1927838 0.2463781 0.0000000 0.7945437 1.0297869 0.9198342 0.8545757 0.4348639 0.3831192 0.7945437 0.7945437 
t17        0.9198342 0.7945437 0.6626257 0.3505054 0.6157354 0.6626257 0.9913169 0.9547243 0.7126442 0.9198342 0.7389627 0.7945437 0.0000000 0.1799630 0.1189538 0.8239592 0.7126442 0.6388142 0.7945437 0.8239592 
t20        0.8239592 0.7945437 0.7126442 0.4172160 0.6872180 0.7389627 1.2588231 0.9547243 0.7945437 1.1132061 0.8864954 1.0297869 0.1799630 0.0000000 0.2326162 0.9913169 0.9198342 0.8545757 0.8239592 0.8864954 
t2         1.1132061 0.9547243 0.6157354 0.4348639 0.6157354 0.7389627 1.2588231 1.1586745 0.8545757 0.9913169 0.7945437 0.9198342 0.1189538 0.2326162 0.0000000 0.9913169 0.7945437 0.7945437 0.8864954 0.9547243 
t8         1.2070784 0.8239592 0.5716050 0.9547243 0.5933457 0.5299277 0.5716050 0.6872180 0.7126442 0.7945437 1.0297869 0.8545757 0.8239592 0.9913169 0.9913169 0.0000000 0.7126442 0.6872180 0.1673577 0.1673577 
t14        0.8864954 0.7662384 0.6626257 0.6626257 0.8239592 0.6388142 0.7945437 1.1132061 0.1673577 0.4904449 0.5716050 0.4348639 0.7126442 0.9198342 0.7945437 0.7126442 0.0000000 0.1073256 0.6626257 0.6872180 
t6         0.7389627 0.7389627 0.6626257 0.5716050 0.7389627 0.5933457 0.7945437 0.9198342 0.1549607 0.4529370 0.4714565 0.3831192 0.6388142 0.8545757 0.7945437 0.6872180 0.1073256 0.0000000 0.6388142 0.6388142 
t5         0.9913169 0.6872180 0.4714565 0.8545757 0.4714565 0.4348639 0.4904449 0.6157354 0.5716050 0.8239592 0.9913169 0.7945437 0.7945437 0.8239592 0.8864954 0.1673577 0.6626257 0.6388142 0.0000000 0.0734853 
t12        1.0703373 0.7126442 0.4714565 0.8545757 0.5099265 0.4172160 0.4714565 0.5933457 0.6388142 0.8239592 0.8864954 0.7945437 0.8239592 0.8864954 0.9547243 0.1673577 0.6872180 0.6388142 0.0734853 0.0000000 
