20
t12        0.0000000 0.7126442 0.9198342 0.7662384 0.5504769 0.5299277 0.6388142 0.7662384 0.5933457 0.4904449 1.1586745 0.6388142 0.9547243 1.0703373 0.8864954 0.8239592 0.7389627 0.7389627 0.8545757 0.8864954 
t16        0.7126442 0.0000000 1.0297869 0.5504769 0.3999739 0.7662384 0.7389627 0.8545757 0.5299277 0.5504769 1.1586745 0.5504769 1.0703373 1.0703373 0.9198342 0.8239592 0.6157354 0.6157354 0.6388142 0.6626257 
t14        0.9198342 1.0297869 0.0000000 1.1132061 0.8545757 0.8239592 1.0703373 1.0703373 0.7945437 0.7945437 0.4904449 0.7662384 0.4714565 0.5504769 0.4529370 0.4348639 0.9198342 0.9198342 0.9547243 0.9913169 
t3         0.7662384 0.5504769 1.1132061 0.0000000 0.4348639 0.9198342 0.9547243 0.7662384 0.4904449 0.5299277 1.2588231 0.6872180 1.3744361 1.1586745 0.8864954 0.8864954 0.7126442 0.7126442 0.8239592 0.8545757 
t4         0.5504769 0.3999739 0.8545757 0.4348639 0.0000000 0.6388142 0.6626257 0.7126442 0.4529370 0.4172160 0.8864954 0.4348639 0.9913169 0.9547243 0.7126442 0.5933457 0.4904449 0.4904449 0.5716050 0.5933457 
t2         0.5299277 0.7662384 0.8239592 0.9198342 0.6388142 0.0000000 0.5099265 1.0703373 0.6626257 0.7126442 0.8545757 0.6157354 1.1586745 1.1132061 0.8239592 0.8239592 0.6872180 0.6872180 0.6872180 0.7126442 
t20        0.6388142 0.7389627 1.0703373 0.9547243 0.6626257 0.5099265 0.0000000 1.3144041 0.7126442 0.7389627 1.3744361 0.7126442 1.0297869 0.9547243 1.1132061 0.9198342 0.9547243 0.9547243 0.9547243 0.9913169 
t6         0.7662384 0.8545757 1.0703373 0.7662384 0.7126442 1.0703373 1.3144041 0.0000000 0.3347153 0.3347153 1.0703373 0.7945437 1.1586745 1.2588231 0.8864954 0.9198342 0.6872180 0.7126442 0.7945437 0.8239592 
t15        0.5933457 0.5299277 0.7945437 0.4904449 0.4529370 0.6626257 0.7126442 0.3347153 0.0000000 0.1427653 0.9547243 0.4172160 0.9547243 0.8864954 0.7126442 0.7389627 0.4714565 0.4714565 0.5099265 0.5299277 
t13        0.4904449 0.5504769 0.7945437 0.5299277 0.4172160 0.7126442 0.7389627 0.3347153 0.1427653 0.0000000 0.8864954 0.3999739 0.8864954 0.9547243 0.7126442 0.6626257 0.4529370 0.4529370 0.5299277 0.5504769 
t5         1.1586745 1.1586745 0.4904449 1.2588231 0.8864954 0.8545757 1.3744361 1.0703373 0.9547243 0.8864954 0.0000000 0.7945437 0.6157354 0.6388142 0.2603971 0.3040988 0.8864954 0.9198342 0.9198342 0.9547243 
t11        0.6388142 0.5504769 0.7662384 0.6872180 0.4348639 0.6157354 0.7126442 0.7945437 0.4172160 0.3999739 0.7945437 0.0000000 0.7945437 0.8864954 0.6388142 0.6626257 0.3505054 0.3505054 0.2058276 0.2326162 
t9         0.9547243 1.0703373 0.4714565 1.3744361 0.9913169 1.1586745 1.0297869 1.1586745 0.9547243 0.8864954 0.6157354 0.7945437 0.0000000 0.1927838 0.5299277 0.5504769 0.9547243 0.9547243 0.9198342 0.9547243 
t18        1.0703373 1.0703373 0.5504769 1.1586745 0.9547243 1.1132061 0.9547243 1.2588231 0.8864954 0.9547243 0.6388142 0.8864954 0.1927838 0.0000000 0.5299277 0.5504769 0.9913169 0.9913169 0.9913169 0.9913169 
t17        0.8864954 0.9198342 0.4529370 0.8864954 0.7126442 0.8239592 1.1132061 0.8864954 0.7126442 0.7126442 0.2603971 0.6388142 0.5299277 0.5299277 0.0000000 0.1189538 0.6626257 0.6626257 0.7945437 0.8545757 
t1         0.8239592 0.8239592 0.4348639 0.8864954 0.5933457 0.8239592 0.9198342 0.9198342 0.7389627 0.6626257 0.3040988 0.6626257 0.5504769 0.5504769 0.1189538 0.0000000 0.6872180 0.6872180 0.7662384 0.8239592 
t19        0.7389627 0.6157354 0.9198342 0.7126442 0.4904449 0.6872180 0.9547243 0.6872180 0.4714565 0.4529370 0.8864954 0.3505054 0.9547243 0.9913169 0.6626257 0.6872180 0.0000000 0.0100673 0.4904449 0.5504769 
t10        0.7389627 0.6157354 0.9198342 0.7126442 0.4904449 0.6872180 0.9547243 0.7126442 0.4714565 0.4529370 0.9198342 0.3505054 0.9547243 0.9913169 0.6626257 0.6872180 0.0100673 0.0000000 0.4904449 0.5504769 
t8         0.8545757 0.6388142 0.9547243 0.8239592 0.5716050 0.6872180 0.9547243 0.7945437 0.5099265 0.5299277 0.9198342 0.2058276 0.9198342 0.9913169 0.7945437 0.7662384 0.4904449 0.4904449 0.0000000 0.0306165 
t7         0.8864954 0.6626257 0.9913169 0.8545757 0.5933457 0.7126442 0.9913169 0.8239592 0.5299277 0.5504769 0.9547243 0.2326162 0.9547243 0.9913169 0.8545757 0.8239592 0.5504769 0.5504769 0.0306165 0.0000000 
