20
t2         0.0000000 0.8239592 1.2070784 1.1132061 1.2070784 1.3744361 1.1586745 1.3144041 1.1586745 1.4396946 1.0297869 0.9198342 1.2588231 1.1586745 0.8864954 0.8864954 1.1586745 1.3144041 0.7945437 0.7945437 
t7         0.8239592 0.0000000 0.6626257 0.7662384 0.8239592 1.3744361 0.8864954 1.1586745 0.7945437 0.7662384 0.7662384 0.7389627 0.9198342 0.9547243 0.8545757 0.7945437 0.8545757 0.7389627 0.8864954 0.8864954 
t8         1.2070784 0.6626257 0.0000000 0.7945437 0.8545757 1.0297869 0.8864954 0.8864954 0.9913169 0.8239592 0.8864954 0.9198342 1.2070784 1.1132061 0.9913169 0.9547243 0.8239592 0.7945437 1.1132061 1.1132061 
t17        1.1132061 0.7662384 0.7945437 0.0000000 0.4904449 0.6626257 0.4529370 0.5299277 1.0703373 0.5099265 1.1586745 1.1586745 1.2588231 1.0297869 0.7389627 0.7126442 0.4904449 0.4348639 0.9913169 1.0297869 
t15        1.2070784 0.8239592 0.8545757 0.4904449 0.0000000 0.7126442 0.5716050 0.5933457 1.1586745 0.5099265 1.0703373 1.1132061 1.5111773 1.2588231 0.8239592 0.8239592 0.4714565 0.4348639 1.0297869 1.0703373 
t19        1.3744361 1.3744361 1.0297869 0.6626257 0.7126442 0.0000000 0.3999739 0.4714565 1.6785349 0.7945437 1.6785349 1.5111773 1.5111773 1.5901977 1.1586745 1.1586745 0.7389627 0.6626257 1.2070784 1.2070784 
t13        1.1586745 0.8864954 0.8864954 0.4529370 0.5716050 0.3999739 0.0000000 0.2892469 0.9547243 0.6872180 1.1132061 1.1132061 1.4396946 1.5111773 0.9547243 0.8864954 0.6626257 0.5933457 0.9198342 0.9198342 
t4         1.3144041 1.1586745 0.8864954 0.5299277 0.5933457 0.4714565 0.2892469 0.0000000 1.1132061 0.6626257 1.2588231 1.3144041 1.5901977 1.8942965 1.0703373 0.9913169 0.6626257 0.6872180 1.2588231 1.3144041 
t12        1.1586745 0.7945437 0.9913169 1.0703373 1.1586745 1.6785349 0.9547243 1.1132061 0.0000000 1.0703373 0.2326162 0.3040988 1.2070784 1.0297869 0.7945437 0.9547243 0.9547243 0.8864954 1.0297869 1.0703373 
t6         1.4396946 0.7662384 0.8239592 0.5099265 0.5099265 0.7945437 0.6872180 0.6626257 1.0703373 0.0000000 1.1586745 1.2588231 1.1586745 1.1586745 0.8864954 0.8239592 0.2058276 0.2326162 1.2588231 1.3144041 
t14        1.0297869 0.7662384 0.8864954 1.1586745 1.0703373 1.6785349 1.1132061 1.2588231 0.2326162 1.1586745 0.0000000 0.1927838 1.1586745 0.9913169 0.7945437 0.8864954 0.9547243 0.9547243 1.0297869 1.0703373 
t1         0.9198342 0.7389627 0.9198342 1.1586745 1.1132061 1.5111773 1.1132061 1.3144041 0.3040988 1.2588231 0.1927838 0.0000000 1.1586745 1.0297869 0.7389627 0.8545757 0.9547243 1.1586745 0.9913169 1.0297869 
t16        1.2588231 0.9198342 1.2070784 1.2588231 1.5111773 1.5111773 1.4396946 1.5901977 1.2070784 1.1586745 1.1586745 1.1586745 0.0000000 0.1673577 1.1586745 1.2070784 1.2070784 1.0297869 1.2588231 1.2070784 
t20        1.1586745 0.9547243 1.1132061 1.0297869 1.2588231 1.5901977 1.5111773 1.8942965 1.0297869 1.1586745 0.9913169 1.0297869 0.1673577 0.0000000 1.0703373 1.2070784 1.1586745 0.9547243 1.0703373 1.1132061 
t3         0.8864954 0.8545757 0.9913169 0.7389627 0.8239592 1.1586745 0.9547243 1.0703373 0.7945437 0.8864954 0.7945437 0.7389627 1.1586745 1.0703373 0.0000000 0.0845966 0.7945437 0.7662384 0.5504769 0.5716050 
t11        0.8864954 0.7945437 0.9547243 0.7126442 0.8239592 1.1586745 0.8864954 0.9913169 0.9547243 0.8239592 0.8864954 0.8545757 1.2070784 1.2070784 0.0845966 0.0000000 0.7945437 0.7126442 0.5504769 0.5716050 
t18        1.1586745 0.8545757 0.8239592 0.4904449 0.4714565 0.7389627 0.6626257 0.6626257 0.9547243 0.2058276 0.9547243 0.9547243 1.2070784 1.1586745 0.7945437 0.7945437 0.0000000 0.1307650 1.0703373 1.1586745 
t5         1.3144041 0.7389627 0.7945437 0.4348639 0.4348639 0.6626257 0.5933457 0.6872180 0.8864954 0.2326162 0.9547243 1.1586745 1.0297869 0.9547243 0.7662384 0.7126442 0.1307650 0.0000000 1.0703373 1.1132061 
t9         0.7945437 0.8864954 1.1132061 0.9913169 1.0297869 1.2070784 0.9198342 1.2588231 1.0297869 1.2588231 1.0297869 0.9913169 1.2588231 1.0703373 0.5504769 0.5504769 1.0703373 1.0703373 0.0000000 0.0202715 
t10        0.7945437 0.8864954 1.1132061 1.0297869 1.0703373 1.2070784 0.9198342 1.3144041 1.0703373 1.3144041 1.0703373 1.0297869 1.2070784 1.1132061 0.5716050 0.5716050 1.1586745 1.1132061 0.0202715 0.0000000 
