20
t1         0.0000000 0.6626257 0.7662384 0.7126442 0.3831192 0.6626257 0.9198342 0.7945437 0.4714565 0.5504769 0.6388142 0.8545757 0.6388142 0.9913169 0.6626257 0.7126442 1.0703373 1.1132061 0.5504769 0.5933457 
t20        0.6626257 0.0000000 0.4904449 0.6157354 0.5716050 0.8864954 1.1586745 0.6157354 0.5933457 0.8239592 1.0297869 0.6388142 0.5299277 1.1132061 0.9913169 1.0297869 1.2070784 1.1586745 0.8239592 0.8545757 
t10        0.7662384 0.4904449 0.0000000 0.4172160 0.6626257 0.9547243 1.2588231 0.4904449 0.7389627 0.8864954 1.0297869 0.6157354 0.4172160 1.7786835 1.2070784 1.2070784 1.7786835 1.5901977 0.9913169 0.9913169 
t3         0.7126442 0.6157354 0.4172160 0.0000000 0.7126442 0.7945437 1.2588231 0.4348639 0.7389627 0.9913169 0.7662384 0.5299277 0.3666350 1.3744361 1.2070784 1.3144041 1.2070784 1.3144041 0.8239592 0.7945437 
t7         0.3831192 0.5716050 0.6626257 0.7126442 0.0000000 0.4529370 0.7945437 0.7126442 0.4529370 0.6388142 0.5716050 0.7945437 0.5933457 0.9547243 0.6626257 0.6872180 1.1586745 0.9913169 0.4904449 0.5099265 
t16        0.6626257 0.8864954 0.9547243 0.7945437 0.4529370 0.0000000 1.0297869 0.8239592 0.6388142 0.8864954 0.7662384 1.1132061 0.9198342 1.5901977 0.9198342 0.8864954 2.0310377 1.8942965 0.7945437 0.7389627 
t18        0.9198342 1.1586745 1.2588231 1.2588231 0.7945437 1.0297869 0.0000000 1.1586745 0.7945437 0.8864954 0.7126442 1.4396946 0.9547243 0.9913169 0.3666350 0.4172160 1.1586745 0.9913169 0.6388142 0.5933457 
t8         0.7945437 0.6157354 0.4904449 0.4348639 0.7126442 0.8239592 1.1586745 0.0000000 0.8864954 1.0297869 0.7945437 0.5099265 0.2746833 1.4396946 1.0297869 1.1586745 1.3144041 1.2588231 0.8239592 0.8864954 
t14        0.4714565 0.5933457 0.7389627 0.7389627 0.4529370 0.6388142 0.7945437 0.8864954 0.0000000 0.2603971 0.5299277 0.9547243 0.7662384 1.0703373 0.6157354 0.6872180 1.3144041 1.1132061 0.5299277 0.5504769 
t6         0.5504769 0.8239592 0.8864954 0.9913169 0.6388142 0.8864954 0.8864954 1.0297869 0.2603971 0.0000000 0.6626257 0.9913169 0.8864954 1.0703373 0.6157354 0.6872180 1.2588231 1.0703373 0.6388142 0.6388142 
t19        0.6388142 1.0297869 1.0297869 0.7662384 0.5716050 0.7662384 0.7126442 0.7945437 0.5299277 0.6626257 0.0000000 1.1586745 0.7945437 0.7945437 0.5716050 0.6388142 0.9913169 0.8545757 0.1799630 0.2326162 
t9         0.8545757 0.6388142 0.6157354 0.5299277 0.7945437 1.1132061 1.4396946 0.5099265 0.9547243 0.9913169 1.1586745 0.0000000 0.2892469 1.6785349 1.2070784 1.0703373 1.3744361 1.4396946 1.0297869 1.1586745 
t2         0.6388142 0.5299277 0.4172160 0.3666350 0.5933457 0.9198342 0.9547243 0.2746833 0.7662384 0.8864954 0.7945437 0.2892469 0.0000000 1.3744361 0.9913169 1.0297869 1.2588231 1.2070784 0.7126442 0.7662384 
t15        0.9913169 1.1132061 1.7786835 1.3744361 0.9547243 1.5901977 0.9913169 1.4396946 1.0703373 1.0703373 0.7945437 1.6785349 1.3744361 0.0000000 0.8864954 1.0297869 0.2746833 0.2191023 0.6388142 0.6626257 
t11        0.6626257 0.9913169 1.2070784 1.2070784 0.6626257 0.9198342 0.3666350 1.0297869 0.6157354 0.6157354 0.5716050 1.2070784 0.9913169 0.8864954 0.0000000 0.0845966 1.2588231 1.0703373 0.4904449 0.5716050 
t5         0.7126442 1.0297869 1.2070784 1.3144041 0.6872180 0.8864954 0.4172160 1.1586745 0.6872180 0.6872180 0.6388142 1.0703373 1.0297869 1.0297869 0.0845966 0.0000000 1.5111773 1.2588231 0.5504769 0.5933457 
t4         1.0703373 1.2070784 1.7786835 1.2070784 1.1586745 2.0310377 1.1586745 1.3144041 1.3144041 1.2588231 0.9913169 1.3744361 1.2588231 0.2746833 1.2588231 1.5111773 0.0000000 0.0625362 0.7945437 0.7662384 
t12        1.1132061 1.1586745 1.5901977 1.3144041 0.9913169 1.8942965 0.9913169 1.2588231 1.1132061 1.0703373 0.8545757 1.4396946 1.2070784 0.2191023 1.0703373 1.2588231 0.0625362 0.0000000 0.6626257 0.6388142 
t17        0.5504769 0.8239592 0.9913169 0.8239592 0.4904449 0.7945437 0.6388142 0.8239592 0.5299277 0.6388142 0.1799630 1.0297869 0.7126442 0.6388142 0.4904449 0.5504769 0.7945437 0.6626257 0.0000000 0.0517447 
t13        0.5933457 0.8545757 0.9913169 0.7945437 0.5099265 0.7389627 0.5933457 0.8864954 0.5504769 0.6388142 0.2326162 1.1586745 0.7662384 0.6626257 0.5716050 0.5933457 0.7662384 0.6388142 0.0517447 0.0000000 
