20
t2         0.0000000 0.5933457 0.3831192 0.4348639 0.5099265 0.5299277 0.3831192 0.5099265 0.8239592 0.8864954 0.7389627 0.9547243 0.9198342 0.9198342 0.6872180 0.5933457 1.0297869 0.9913169 0.8545757 0.8545757 
t15        0.5933457 0.0000000 0.5504769 0.6157354 0.7126442 0.6157354 0.4904449 0.7126442 1.1132061 0.9913169 0.8545757 1.1586745 1.1586745 1.2070784 0.8864954 0.8545757 1.0297869 1.0297869 1.0703373 1.0703373 
t12        0.3831192 0.5504769 0.0000000 0.2463781 0.2463781 0.6157354 0.4714565 0.2058276 0.9913169 0.6626257 0.5933457 1.1586745 0.9547243 1.0703373 0.3505054 0.3192509 1.0703373 1.1132061 0.9198342 0.9198342 
t3         0.4348639 0.6157354 0.2463781 0.0000000 0.3999739 0.6872180 0.4904449 0.3666350 0.9198342 0.7662384 0.6626257 1.2070784 0.8864954 0.9913169 0.4172160 0.4172160 0.9913169 1.0297869 0.9198342 0.9198342 
t18        0.5099265 0.7126442 0.2463781 0.3999739 0.0000000 0.6872180 0.5099265 0.3831192 1.2070784 0.8545757 0.7662384 1.2588231 1.1586745 1.2588231 0.5504769 0.4714565 1.3744361 1.3144041 1.1132061 1.1132061 
t10        0.5299277 0.6157354 0.6157354 0.6872180 0.6872180 0.0000000 0.2463781 0.8545757 0.8239592 1.2588231 1.0297869 0.8864954 0.8545757 0.8864954 0.9547243 0.8864954 0.8545757 0.9198342 0.7662384 0.7662384 
t8         0.3831192 0.4904449 0.4714565 0.4904449 0.5099265 0.2463781 0.0000000 0.6388142 0.8239592 0.8545757 0.7389627 0.9913169 0.8545757 0.8239592 0.6872180 0.6626257 0.9913169 0.9547243 0.7945437 0.7945437 
t13        0.5099265 0.7126442 0.2058276 0.3666350 0.3831192 0.8545757 0.6388142 0.0000000 0.9547243 0.7389627 0.6872180 1.1586745 1.0297869 1.1586745 0.1427653 0.1549607 1.1586745 1.1586745 0.9547243 0.9547243 
t20        0.8239592 1.1132061 0.9913169 0.9198342 1.2070784 0.8239592 0.8239592 0.9547243 0.0000000 1.2070784 1.2070784 0.2463781 0.1799630 0.1427653 1.1586745 1.1132061 0.2326162 0.2058276 0.0625362 0.0625362 
t5         0.8864954 0.9913169 0.6626257 0.7662384 0.8545757 1.2588231 0.8545757 0.7389627 1.2070784 0.0000000 0.0625362 1.3744361 1.4396946 1.3744361 0.9547243 0.8864954 1.4396946 1.3744361 1.0703373 1.0703373 
t19        0.7389627 0.8545757 0.5933457 0.6626257 0.7662384 1.0297869 0.7389627 0.6872180 1.2070784 0.0625362 0.0000000 1.3744361 1.4396946 1.3144041 0.8864954 0.8239592 1.4396946 1.3744361 1.0703373 1.0703373 
t7         0.9547243 1.1586745 1.1586745 1.2070784 1.2588231 0.8864954 0.9913169 1.1586745 0.2463781 1.3744361 1.3744361 0.0000000 0.3040988 0.2603971 1.3744361 1.3144041 0.1549607 0.1307650 0.2603971 0.2603971 
t6         0.9198342 1.1586745 0.9547243 0.8864954 1.1586745 0.8545757 0.8545757 1.0297869 0.1799630 1.4396946 1.4396946 0.3040988 0.0000000 0.1189538 1.1132061 1.0703373 0.2892469 0.2746833 0.2058276 0.2058276 
t16        0.9198342 1.2070784 1.0703373 0.9913169 1.2588231 0.8864954 0.8239592 1.1586745 0.1427653 1.3744361 1.3144041 0.2603971 0.1189538 0.0000000 1.2070784 1.1132061 0.2603971 0.2326162 0.1673577 0.1673577 
t11        0.6872180 0.8864954 0.3505054 0.4172160 0.5504769 0.9547243 0.6872180 0.1427653 1.1586745 0.9547243 0.8864954 1.3744361 1.1132061 1.2070784 0.0000000 0.0958750 1.3144041 1.3744361 1.1586745 1.1586745 
t9         0.5933457 0.8545757 0.3192509 0.4172160 0.4714565 0.8864954 0.6626257 0.1549607 1.1132061 0.8864954 0.8239592 1.3144041 1.0703373 1.1132061 0.0958750 0.0000000 1.4396946 1.3744361 1.1586745 1.1586745 
t17        1.0297869 1.0297869 1.0703373 0.9913169 1.3744361 0.8545757 0.9913169 1.1586745 0.2326162 1.4396946 1.4396946 0.1549607 0.2892469 0.2603971 1.3144041 1.4396946 0.0000000 0.0411062 0.2326162 0.2326162 
t4         0.9913169 1.0297869 1.1132061 1.0297869 1.3144041 0.9198342 0.9547243 1.1586745 0.2058276 1.3744361 1.3744361 0.1307650 0.2746833 0.2326162 1.3744361 1.3744361 0.0411062 0.0000000 0.2191023 0.2191023 
t14        0.8545757 1.0703373 0.9198342 0.9198342 1.1132061 0.7662384 0.7945437 0.9547243 0.0625362 1.0703373 1.0703373 0.2603971 0.2058276 0.1673577 1.1586745 1.1586745 0.2326162 0.2191023 0.0000000 0.0000010 
t1         0.8545757 1.0703373 0.9198342 0.9198342 1.1132061 0.7662384 0.7945437 0.9547243 0.0625362 1.0703373 1.0703373 0.2603971 0.2058276 0.1673577 1.1586745 1.1586745 0.2326162 0.2191023 0.0000010 0.0000000 
