20
t17        0.0000000 1.5111773 1.8942965 0.7126442 1.6785349 0.7662384 0.9547243 1.2070784 1.2070784 1.3144041 0.9547243 1.4396946 1.2588231 0.8864954 0.7662384 1.1132061 1.5901977 1.6785349 1.1132061 1.1132061 
t8         1.5111773 0.0000000 1.4396946 1.1132061 0.7389627 1.2588231 1.3144041 1.3744361 1.2070784 0.7945437 0.9547243 0.7945437 0.8864954 1.0297869 1.1132061 0.6872180 1.3744361 1.3744361 0.7389627 0.7389627 
t3         1.8942965 1.4396946 0.0000000 1.6785349 1.5901977 1.5111773 1.5111773 1.7786835 1.7786835 1.7786835 1.1586745 1.3144041 1.2070784 1.5901977 1.5111773 1.7786835 0.7945437 0.7945437 1.7786835 1.7786835 
t5         0.7126442 1.1132061 1.6785349 0.0000000 1.5111773 0.7945437 0.7945437 1.3144041 1.2588231 1.0703373 0.9198342 0.9198342 1.1132061 0.6388142 0.5299277 0.9198342 1.0703373 1.0703373 0.9198342 0.9198342 
t15        1.6785349 0.7389627 1.5901977 1.5111773 0.0000000 1.0703373 0.9913169 1.3744361 1.2588231 0.4348639 0.7945437 0.8239592 0.7945437 1.2588231 1.4396946 0.5299277 1.8942965 1.8942965 0.4904449 0.4904449 
t4         0.7662384 1.2588231 1.5111773 0.7945437 1.0703373 0.0000000 0.5299277 1.0297869 1.0703373 0.8545757 0.8239592 1.0297869 0.8864954 0.9198342 0.7389627 1.2070784 1.3744361 1.3144041 1.1132061 1.1132061 
t14        0.9547243 1.3144041 1.5111773 0.7945437 0.9913169 0.5299277 0.0000000 1.0703373 1.0703373 0.9913169 0.9198342 1.0703373 0.9913169 0.8545757 0.7389627 1.0703373 1.1132061 1.1132061 1.1132061 1.1132061 
t20        1.2070784 1.3744361 1.7786835 1.3144041 1.3744361 1.0297869 1.0703373 0.0000000 0.2746833 1.5901977 1.0703373 1.4396946 1.0703373 1.0297869 0.9913169 1.3144041 1.3144041 1.3144041 1.5901977 1.5901977 
t10        1.2070784 1.2070784 1.7786835 1.2588231 1.2588231 1.0703373 1.0703373 0.2746833 0.0000000 1.2588231 0.9913169 1.1586745 0.9198342 1.0297869 0.9913169 1.1132061 1.3144041 1.3144041 1.3144041 1.3144041 
t13        1.3144041 0.7945437 1.7786835 1.0703373 0.4348639 0.8545757 0.9913169 1.5901977 1.2588231 0.0000000 1.0297869 0.9913169 0.9913169 1.2588231 1.2070784 0.4172160 2.1983953 2.1983953 0.3999739 0.3999739 
t2         0.9547243 0.9547243 1.1586745 0.9198342 0.7945437 0.8239592 0.9198342 1.0703373 0.9913169 1.0297869 0.0000000 0.2326162 0.2058276 0.9913169 0.9913169 0.8864954 1.1132061 1.1132061 0.9198342 0.9198342 
t18        1.4396946 0.7945437 1.3144041 0.9198342 0.8239592 1.0297869 1.0703373 1.4396946 1.1586745 0.9913169 0.2326162 0.0000000 0.1927838 1.0703373 1.0297869 0.8864954 1.3144041 1.3144041 0.9547243 0.9547243 
t1         1.2588231 0.8864954 1.2070784 1.1132061 0.7945437 0.8864954 0.9913169 1.0703373 0.9198342 0.9913169 0.2058276 0.1927838 0.0000000 1.1132061 1.1132061 0.8545757 1.1132061 1.1132061 0.9547243 0.9547243 
t12        0.8864954 1.0297869 1.5901977 0.6388142 1.2588231 0.9198342 0.8545757 1.0297869 1.0297869 1.2588231 0.9913169 1.0703373 1.1132061 0.0000000 0.1673577 1.3744361 1.0703373 1.0703373 1.3744361 1.3744361 
t16        0.7662384 1.1132061 1.5111773 0.5299277 1.4396946 0.7389627 0.7389627 0.9913169 0.9913169 1.2070784 0.9913169 1.0297869 1.1132061 0.1673577 0.0000000 1.2588231 1.1586745 1.1586745 1.3144041 1.3144041 
t9         1.1132061 0.6872180 1.7786835 0.9198342 0.5299277 1.2070784 1.0703373 1.3144041 1.1132061 0.4172160 0.8864954 0.8864954 0.8545757 1.3744361 1.2588231 0.0000000 9.0000000 9.0000000 0.0734853 0.0734853 
t7         1.5901977 1.3744361 0.7945437 1.0703373 1.8942965 1.3744361 1.1132061 1.3144041 1.3144041 2.1983953 1.1132061 1.3144041 1.1132061 1.0703373 1.1586745 9.0000000 0.0000000 0.0100673 3.2381161 3.2381161 
t6         1.6785349 1.3744361 0.7945437 1.0703373 1.8942965 1.3144041 1.1132061 1.3144041 1.3144041 2.1983953 1.1132061 1.3144041 1.1132061 1.0703373 1.1586745 9.0000000 0.0100673 0.0000000 3.2381161 3.2381161 
t11        1.1132061 0.7389627 1.7786835 0.9198342 0.4904449 1.1132061 1.1132061 1.5901977 1.3144041 0.3999739 0.9198342 0.9547243 0.9547243 1.3744361 1.3144041 0.0734853 3.2381161 3.2381161 0.0000000 0.0000010 
t19        1.1132061 0.7389627 1.7786835 0.9198342 0.4904449 1.1132061 1.1132061 1.5901977 1.3144041 0.3999739 0.9198342 0.9547243 0.9547243 1.3744361 1.3144041 0.0734853 3.2381161 3.2381161 0.0000010 0.0000000 
