20
t6         0.0000000 9.0000000 2.0310377 9.0000000 2.7182557 3.2381161 2.1983953 3.2381161 1.6785349 9.0000000 1.8942965 9.0000000 3.2381161 2.4141569 2.1983953 1.8942965 9.0000000 3.2381161 9.0000000 9.0000000 
t15        9.0000000 0.0000000 1.7786835 9.0000000 1.4396946 2.0310377 2.1983953 2.7182557 9.0000000 9.0000000 2.1983953 9.0000000 9.0000000 2.1983953 2.7182557 3.2381161 3.2381161 1.5111773 2.7182557 2.4141569 
t3         2.0310377 1.7786835 0.0000000 1.1132061 1.0297869 0.8545757 1.1132061 1.5901977 1.4396946 2.1983953 1.2588231 1.3744361 1.7786835 1.2070784 1.5111773 1.5111773 1.5111773 1.3144041 1.3144041 1.2588231 
t1         9.0000000 9.0000000 1.1132061 0.0000000 1.0297869 0.8545757 1.2588231 1.4396946 1.4396946 1.8942965 1.0703373 1.0703373 1.8942965 1.8942965 1.2588231 1.5111773 1.0703373 1.1586745 1.7786835 1.7786835 
t2         2.7182557 1.4396946 1.0297869 1.0297869 0.0000000 0.3666350 0.8545757 1.1132061 1.1132061 1.3744361 0.8239592 0.8864954 1.4396946 1.1586745 1.0703373 1.2588231 1.0703373 0.7945437 0.9547243 0.9913169 
t7         3.2381161 2.0310377 0.8545757 0.8545757 0.3666350 0.0000000 0.8239592 1.0703373 0.9913169 1.2588231 0.8545757 0.7389627 1.2588231 0.9547243 1.0703373 1.2070784 1.1132061 0.8545757 0.9913169 1.0703373 
t9         2.1983953 2.1983953 1.1132061 1.2588231 0.8545757 0.8239592 0.0000000 1.3744361 1.0703373 1.7786835 0.9913169 1.2070784 1.2070784 1.0703373 1.0703373 1.1586745 1.0703373 0.9198342 0.6388142 0.6388142 
t4         3.2381161 2.7182557 1.5901977 1.4396946 1.1132061 1.0703373 1.3744361 0.0000000 0.6872180 1.0297869 0.9547243 0.6388142 0.8545757 0.6388142 1.3744361 2.1983953 0.9198342 1.1586745 1.3744361 1.4396946 
t20        1.6785349 9.0000000 1.4396946 1.4396946 1.1132061 0.9913169 1.0703373 0.6872180 0.0000000 0.6872180 0.9198342 0.8239592 0.6872180 0.5099265 1.2588231 1.7786835 0.9547243 1.0703373 1.2070784 1.3144041 
t16        9.0000000 9.0000000 2.1983953 1.8942965 1.3744361 1.2588231 1.7786835 1.0297869 0.6872180 0.0000000 1.3744361 1.0703373 1.1586745 1.2588231 1.2588231 1.7786835 1.2588231 1.3144041 1.6785349 1.7786835 
t18        1.8942965 2.1983953 1.2588231 1.0703373 0.8239592 0.8545757 0.9913169 0.9547243 0.9198342 1.3744361 0.0000000 0.4348639 1.1586745 1.0297869 1.5901977 2.0310377 1.5111773 1.4396946 1.3744361 1.3144041 
t17        9.0000000 9.0000000 1.3744361 1.0703373 0.8864954 0.7389627 1.2070784 0.6388142 0.8239592 1.0703373 0.4348639 0.0000000 0.8864954 0.8239592 1.5901977 2.1983953 1.3144041 1.3144041 1.6785349 1.7786835 
t19        3.2381161 9.0000000 1.7786835 1.8942965 1.4396946 1.2588231 1.2070784 0.8545757 0.6872180 1.1586745 1.1586745 0.8864954 0.0000000 0.3999739 1.3144041 1.5111773 1.1586745 1.1586745 1.1132061 1.3744361 
t11        2.4141569 2.1983953 1.2070784 1.8942965 1.1586745 0.9547243 1.0703373 0.6388142 0.5099265 1.2588231 1.0297869 0.8239592 0.3999739 0.0000000 1.5901977 1.8942965 1.3744361 1.2588231 1.3744361 1.5901977 
t10        2.1983953 2.7182557 1.5111773 1.2588231 1.0703373 1.0703373 1.0703373 1.3744361 1.2588231 1.2588231 1.5901977 1.5901977 1.3144041 1.5901977 0.0000000 0.3040988 0.3347153 0.2058276 1.0297869 1.3744361 
t14        1.8942965 3.2381161 1.5111773 1.5111773 1.2588231 1.2070784 1.1586745 2.1983953 1.7786835 1.7786835 2.0310377 2.1983953 1.5111773 1.8942965 0.3040988 0.0000000 0.5716050 0.4714565 1.3144041 1.5111773 
t12        9.0000000 3.2381161 1.5111773 1.0703373 1.0703373 1.1132061 1.0703373 0.9198342 0.9547243 1.2588231 1.5111773 1.3144041 1.1586745 1.3744361 0.3347153 0.5716050 0.0000000 0.3347153 1.3744361 1.5901977 
t13        3.2381161 1.5111773 1.3144041 1.1586745 0.7945437 0.8545757 0.9198342 1.1586745 1.0703373 1.3144041 1.4396946 1.3144041 1.1586745 1.2588231 0.2058276 0.4714565 0.3347153 0.0000000 0.9547243 1.2588231 
t5         9.0000000 2.7182557 1.3144041 1.7786835 0.9547243 0.9913169 0.6388142 1.3744361 1.2070784 1.6785349 1.3744361 1.6785349 1.1132061 1.3744361 1.0297869 1.3144041 1.3744361 0.9547243 0.0000000 0.1073256 
t8         9.0000000 2.4141569 1.2588231 1.7786835 0.9913169 1.0703373 0.6388142 1.4396946 1.3144041 1.7786835 1.3144041 1.7786835 1.3744361 1.5901977 1.3744361 1.5111773 1.5901977 1.2588231 0.1073256 0.0000000 
