20
t18        0.0000000 9.0000000 1.5111773 1.6785349 9.0000000 2.7182557 1.5111773 9.0000000 9.0000000 2.0310377 2.7182557 2.4141569 1.5111773 1.3144041 2.7182557 2.1983953 9.0000000 9.0000000 9.0000000 9.0000000 
t1         9.0000000 0.0000000 1.6785349 2.4141569 3.2381161 9.0000000 9.0000000 2.7182557 9.0000000 1.8942965 9.0000000 2.1983953 3.2381161 9.0000000 1.3744361 1.4396946 1.2588231 1.3744361 1.7786835 1.7786835 
t5         1.5111773 1.6785349 0.0000000 0.8864954 2.7182557 3.2381161 0.9547243 9.0000000 2.4141569 9.0000000 2.1983953 2.4141569 1.0297869 0.9913169 2.4141569 2.4141569 9.0000000 9.0000000 9.0000000 9.0000000 
t2         1.6785349 2.4141569 0.8864954 0.0000000 9.0000000 9.0000000 1.1132061 9.0000000 3.2381161 2.7182557 9.0000000 9.0000000 1.3144041 1.0703373 9.0000000 2.7182557 9.0000000 9.0000000 2.7182557 3.2381161 
t4         9.0000000 3.2381161 2.7182557 9.0000000 0.0000000 9.0000000 2.4141569 2.4141569 2.1983953 9.0000000 9.0000000 3.2381161 2.4141569 9.0000000 2.1983953 2.1983953 9.0000000 9.0000000 9.0000000 9.0000000 
t14        2.7182557 9.0000000 3.2381161 9.0000000 9.0000000 0.0000000 2.7182557 1.5111773 1.8942965 9.0000000 2.4141569 2.4141569 2.4141569 2.1983953 2.7182557 9.0000000 9.0000000 2.7182557 9.0000000 9.0000000 
t9         1.5111773 9.0000000 0.9547243 1.1132061 2.4141569 2.7182557 0.0000000 2.4141569 2.4141569 2.1983953 1.5111773 1.5901977 0.3040988 0.3347153 2.7182557 3.2381161 9.0000000 9.0000000 9.0000000 3.2381161 
t13        9.0000000 2.7182557 9.0000000 9.0000000 2.4141569 1.5111773 2.4141569 0.0000000 0.1927838 9.0000000 0.4348639 0.3666350 9.0000000 9.0000000 2.7182557 2.4141569 9.0000000 1.7786835 2.1983953 2.0310377 
t15        9.0000000 9.0000000 2.4141569 3.2381161 2.1983953 1.8942965 2.4141569 0.1927838 0.0000000 9.0000000 0.3999739 0.3347153 9.0000000 9.0000000 3.2381161 2.7182557 9.0000000 1.6785349 1.7786835 1.6785349 
t3         2.0310377 1.8942965 9.0000000 2.7182557 9.0000000 9.0000000 2.1983953 9.0000000 9.0000000 0.0000000 2.7182557 9.0000000 2.1983953 3.2381161 0.4348639 0.3831192 1.8942965 1.7786835 2.4141569 2.1983953 
t17        2.7182557 9.0000000 2.1983953 9.0000000 9.0000000 2.4141569 1.5111773 0.4348639 0.3999739 2.7182557 0.0000000 0.3347153 2.0310377 3.2381161 9.0000000 2.4141569 9.0000000 2.4141569 9.0000000 9.0000000 
t10        2.4141569 2.1983953 2.4141569 9.0000000 3.2381161 2.4141569 1.5901977 0.3666350 0.3347153 9.0000000 0.3347153 0.0000000 1.7786835 3.2381161 9.0000000 9.0000000 9.0000000 3.2381161 9.0000000 9.0000000 
t12        1.5111773 3.2381161 1.0297869 1.3144041 2.4141569 2.4141569 0.3040988 9.0000000 9.0000000 2.1983953 2.0310377 1.7786835 0.0000000 0.1673577 3.2381161 9.0000000 3.2381161 9.0000000 9.0000000 9.0000000 
t8         1.3144041 9.0000000 0.9913169 1.0703373 9.0000000 2.1983953 0.3347153 9.0000000 9.0000000 3.2381161 3.2381161 3.2381161 0.1673577 0.0000000 2.7182557 3.2381161 9.0000000 9.0000000 9.0000000 9.0000000 
t7         2.7182557 1.3744361 2.4141569 9.0000000 2.1983953 2.7182557 2.7182557 2.7182557 3.2381161 0.4348639 9.0000000 9.0000000 3.2381161 2.7182557 0.0000000 0.0958750 1.6785349 1.5901977 2.4141569 2.1983953 
t16        2.1983953 1.4396946 2.4141569 2.7182557 2.1983953 9.0000000 3.2381161 2.4141569 2.7182557 0.3831192 2.4141569 9.0000000 9.0000000 3.2381161 0.0958750 0.0000000 1.5901977 1.5901977 1.8942965 1.8942965 
t11        9.0000000 1.2588231 9.0000000 9.0000000 9.0000000 9.0000000 9.0000000 9.0000000 9.0000000 1.8942965 9.0000000 9.0000000 3.2381161 9.0000000 1.6785349 1.5901977 0.0000000 0.2326162 0.2191023 0.2058276 
t6         9.0000000 1.3744361 9.0000000 9.0000000 9.0000000 2.7182557 9.0000000 1.7786835 1.6785349 1.7786835 2.4141569 3.2381161 9.0000000 9.0000000 1.5901977 1.5901977 0.2326162 0.0000000 0.2191023 0.2191023 
t20        9.0000000 1.7786835 9.0000000 2.7182557 9.0000000 9.0000000 9.0000000 2.1983953 1.7786835 2.4141569 9.0000000 9.0000000 9.0000000 9.0000000 2.4141569 1.8942965 0.2191023 0.2191023 0.0000000 0.0517447 
t19        9.0000000 1.7786835 9.0000000 3.2381161 9.0000000 9.0000000 3.2381161 2.0310377 1.6785349 2.1983953 9.0000000 9.0000000 9.0000000 9.0000000 2.1983953 1.8942965 0.2058276 0.2191023 0.0517447 0.0000000 
