20
t13        0.0000000 1.3744361 0.7389627 1.1586745 2.0310377 2.7182557 2.0310377 1.4396946 2.1983953 1.3744361 1.5111773 1.5901977 1.0703373 1.2588231 1.5901977 1.5901977 1.0703373 1.1132061 1.1586745 1.2070784 
t5         1.3744361 0.0000000 1.7786835 2.4141569 9.0000000 1.2070784 2.0310377 1.8942965 1.3744361 1.6785349 1.5901977 1.8942965 1.3144041 2.4141569 1.8942965 1.8942965 1.3744361 1.2588231 2.1983953 2.1983953 
t12        0.7389627 1.7786835 0.0000000 1.3744361 1.5901977 1.6785349 1.3144041 1.7786835 1.5901977 2.0310377 0.7662384 0.8239592 0.8864954 0.7389627 2.4141569 2.7182557 0.9198342 1.0703373 0.6872180 0.7126442 
t10        1.1586745 2.4141569 1.3744361 0.0000000 1.6785349 9.0000000 9.0000000 9.0000000 2.4141569 1.7786835 1.5111773 1.5111773 1.3744361 1.3744361 2.4141569 2.0310377 1.1586745 1.2588231 1.4396946 1.4396946 
t15        2.0310377 9.0000000 1.5901977 1.6785349 0.0000000 9.0000000 9.0000000 9.0000000 9.0000000 9.0000000 9.0000000 9.0000000 2.4141569 2.4141569 9.0000000 9.0000000 2.7182557 2.1983953 3.2381161 3.2381161 
t7         2.7182557 1.2070784 1.6785349 9.0000000 9.0000000 0.0000000 2.1983953 0.7662384 0.6872180 0.4714565 1.5111773 1.6785349 2.0310377 9.0000000 0.5933457 0.6157354 2.4141569 2.0310377 9.0000000 9.0000000 
t11        2.0310377 2.0310377 1.3144041 9.0000000 9.0000000 2.1983953 0.0000000 1.6785349 3.2381161 2.1983953 0.6626257 0.6872180 1.2588231 0.6157354 2.4141569 2.4141569 1.3744361 1.2588231 0.5933457 0.6157354 
t19        1.4396946 1.8942965 1.7786835 9.0000000 9.0000000 0.7662384 1.6785349 0.0000000 0.4714565 0.6626257 9.0000000 9.0000000 1.7786835 2.4141569 0.6388142 0.6626257 2.1983953 1.5111773 2.1983953 2.4141569 
t18        2.1983953 1.3744361 1.5901977 2.4141569 9.0000000 0.6872180 3.2381161 0.4714565 0.0000000 0.7662384 9.0000000 9.0000000 2.1983953 9.0000000 0.9198342 0.8545757 2.4141569 1.8942965 2.7182557 3.2381161 
t8         1.3744361 1.6785349 2.0310377 1.7786835 9.0000000 0.4714565 2.1983953 0.6626257 0.7662384 0.0000000 3.2381161 2.7182557 1.5901977 2.7182557 0.1673577 0.1673577 1.4396946 1.4396946 2.0310377 1.8942965 
t2         1.5111773 1.5901977 0.7662384 1.5111773 9.0000000 1.5111773 0.6626257 9.0000000 9.0000000 3.2381161 0.0000000 0.1307650 0.9547243 0.3999739 3.2381161 9.0000000 1.0703373 1.0703373 0.3831192 0.3999739 
t6         1.5901977 1.8942965 0.8239592 1.5111773 9.0000000 1.6785349 0.6872180 9.0000000 9.0000000 2.7182557 0.1307650 0.0000000 0.9547243 0.3999739 3.2381161 9.0000000 1.0297869 1.1586745 0.3505054 0.3666350 
t1         1.0703373 1.3144041 0.8864954 1.3744361 2.4141569 2.0310377 1.2588231 1.7786835 2.1983953 1.5901977 0.9547243 0.9547243 0.0000000 0.6626257 1.7786835 1.5111773 0.1189538 0.1927838 0.6157354 0.6388142 
t20        1.2588231 2.4141569 0.7389627 1.3744361 2.4141569 9.0000000 0.6157354 2.4141569 9.0000000 2.7182557 0.3999739 0.3999739 0.6626257 0.0000000 2.7182557 3.2381161 0.7126442 0.6872180 0.0517447 0.0625362 
t16        1.5901977 1.8942965 2.4141569 2.4141569 9.0000000 0.5933457 2.4141569 0.6388142 0.9198342 0.1673577 3.2381161 3.2381161 1.7786835 2.7182557 0.0000000 0.0734853 1.5901977 1.5901977 2.1983953 2.0310377 
t4         1.5901977 1.8942965 2.7182557 2.0310377 9.0000000 0.6157354 2.4141569 0.6626257 0.8545757 0.1673577 9.0000000 9.0000000 1.5111773 3.2381161 0.0734853 0.0000000 1.4396946 1.5901977 2.4141569 2.1983953 
t3         1.0703373 1.3744361 0.9198342 1.1586745 2.7182557 2.4141569 1.3744361 2.1983953 2.4141569 1.4396946 1.0703373 1.0297869 0.1189538 0.7126442 1.5901977 1.4396946 0.0000000 0.1673577 0.6626257 0.6872180 
t17        1.1132061 1.2588231 1.0703373 1.2588231 2.1983953 2.0310377 1.2588231 1.5111773 1.8942965 1.4396946 1.0703373 1.1586745 0.1927838 0.6872180 1.5901977 1.5901977 0.1673577 0.0000000 0.6388142 0.6626257 
t9         1.1586745 2.1983953 0.6872180 1.4396946 3.2381161 9.0000000 0.5933457 2.1983953 2.7182557 2.0310377 0.3831192 0.3505054 0.6157354 0.0517447 2.1983953 2.4141569 0.6626257 0.6388142 0.0000000 0.0100673 
t14        1.2070784 2.1983953 0.7126442 1.4396946 3.2381161 9.0000000 0.6157354 2.4141569 3.2381161 1.8942965 0.3999739 0.3666350 0.6388142 0.0625362 2.0310377 2.1983953 0.6872180 0.6626257 0.0100673 0.0000000 
