20
t12        0.0000000 3.2381161 1.2588231 0.6626257 1.6785349 1.0703373 1.0703373 1.8942965 1.0703373 0.9913169 1.1132061 1.0703373 1.1132061 2.4141569 2.7182557 9.0000000 9.0000000 1.5901977 1.6785349 1.6785349 
t6         3.2381161 0.0000000 3.2381161 2.4141569 2.7182557 2.4141569 1.3744361 2.7182557 2.7182557 9.0000000 9.0000000 9.0000000 9.0000000 3.2381161 1.7786835 1.7786835 2.0310377 3.2381161 3.2381161 3.2381161 
t9         1.2588231 3.2381161 0.0000000 1.1586745 0.6157354 0.3192509 0.9913169 2.1983953 1.5901977 1.2070784 1.0297869 1.3744361 1.4396946 0.9913169 1.0297869 9.0000000 9.0000000 1.3144041 1.4396946 1.3744361 
t7         0.6626257 2.4141569 1.1586745 0.0000000 1.3144041 0.9547243 0.7389627 1.7786835 0.8864954 0.5504769 0.7126442 0.6388142 0.7389627 1.8942965 2.4141569 1.3744361 1.3744361 0.7126442 0.6872180 0.7126442 
t4         1.6785349 2.7182557 0.6157354 1.3144041 0.0000000 0.3666350 1.4396946 2.1983953 2.4141569 1.3144041 1.5111773 1.4396946 1.5901977 1.1132061 1.1586745 9.0000000 9.0000000 1.7786835 1.6785349 1.7786835 
t3         1.0703373 2.4141569 0.3192509 0.9547243 0.3666350 0.0000000 0.8864954 3.2381161 1.5111773 0.9913169 1.1132061 1.1132061 1.2070784 0.8864954 0.9547243 9.0000000 9.0000000 1.0703373 1.1586745 1.1132061 
t2         1.0703373 1.3744361 0.9913169 0.7389627 1.4396946 0.8864954 0.0000000 9.0000000 1.8942965 1.1586745 1.3144041 1.0297869 1.1586745 1.2588231 1.4396946 2.0310377 2.0310377 1.3144041 1.3744361 1.3144041 
t1         1.8942965 2.7182557 2.1983953 1.7786835 2.1983953 3.2381161 9.0000000 0.0000000 0.8864954 3.2381161 2.1983953 9.0000000 9.0000000 9.0000000 9.0000000 9.0000000 9.0000000 3.2381161 2.7182557 2.7182557 
t10        1.0703373 2.7182557 1.5901977 0.8864954 2.4141569 1.5111773 1.8942965 0.8864954 0.0000000 1.0703373 1.5901977 1.0297869 1.1586745 2.1983953 3.2381161 1.7786835 1.7786835 1.2070784 1.3144041 1.2588231 
t18        0.9913169 9.0000000 1.2070784 0.5504769 1.3144041 0.9913169 1.1586745 3.2381161 1.0703373 0.0000000 1.0703373 0.1073256 0.1549607 1.6785349 2.1983953 1.7786835 1.7786835 1.0297869 1.1132061 1.0703373 
t17        1.1132061 9.0000000 1.0297869 0.7126442 1.5111773 1.1132061 1.3144041 2.1983953 1.5901977 1.0703373 0.0000000 1.2070784 1.2588231 1.3744361 1.7786835 3.2381161 2.7182557 0.3666350 0.3831192 0.3831192 
t14        1.0703373 9.0000000 1.3744361 0.6388142 1.4396946 1.1132061 1.0297869 9.0000000 1.0297869 0.1073256 1.2070784 0.0000000 0.0845966 1.6785349 2.7182557 1.8942965 1.8942965 1.1132061 1.2070784 1.1586745 
t15        1.1132061 9.0000000 1.4396946 0.7389627 1.5901977 1.2070784 1.1586745 9.0000000 1.1586745 0.1549607 1.2588231 0.0845966 0.0000000 1.8942965 3.2381161 1.8942965 1.8942965 1.1132061 1.2070784 1.1586745 
t5         2.4141569 3.2381161 0.9913169 1.8942965 1.1132061 0.8864954 1.2588231 9.0000000 2.1983953 1.6785349 1.3744361 1.6785349 1.8942965 0.0000000 0.3040988 9.0000000 9.0000000 1.3744361 1.4396946 1.4396946 
t20        2.7182557 1.7786835 1.0297869 2.4141569 1.1586745 0.9547243 1.4396946 9.0000000 3.2381161 2.1983953 1.7786835 2.7182557 3.2381161 0.3040988 0.0000000 9.0000000 9.0000000 1.4396946 1.5901977 1.5111773 
t19        9.0000000 1.7786835 9.0000000 1.3744361 9.0000000 9.0000000 2.0310377 9.0000000 1.7786835 1.7786835 3.2381161 1.8942965 1.8942965 9.0000000 9.0000000 0.0000000 0.0202715 2.1983953 2.1983953 2.1983953 
t11        9.0000000 2.0310377 9.0000000 1.3744361 9.0000000 9.0000000 2.0310377 9.0000000 1.7786835 1.7786835 2.7182557 1.8942965 1.8942965 9.0000000 9.0000000 0.0202715 0.0000000 2.1983953 2.1983953 2.1983953 
t13        1.5901977 3.2381161 1.3144041 0.7126442 1.7786835 1.0703373 1.3144041 3.2381161 1.2070784 1.0297869 0.3666350 1.1132061 1.1132061 1.3744361 1.4396946 2.1983953 2.1983953 0.0000000 0.0202715 0.0100673 
t16        1.6785349 3.2381161 1.4396946 0.6872180 1.6785349 1.1586745 1.3744361 2.7182557 1.3144041 1.1132061 0.3831192 1.2070784 1.2070784 1.4396946 1.5901977 2.1983953 2.1983953 0.0202715 0.0000000 0.0100673 
t8         1.6785349 3.2381161 1.3744361 0.7126442 1.7786835 1.1132061 1.3144041 2.7182557 1.2588231 1.0703373 0.3831192 1.1586745 1.1586745 1.4396946 1.5111773 2.1983953 2.1983953 0.0100673 0.0100673 0.0000000 
