20
t9         0.0000000 1.2070784 1.4396946 1.5901977 1.4396946 1.0703373 0.9198342 1.3144041 1.3144041 1.5111773 2.4141569 2.7182557 2.4141569 1.3744361 1.8942965 2.4141569 1.4396946 1.4396946 1.6785349 1.4396946 
t10        1.2070784 0.0000000 1.0297869 1.2070784 1.4396946 1.5111773 0.8864954 1.0703373 1.2588231 1.5111773 1.3744361 1.1132061 1.1132061 1.3744361 1.7786835 1.6785349 1.1132061 1.2588231 1.5111773 1.3144041 
t14        1.4396946 1.0297869 0.0000000 1.3144041 1.6785349 1.3744361 0.9547243 1.4396946 1.2070784 1.1586745 1.1586745 1.5111773 1.3744361 1.3144041 1.2588231 1.2070784 1.1586745 1.2588231 1.7786835 1.4396946 
t3         1.5901977 1.2070784 1.3144041 0.0000000 1.5111773 1.2070784 1.0703373 1.3744361 1.3144041 1.5901977 1.1586745 1.0703373 1.1586745 1.5111773 1.2588231 1.3744361 1.4396946 1.7786835 1.5111773 1.4396946 
t1         1.4396946 1.4396946 1.6785349 1.5111773 0.0000000 0.9547243 0.6388142 0.7662384 1.2070784 1.2070784 0.8864954 1.5111773 1.2588231 1.2070784 1.2070784 1.0703373 1.5111773 1.4396946 1.2588231 1.3144041 
t20        1.0703373 1.5111773 1.3744361 1.2070784 0.9547243 0.0000000 1.0297869 1.5901977 1.1586745 1.1586745 0.8545757 1.5111773 1.2588231 0.6626257 0.9913169 0.9547243 1.7786835 1.8942965 0.7126442 0.6872180 
t19        0.9198342 0.8864954 0.9547243 1.0703373 0.6388142 1.0297869 0.0000000 0.6157354 1.3744361 0.9913169 0.9913169 1.3144041 1.0297869 1.1132061 1.0703373 0.9547243 1.1586745 1.2588231 0.9913169 1.0297869 
t16        1.3144041 1.0703373 1.4396946 1.3744361 0.7662384 1.5901977 0.6157354 0.0000000 1.5901977 3.2381161 1.8942965 1.3744361 1.2588231 1.4396946 1.8942965 1.6785349 1.6785349 1.8942965 1.3144041 1.3744361 
t12        1.3144041 1.2588231 1.2070784 1.3144041 1.2070784 1.1586745 1.3744361 1.5901977 0.0000000 0.6388142 0.5504769 0.9547243 0.9547243 0.7945437 0.5716050 0.6626257 1.3744361 1.5111773 0.9198342 0.8545757 
t7         1.5111773 1.5111773 1.1586745 1.5901977 1.2070784 1.1586745 0.9913169 3.2381161 0.6388142 0.0000000 0.5099265 1.3744361 1.5901977 0.8864954 0.4904449 0.6157354 1.3144041 1.3144041 1.0297869 0.8864954 
t11        2.4141569 1.3744361 1.1586745 1.1586745 0.8864954 0.8545757 0.9913169 1.8942965 0.5504769 0.5099265 0.0000000 1.0703373 1.1586745 0.6388142 0.2603971 0.3831192 1.2588231 1.5111773 0.7126442 0.7126442 
t4         2.7182557 1.1132061 1.5111773 1.0703373 1.5111773 1.5111773 1.3144041 1.3744361 0.9547243 1.3744361 1.0703373 0.0000000 0.3040988 1.3744361 1.3744361 1.2588231 1.3744361 1.4396946 1.5111773 1.3744361 
t13        2.4141569 1.1132061 1.3744361 1.1586745 1.2588231 1.2588231 1.0297869 1.2588231 0.9547243 1.5901977 1.1586745 0.3040988 0.0000000 1.4396946 1.5111773 1.5901977 1.4396946 1.3144041 1.4396946 1.4396946 
t2         1.3744361 1.3744361 1.3144041 1.5111773 1.2070784 0.6626257 1.1132061 1.4396946 0.7945437 0.8864954 0.6388142 1.3744361 1.4396946 0.0000000 0.6626257 0.8864954 1.3744361 1.4396946 0.1673577 0.1549607 
t18        1.8942965 1.7786835 1.2588231 1.2588231 1.2070784 0.9913169 1.0703373 1.8942965 0.5716050 0.4904449 0.2603971 1.3744361 1.5111773 0.6626257 0.0000000 0.2058276 1.2070784 1.3744361 0.6626257 0.6872180 
t8         2.4141569 1.6785349 1.2070784 1.3744361 1.0703373 0.9547243 0.9547243 1.6785349 0.6626257 0.6157354 0.3831192 1.2588231 1.5901977 0.8864954 0.2058276 0.0000000 1.3744361 1.5111773 0.9198342 0.9913169 
t17        1.4396946 1.1132061 1.1586745 1.4396946 1.5111773 1.7786835 1.1586745 1.6785349 1.3744361 1.3144041 1.2588231 1.3744361 1.4396946 1.3744361 1.2070784 1.3744361 0.0000000 0.1073256 1.5111773 1.3144041 
t15        1.4396946 1.2588231 1.2588231 1.7786835 1.4396946 1.8942965 1.2588231 1.8942965 1.5111773 1.3144041 1.5111773 1.4396946 1.3144041 1.4396946 1.3744361 1.5111773 0.1073256 0.0000000 1.4396946 1.2588231 
t5         1.6785349 1.5111773 1.7786835 1.5111773 1.2588231 0.7126442 0.9913169 1.3144041 0.9198342 1.0297869 0.7126442 1.5111773 1.4396946 0.1673577 0.6626257 0.9198342 1.5111773 1.4396946 0.0000000 0.0958750 
t6         1.4396946 1.3144041 1.4396946 1.4396946 1.3144041 0.6872180 1.0297869 1.3744361 0.8545757 0.8864954 0.7126442 1.3744361 1.4396946 0.1549607 0.6872180 0.9913169 1.3144041 1.2588231 0.0958750 0.0000000 
