20
t18        0.0000000 0.9198342 1.0297869 1.2070784 0.9198342 1.0703373 1.1586745 1.3144041 0.8864954 0.9547243 0.7389627 0.7126442 0.7389627 0.9198342 0.8864954 0.8239592 0.8545757 0.7945437 0.8545757 0.8864954 
t3         0.9198342 0.0000000 1.1586745 1.0703373 1.0703373 1.0297869 1.1132061 1.5901977 1.1586745 0.8864954 1.5111773 1.3144041 0.9913169 1.1132061 1.1586745 1.2070784 0.7662384 0.6872180 0.5504769 0.7126442 
t4         1.0297869 1.1586745 0.0000000 0.7389627 0.9913169 1.0703373 1.1132061 1.8942965 1.0297869 1.4396946 1.0703373 1.0297869 0.9913169 1.2070784 1.0297869 0.9198342 1.2070784 1.0297869 0.9547243 0.9913169 
t17        1.2070784 1.0703373 0.7389627 0.0000000 1.1586745 1.0703373 1.1586745 1.8942965 1.2588231 1.1132061 1.3744361 0.9198342 0.7945437 0.9913169 0.9913169 1.0297869 1.1132061 0.9547243 1.2070784 1.1132061 
t1         0.9198342 1.0703373 0.9913169 1.1586745 0.0000000 0.5504769 0.6626257 0.8239592 0.4904449 1.1132061 0.4714565 1.5901977 1.0297869 1.3744361 0.3347153 0.3831192 1.2070784 1.2070784 1.1132061 0.9913169 
t20        1.0703373 1.0297869 1.0703373 1.0703373 0.5504769 0.0000000 0.6388142 0.8545757 0.6388142 1.4396946 0.6388142 1.2070784 1.1132061 1.1586745 0.5099265 0.5099265 1.7786835 1.3144041 1.2588231 1.2070784 
t12        1.1586745 1.1132061 1.1132061 1.1586745 0.6626257 0.6388142 0.0000000 0.5299277 0.7662384 1.6785349 0.6872180 1.5901977 1.5111773 1.4396946 0.6872180 0.7389627 1.3144041 1.1132061 1.2070784 1.1586745 
t2         1.3144041 1.5901977 1.8942965 1.8942965 0.8239592 0.8545757 0.5299277 0.0000000 0.8545757 1.6785349 0.7945437 1.7786835 1.4396946 1.6785349 0.7662384 0.8239592 1.6785349 1.7786835 1.6785349 1.7786835 
t7         0.8864954 1.1586745 1.0297869 1.2588231 0.4904449 0.6388142 0.7662384 0.8545757 0.0000000 1.1132061 0.5099265 1.4396946 1.0703373 1.1586745 0.5504769 0.5504769 1.3144041 1.4396946 1.3744361 1.5111773 
t11        0.9547243 0.8864954 1.4396946 1.1132061 1.1132061 1.4396946 1.6785349 1.6785349 1.1132061 0.0000000 0.9913169 0.4714565 0.4172160 0.4348639 0.9198342 0.9198342 0.9547243 0.9913169 0.9547243 0.9547243 
t16        0.7389627 1.5111773 1.0703373 1.3744361 0.4714565 0.6388142 0.6872180 0.7945437 0.5099265 0.9913169 0.0000000 1.0297869 1.0703373 1.2070784 0.2603971 0.2058276 1.7786835 1.3744361 1.3144041 1.2588231 
t5         0.7126442 1.3144041 1.0297869 0.9198342 1.5901977 1.2070784 1.5901977 1.7786835 1.4396946 0.4714565 1.0297869 0.0000000 0.2326162 0.2892469 1.0703373 0.9547243 0.9547243 0.9198342 1.0297869 1.1132061 
t14        0.7389627 0.9913169 0.9913169 0.7945437 1.0297869 1.1132061 1.5111773 1.4396946 1.0703373 0.4172160 1.0703373 0.2326162 0.0000000 0.2191023 0.9198342 0.8545757 0.9198342 0.8864954 0.9547243 1.0297869 
t6         0.9198342 1.1132061 1.2070784 0.9913169 1.3744361 1.1586745 1.4396946 1.6785349 1.1586745 0.4348639 1.2070784 0.2892469 0.2191023 0.0000000 1.0703373 0.9913169 0.9547243 0.9913169 0.9547243 1.0297869 
t19        0.8864954 1.1586745 1.0297869 0.9913169 0.3347153 0.5099265 0.6872180 0.7662384 0.5504769 0.9198342 0.2603971 1.0703373 0.9198342 1.0703373 0.0000000 0.0845966 1.2588231 1.2070784 1.0297869 0.9547243 
t15        0.8239592 1.2070784 0.9198342 1.0297869 0.3831192 0.5099265 0.7389627 0.8239592 0.5504769 0.9198342 0.2058276 0.9547243 0.8545757 0.9913169 0.0845966 0.0000000 1.2588231 1.1586745 1.0703373 0.9198342 
t8         0.8545757 0.7662384 1.2070784 1.1132061 1.2070784 1.7786835 1.3144041 1.6785349 1.3144041 0.9547243 1.7786835 0.9547243 0.9198342 0.9547243 1.2588231 1.2588231 0.0000000 0.2892469 0.6626257 0.7662384 
t10        0.7945437 0.6872180 1.0297869 0.9547243 1.2070784 1.3144041 1.1132061 1.7786835 1.4396946 0.9913169 1.3744361 0.9198342 0.8864954 0.9913169 1.2070784 1.1586745 0.2892469 0.0000000 0.5504769 0.5716050 
t9         0.8545757 0.5504769 0.9547243 1.2070784 1.1132061 1.2588231 1.2070784 1.6785349 1.3744361 0.9547243 1.3144041 1.0297869 0.9547243 0.9547243 1.0297869 1.0703373 0.6626257 0.5504769 0.0000000 0.0958750 
t13        0.8864954 0.7126442 0.9913169 1.1132061 0.9913169 1.2070784 1.1586745 1.7786835 1.5111773 0.9547243 1.2588231 1.1132061 1.0297869 1.0297869 0.9547243 0.9198342 0.7662384 0.5716050 0.0958750 0.0000000 
