20
t4         0.0000000 2.4141569 9.0000000 1.6785349 2.0310377 1.1586745 1.8942965 1.3744361 1.3144041 1.4396946 1.4396946 1.4396946 1.8942965 1.5901977 1.4396946 1.5111773 2.0310377 1.3744361 9.0000000 9.0000000 
t3         2.4141569 0.0000000 9.0000000 2.4141569 9.0000000 2.1983953 2.7182557 9.0000000 2.1983953 9.0000000 9.0000000 2.0310377 2.0310377 1.5901977 9.0000000 9.0000000 1.1586745 3.2381161 9.0000000 9.0000000 
t13        9.0000000 9.0000000 0.0000000 9.0000000 2.0310377 2.7182557 2.1983953 2.4141569 1.6785349 2.7182557 1.8942965 9.0000000 9.0000000 9.0000000 3.2381161 9.0000000 1.6785349 1.7786835 2.0310377 1.8942965 
t1         1.6785349 2.4141569 9.0000000 0.0000000 2.0310377 2.0310377 3.2381161 1.3744361 1.2588231 1.4396946 1.1586745 0.9913169 3.2381161 2.7182557 0.7389627 0.9547243 1.6785349 1.1132061 9.0000000 9.0000000 
t15        2.0310377 9.0000000 2.0310377 2.0310377 0.0000000 1.0703373 1.4396946 0.8545757 0.8864954 0.8864954 0.6388142 1.1586745 2.1983953 2.7182557 1.3144041 1.4396946 2.0310377 1.3144041 9.0000000 9.0000000 
t11        1.1586745 2.1983953 2.7182557 2.0310377 1.0703373 0.0000000 0.8864954 1.1132061 0.7126442 1.0297869 0.9198342 1.3744361 2.0310377 2.0310377 1.4396946 1.5111773 1.4396946 1.2070784 2.4141569 2.4141569 
t12        1.8942965 2.7182557 2.1983953 3.2381161 1.4396946 0.8864954 0.0000000 1.5111773 1.2070784 1.2070784 1.3744361 1.6785349 2.0310377 2.0310377 1.5111773 2.0310377 1.6785349 1.5901977 2.1983953 1.8942965 
t19        1.3744361 9.0000000 2.4141569 1.3744361 0.8545757 1.1132061 1.5111773 0.0000000 0.5299277 0.8545757 0.5933457 1.3144041 3.2381161 9.0000000 1.2588231 1.5111773 1.2070784 1.1586745 9.0000000 9.0000000 
t17        1.3144041 2.1983953 1.6785349 1.2588231 0.8864954 0.7126442 1.2070784 0.5299277 0.0000000 0.7389627 0.5299277 1.0703373 1.6785349 1.4396946 1.4396946 1.3144041 1.4396946 0.9198342 9.0000000 9.0000000 
t18        1.4396946 9.0000000 2.7182557 1.4396946 0.8864954 1.0297869 1.2070784 0.8545757 0.7389627 0.0000000 0.2463781 1.7786835 1.7786835 1.8942965 1.3144041 1.3744361 2.7182557 1.3144041 3.2381161 9.0000000 
t2         1.4396946 9.0000000 1.8942965 1.1586745 0.6388142 0.9198342 1.3744361 0.5933457 0.5299277 0.2463781 0.0000000 1.2588231 1.6785349 1.5901977 1.1586745 1.1586745 1.5901977 0.9547243 9.0000000 9.0000000 
t8         1.4396946 2.0310377 9.0000000 0.9913169 1.1586745 1.3744361 1.6785349 1.3144041 1.0703373 1.7786835 1.2588231 0.0000000 2.1983953 2.4141569 0.6388142 0.7126442 0.9913169 0.9198342 9.0000000 9.0000000 
t6         1.8942965 2.0310377 9.0000000 3.2381161 2.1983953 2.0310377 2.0310377 3.2381161 1.6785349 1.7786835 1.6785349 2.1983953 0.0000000 0.1799630 2.0310377 9.0000000 2.0310377 1.4396946 9.0000000 9.0000000 
t10        1.5901977 1.5901977 9.0000000 2.7182557 2.7182557 2.0310377 2.0310377 9.0000000 1.4396946 1.8942965 1.5901977 2.4141569 0.1799630 0.0000000 3.2381161 9.0000000 1.7786835 1.3744361 9.0000000 9.0000000 
t14        1.4396946 9.0000000 3.2381161 0.7389627 1.3144041 1.4396946 1.5111773 1.2588231 1.4396946 1.3144041 1.1586745 0.6388142 2.0310377 3.2381161 0.0000000 0.3040988 1.2070784 0.8864954 9.0000000 9.0000000 
t7         1.5111773 9.0000000 9.0000000 0.9547243 1.4396946 1.5111773 2.0310377 1.5111773 1.3144041 1.3744361 1.1586745 0.7126442 9.0000000 9.0000000 0.3040988 0.0000000 1.6785349 1.2588231 9.0000000 9.0000000 
t5         2.0310377 1.1586745 1.6785349 1.6785349 2.0310377 1.4396946 1.6785349 1.2070784 1.4396946 2.7182557 1.5901977 0.9913169 2.0310377 1.7786835 1.2070784 1.6785349 0.0000000 0.6626257 9.0000000 9.0000000 
t9         1.3744361 3.2381161 1.7786835 1.1132061 1.3144041 1.2070784 1.5901977 1.1586745 0.9198342 1.3144041 0.9547243 0.9198342 1.4396946 1.3744361 0.8864954 1.2588231 0.6626257 0.0000000 9.0000000 9.0000000 
t16        9.0000000 9.0000000 2.0310377 9.0000000 9.0000000 2.4141569 2.1983953 9.0000000 9.0000000 3.2381161 9.0000000 9.0000000 9.0000000 9.0000000 9.0000000 9.0000000 9.0000000 9.0000000 0.0000000 0.0202715 
t20        9.0000000 9.0000000 1.8942965 9.0000000 9.0000000 2.4141569 1.8942965 9.0000000 9.0000000 9.0000000 9.0000000 9.0000000 9.0000000 9.0000000 9.0000000 9.0000000 9.0000000 9.0000000 0.0202715 0.0000000 
