20
t12        0.0000000 0.7126442 0.5099265 0.6626257 1.0297869 0.6157354 0.8864954 0.8239592 0.8545757 0.7126442 0.5933457 0.9198342 0.7389627 0.8864954 0.7126442 0.7126442 1.0297869 0.9913169 0.8864954 0.9198342 
t4         0.7126442 0.0000000 0.8864954 1.1586745 0.8545757 0.5099265 0.7389627 0.9913169 1.0703373 1.0297869 0.7662384 1.2070784 0.8239592 1.0703373 0.9547243 0.9547243 1.1586745 1.1132061 0.9547243 0.9547243 
t15        0.5099265 0.8864954 0.0000000 0.4348639 0.9547243 0.7389627 0.8239592 0.4529370 0.5099265 0.3999739 0.6388142 0.9547243 0.7389627 0.4529370 0.3831192 0.4714565 0.5504769 0.5504769 0.5504769 0.5716050 
t3         0.6626257 1.1586745 0.4348639 0.0000000 1.1586745 1.0297869 0.9198342 0.6872180 0.7662384 0.7126442 0.8545757 1.0703373 1.0297869 0.6872180 0.6626257 0.8545757 0.7389627 0.6626257 0.7126442 0.7126442 
t18        1.0297869 0.8545757 0.9547243 1.1586745 0.0000000 0.6157354 0.9547243 1.1132061 1.2588231 1.2588231 0.9547243 2.0310377 1.1132061 1.3144041 1.0297869 1.1132061 1.4396946 1.3144041 1.1586745 1.2070784 
t11        0.6157354 0.5099265 0.7389627 1.0297869 0.6157354 0.0000000 0.3666350 1.0703373 1.0703373 0.8545757 0.7126442 1.0297869 0.8545757 1.1586745 0.9198342 0.9198342 1.3144041 1.2588231 1.0703373 1.1132061 
t14        0.8864954 0.7389627 0.8239592 0.9198342 0.9547243 0.3666350 0.0000000 1.0297869 1.0703373 0.9198342 0.6872180 1.2070784 0.8545757 0.9913169 0.9547243 1.1132061 0.9913169 0.8864954 0.9913169 1.0297869 
t6         0.8239592 0.9913169 0.4529370 0.6872180 1.1132061 1.0703373 1.0297869 0.0000000 0.2191023 0.2326162 0.9198342 1.2588231 1.3144041 0.2326162 0.2191023 0.2603971 0.3505054 0.3040988 0.2603971 0.2746833 
t20        0.8545757 1.0703373 0.5099265 0.7662384 1.2588231 1.0703373 1.0703373 0.2191023 0.0000000 0.2326162 1.0703373 1.5901977 1.2070784 0.2326162 0.2463781 0.2892469 0.3666350 0.3192509 0.2892469 0.3040988 
t16        0.7126442 1.0297869 0.3999739 0.7126442 1.2588231 0.8545757 0.9198342 0.2326162 0.2326162 0.0000000 0.9547243 1.2070784 0.9547243 0.2463781 0.2603971 0.3040988 0.3505054 0.3505054 0.2892469 0.3040988 
t8         0.5933457 0.7662384 0.6388142 0.8545757 0.9547243 0.7126442 0.6872180 0.9198342 1.0703373 0.9547243 0.0000000 0.5933457 0.4904449 1.1586745 0.7662384 0.8545757 1.2588231 1.2070784 1.1132061 1.1586745 
t10        0.9198342 1.2070784 0.9547243 1.0703373 2.0310377 1.0297869 1.2070784 1.2588231 1.5901977 1.2070784 0.5933457 0.0000000 0.8239592 1.3744361 1.0703373 1.0703373 1.4396946 1.5111773 1.2588231 1.3144041 
t17        0.7389627 0.8239592 0.7389627 1.0297869 1.1132061 0.8545757 0.8545757 1.3144041 1.2070784 0.9547243 0.4904449 0.8239592 0.0000000 1.0297869 0.8864954 0.9547243 1.2070784 1.1132061 1.0703373 1.1132061 
t2         0.8864954 1.0703373 0.4529370 0.6872180 1.3144041 1.1586745 0.9913169 0.2326162 0.2326162 0.2463781 1.1586745 1.3744361 1.0297869 0.0000000 0.2892469 0.3347153 0.1189538 0.1549607 0.1073256 0.1189538 
t19        0.7126442 0.9547243 0.3831192 0.6626257 1.0297869 0.9198342 0.9547243 0.2191023 0.2463781 0.2603971 0.7662384 1.0703373 0.8864954 0.2892469 0.0000000 0.0845966 0.3999739 0.3666350 0.3192509 0.3347153 
t13        0.7126442 0.9547243 0.4714565 0.8545757 1.1132061 0.9198342 1.1132061 0.2603971 0.2892469 0.3040988 0.8545757 1.0703373 0.9547243 0.3347153 0.0845966 0.0000000 0.4714565 0.4172160 0.3666350 0.3831192 
t7         1.0297869 1.1586745 0.5504769 0.7389627 1.4396946 1.3144041 0.9913169 0.3505054 0.3666350 0.3505054 1.2588231 1.4396946 1.2070784 0.1189538 0.3999739 0.4714565 0.0000000 0.1307650 0.1073256 0.1307650 
t9         0.9913169 1.1132061 0.5504769 0.6626257 1.3144041 1.2588231 0.8864954 0.3040988 0.3192509 0.3505054 1.2070784 1.5111773 1.1132061 0.1549607 0.3666350 0.4172160 0.1307650 0.0000000 0.1073256 0.1307650 
t5         0.8864954 0.9547243 0.5504769 0.7126442 1.1586745 1.0703373 0.9913169 0.2603971 0.2892469 0.2892469 1.1132061 1.2588231 1.0703373 0.1073256 0.3192509 0.3666350 0.1073256 0.1073256 0.0000000 0.0202715 
t1         0.9198342 0.9547243 0.5716050 0.7126442 1.2070784 1.1132061 1.0297869 0.2746833 0.3040988 0.3040988 1.1586745 1.3144041 1.1132061 0.1189538 0.3347153 0.3831192 0.1307650 0.1307650 0.0202715 0.0000000 
