20
t13        0.0000000 1.7786835 2.7182557 1.6785349 1.5901977 9.0000000 1.7786835 2.7182557 1.5111773 1.7786835 1.8942965 1.1586745 1.3744361 1.3144041 2.1983953 2.1983953 1.3144041 1.2070784 1.3144041 1.3144041 
t15        1.7786835 0.0000000 1.3144041 2.0310377 9.0000000 9.0000000 9.0000000 2.4141569 2.7182557 9.0000000 9.0000000 1.4396946 1.5901977 2.0310377 9.0000000 9.0000000 9.0000000 9.0000000 3.2381161 3.2381161 
t2         2.7182557 1.3144041 0.0000000 1.7786835 9.0000000 2.0310377 9.0000000 1.8942965 1.8942965 9.0000000 2.4141569 2.7182557 2.1983953 1.7786835 3.2381161 2.1983953 9.0000000 9.0000000 2.7182557 2.7182557 
t6         1.6785349 2.0310377 1.7786835 0.0000000 2.1983953 2.1983953 3.2381161 9.0000000 1.8942965 2.4141569 2.0310377 2.4141569 2.4141569 1.8942965 9.0000000 2.4141569 2.7182557 9.0000000 9.0000000 9.0000000 
t3         1.5901977 9.0000000 9.0000000 2.1983953 0.0000000 1.3144041 0.4172160 9.0000000 2.4141569 0.5716050 0.7662384 1.8942965 1.5111773 1.5901977 0.6388142 0.8239592 1.5901977 1.4396946 1.1586745 1.1132061 
t5         9.0000000 9.0000000 2.0310377 2.1983953 1.3144041 0.0000000 0.7662384 1.7786835 2.4141569 0.9198342 1.1586745 9.0000000 1.7786835 1.5901977 1.5901977 1.4396946 2.7182557 2.7182557 1.5901977 1.5901977 
t1         1.7786835 9.0000000 9.0000000 3.2381161 0.4172160 0.7662384 0.0000000 1.4396946 1.8942965 0.4529370 0.6388142 1.2588231 1.1132061 1.1132061 0.9547243 0.9547243 1.2588231 1.6785349 1.1586745 1.1132061 
t8         2.7182557 2.4141569 1.8942965 9.0000000 9.0000000 1.7786835 1.4396946 0.0000000 1.1586745 9.0000000 2.4141569 1.8942965 1.5111773 1.7786835 9.0000000 9.0000000 0.9198342 1.0297869 1.0297869 0.9913169 
t11        1.5111773 2.7182557 1.8942965 1.8942965 2.4141569 2.4141569 1.8942965 1.1586745 0.0000000 9.0000000 1.8942965 1.7786835 1.6785349 1.7786835 2.1983953 2.4141569 0.6626257 0.6872180 0.7389627 0.7126442 
t12        1.7786835 9.0000000 9.0000000 2.4141569 0.5716050 0.9198342 0.4529370 9.0000000 9.0000000 0.0000000 0.4904449 1.3144041 1.1586745 1.1132061 0.8864954 1.1586745 1.8942965 2.4141569 1.6785349 1.5901977 
t18        1.8942965 9.0000000 2.4141569 2.0310377 0.7662384 1.1586745 0.6388142 2.4141569 1.8942965 0.4904449 0.0000000 1.3744361 1.0703373 1.2070784 1.1132061 1.3144041 1.7786835 2.1983953 1.5901977 1.5901977 
t7         1.1586745 1.4396946 2.7182557 2.4141569 1.8942965 9.0000000 1.2588231 1.8942965 1.7786835 1.3144041 1.3744361 0.0000000 0.3040988 0.2191023 2.0310377 9.0000000 1.1586745 1.7786835 2.1983953 2.1983953 
t16        1.3744361 1.5901977 2.1983953 2.4141569 1.5111773 1.7786835 1.1132061 1.5111773 1.6785349 1.1586745 1.0703373 0.3040988 0.0000000 0.2603971 1.7786835 2.0310377 0.9913169 1.5111773 1.5111773 1.5111773 
t9         1.3144041 2.0310377 1.7786835 1.8942965 1.5901977 1.5901977 1.1132061 1.7786835 1.7786835 1.1132061 1.2070784 0.2191023 0.2603971 0.0000000 2.1983953 1.8942965 1.1586745 1.7786835 1.4396946 1.4396946 
t14        2.1983953 9.0000000 3.2381161 9.0000000 0.6388142 1.5901977 0.9547243 9.0000000 2.1983953 0.8864954 1.1132061 2.0310377 1.7786835 2.1983953 0.0000000 1.2588231 2.4141569 2.0310377 1.5901977 1.5111773 
t10        2.1983953 9.0000000 2.1983953 2.4141569 0.8239592 1.4396946 0.9547243 9.0000000 2.4141569 1.1586745 1.3144041 9.0000000 2.0310377 1.8942965 1.2588231 0.0000000 2.4141569 1.8942965 1.7786835 1.6785349 
t19        1.3144041 9.0000000 9.0000000 2.7182557 1.5901977 2.7182557 1.2588231 0.9198342 0.6626257 1.8942965 1.7786835 1.1586745 0.9913169 1.1586745 2.4141569 2.4141569 0.0000000 0.3999739 0.5099265 0.4904449 
t4         1.2070784 9.0000000 9.0000000 9.0000000 1.4396946 2.7182557 1.6785349 1.0297869 0.6872180 2.4141569 2.1983953 1.7786835 1.5111773 1.7786835 2.0310377 1.8942965 0.3999739 0.0000000 0.7126442 0.7126442 
t17        1.3144041 3.2381161 2.7182557 9.0000000 1.1586745 1.5901977 1.1586745 1.0297869 0.7389627 1.6785349 1.5901977 2.1983953 1.5111773 1.4396946 1.5901977 1.7786835 0.5099265 0.7126442 0.0000000 0.0100673 
t20        1.3144041 3.2381161 2.7182557 9.0000000 1.1132061 1.5901977 1.1132061 0.9913169 0.7126442 1.5901977 1.5901977 2.1983953 1.5111773 1.4396946 1.5111773 1.6785349 0.4904449 0.7126442 0.0100673 0.0000000 
