20
t6         0.0000000 1.5901977 2.0310377 2.1983953 3.2381161 1.5111773 9.0000000 2.7182557 9.0000000 2.0310377 1.8942965 1.7786835 1.4396946 1.6785349 9.0000000 9.0000000 1.8942965 1.7786835 1.6785349 1.7786835 
t3         1.5901977 0.0000000 3.2381161 9.0000000 2.7182557 1.1586745 3.2381161 1.8942965 1.6785349 2.4141569 1.8942965 1.5111773 9.0000000 1.7786835 9.0000000 9.0000000 3.2381161 3.2381161 1.6785349 1.8942965 
t11        2.0310377 3.2381161 0.0000000 1.6785349 3.2381161 1.3144041 0.5099265 0.6872180 1.7786835 1.6785349 0.9547243 0.7389627 1.7786835 1.5901977 2.7182557 2.4141569 2.4141569 2.4141569 1.3744361 1.4396946 
t8         2.1983953 9.0000000 1.6785349 0.0000000 1.2588231 1.3744361 1.5111773 1.3744361 9.0000000 9.0000000 1.5901977 1.8942965 9.0000000 9.0000000 1.2070784 1.2070784 9.0000000 3.2381161 1.8942965 2.1983953 
t13        3.2381161 2.7182557 3.2381161 1.2588231 0.0000000 2.1983953 2.1983953 2.4141569 9.0000000 9.0000000 3.2381161 2.7182557 9.0000000 3.2381161 0.3505054 0.3666350 2.7182557 2.7182557 9.0000000 9.0000000 
t16        1.5111773 1.1586745 1.3144041 1.3744361 2.1983953 0.0000000 1.3744361 1.3144041 9.0000000 2.4141569 1.1586745 0.9547243 1.2588231 1.2070784 9.0000000 9.0000000 0.7945437 0.7945437 0.5504769 0.5933457 
t2         9.0000000 3.2381161 0.5099265 1.5111773 2.1983953 1.3744361 0.0000000 0.2892469 1.7786835 1.5111773 0.9547243 0.7662384 1.8942965 2.0310377 1.7786835 1.8942965 2.0310377 2.1983953 1.4396946 1.6785349 
t9         2.7182557 1.8942965 0.6872180 1.3744361 2.4141569 1.3144041 0.2892469 0.0000000 2.7182557 1.7786835 1.1132061 0.8545757 1.6785349 1.6785349 2.7182557 2.1983953 1.8942965 1.7786835 1.5901977 1.8942965 
t18        9.0000000 1.6785349 1.7786835 9.0000000 9.0000000 9.0000000 1.7786835 2.7182557 0.0000000 0.3192509 1.7786835 1.2588231 2.4141569 1.5901977 9.0000000 9.0000000 9.0000000 9.0000000 2.4141569 9.0000000 
t15        2.0310377 2.4141569 1.6785349 9.0000000 9.0000000 2.4141569 1.5111773 1.7786835 0.3192509 0.0000000 1.5111773 1.2070784 1.5901977 1.2588231 9.0000000 9.0000000 9.0000000 9.0000000 1.7786835 2.1983953 
t10        1.8942965 1.8942965 0.9547243 1.5901977 3.2381161 1.1586745 0.9547243 1.1132061 1.7786835 1.5111773 0.0000000 0.1799630 1.3744361 1.1586745 2.1983953 2.0310377 1.1586745 1.2070784 1.0703373 1.1132061 
t5         1.7786835 1.5111773 0.7389627 1.8942965 2.7182557 0.9547243 0.7662384 0.8545757 1.2588231 1.2070784 0.1799630 0.0000000 1.1586745 1.0297869 2.4141569 2.1983953 1.1132061 1.1586745 0.8545757 0.9198342 
t20        1.4396946 9.0000000 1.7786835 9.0000000 9.0000000 1.2588231 1.8942965 1.6785349 2.4141569 1.5901977 1.3744361 1.1586745 0.0000000 0.4529370 9.0000000 9.0000000 1.2588231 1.2588231 1.3144041 1.2070784 
t1         1.6785349 1.7786835 1.5901977 9.0000000 3.2381161 1.2070784 2.0310377 1.6785349 1.5901977 1.2588231 1.1586745 1.0297869 0.4529370 0.0000000 9.0000000 9.0000000 1.5111773 1.5111773 1.3144041 1.2070784 
t12        9.0000000 9.0000000 2.7182557 1.2070784 0.3505054 9.0000000 1.7786835 2.7182557 9.0000000 9.0000000 2.1983953 2.4141569 9.0000000 9.0000000 0.0000000 0.1427653 9.0000000 9.0000000 9.0000000 9.0000000 
t4         9.0000000 9.0000000 2.4141569 1.2070784 0.3666350 9.0000000 1.8942965 2.1983953 9.0000000 9.0000000 2.0310377 2.1983953 9.0000000 9.0000000 0.1427653 0.0000000 9.0000000 9.0000000 9.0000000 9.0000000 
t17        1.8942965 3.2381161 2.4141569 9.0000000 2.7182557 0.7945437 2.0310377 1.8942965 9.0000000 9.0000000 1.1586745 1.1132061 1.2588231 1.5111773 9.0000000 9.0000000 0.0000000 0.0100673 0.3505054 0.3666350 
t7         1.7786835 3.2381161 2.4141569 3.2381161 2.7182557 0.7945437 2.1983953 1.7786835 9.0000000 9.0000000 1.2070784 1.1586745 1.2588231 1.5111773 9.0000000 9.0000000 0.0100673 0.0000000 0.3666350 0.3831192 
t14        1.6785349 1.6785349 1.3744361 1.8942965 9.0000000 0.5504769 1.4396946 1.5901977 2.4141569 1.7786835 1.0703373 0.8545757 1.3144041 1.3144041 9.0000000 9.0000000 0.3505054 0.3666350 0.0000000 0.0517447 
t19        1.7786835 1.8942965 1.4396946 2.1983953 9.0000000 0.5933457 1.6785349 1.8942965 9.0000000 2.1983953 1.1132061 0.9198342 1.2070784 1.2070784 9.0000000 9.0000000 0.3666350 0.3831192 0.0517447 0.0000000 
