20
t10        0.0000000 0.7126442 0.9913169 1.0297869 0.7945437 0.6872180 1.1586745 2.4141569 1.4396946 1.0703373 1.0297869 1.3144041 1.5901977 1.6785349 1.1132061 0.9547243 0.9547243 1.1132061 1.5111773 1.5111773 
t5         0.7126442 0.0000000 1.1132061 1.0703373 0.7126442 0.7662384 1.5901977 3.2381161 1.5901977 1.2070784 1.1132061 1.0703373 1.7786835 1.3744361 1.3144041 1.1586745 0.7126442 0.7945437 1.3744361 1.3744361 
t9         0.9913169 1.1132061 0.0000000 0.5504769 1.3144041 0.9913169 0.7945437 1.2070784 1.5901977 0.6157354 0.6157354 0.7662384 1.5901977 1.3144041 1.4396946 1.0297869 1.4396946 1.4396946 1.4396946 1.3144041 
t13        1.0297869 1.0703373 0.5504769 0.0000000 1.2070784 1.2070784 0.8545757 1.2588231 1.7786835 0.6872180 0.6157354 0.9198342 1.6785349 1.5901977 2.0310377 1.1586745 1.3744361 1.5901977 1.2070784 1.2588231 
t19        0.7945437 0.7126442 1.3144041 1.2070784 0.0000000 0.7389627 1.3144041 2.0310377 1.5111773 1.3744361 1.2070784 1.5111773 1.2588231 1.5111773 1.1132061 0.8864954 0.7126442 0.7662384 1.1132061 1.1586745 
t14        0.6872180 0.7662384 0.9913169 1.2070784 0.7389627 0.0000000 1.1586745 9.0000000 1.1132061 1.0703373 1.0703373 1.1132061 1.4396946 1.2588231 0.7662384 0.6388142 0.9547243 0.9913169 1.2070784 1.1132061 
t6         1.1586745 1.5901977 0.7945437 0.8545757 1.3144041 1.1586745 0.0000000 1.2588231 2.4141569 0.9198342 0.9198342 1.2588231 1.6785349 1.6785349 1.3144041 1.3144041 1.4396946 1.5901977 1.5111773 1.5111773 
t15        2.4141569 3.2381161 1.2070784 1.2588231 2.0310377 9.0000000 1.2588231 0.0000000 2.4141569 1.2070784 1.0703373 2.1983953 9.0000000 9.0000000 2.0310377 2.0310377 2.7182557 2.4141569 3.2381161 2.1983953 
t12        1.4396946 1.5901977 1.5901977 1.7786835 1.5111773 1.1132061 2.4141569 2.4141569 0.0000000 1.3144041 1.3744361 1.3744361 9.0000000 2.4141569 0.8545757 0.7662384 1.5111773 1.7786835 1.7786835 1.7786835 
t17        1.0703373 1.2070784 0.6157354 0.6872180 1.3744361 1.0703373 0.9198342 1.2070784 1.3144041 0.0000000 0.2603971 0.4529370 1.7786835 1.6785349 1.2070784 1.1586745 1.2070784 1.2588231 0.9547243 0.9547243 
t1         1.0297869 1.1132061 0.6157354 0.6157354 1.2070784 1.0703373 0.9198342 1.0703373 1.3744361 0.2603971 0.0000000 0.4172160 1.4396946 1.3744361 1.4396946 1.1586745 1.1586745 1.2588231 1.0297869 1.0297869 
t3         1.3144041 1.0703373 0.7662384 0.9198342 1.5111773 1.1132061 1.2588231 2.1983953 1.3744361 0.4529370 0.4172160 0.0000000 1.3144041 1.3144041 1.5111773 1.3144041 1.3144041 1.2588231 1.2070784 1.2070784 
t20        1.5901977 1.7786835 1.5901977 1.6785349 1.2588231 1.4396946 1.6785349 9.0000000 9.0000000 1.7786835 1.4396946 1.3144041 0.0000000 0.2326162 2.4141569 1.6785349 1.6785349 1.6785349 1.6785349 2.0310377 
t2         1.6785349 1.3744361 1.3144041 1.5901977 1.5111773 1.2588231 1.6785349 9.0000000 2.4141569 1.6785349 1.3744361 1.3144041 0.2326162 0.0000000 1.8942965 1.2588231 1.7786835 1.6785349 1.7786835 2.1983953 
t7         1.1132061 1.3144041 1.4396946 2.0310377 1.1132061 0.7662384 1.3144041 2.0310377 0.8545757 1.2070784 1.4396946 1.5111773 2.4141569 1.8942965 0.0000000 0.2746833 1.0297869 1.1586745 1.4396946 1.3744361 
t11        0.9547243 1.1586745 1.0297869 1.1586745 0.8864954 0.6388142 1.3144041 2.0310377 0.7662384 1.1586745 1.1586745 1.3144041 1.6785349 1.2588231 0.2746833 0.0000000 0.9913169 0.9547243 1.3744361 1.3744361 
t8         0.9547243 0.7126442 1.4396946 1.3744361 0.7126442 0.9547243 1.4396946 2.7182557 1.5111773 1.2070784 1.1586745 1.3144041 1.6785349 1.7786835 1.0297869 0.9913169 0.0000000 0.1307650 1.1586745 1.2070784 
t16        1.1132061 0.7945437 1.4396946 1.5901977 0.7662384 0.9913169 1.5901977 2.4141569 1.7786835 1.2588231 1.2588231 1.2588231 1.6785349 1.6785349 1.1586745 0.9547243 0.1307650 0.0000000 1.1132061 1.1132061 
t4         1.5111773 1.3744361 1.4396946 1.2070784 1.1132061 1.2070784 1.5111773 3.2381161 1.7786835 0.9547243 1.0297869 1.2070784 1.6785349 1.7786835 1.4396946 1.3744361 1.1586745 1.1132061 0.0000000 0.0411062 
t18        1.5111773 1.3744361 1.3144041 1.2588231 1.1586745 1.1132061 1.5111773 2.1983953 1.7786835 0.9547243 1.0297869 1.2070784 2.0310377 2.1983953 1.3744361 1.3744361 1.2070784 1.1132061 0.0411062 0.0000000 
