20
t5         0.0000000 0.7126442 0.8864954 1.2070784 0.5933457 0.4904449 1.0703373 1.5901977 1.1132061 1.1132061 1.3744361 1.2588231 3.2381161 0.8239592 0.6388142 0.7945437 1.2070784 1.1132061 1.1586745 1.0297869 
t9         0.7126442 0.0000000 0.4904449 0.7389627 0.6388142 0.5099265 0.9198342 1.5111773 0.7945437 0.7126442 0.8864954 0.8239592 2.1983953 0.6157354 0.6388142 0.4904449 1.0297869 1.0703373 1.1586745 0.9913169 
t12        0.8864954 0.4904449 0.0000000 0.8545757 0.7945437 0.7126442 1.3144041 3.2381161 1.1586745 1.1132061 1.5901977 1.4396946 9.0000000 0.8864954 0.9198342 1.0297869 1.1586745 1.3144041 1.1586745 1.0703373 
t17        1.2070784 0.7389627 0.8545757 0.0000000 1.0703373 0.8545757 1.2588231 1.6785349 1.2588231 1.2588231 1.2070784 1.1586745 9.0000000 1.0297869 0.9547243 0.8864954 1.5901977 1.5901977 1.1132061 0.9198342 
t8         0.5933457 0.6388142 0.7945437 1.0703373 0.0000000 0.2603971 1.0297869 1.4396946 0.9547243 0.7662384 1.2070784 1.4396946 2.4141569 0.6388142 0.3505054 0.5299277 0.8864954 0.9913169 1.0297869 1.1586745 
t16        0.4904449 0.5099265 0.7126442 0.8545757 0.2603971 0.0000000 0.8864954 1.5901977 0.9198342 0.6388142 1.0297869 1.1586745 3.2381161 0.5099265 0.3192509 0.4904449 0.7945437 0.9198342 0.9913169 1.1132061 
t1         1.0703373 0.9198342 1.3144041 1.2588231 1.0297869 0.8864954 0.0000000 1.0297869 0.6157354 1.0297869 0.2892469 0.3831192 2.0310377 1.0297869 0.9913169 1.0297869 1.2070784 2.0310377 1.4396946 1.2588231 
t6         1.5901977 1.5111773 3.2381161 1.6785349 1.4396946 1.5901977 1.0297869 0.0000000 0.9913169 9.0000000 1.0297869 1.2070784 9.0000000 2.4141569 1.8942965 1.4396946 1.7786835 1.7786835 9.0000000 9.0000000 
t4         1.1132061 0.7945437 1.1586745 1.2588231 0.9547243 0.9198342 0.6157354 0.9913169 0.0000000 1.2070784 0.6626257 0.8864954 2.4141569 0.9913169 1.1132061 0.9913169 0.9913169 1.6785349 1.5901977 1.3744361 
t18        1.1132061 0.7126442 1.1132061 1.2588231 0.7662384 0.6388142 1.0297869 9.0000000 1.2070784 0.0000000 1.1132061 1.2070784 1.5901977 0.2603971 0.6157354 0.8239592 0.6626257 0.8239592 1.1586745 1.1586745 
t20        1.3744361 0.8864954 1.5901977 1.2070784 1.2070784 1.0297869 0.2892469 1.0297869 0.6626257 1.1132061 0.0000000 0.3999739 2.7182557 1.1586745 1.4396946 1.2588231 1.7786835 9.0000000 2.0310377 1.6785349 
t11        1.2588231 0.8239592 1.4396946 1.1586745 1.4396946 1.1586745 0.3831192 1.2070784 0.8864954 1.2070784 0.3999739 0.0000000 9.0000000 1.2070784 1.3144041 1.3144041 1.5111773 2.7182557 1.8942965 1.5111773 
t19        3.2381161 2.1983953 9.0000000 9.0000000 2.4141569 3.2381161 2.0310377 9.0000000 2.4141569 1.5901977 2.7182557 9.0000000 0.0000000 1.6785349 9.0000000 2.0310377 2.1983953 9.0000000 9.0000000 2.7182557 
t14        0.8239592 0.6157354 0.8864954 1.0297869 0.6388142 0.5099265 1.0297869 2.4141569 0.9913169 0.2603971 1.1586745 1.2070784 1.6785349 0.0000000 0.4904449 0.6872180 0.5716050 0.5716050 0.9913169 1.0297869 
t15        0.6388142 0.6388142 0.9198342 0.9547243 0.3505054 0.3192509 0.9913169 1.8942965 1.1132061 0.6157354 1.4396946 1.3144041 9.0000000 0.4904449 0.0000000 0.3666350 0.7126442 0.8239592 1.2588231 1.3744361 
t13        0.7945437 0.4904449 1.0297869 0.8864954 0.5299277 0.4904449 1.0297869 1.4396946 0.9913169 0.8239592 1.2588231 1.3144041 2.0310377 0.6872180 0.3666350 0.0000000 1.0703373 1.0297869 1.4396946 1.3744361 
t2         1.2070784 1.0297869 1.1586745 1.5901977 0.8864954 0.7945437 1.2070784 1.7786835 0.9913169 0.6626257 1.7786835 1.5111773 2.1983953 0.5716050 0.7126442 1.0703373 0.0000000 0.9913169 2.0310377 1.5111773 
t7         1.1132061 1.0703373 1.3144041 1.5901977 0.9913169 0.9198342 2.0310377 1.7786835 1.6785349 0.8239592 9.0000000 2.7182557 9.0000000 0.5716050 0.8239592 1.0297869 0.9913169 0.0000000 2.1983953 9.0000000 
t10        1.1586745 1.1586745 1.1586745 1.1132061 1.0297869 0.9913169 1.4396946 9.0000000 1.5901977 1.1586745 2.0310377 1.8942965 9.0000000 0.9913169 1.2588231 1.4396946 2.0310377 2.1983953 0.0000000 0.2058276 
t3         1.0297869 0.9913169 1.0703373 0.9198342 1.1586745 1.1132061 1.2588231 9.0000000 1.3744361 1.1586745 1.6785349 1.5111773 2.7182557 1.0297869 1.3744361 1.3744361 1.5111773 9.0000000 0.2058276 0.0000000 
