20
t6         0.0000000 0.6626257 0.5933457 0.5716050 1.5901977 0.7389627 0.8545757 0.6626257 2.0310377 2.0310377 0.9547243 0.6157354 0.6872180 0.7389627 0.7945437 0.8864954 0.8239592 0.8545757 1.5901977 1.5901977 
t5         0.6626257 0.0000000 0.4172160 0.3999739 1.7786835 0.4348639 0.6626257 0.4529370 1.6785349 2.1983953 0.7389627 0.2892469 0.3040988 0.5933457 0.6157354 0.6872180 0.6157354 0.6157354 1.5111773 1.5111773 
t14        0.5933457 0.4172160 0.0000000 0.0845966 1.4396946 0.4348639 0.3666350 0.1673577 1.6785349 2.0310377 0.5299277 0.3666350 0.4348639 0.3347153 0.3505054 0.3999739 0.2746833 0.2746833 1.4396946 1.4396946 
t8         0.5716050 0.3999739 0.0845966 0.0000000 1.2588231 0.3666350 0.3999739 0.1427653 1.5111773 1.7786835 0.4904449 0.3505054 0.4172160 0.3040988 0.3192509 0.3666350 0.2746833 0.2746833 1.2588231 1.2588231 
t2         1.5901977 1.7786835 1.4396946 1.2588231 0.0000000 1.8942965 1.4396946 1.4396946 0.2463781 0.3040988 1.6785349 1.5901977 1.7786835 1.5901977 1.5901977 1.6785349 1.5111773 1.5901977 0.1073256 0.1073256 
t19        0.7389627 0.4348639 0.4348639 0.3666350 1.8942965 0.0000000 0.7389627 0.4348639 1.5111773 2.4141569 0.6388142 0.2191023 0.2746833 0.5504769 0.5504769 0.5933457 0.6388142 0.6388142 1.5901977 1.5901977 
t15        0.8545757 0.6626257 0.3666350 0.3999739 1.4396946 0.7389627 0.0000000 0.3999739 1.6785349 2.0310377 0.6872180 0.6626257 0.7389627 0.5716050 0.5504769 0.6157354 0.5299277 0.5299277 1.3744361 1.3744361 
t18        0.6626257 0.4529370 0.1673577 0.1427653 1.4396946 0.4348639 0.3999739 0.0000000 1.6785349 2.4141569 0.4904449 0.4172160 0.4529370 0.3347153 0.3505054 0.3666350 0.2058276 0.2058276 1.5111773 1.5111773 
t9         2.0310377 1.6785349 1.6785349 1.5111773 0.2463781 1.5111773 1.6785349 1.6785349 0.0000000 0.2191023 2.1983953 1.5111773 1.4396946 2.4141569 2.0310377 2.7182557 1.8942965 1.8942965 0.1427653 0.1427653 
t16        2.0310377 2.1983953 2.0310377 1.7786835 0.3040988 2.4141569 2.0310377 2.4141569 0.2191023 0.0000000 3.2381161 1.5901977 1.5901977 9.0000000 3.2381161 3.2381161 2.7182557 2.7182557 0.1927838 0.1927838 
t3         0.9547243 0.7389627 0.5299277 0.4904449 1.6785349 0.6388142 0.6872180 0.4904449 2.1983953 3.2381161 0.0000000 0.6626257 0.7662384 0.1673577 0.2058276 0.1927838 0.6626257 0.6872180 1.8942965 1.8942965 
t12        0.6157354 0.2892469 0.3666350 0.3505054 1.5901977 0.2191023 0.6626257 0.4172160 1.5111773 1.5901977 0.6626257 0.0000000 0.0845966 0.5299277 0.5299277 0.5933457 0.5716050 0.5716050 1.3744361 1.3744361 
t20        0.6872180 0.3040988 0.4348639 0.4172160 1.7786835 0.2746833 0.7389627 0.4529370 1.4396946 1.5901977 0.7662384 0.0845966 0.0000000 0.6157354 0.6157354 0.6388142 0.6157354 0.6157354 1.5111773 1.5111773 
t10        0.7389627 0.5933457 0.3347153 0.3040988 1.5901977 0.5504769 0.5716050 0.3347153 2.4141569 9.0000000 0.1673577 0.5299277 0.6157354 0.0000000 0.0734853 0.0845966 0.4904449 0.5099265 1.7786835 1.7786835 
t11        0.7945437 0.6157354 0.3505054 0.3192509 1.5901977 0.5504769 0.5504769 0.3505054 2.0310377 3.2381161 0.2058276 0.5299277 0.6157354 0.0734853 0.0000000 0.1073256 0.5099265 0.5299277 1.7786835 1.7786835 
t1         0.8864954 0.6872180 0.3999739 0.3666350 1.6785349 0.5933457 0.6157354 0.3666350 2.7182557 3.2381161 0.1927838 0.5933457 0.6388142 0.0845966 0.1073256 0.0000000 0.5299277 0.5504769 1.8942965 1.8942965 
t17        0.8239592 0.6157354 0.2746833 0.2746833 1.5111773 0.6388142 0.5299277 0.2058276 1.8942965 2.7182557 0.6626257 0.5716050 0.6157354 0.4904449 0.5099265 0.5299277 0.0000000 0.0202715 1.5901977 1.5901977 
t4         0.8545757 0.6157354 0.2746833 0.2746833 1.5901977 0.6388142 0.5299277 0.2058276 1.8942965 2.7182557 0.6872180 0.5716050 0.6157354 0.5099265 0.5299277 0.5504769 0.0202715 0.0000000 1.6785349 1.6785349 
t7         1.5901977 1.5111773 1.4396946 1.2588231 0.1073256 1.5901977 1.3744361 1.5111773 0.1427653 0.1927838 1.8942965 1.3744361 1.5111773 1.7786835 1.7786835 1.8942965 1.5901977 1.6785349 0.0000000 0.0000010 
t13        1.5901977 1.5111773 1.4396946 1.2588231 0.1073256 1.5901977 1.3744361 1.5111773 0.1427653 0.1927838 1.8942965 1.3744361 1.5111773 1.7786835 1.7786835 1.8942965 1.5901977 1.6785349 0.0000010 0.0000000 
