20
t5         0.0000000 0.8545757 1.8942965 9.0000000 0.8864954 1.4396946 0.6626257 0.6872180 1.2588231 1.3744361 0.6157354 0.7389627 0.8239592 3.2381161 0.9198342 0.8239592 0.8545757 0.9198342 1.8942965 1.8942965 
t3         0.8545757 0.0000000 1.8942965 2.1983953 0.8864954 9.0000000 1.0297869 0.7945437 1.6785349 1.5111773 0.9198342 0.8239592 1.0297869 9.0000000 0.9547243 0.9547243 0.9913169 0.9547243 9.0000000 9.0000000 
t12        1.8942965 1.8942965 0.0000000 0.9913169 1.7786835 0.9913169 1.6785349 1.5901977 1.3744361 2.0310377 1.7786835 2.1983953 2.1983953 0.6872180 1.3744361 1.4396946 1.5111773 1.5111773 0.6626257 0.6626257 
t14        9.0000000 2.1983953 0.9913169 0.0000000 2.1983953 1.1586745 1.6785349 2.7182557 1.3744361 1.5901977 2.4141569 9.0000000 2.4141569 1.0703373 1.4396946 1.5901977 3.2381161 9.0000000 0.8545757 0.8545757 
t20        0.8864954 0.8864954 1.7786835 2.1983953 0.0000000 1.8942965 0.8239592 0.6157354 1.6785349 1.5111773 0.8864954 0.7945437 0.8239592 1.7786835 0.7945437 0.6872180 0.8545757 0.8545757 1.7786835 1.7786835 
t17        1.4396946 9.0000000 0.9913169 1.1586745 1.8942965 0.0000000 1.5901977 1.7786835 1.6785349 2.1983953 1.3144041 2.0310377 1.8942965 0.8864954 2.1983953 2.0310377 1.5111773 1.5901977 0.8545757 0.8545757 
t2         0.6626257 1.0297869 1.6785349 1.6785349 0.8239592 1.5901977 0.0000000 0.5716050 0.9913169 1.1586745 0.8864954 0.9547243 0.8864954 2.4141569 0.6157354 0.5716050 0.9547243 1.0297869 1.7786835 1.7786835 
t11        0.6872180 0.7945437 1.5901977 2.7182557 0.6157354 1.7786835 0.5716050 0.0000000 0.9547243 1.4396946 0.7389627 0.6872180 0.8545757 1.7786835 0.7389627 0.6626257 0.7662384 0.7126442 1.3744361 1.3744361 
t15        1.2588231 1.6785349 1.3744361 1.3744361 1.6785349 1.6785349 0.9913169 0.9547243 0.0000000 0.4904449 1.5901977 1.3744361 1.2070784 1.3744361 1.0297869 0.9913169 1.1586745 1.2588231 1.3744361 1.3744361 
t4         1.3744361 1.5111773 2.0310377 1.5901977 1.5111773 2.1983953 1.1586745 1.4396946 0.4904449 0.0000000 1.5111773 1.3744361 1.2588231 2.4141569 1.1132061 1.1132061 1.3144041 1.2588231 2.7182557 2.7182557 
t18        0.6157354 0.9198342 1.7786835 2.4141569 0.8864954 1.3144041 0.8864954 0.7389627 1.5901977 1.5111773 0.0000000 0.5299277 0.5099265 9.0000000 0.6872180 0.6626257 0.4529370 0.4529370 9.0000000 9.0000000 
t10        0.7389627 0.8239592 2.1983953 9.0000000 0.7945437 2.0310377 0.9547243 0.6872180 1.3744361 1.3744361 0.5299277 0.0000000 0.5716050 2.4141569 0.7126442 0.7662384 0.3831192 0.3999739 2.4141569 2.4141569 
t7         0.8239592 1.0297869 2.1983953 2.4141569 0.8239592 1.8942965 0.8864954 0.8545757 1.2070784 1.2588231 0.5099265 0.5716050 0.0000000 1.6785349 0.8864954 0.7945437 0.3505054 0.3505054 1.8942965 1.8942965 
t1         3.2381161 9.0000000 0.6872180 1.0703373 1.7786835 0.8864954 2.4141569 1.7786835 1.3744361 2.4141569 9.0000000 2.4141569 1.6785349 0.0000000 3.2381161 3.2381161 1.7786835 1.7786835 0.1189538 0.1189538 
t6         0.9198342 0.9547243 1.3744361 1.4396946 0.7945437 2.1983953 0.6157354 0.7389627 1.0297869 1.1132061 0.6872180 0.7126442 0.8864954 3.2381161 0.0000000 0.0625362 0.7945437 0.8545757 2.0310377 2.0310377 
t16        0.8239592 0.9547243 1.4396946 1.5901977 0.6872180 2.0310377 0.5716050 0.6626257 0.9913169 1.1132061 0.6626257 0.7662384 0.7945437 3.2381161 0.0625362 0.0000000 0.7662384 0.8239592 1.8942965 1.8942965 
t9         0.8545757 0.9913169 1.5111773 3.2381161 0.8545757 1.5111773 0.9547243 0.7662384 1.1586745 1.3144041 0.4529370 0.3831192 0.3505054 1.7786835 0.7945437 0.7662384 0.0000000 0.0517447 2.0310377 2.0310377 
t13        0.9198342 0.9547243 1.5111773 9.0000000 0.8545757 1.5901977 1.0297869 0.7126442 1.2588231 1.2588231 0.4529370 0.3999739 0.3505054 1.7786835 0.8545757 0.8239592 0.0517447 0.0000000 2.0310377 2.0310377 
t8         1.8942965 9.0000000 0.6626257 0.8545757 1.7786835 0.8545757 1.7786835 1.3744361 1.3744361 2.7182557 9.0000000 2.4141569 1.8942965 0.1189538 2.0310377 1.8942965 2.0310377 2.0310377 0.0000000 0.0000010 
t19        1.8942965 9.0000000 0.6626257 0.8545757 1.7786835 0.8545757 1.7786835 1.3744361 1.3744361 2.7182557 9.0000000 2.4141569 1.8942965 0.1189538 2.0310377 1.8942965 2.0310377 2.0310377 0.0000010 0.0000000 
