20
t8         0.0000000 9.0000000 2.4141569 2.7182557 9.0000000 9.0000000 9.0000000 9.0000000 9.0000000 9.0000000 9.0000000 2.4141569 9.0000000 3.2381161 3.2381161 1.5901977 2.1983953 2.0310377 9.0000000 9.0000000 
t20        9.0000000 0.0000000 0.5299277 0.4529370 0.4904449 0.7389627 0.6388142 2.4141569 0.7662384 0.7662384 0.6626257 0.8864954 0.6872180 0.7945437 0.8864954 1.1132061 1.2070784 1.0297869 0.5716050 0.5716050 
t1         2.4141569 0.5299277 0.0000000 0.5099265 0.4714565 0.9547243 0.7126442 9.0000000 0.9913169 0.8864954 0.6157354 1.0297869 0.6157354 0.8545757 1.1586745 1.3144041 1.5111773 1.1586745 0.6872180 0.6388142 
t15        2.7182557 0.4529370 0.5099265 0.0000000 0.3040988 0.7389627 0.5504769 1.8942965 0.9198342 0.7945437 0.5504769 0.9547243 0.6388142 0.9198342 0.8864954 1.0297869 1.6785349 1.2588231 0.5299277 0.5099265 
t9         9.0000000 0.4904449 0.4714565 0.3040988 0.0000000 0.7126442 0.5299277 9.0000000 0.8545757 0.7389627 0.7126442 0.9913169 0.7126442 0.9913169 0.9198342 1.3144041 1.0703373 0.8864954 0.4348639 0.4172160 
t18        9.0000000 0.7389627 0.9547243 0.7389627 0.7126442 0.0000000 0.7389627 9.0000000 0.4348639 0.3831192 1.0297869 0.7389627 1.0297869 1.0297869 0.7389627 0.9913169 1.6785349 1.5111773 0.6388142 0.6157354 
t6         9.0000000 0.6388142 0.7126442 0.5504769 0.5299277 0.7389627 0.0000000 1.6785349 0.8864954 0.8545757 0.8239592 1.3144041 0.9198342 1.0297869 1.3144041 1.3744361 1.5901977 1.0703373 0.6872180 0.6388142 
t3         9.0000000 2.4141569 9.0000000 1.8942965 9.0000000 9.0000000 1.6785349 0.0000000 3.2381161 9.0000000 2.0310377 2.7182557 3.2381161 3.2381161 2.1983953 9.0000000 3.2381161 2.4141569 2.7182557 2.7182557 
t5         9.0000000 0.7662384 0.9913169 0.9198342 0.8545757 0.4348639 0.8864954 3.2381161 0.0000000 0.3505054 1.2070784 0.6872180 1.1132061 0.9913169 0.5504769 0.7945437 1.3744361 1.1586745 0.7126442 0.6872180 
t4         9.0000000 0.7662384 0.8864954 0.7945437 0.7389627 0.3831192 0.8545757 9.0000000 0.3505054 0.0000000 1.0703373 0.6388142 1.1132061 1.1586745 0.6626257 0.8545757 1.5901977 1.3144041 0.7126442 0.6872180 
t17        9.0000000 0.6626257 0.6157354 0.5504769 0.7126442 1.0297869 0.8239592 2.0310377 1.2070784 1.0703373 0.0000000 1.1132061 0.2058276 0.3831192 1.3144041 1.4396946 1.8942965 1.5111773 1.0297869 0.9913169 
t12        2.4141569 0.8864954 1.0297869 0.9547243 0.9913169 0.7389627 1.3144041 2.7182557 0.6872180 0.6388142 1.1132061 0.0000000 1.3144041 1.2070784 0.1673577 0.4172160 1.7786835 1.3144041 0.8239592 0.8239592 
t19        9.0000000 0.6872180 0.6157354 0.6388142 0.7126442 1.0297869 0.9198342 3.2381161 1.1132061 1.1132061 0.2058276 1.3144041 0.0000000 0.2326162 1.4396946 1.5111773 2.0310377 1.6785349 1.0297869 0.9913169 
t16        3.2381161 0.7945437 0.8545757 0.9198342 0.9913169 1.0297869 1.0297869 3.2381161 0.9913169 1.1586745 0.3831192 1.2070784 0.2326162 0.0000000 1.3744361 1.3144041 2.4141569 2.0310377 1.0703373 1.0297869 
t10        3.2381161 0.8864954 1.1586745 0.8864954 0.9198342 0.7389627 1.3144041 2.1983953 0.5504769 0.6626257 1.3144041 0.1673577 1.4396946 1.3744361 0.0000000 0.3192509 1.3744361 1.1132061 0.7945437 0.7945437 
t11        1.5901977 1.1132061 1.3144041 1.0297869 1.3144041 0.9913169 1.3744361 9.0000000 0.7945437 0.8545757 1.4396946 0.4172160 1.5111773 1.3144041 0.3192509 0.0000000 1.7786835 1.2588231 1.1132061 1.0297869 
t14        2.1983953 1.2070784 1.5111773 1.6785349 1.0703373 1.6785349 1.5901977 3.2381161 1.3744361 1.5901977 1.8942965 1.7786835 2.0310377 2.4141569 1.3744361 1.7786835 0.0000000 0.1307650 1.3144041 1.2588231 
t7         2.0310377 1.0297869 1.1586745 1.2588231 0.8864954 1.5111773 1.0703373 2.4141569 1.1586745 1.3144041 1.5111773 1.3144041 1.6785349 2.0310377 1.1132061 1.2588231 0.1307650 0.0000000 1.0297869 0.9547243 
t2         9.0000000 0.5716050 0.6872180 0.5299277 0.4348639 0.6388142 0.6872180 2.7182557 0.7126442 0.7126442 1.0297869 0.8239592 1.0297869 1.0703373 0.7945437 1.1132061 1.3144041 1.0297869 0.0000000 0.0202715 
t13        9.0000000 0.5716050 0.6388142 0.5099265 0.4172160 0.6157354 0.6388142 2.7182557 0.6872180 0.6872180 0.9913169 0.8239592 0.9913169 1.0297869 0.7945437 1.0297869 1.2588231 0.9547243 0.0202715 0.0000000 
