20
t6         0.0000000 0.5933457 0.4904449 0.6626257 0.5716050 0.5099265 0.8239592 0.6157354 0.6626257 0.7662384 0.5504769 0.5933457 0.6872180 0.7389627 0.8239592 0.8239592 0.5716050 0.5716050 0.4714565 0.4714565 
t20        0.5933457 0.0000000 0.0845966 0.2326162 0.3999739 0.3666350 0.7945437 0.3831192 0.4714565 0.5716050 0.1073256 0.1073256 0.4714565 0.4714565 0.5933457 0.5933457 0.2892469 0.2892469 0.3192509 0.3192509 
t18        0.4904449 0.0845966 0.0000000 0.1549607 0.3192509 0.3040988 0.6872180 0.3666350 0.4348639 0.5099265 0.0411062 0.0625362 0.4348639 0.4348639 0.5299277 0.5299277 0.2058276 0.2058276 0.2746833 0.2746833 
t13        0.6626257 0.2326162 0.1549607 0.0000000 0.4529370 0.3831192 0.6872180 0.4904449 0.5716050 0.6388142 0.1799630 0.2058276 0.4904449 0.4904449 0.5933457 0.5933457 0.3666350 0.3666350 0.3505054 0.3505054 
t11        0.5716050 0.3999739 0.3192509 0.4529370 0.0000000 0.1307650 0.5933457 0.3347153 0.4348639 0.4529370 0.3505054 0.3831192 0.4714565 0.4529370 0.4714565 0.4714565 0.3347153 0.3347153 0.2463781 0.2463781 
t1         0.5099265 0.3666350 0.3040988 0.3831192 0.1307650 0.0000000 0.5933457 0.3831192 0.4348639 0.5299277 0.3347153 0.3666350 0.4904449 0.4714565 0.5504769 0.5504769 0.3192509 0.3192509 0.2603971 0.2603971 
t3         0.8239592 0.7945437 0.6872180 0.6872180 0.5933457 0.5933457 0.0000000 0.7389627 0.8545757 0.8239592 0.6388142 0.6872180 0.2603971 0.2603971 0.7126442 0.7126442 0.6157354 0.6157354 0.5299277 0.5299277 
t4         0.6157354 0.3831192 0.3666350 0.4904449 0.3347153 0.3831192 0.7389627 0.0000000 0.1549607 0.2603971 0.3831192 0.4172160 0.4529370 0.4348639 0.2892469 0.2603971 0.4172160 0.4172160 0.2058276 0.2058276 
t10        0.6626257 0.4714565 0.4348639 0.5716050 0.4348639 0.4348639 0.8545757 0.1549607 0.0000000 0.4172160 0.4172160 0.4529370 0.6626257 0.6872180 0.4172160 0.4172160 0.4348639 0.4348639 0.3040988 0.3040988 
t8         0.7662384 0.5716050 0.5099265 0.6388142 0.4529370 0.5299277 0.8239592 0.2603971 0.4172160 0.0000000 0.5299277 0.5716050 0.5504769 0.5299277 0.0734853 0.0517447 0.5504769 0.5504769 0.2746833 0.2746833 
t19        0.5504769 0.1073256 0.0411062 0.1799630 0.3505054 0.3347153 0.6388142 0.3831192 0.4172160 0.5299277 0.0000000 0.0202715 0.4529370 0.4529370 0.5099265 0.5099265 0.2058276 0.2058276 0.2892469 0.2892469 
t9         0.5933457 0.1073256 0.0625362 0.2058276 0.3831192 0.3666350 0.6872180 0.4172160 0.4529370 0.5716050 0.0202715 0.0000000 0.4904449 0.4904449 0.5504769 0.5504769 0.2326162 0.2326162 0.3192509 0.3192509 
t12        0.6872180 0.4714565 0.4348639 0.4904449 0.4714565 0.4904449 0.2603971 0.4529370 0.6626257 0.5504769 0.4529370 0.4904449 0.0000000 0.0306165 0.5504769 0.5504769 0.4904449 0.4904449 0.3347153 0.3347153 
t14        0.7389627 0.4714565 0.4348639 0.4904449 0.4529370 0.4714565 0.2603971 0.4348639 0.6872180 0.5299277 0.4529370 0.4904449 0.0306165 0.0000000 0.5299277 0.5299277 0.4904449 0.4904449 0.3192509 0.3192509 
t15        0.8239592 0.5933457 0.5299277 0.5933457 0.4714565 0.5504769 0.7126442 0.2892469 0.4172160 0.0734853 0.5099265 0.5504769 0.5504769 0.5299277 0.0000000 0.0202715 0.5716050 0.5716050 0.3040988 0.3040988 
t16        0.8239592 0.5933457 0.5299277 0.5933457 0.4714565 0.5504769 0.7126442 0.2603971 0.4172160 0.0517447 0.5099265 0.5504769 0.5504769 0.5299277 0.0202715 0.0000000 0.5716050 0.5716050 0.2892469 0.2892469 
t7         0.5716050 0.2892469 0.2058276 0.3666350 0.3347153 0.3192509 0.6157354 0.4172160 0.4348639 0.5504769 0.2058276 0.2326162 0.4904449 0.4904449 0.5716050 0.5716050 0.0000000 0.0000010 0.3040988 0.3040988 
t5         0.5716050 0.2892469 0.2058276 0.3666350 0.3347153 0.3192509 0.6157354 0.4172160 0.4348639 0.5504769 0.2058276 0.2326162 0.4904449 0.4904449 0.5716050 0.5716050 0.0000010 0.0000000 0.3040988 0.3040988 
t2         0.4714565 0.3192509 0.2746833 0.3505054 0.2463781 0.2603971 0.5299277 0.2058276 0.3040988 0.2746833 0.2892469 0.3192509 0.3347153 0.3192509 0.3040988 0.2892469 0.3040988 0.3040988 0.0000000 0.0000010 
t17        0.4714565 0.3192509 0.2746833 0.3505054 0.2463781 0.2603971 0.5299277 0.2058276 0.3040988 0.2746833 0.2892469 0.3192509 0.3347153 0.3192509 0.3040988 0.2892469 0.3040988 0.3040988 0.0000010 0.0000000 
