20
t19        0.0000000 1.0297869 0.6157354 0.6626257 0.9198342 0.6872180 0.6872180 0.7945437 0.8864954 0.6872180 0.6157354 0.8864954 0.7662384 0.7662384 0.9913169 0.9913169 0.9547243 0.9547243 0.8239592 0.8239592 
t13        1.0297869 0.0000000 0.7662384 0.8864954 0.4529370 0.7126442 0.8239592 0.9547243 0.8545757 0.7945437 0.9198342 0.5299277 0.3831192 0.3999739 1.0297869 1.0703373 1.0703373 1.0703373 0.5099265 0.5099265 
t7         0.6157354 0.7662384 0.0000000 0.2892469 0.7945437 0.6157354 0.5716050 0.7945437 0.8545757 0.3192509 0.3040988 0.8239592 0.8239592 0.8864954 0.7126442 0.7389627 0.7126442 0.7126442 0.7662384 0.7662384 
t12        0.6626257 0.8864954 0.2892469 0.0000000 0.7945437 0.5299277 0.5933457 0.7945437 0.8239592 0.2463781 0.3040988 0.8545757 0.7662384 0.8239592 0.7662384 0.7945437 0.7662384 0.7662384 0.7662384 0.7662384 
t6         0.9198342 0.4529370 0.7945437 0.7945437 0.0000000 0.8545757 0.7389627 0.8864954 0.7389627 0.7389627 0.7945437 0.2746833 0.4348639 0.4529370 1.1586745 1.2070784 1.1586745 1.0703373 0.2603971 0.2603971 
t2         0.6872180 0.7126442 0.6157354 0.5299277 0.8545757 0.0000000 0.3999739 0.7662384 0.9198342 0.5099265 0.4904449 0.8545757 0.9198342 0.9198342 0.7389627 0.7389627 0.8545757 0.8545757 0.7945437 0.7945437 
t5         0.6872180 0.8239592 0.5716050 0.5933457 0.7389627 0.3999739 0.0000000 0.8545757 0.9198342 0.5299277 0.5099265 0.7389627 0.7945437 0.7945437 0.6626257 0.6626257 0.8545757 0.8864954 0.7126442 0.7126442 
t11        0.7945437 0.9547243 0.7945437 0.7945437 0.8864954 0.7662384 0.8545757 0.0000000 0.4714565 0.8239592 0.9198342 0.9913169 1.0703373 1.1586745 0.9198342 0.9547243 0.9913169 0.9913169 0.8864954 0.8864954 
t1         0.8864954 0.8545757 0.8545757 0.8239592 0.7389627 0.9198342 0.9198342 0.4714565 0.0000000 0.7662384 0.9198342 0.8239592 0.8545757 0.8864954 0.9913169 1.0297869 0.9913169 0.9913169 0.7389627 0.7389627 
t3         0.6872180 0.7945437 0.3192509 0.2463781 0.7389627 0.5099265 0.5299277 0.8239592 0.7662384 0.0000000 0.0958750 0.8239592 0.7126442 0.7662384 0.6872180 0.7126442 0.7662384 0.7662384 0.7389627 0.7389627 
t14        0.6157354 0.9198342 0.3040988 0.3040988 0.7945437 0.4904449 0.5099265 0.9198342 0.9198342 0.0958750 0.0000000 0.8545757 0.8239592 0.8864954 0.7945437 0.8239592 0.7662384 0.7662384 0.7662384 0.7662384 
t18        0.8864954 0.5299277 0.8239592 0.8545757 0.2746833 0.8545757 0.7389627 0.9913169 0.8239592 0.8239592 0.8545757 0.0000000 0.5716050 0.6157354 1.1132061 1.1586745 1.2070784 1.1586745 0.0306165 0.0306165 
t20        0.7662384 0.3831192 0.8239592 0.7662384 0.4348639 0.9198342 0.7945437 1.0703373 0.8545757 0.7126442 0.8239592 0.5716050 0.0000000 0.0517447 1.0703373 1.1132061 0.7945437 0.7945437 0.5504769 0.5504769 
t9         0.7662384 0.3999739 0.8864954 0.8239592 0.4529370 0.9198342 0.7945437 1.1586745 0.8864954 0.7662384 0.8864954 0.6157354 0.0517447 0.0000000 1.1586745 1.1132061 0.8239592 0.8239592 0.5933457 0.5933457 
t15        0.9913169 1.0297869 0.7126442 0.7662384 1.1586745 0.7389627 0.6626257 0.9198342 0.9913169 0.6872180 0.7945437 1.1132061 1.0703373 1.1586745 0.0000000 0.0100673 1.2588231 1.2588231 1.0703373 1.0703373 
t16        0.9913169 1.0703373 0.7389627 0.7945437 1.2070784 0.7389627 0.6626257 0.9547243 1.0297869 0.7126442 0.8239592 1.1586745 1.1132061 1.1132061 0.0100673 0.0000000 1.2070784 1.2070784 1.1132061 1.1132061 
t17        0.9547243 1.0703373 0.7126442 0.7662384 1.1586745 0.8545757 0.8545757 0.9913169 0.9913169 0.7662384 0.7662384 1.2070784 0.7945437 0.8239592 1.2588231 1.2070784 0.0000000 0.0202715 1.0703373 1.0703373 
t4         0.9547243 1.0703373 0.7126442 0.7662384 1.0703373 0.8545757 0.8864954 0.9913169 0.9913169 0.7662384 0.7662384 1.1586745 0.7945437 0.8239592 1.2588231 1.2070784 0.0202715 0.0000000 1.0297869 1.0297869 
t8         0.8239592 0.5099265 0.7662384 0.7662384 0.2603971 0.7945437 0.7126442 0.8864954 0.7389627 0.7389627 0.7662384 0.0306165 0.5504769 0.5933457 1.0703373 1.1132061 1.0703373 1.0297869 0.0000000 0.0000010 
t10        0.8239592 0.5099265 0.7662384 0.7662384 0.2603971 0.7945437 0.7126442 0.8864954 0.7389627 0.7389627 0.7662384 0.0306165 0.5504769 0.5933457 1.0703373 1.1132061 1.0703373 1.0297869 0.0000010 0.0000000 
