20
t19        0.0000000 0.3999739 0.5933457 1.5901977 0.4529370 0.8545757 1.0703373 1.1586745 1.2070784 1.1586745 0.6872180 0.3666350 0.3666350 0.8864954 1.0703373 0.9913169 0.9547243 0.9547243 1.1586745 1.1586745 
t1         0.3999739 0.0000000 0.8545757 1.4396946 0.4714565 1.1586745 1.6785349 1.4396946 1.2588231 1.6785349 0.8239592 0.2746833 0.2463781 1.0703373 1.2588231 1.1132061 1.1586745 1.1132061 1.0297869 1.0297869 
t12        0.5933457 0.8545757 0.0000000 1.8942965 1.1132061 0.6626257 0.6626257 0.6157354 0.7389627 0.8239592 0.3999739 0.8864954 0.8545757 0.5716050 0.4714565 0.3831192 0.7662384 0.6626257 0.9198342 0.9198342 
t16        1.5901977 1.4396946 1.8942965 0.0000000 0.9913169 2.0310377 1.2588231 2.4141569 9.0000000 2.0310377 1.4396946 1.2588231 1.3144041 2.7182557 9.0000000 9.0000000 9.0000000 9.0000000 1.8942965 2.0310377 
t4         0.4529370 0.4714565 1.1132061 0.9913169 0.0000000 1.3144041 1.2070784 1.7786835 2.0310377 2.0310377 1.1586745 0.4172160 0.4529370 1.5111773 1.4396946 1.4396946 1.7786835 1.4396946 1.5901977 1.5901977 
t17        0.8545757 1.1586745 0.6626257 2.0310377 1.3144041 0.0000000 0.8239592 1.0703373 0.9198342 0.7126442 0.6388142 0.9198342 0.8864954 0.8239592 1.3144041 1.0703373 0.8545757 0.9547243 0.9547243 0.9547243 
t2         1.0703373 1.6785349 0.6626257 1.2588231 1.2070784 0.8239592 0.0000000 1.1586745 1.3144041 1.1132061 0.6626257 1.4396946 1.5111773 1.2070784 0.9547243 1.2588231 1.2588231 1.3744361 1.1132061 1.0703373 
t10        1.1586745 1.4396946 0.6157354 2.4141569 1.7786835 1.0703373 1.1586745 0.0000000 0.3347153 0.3999739 0.7389627 1.6785349 1.4396946 0.4172160 1.0297869 0.9547243 0.4348639 0.3999739 0.8864954 0.9913169 
t11        1.2070784 1.2588231 0.7389627 9.0000000 2.0310377 0.9198342 1.3144041 0.3347153 0.0000000 0.4348639 0.9547243 1.2588231 1.3144041 0.4904449 1.2588231 1.1132061 0.5299277 0.5299277 0.8864954 0.8864954 
t5         1.1586745 1.6785349 0.8239592 2.0310377 2.0310377 0.7126442 1.1132061 0.3999739 0.4348639 0.0000000 0.8545757 1.3144041 1.5111773 0.4714565 1.2070784 1.1586745 0.5716050 0.6157354 0.9913169 0.9913169 
t13        0.6872180 0.8239592 0.3999739 1.4396946 1.1586745 0.6388142 0.6626257 0.7389627 0.9547243 0.8545757 0.0000000 0.9198342 0.8239592 0.6626257 0.9198342 0.7662384 0.7662384 0.7389627 0.8239592 0.8239592 
t18        0.3666350 0.2746833 0.8864954 1.2588231 0.4172160 0.9198342 1.4396946 1.6785349 1.2588231 1.3144041 0.9198342 0.0000000 0.1799630 1.1586745 1.3144041 1.0703373 1.1132061 1.2070784 1.2070784 1.2070784 
t3         0.3666350 0.2463781 0.8545757 1.3144041 0.4529370 0.8864954 1.5111773 1.4396946 1.3144041 1.5111773 0.8239592 0.1799630 0.0000000 1.1586745 1.3744361 1.1586745 1.1586745 1.1586745 1.1586745 1.1586745 
t9         0.8864954 1.0703373 0.5716050 2.7182557 1.5111773 0.8239592 1.2070784 0.4172160 0.4904449 0.4714565 0.6626257 1.1586745 1.1586745 0.0000000 0.8545757 0.8545757 0.3347153 0.3040988 1.1132061 0.9913169 
t14        1.0703373 1.2588231 0.4714565 9.0000000 1.4396946 1.3144041 0.9547243 1.0297869 1.2588231 1.2070784 0.9198342 1.3144041 1.3744361 0.8545757 0.0000000 0.2463781 1.0297869 0.9913169 1.4396946 1.2588231 
t20        0.9913169 1.1132061 0.3831192 9.0000000 1.4396946 1.0703373 1.2588231 0.9547243 1.1132061 1.1586745 0.7662384 1.0703373 1.1586745 0.8545757 0.2463781 0.0000000 0.8864954 0.8864954 1.3744361 1.2588231 
t7         0.9547243 1.1586745 0.7662384 9.0000000 1.7786835 0.8545757 1.2588231 0.4348639 0.5299277 0.5716050 0.7662384 1.1132061 1.1586745 0.3347153 1.0297869 0.8864954 0.0000000 0.1307650 1.1586745 1.0703373 
t8         0.9547243 1.1132061 0.6626257 9.0000000 1.4396946 0.9547243 1.3744361 0.3999739 0.5299277 0.6157354 0.7389627 1.2070784 1.1586745 0.3040988 0.9913169 0.8864954 0.1307650 0.0000000 1.1132061 1.0297869 
t15        1.1586745 1.0297869 0.9198342 1.8942965 1.5901977 0.9547243 1.1132061 0.8864954 0.8864954 0.9913169 0.8239592 1.2070784 1.1586745 1.1132061 1.4396946 1.3744361 1.1586745 1.1132061 0.0000000 0.0306165 
t6         1.1586745 1.0297869 0.9198342 2.0310377 1.5901977 0.9547243 1.0703373 0.9913169 0.8864954 0.9913169 0.8239592 1.2070784 1.1586745 0.9913169 1.2588231 1.2588231 1.0703373 1.0297869 0.0306165 0.0000000 
