20
t5         0.0000000 0.3999739 0.3831192 0.5504769 0.5716050 0.4529370 0.5933457 0.7945437 0.7662384 0.6626257 0.8545757 0.7662384 0.5933457 0.3505054 0.3831192 0.4529370 0.4172160 0.4172160 0.5504769 0.4714565 
t14        0.3999739 0.0000000 0.4529370 0.5716050 0.4529370 0.4904449 0.5099265 0.7662384 0.8545757 0.7126442 0.8545757 0.7662384 0.5299277 0.3999739 0.4348639 0.4529370 0.3666350 0.3999739 0.5099265 0.4529370 
t12        0.3831192 0.4529370 0.0000000 0.4904449 0.6157354 0.4529370 0.5933457 0.7126442 0.9547243 0.7945437 0.8545757 0.7945437 0.5299277 0.2892469 0.3192509 0.4172160 0.4529370 0.4529370 0.4904449 0.4529370 
t15        0.5504769 0.5716050 0.4904449 0.0000000 0.8239592 0.5933457 0.8239592 0.8545757 1.2070784 0.9547243 1.0703373 0.9198342 0.7662384 0.5933457 0.6157354 0.5504769 0.6626257 0.6872180 0.6388142 0.5716050 
t17        0.5716050 0.4529370 0.6157354 0.8239592 0.0000000 0.4714565 0.6626257 0.8239592 0.7389627 0.7389627 0.8239592 0.7662384 0.6388142 0.5099265 0.5099265 0.5299277 0.3040988 0.3040988 0.5933457 0.4904449 
t6         0.4529370 0.4904449 0.4529370 0.5933457 0.4714565 0.0000000 0.3999739 0.6872180 0.7389627 0.6157354 0.6157354 0.5716050 0.5099265 0.3192509 0.3666350 0.3999739 0.3666350 0.3999739 0.4529370 0.3666350 
t10        0.5933457 0.5099265 0.5933457 0.8239592 0.6626257 0.3999739 0.0000000 0.7945437 0.7389627 0.8239592 0.8239592 0.7945437 0.6872180 0.4904449 0.5099265 0.5933457 0.5099265 0.5299277 0.6157354 0.5933457 
t20        0.7945437 0.7662384 0.7126442 0.8545757 0.8239592 0.6872180 0.7945437 0.0000000 1.0703373 0.8864954 0.9547243 0.8864954 0.3666350 0.5933457 0.6157354 0.3831192 0.4714565 0.4904449 0.3999739 0.3666350 
t8         0.7662384 0.8545757 0.9547243 1.2070784 0.7389627 0.7389627 0.7389627 1.0703373 0.0000000 0.1673577 0.2603971 0.2191023 0.9198342 0.7126442 0.7126442 0.8545757 0.7389627 0.7662384 0.8864954 0.8545757 
t3         0.6626257 0.7126442 0.7945437 0.9547243 0.7389627 0.6157354 0.8239592 0.8864954 0.1673577 0.0000000 0.1799630 0.1549607 0.7945437 0.6157354 0.6388142 0.6872180 0.6388142 0.6157354 0.7126442 0.6872180 
t7         0.8545757 0.8545757 0.8545757 1.0703373 0.8239592 0.6157354 0.8239592 0.9547243 0.2603971 0.1799630 0.0000000 0.1189538 0.9198342 0.5933457 0.5933457 0.7945437 0.6872180 0.7126442 0.8239592 0.7945437 
t19        0.7662384 0.7662384 0.7945437 0.9198342 0.7662384 0.5716050 0.7945437 0.8864954 0.2191023 0.1549607 0.1189538 0.0000000 0.7389627 0.5299277 0.5504769 0.6388142 0.6157354 0.6388142 0.6626257 0.6388142 
t11        0.5933457 0.5299277 0.5299277 0.7662384 0.6388142 0.5099265 0.6872180 0.3666350 0.9198342 0.7945437 0.9198342 0.7389627 0.0000000 0.4172160 0.4529370 0.1189538 0.3831192 0.3999739 0.1549607 0.1189538 
t1         0.3505054 0.3999739 0.2892469 0.5933457 0.5099265 0.3192509 0.4904449 0.5933457 0.7126442 0.6157354 0.5933457 0.5299277 0.4172160 0.0000000 0.0411062 0.3192509 0.3040988 0.3192509 0.3505054 0.3192509 
t2         0.3831192 0.4348639 0.3192509 0.6157354 0.5099265 0.3666350 0.5099265 0.6157354 0.7126442 0.6388142 0.5933457 0.5504769 0.4529370 0.0411062 0.0000000 0.3505054 0.3040988 0.3192509 0.3831192 0.3505054 
t4         0.4529370 0.4529370 0.4172160 0.5504769 0.5299277 0.3999739 0.5933457 0.3831192 0.8545757 0.6872180 0.7945437 0.6388142 0.1189538 0.3192509 0.3505054 0.0000000 0.3192509 0.3347153 0.0517447 0.0202715 
t16        0.4172160 0.3666350 0.4529370 0.6626257 0.3040988 0.3666350 0.5099265 0.4714565 0.7389627 0.6388142 0.6872180 0.6157354 0.3831192 0.3040988 0.3040988 0.3192509 0.0000000 0.0411062 0.3666350 0.3192509 
t13        0.4172160 0.3999739 0.4529370 0.6872180 0.3040988 0.3999739 0.5299277 0.4904449 0.7662384 0.6157354 0.7126442 0.6388142 0.3999739 0.3192509 0.3192509 0.3347153 0.0411062 0.0000000 0.3505054 0.3347153 
t9         0.5504769 0.5099265 0.4904449 0.6388142 0.5933457 0.4529370 0.6157354 0.3999739 0.8864954 0.7126442 0.8239592 0.6626257 0.1549607 0.3505054 0.3831192 0.0517447 0.3666350 0.3505054 0.0000000 0.0517447 
t18        0.4714565 0.4529370 0.4529370 0.5716050 0.4904449 0.3666350 0.5933457 0.3666350 0.8545757 0.6872180 0.7945437 0.6388142 0.1189538 0.3192509 0.3505054 0.0202715 0.3192509 0.3347153 0.0517447 0.0000000 
