20
t4         0.0000000 0.9547243 9.0000000 0.9913169 0.8864954 0.7662384 1.0703373 0.9198342 0.9547243 0.9913169 0.9198342 0.8239592 0.8239592 0.7945437 1.0297869 0.8864954 0.8545757 0.9913169 0.9547243 0.8545757 
t13        0.9547243 0.0000000 1.7786835 0.7945437 1.2588231 0.7945437 0.2892469 1.0297869 0.2603971 0.3347153 0.8239592 0.7389627 0.8545757 0.8864954 0.9198342 0.7945437 0.8239592 0.9913169 0.7389627 0.7126442 
t1         9.0000000 1.7786835 0.0000000 1.3744361 2.7182557 9.0000000 2.0310377 9.0000000 1.8942965 1.6785349 1.8942965 2.0310377 2.4141569 3.2381161 9.0000000 3.2381161 2.7182557 2.4141569 9.0000000 2.7182557 
t20        0.9913169 0.7945437 1.3744361 0.0000000 1.0703373 0.6872180 0.9913169 1.0297869 0.7662384 0.8545757 0.7662384 0.7126442 0.8545757 0.9198342 0.9198342 0.7662384 0.7126442 0.7662384 0.6388142 0.6626257 
t14        0.8864954 1.2588231 2.7182557 1.0703373 0.0000000 0.5099265 1.2588231 0.6388142 0.9547243 1.0703373 0.6388142 0.5504769 0.7662384 0.6626257 0.7945437 0.6626257 0.5299277 0.6157354 0.9547243 0.8864954 
t6         0.7662384 0.7945437 9.0000000 0.6872180 0.5099265 0.0000000 0.9547243 0.3347153 0.7389627 0.8239592 0.2892469 0.2191023 0.4714565 0.4172160 0.3505054 0.2892469 0.2326162 0.3505054 0.5504769 0.5504769 
t5         1.0703373 0.2892469 2.0310377 0.9913169 1.2588231 0.9547243 0.0000000 1.0297869 0.2326162 0.3192509 0.7389627 0.7662384 1.1586745 1.1586745 0.9913169 0.9198342 0.7945437 0.9913169 0.8864954 0.8545757 
t9         0.9198342 1.0297869 9.0000000 1.0297869 0.6388142 0.3347153 1.0297869 0.0000000 0.8545757 0.9547243 0.3192509 0.2463781 0.7662384 0.7126442 0.3999739 0.3192509 0.3040988 0.3999739 0.7662384 0.7662384 
t11        0.9547243 0.2603971 1.8942965 0.7662384 0.9547243 0.7389627 0.2326162 0.8545757 0.0000000 0.1189538 0.7126442 0.6626257 0.9547243 0.9198342 0.8239592 0.7389627 0.6872180 0.8545757 0.9198342 0.8864954 
t17        0.9913169 0.3347153 1.6785349 0.8545757 1.0703373 0.8239592 0.3192509 0.9547243 0.1189538 0.0000000 0.7389627 0.7126442 0.9913169 0.9547243 0.7945437 0.7945437 0.7389627 0.9198342 0.9913169 0.9913169 
t7         0.9198342 0.8239592 1.8942965 0.7662384 0.6388142 0.2892469 0.7389627 0.3192509 0.7126442 0.7389627 0.0000000 0.1189538 0.6388142 0.6157354 0.2463781 0.1549607 0.1307650 0.2058276 0.6388142 0.6388142 
t15        0.8239592 0.7389627 2.0310377 0.7126442 0.5504769 0.2191023 0.7662384 0.2463781 0.6626257 0.7126442 0.1189538 0.0000000 0.5933457 0.5504769 0.2058276 0.1189538 0.0845966 0.1673577 0.5299277 0.5299277 
t12        0.8239592 0.8545757 2.4141569 0.8545757 0.7662384 0.4714565 1.1586745 0.7662384 0.9547243 0.9913169 0.6388142 0.5933457 0.0000000 0.0734853 0.6872180 0.6157354 0.5933457 0.7389627 0.8239592 0.8239592 
t18        0.7945437 0.8864954 3.2381161 0.9198342 0.6626257 0.4172160 1.1586745 0.7126442 0.9198342 0.9547243 0.6157354 0.5504769 0.0734853 0.0000000 0.6157354 0.5716050 0.5504769 0.7389627 0.7945437 0.7945437 
t19        1.0297869 0.9198342 9.0000000 0.9198342 0.7945437 0.3505054 0.9913169 0.3999739 0.8239592 0.7945437 0.2463781 0.2058276 0.6872180 0.6157354 0.0000000 0.1549607 0.2058276 0.3040988 0.6626257 0.7126442 
t8         0.8864954 0.7945437 3.2381161 0.7662384 0.6626257 0.2892469 0.9198342 0.3192509 0.7389627 0.7945437 0.1549607 0.1189538 0.6157354 0.5716050 0.1549607 0.0000000 0.1307650 0.2191023 0.5504769 0.5933457 
t10        0.8545757 0.8239592 2.7182557 0.7126442 0.5299277 0.2326162 0.7945437 0.3040988 0.6872180 0.7389627 0.1307650 0.0845966 0.5933457 0.5504769 0.2058276 0.1307650 0.0000000 0.0958750 0.5933457 0.5933457 
t2         0.9913169 0.9913169 2.4141569 0.7662384 0.6157354 0.3505054 0.9913169 0.3999739 0.8545757 0.9198342 0.2058276 0.1673577 0.7389627 0.7389627 0.3040988 0.2191023 0.0958750 0.0000000 0.6157354 0.5933457 
t3         0.9547243 0.7389627 9.0000000 0.6388142 0.9547243 0.5504769 0.8864954 0.7662384 0.9198342 0.9913169 0.6388142 0.5299277 0.8239592 0.7945437 0.6626257 0.5504769 0.5933457 0.6157354 0.0000000 0.0306165 
t16        0.8545757 0.7126442 2.7182557 0.6626257 0.8864954 0.5504769 0.8545757 0.7662384 0.8864954 0.9913169 0.6388142 0.5299277 0.8239592 0.7945437 0.7126442 0.5933457 0.5933457 0.5933457 0.0306165 0.0000000 
