20
t2         0.0000000 1.4396946 0.7662384 0.5933457 0.9547243 0.9913169 0.9198342 0.9913169 0.8545757 0.8545757 1.0297869 0.9913169 0.8864954 0.8864954 0.9198342 1.0703373 0.9547243 0.8239592 0.8864954 0.9198342 
t5         1.4396946 0.0000000 1.3744361 1.0703373 1.4396946 1.1132061 0.9198342 1.4396946 1.3744361 1.1586745 0.8864954 0.9547243 1.0297869 0.9913169 1.1132061 1.3144041 1.2588231 1.0703373 1.1132061 1.1132061 
t15        0.7662384 1.3744361 0.0000000 0.8239592 0.8545757 1.5111773 0.8545757 1.1132061 0.7945437 0.8864954 1.1586745 1.2588231 0.9547243 0.9547243 1.5901977 1.7786835 0.9547243 0.9913169 1.2588231 1.3144041 
t20        0.5933457 1.0703373 0.8239592 0.0000000 0.9913169 1.1132061 0.9913169 0.9913169 0.7389627 0.6872180 1.1132061 1.1586745 0.8545757 0.8239592 1.1132061 1.1586745 0.9198342 0.8239592 0.9913169 1.0297869 
t4         0.9547243 1.4396946 0.8545757 0.9913169 0.0000000 0.9198342 0.8545757 0.7662384 0.4904449 0.5716050 1.0297869 1.1586745 0.8239592 0.8239592 1.3144041 1.4396946 1.1586745 0.9913169 0.8545757 0.8545757 
t6         0.9913169 1.1132061 1.5111773 1.1132061 0.9198342 0.0000000 0.7389627 0.7389627 0.8545757 0.7945437 1.3744361 1.3744361 0.8545757 0.8545757 0.5099265 0.6872180 0.5933457 0.5299277 0.5504769 0.5716050 
t3         0.9198342 0.9198342 0.8545757 0.9913169 0.8545757 0.7389627 0.0000000 1.0297869 0.7126442 0.7389627 1.0703373 1.1586745 0.6157354 0.6157354 0.8239592 0.8545757 0.7126442 0.6388142 0.3999739 0.4172160 
t8         0.9913169 1.4396946 1.1132061 0.9913169 0.7662384 0.7389627 1.0297869 0.0000000 0.7662384 0.7389627 1.6785349 1.5111773 0.8864954 0.8545757 0.9198342 1.1132061 0.4904449 0.4172160 0.9198342 0.9198342 
t12        0.8545757 1.3744361 0.7945437 0.7389627 0.4904449 0.8545757 0.7126442 0.7662384 0.0000000 0.1549607 1.0297869 0.9913169 0.7126442 0.7126442 1.1132061 1.1132061 0.7662384 0.7662384 0.8239592 0.8545757 
t17        0.8545757 1.1586745 0.8864954 0.6872180 0.5716050 0.7945437 0.7389627 0.7389627 0.1549607 0.0000000 0.9198342 0.8864954 0.7389627 0.7389627 0.9547243 1.0297869 0.7389627 0.6872180 0.8545757 0.8864954 
t14        1.0297869 0.8864954 1.1586745 1.1132061 1.0297869 1.3744361 1.0703373 1.6785349 1.0297869 0.9198342 0.0000000 0.0958750 0.9913169 0.9547243 1.3144041 1.3144041 1.3744361 1.3144041 1.5111773 1.5111773 
t18        0.9913169 0.9547243 1.2588231 1.1586745 1.1586745 1.3744361 1.1586745 1.5111773 0.9913169 0.8864954 0.0958750 0.0000000 1.0297869 0.9913169 1.2588231 1.2588231 1.4396946 1.3744361 1.4396946 1.4396946 
t1         0.8864954 1.0297869 0.9547243 0.8545757 0.8239592 0.8545757 0.6157354 0.8864954 0.7126442 0.7389627 0.9913169 1.0297869 0.0000000 0.0100673 0.7389627 0.8239592 0.7662384 0.7126442 0.8239592 0.8239592 
t9         0.8864954 0.9913169 0.9547243 0.8239592 0.8239592 0.8545757 0.6157354 0.8545757 0.7126442 0.7389627 0.9547243 0.9913169 0.0100673 0.0000000 0.7389627 0.8239592 0.7945437 0.6872180 0.8545757 0.8545757 
t16        0.9198342 1.1132061 1.5901977 1.1132061 1.3144041 0.5099265 0.8239592 0.9198342 1.1132061 0.9547243 1.3144041 1.2588231 0.7389627 0.7389627 0.0000000 0.0845966 0.7662384 0.6872180 0.7662384 0.7945437 
t7         1.0703373 1.3144041 1.7786835 1.1586745 1.4396946 0.6872180 0.8545757 1.1132061 1.1132061 1.0297869 1.3144041 1.2588231 0.8239592 0.8239592 0.0845966 0.0000000 0.8545757 0.7945437 0.9198342 0.9547243 
t13        0.9547243 1.2588231 0.9547243 0.9198342 1.1586745 0.5933457 0.7126442 0.4904449 0.7662384 0.7389627 1.3744361 1.4396946 0.7662384 0.7945437 0.7662384 0.8545757 0.0000000 0.0734853 0.6626257 0.6872180 
t11        0.8239592 1.0703373 0.9913169 0.8239592 0.9913169 0.5299277 0.6388142 0.4172160 0.7662384 0.6872180 1.3144041 1.3744361 0.7126442 0.6872180 0.6872180 0.7945437 0.0734853 0.0000000 0.6388142 0.6626257 
t10        0.8864954 1.1132061 1.2588231 0.9913169 0.8545757 0.5504769 0.3999739 0.9198342 0.8239592 0.8545757 1.5111773 1.4396946 0.8239592 0.8545757 0.7662384 0.9198342 0.6626257 0.6388142 0.0000000 0.0100673 
t19        0.9198342 1.1132061 1.3144041 1.0297869 0.8545757 0.5716050 0.4172160 0.9198342 0.8545757 0.8864954 1.5111773 1.4396946 0.8239592 0.8545757 0.7945437 0.9547243 0.6872180 0.6626257 0.0100673 0.0000000 
