20
t10        0.0000000 9.0000000 9.0000000 2.4141569 9.0000000 3.2381161 9.0000000 2.4141569 9.0000000 9.0000000 9.0000000 2.7182557 9.0000000 9.0000000 9.0000000 9.0000000 2.7182557 2.7182557 1.7786835 1.7786835 
t11        9.0000000 0.0000000 0.6157354 0.6157354 1.0297869 1.1132061 0.9913169 0.4529370 0.6157354 0.5716050 0.6157354 0.5299277 0.4714565 0.3347153 1.1586745 1.3144041 0.4904449 0.5299277 0.7945437 0.7662384 
t5         9.0000000 0.6157354 0.0000000 0.2326162 1.0297869 0.9547243 1.0297869 0.4529370 0.6157354 0.6388142 0.7945437 0.2463781 0.5933457 0.4904449 0.9913169 1.1586745 0.2058276 0.1927838 0.3666350 0.3505054 
t15        2.4141569 0.6157354 0.2326162 0.0000000 1.3744361 1.1586745 1.1132061 0.5299277 0.6157354 0.6626257 0.7945437 0.2463781 0.6872180 0.5933457 1.3144041 1.4396946 0.2191023 0.2191023 0.3999739 0.3831192 
t16        9.0000000 1.0297869 1.0297869 1.3744361 0.0000000 0.2892469 0.3347153 0.9547243 1.0297869 1.5111773 1.5111773 1.0297869 1.4396946 1.1586745 0.2326162 0.3505054 1.3144041 1.3144041 1.5901977 1.5901977 
t9         3.2381161 1.1132061 0.9547243 1.1586745 0.2892469 0.0000000 0.1189538 0.9547243 1.0297869 1.2070784 1.0703373 0.8864954 1.1586745 0.9913169 0.2746833 0.3666350 0.9913169 1.1132061 1.1132061 1.1132061 
t4         9.0000000 0.9913169 1.0297869 1.1132061 0.3347153 0.1189538 0.0000000 0.8864954 0.9913169 1.0297869 0.9198342 0.8864954 1.0297869 0.8864954 0.3040988 0.4172160 0.9913169 1.1132061 1.1586745 1.1586745 
t12        2.4141569 0.4529370 0.4529370 0.5299277 0.9547243 0.9547243 0.8864954 0.0000000 0.3192509 0.6157354 0.6388142 0.5099265 0.3999739 0.3666350 1.1586745 1.3144041 0.4529370 0.4348639 0.6157354 0.5933457 
t19        9.0000000 0.6157354 0.6157354 0.6157354 1.0297869 1.0297869 0.9913169 0.3192509 0.0000000 0.6388142 0.7662384 0.5716050 0.6626257 0.5933457 1.0297869 1.3144041 0.6157354 0.5716050 0.7945437 0.7945437 
t8         9.0000000 0.5716050 0.6388142 0.6626257 1.5111773 1.2070784 1.0297869 0.6157354 0.6388142 0.0000000 0.3505054 0.7126442 0.3040988 0.3666350 1.5111773 1.5901977 0.5933457 0.6157354 0.7662384 0.7389627 
t20        9.0000000 0.6157354 0.7945437 0.7945437 1.5111773 1.0703373 0.9198342 0.6388142 0.7662384 0.3505054 0.0000000 0.7389627 0.3831192 0.4348639 1.2070784 1.3744361 0.6626257 0.7126442 0.9198342 0.8864954 
t17        2.7182557 0.5299277 0.2463781 0.2463781 1.0297869 0.8864954 0.8864954 0.5099265 0.5716050 0.7126442 0.7389627 0.0000000 0.6157354 0.5099265 0.9913169 1.0297869 0.1189538 0.1189538 0.4172160 0.3999739 
t14        9.0000000 0.4714565 0.5933457 0.6872180 1.4396946 1.1586745 1.0297869 0.3999739 0.6626257 0.3040988 0.3831192 0.6157354 0.0000000 0.1307650 1.4396946 1.6785349 0.5504769 0.5716050 0.7389627 0.7126442 
t2         9.0000000 0.3347153 0.4904449 0.5933457 1.1586745 0.9913169 0.8864954 0.3666350 0.5933457 0.3666350 0.4348639 0.5099265 0.1307650 0.0000000 1.1586745 1.3744361 0.4529370 0.5099265 0.6872180 0.6626257 
t6         9.0000000 1.1586745 0.9913169 1.3144041 0.2326162 0.2746833 0.3040988 1.1586745 1.0297869 1.5111773 1.2070784 0.9913169 1.4396946 1.1586745 0.0000000 0.1073256 1.1586745 1.1132061 1.3144041 1.3144041 
t13        9.0000000 1.3144041 1.1586745 1.4396946 0.3505054 0.3666350 0.4172160 1.3144041 1.3144041 1.5901977 1.3744361 1.0297869 1.6785349 1.3744361 0.1073256 0.0000000 1.2588231 1.2070784 1.4396946 1.3744361 
t18        2.7182557 0.4904449 0.2058276 0.2191023 1.3144041 0.9913169 0.9913169 0.4529370 0.6157354 0.5933457 0.6626257 0.1189538 0.5504769 0.4529370 1.1586745 1.2588231 0.0000000 0.0845966 0.3831192 0.3666350 
t1         2.7182557 0.5299277 0.1927838 0.2191023 1.3144041 1.1132061 1.1132061 0.4348639 0.5716050 0.6157354 0.7126442 0.1189538 0.5716050 0.5099265 1.1132061 1.2070784 0.0845966 0.0000000 0.3666350 0.3505054 
t3         1.7786835 0.7945437 0.3666350 0.3999739 1.5901977 1.1132061 1.1586745 0.6157354 0.7945437 0.7662384 0.9198342 0.4172160 0.7389627 0.6872180 1.3144041 1.4396946 0.3831192 0.3666350 0.0000000 0.0202715 
t7         1.7786835 0.7662384 0.3505054 0.3831192 1.5901977 1.1132061 1.1586745 0.5933457 0.7945437 0.7389627 0.8864954 0.3999739 0.7126442 0.6626257 1.3144041 1.3744361 0.3666350 0.3505054 0.0202715 0.0000000 
