20
t9         0.0000000 1.1132061 1.5111773 1.1586745 1.1586745 1.2588231 1.2070784 1.2070784 2.1983953 1.7786835 2.0310377 0.9913169 1.3144041 1.5111773 1.1586745 1.2588231 1.2070784 0.9547243 1.0703373 1.2070784 
t13        1.1132061 0.0000000 0.6157354 0.4904449 0.6388142 0.9198342 0.5933457 1.0297869 1.1586745 0.4529370 0.8545757 0.4714565 0.7662384 0.7662384 0.3666350 0.3666350 0.6626257 0.4714565 0.4172160 0.4714565 
t19        1.5111773 0.6157354 0.0000000 0.3347153 0.4714565 0.7662384 0.4172160 1.5111773 1.5111773 0.7126442 0.9913169 0.7662384 0.6626257 0.5299277 0.6388142 0.6626257 0.7126442 0.6872180 0.6388142 0.6626257 
t8         1.1586745 0.4904449 0.3347153 0.0000000 0.3347153 0.6157354 0.2746833 1.2588231 1.0297869 0.4904449 0.8864954 0.5299277 0.4348639 0.4529370 0.4172160 0.4172160 0.6388142 0.5099265 0.4714565 0.5099265 
t11        1.1586745 0.6388142 0.4714565 0.3347153 0.0000000 0.6626257 0.3999739 1.0703373 1.2588231 0.6388142 0.8239592 0.6157354 0.5716050 0.6626257 0.5099265 0.5299277 0.5933457 0.6157354 0.5716050 0.6157354 
t14        1.2588231 0.9198342 0.7662384 0.6157354 0.6626257 0.0000000 0.5716050 1.2070784 1.2588231 0.6388142 1.1132061 0.8239592 0.6872180 0.7389627 0.6388142 0.7389627 0.8545757 0.7389627 0.7662384 0.7389627 
t18        1.2070784 0.5933457 0.4172160 0.2746833 0.3999739 0.5716050 0.0000000 1.2070784 0.9913169 0.6157354 0.8864954 0.6626257 0.3666350 0.4348639 0.4714565 0.4904449 0.8239592 0.6157354 0.5933457 0.6388142 
t20        1.2070784 1.0297869 1.5111773 1.2588231 1.0703373 1.2070784 1.2070784 0.0000000 1.2070784 1.1132061 2.1983953 1.0703373 1.3744361 1.5901977 0.8864954 0.7662384 1.0703373 1.0297869 1.1132061 1.2070784 
t6         2.1983953 1.1586745 1.5111773 1.0297869 1.2588231 1.2588231 0.9913169 1.2070784 0.0000000 1.1586745 1.5901977 1.3144041 1.1586745 1.3744361 0.9913169 1.0297869 1.7786835 1.3144041 1.2070784 1.2070784 
t17        1.7786835 0.4529370 0.7126442 0.4904449 0.6388142 0.6388142 0.6157354 1.1132061 1.1586745 0.0000000 0.5299277 0.4529370 0.8545757 0.7945437 0.3347153 0.3505054 0.6872180 0.4904449 0.4172160 0.4714565 
t4         2.0310377 0.8545757 0.9913169 0.8864954 0.8239592 1.1132061 0.8864954 2.1983953 1.5901977 0.5299277 0.0000000 0.7662384 1.1132061 1.2070784 0.5716050 0.6388142 0.9547243 0.7945437 0.8239592 0.8545757 
t12        0.9913169 0.4714565 0.7662384 0.5299277 0.6157354 0.8239592 0.6626257 1.0703373 1.3144041 0.4529370 0.7662384 0.0000000 0.7389627 0.7945437 0.4348639 0.4172160 0.4904449 0.2058276 0.2191023 0.2058276 
t15        1.3144041 0.7662384 0.6626257 0.4348639 0.5716050 0.6872180 0.3666350 1.3744361 1.1586745 0.8545757 1.1132061 0.7389627 0.0000000 0.5299277 0.7389627 0.7389627 0.9198342 0.9198342 0.8864954 0.8864954 
t5         1.5111773 0.7662384 0.5299277 0.4529370 0.6626257 0.7389627 0.4348639 1.5901977 1.3744361 0.7945437 1.2070784 0.7945437 0.5299277 0.0000000 0.7945437 0.7662384 0.7662384 0.7662384 0.7662384 0.7945437 
t2         1.1586745 0.3666350 0.6388142 0.4172160 0.5099265 0.6388142 0.4714565 0.8864954 0.9913169 0.3347153 0.5716050 0.4348639 0.7389627 0.7945437 0.0000000 0.1673577 0.5933457 0.4529370 0.3999739 0.4348639 
t10        1.2588231 0.3666350 0.6626257 0.4172160 0.5299277 0.7389627 0.4904449 0.7662384 1.0297869 0.3505054 0.6388142 0.4172160 0.7389627 0.7662384 0.1673577 0.0000000 0.5299277 0.4529370 0.3831192 0.4172160 
t3         1.2070784 0.6626257 0.7126442 0.6388142 0.5933457 0.8545757 0.8239592 1.0703373 1.7786835 0.6872180 0.9547243 0.4904449 0.9198342 0.7662384 0.5933457 0.5299277 0.0000000 0.3999739 0.4348639 0.3999739 
t7         0.9547243 0.4714565 0.6872180 0.5099265 0.6157354 0.7389627 0.6157354 1.0297869 1.3144041 0.4904449 0.7945437 0.2058276 0.9198342 0.7662384 0.4529370 0.4529370 0.3999739 0.0000000 0.1307650 0.1427653 
t16        1.0703373 0.4172160 0.6388142 0.4714565 0.5716050 0.7662384 0.5933457 1.1132061 1.2070784 0.4172160 0.8239592 0.2191023 0.8864954 0.7662384 0.3999739 0.3831192 0.4348639 0.1307650 0.0000000 0.0845966 
t1         1.2070784 0.4714565 0.6626257 0.5099265 0.6157354 0.7389627 0.6388142 1.2070784 1.2070784 0.4714565 0.8545757 0.2058276 0.8864954 0.7945437 0.4348639 0.4172160 0.3999739 0.1427653 0.0845966 0.0000000 
