20
t4         0.0000000 1.8942965 1.4396946 2.1983953 1.5901977 1.5901977 1.8942965 2.1983953 1.7786835 2.0310377 2.0310377 1.7786835 2.0310377 2.1983953 2.0310377 1.5901977 1.8942965 1.8942965 2.7182557 2.1983953 
t1         1.8942965 0.0000000 2.7182557 1.8942965 2.0310377 2.0310377 1.4396946 1.5901977 2.4141569 1.8942965 9.0000000 1.7786835 2.7182557 9.0000000 1.8942965 1.5901977 2.0310377 1.7786835 9.0000000 9.0000000 
t7         1.4396946 2.7182557 0.0000000 1.1132061 0.7389627 0.4904449 0.6157354 0.7945437 1.2070784 0.7945437 0.9547243 0.4714565 0.8545757 1.2588231 0.8545757 0.8864954 0.6157354 0.6388142 1.4396946 1.5111773 
t11        2.1983953 1.8942965 1.1132061 0.0000000 0.9198342 0.9547243 0.8239592 1.4396946 1.4396946 0.9547243 1.8942965 1.0703373 1.3144041 2.4141569 1.2070784 1.1132061 1.2070784 1.2588231 2.1983953 2.7182557 
t16        1.5901977 2.0310377 0.7389627 0.9198342 0.0000000 0.7126442 0.8545757 1.1586745 1.1132061 0.7126442 1.2588231 0.7945437 1.1586745 1.3744361 0.9198342 0.8545757 0.6872180 0.8239592 1.4396946 1.3744361 
t5         1.5901977 2.0310377 0.4904449 0.9547243 0.7126442 0.0000000 0.5299277 0.7389627 1.6785349 0.6626257 1.2588231 0.3999739 0.6157354 1.1132061 0.5299277 0.6157354 0.5099265 0.5099265 1.3744361 1.4396946 
t10        1.8942965 1.4396946 0.6157354 0.8239592 0.8545757 0.5299277 0.0000000 0.7389627 1.4396946 0.8239592 1.3144041 0.5716050 0.9913169 1.5901977 0.6626257 0.7389627 0.7662384 0.8545757 1.0297869 1.0297869 
t14        2.1983953 1.5901977 0.7945437 1.4396946 1.1586745 0.7389627 0.7389627 0.0000000 1.6785349 1.0703373 1.6785349 0.7945437 1.1132061 1.8942965 0.8864954 0.8864954 0.9547243 1.0297869 1.6785349 1.5901977 
t19        1.7786835 2.4141569 1.2070784 1.4396946 1.1132061 1.6785349 1.4396946 1.6785349 0.0000000 0.8239592 1.7786835 1.3144041 1.8942965 9.0000000 1.0297869 0.8864954 1.8942965 2.1983953 1.5901977 1.3144041 
t2         2.0310377 1.8942965 0.7945437 0.9547243 0.7126442 0.6626257 0.8239592 1.0703373 0.8239592 0.0000000 1.2588231 0.7389627 1.3144041 1.7786835 0.4714565 0.4904449 0.8545757 0.8545757 1.5111773 1.5901977 
t9         2.0310377 9.0000000 0.9547243 1.8942965 1.2588231 1.2588231 1.3144041 1.6785349 1.7786835 1.2588231 0.0000000 0.9913169 1.3144041 1.7786835 1.1586745 1.2070784 1.1132061 1.3144041 0.3666350 0.3831192 
t13        1.7786835 1.7786835 0.4714565 1.0703373 0.7945437 0.3999739 0.5716050 0.7945437 1.3144041 0.7389627 0.9913169 0.0000000 0.7389627 1.2070784 0.7126442 0.7662384 0.2058276 0.2191023 1.2070784 1.2070784 
t17        2.0310377 2.7182557 0.8545757 1.3144041 1.1586745 0.6157354 0.9913169 1.1132061 1.8942965 1.3144041 1.3144041 0.7389627 0.0000000 0.6626257 1.1132061 1.0297869 0.9198342 0.9198342 2.0310377 2.0310377 
t15        2.1983953 9.0000000 1.2588231 2.4141569 1.3744361 1.1132061 1.5901977 1.8942965 9.0000000 1.7786835 1.7786835 1.2070784 0.6626257 0.0000000 2.4141569 2.0310377 1.3144041 0.9913169 9.0000000 2.7182557 
t6         2.0310377 1.8942965 0.8545757 1.2070784 0.9198342 0.5299277 0.6626257 0.8864954 1.0297869 0.4714565 1.1586745 0.7126442 1.1132061 2.4141569 0.0000000 0.1073256 0.6626257 0.7389627 1.2070784 1.2588231 
t12        1.5901977 1.5901977 0.8864954 1.1132061 0.8545757 0.6157354 0.7389627 0.8864954 0.8864954 0.4904449 1.2070784 0.7662384 1.0297869 2.0310377 0.1073256 0.0000000 0.7126442 0.7945437 1.3744361 1.3744361 
t18        1.8942965 2.0310377 0.6157354 1.2070784 0.6872180 0.5099265 0.7662384 0.9547243 1.8942965 0.8545757 1.1132061 0.2058276 0.9198342 1.3144041 0.6626257 0.7126442 0.0000000 0.1307650 1.3744361 1.3144041 
t3         1.8942965 1.7786835 0.6388142 1.2588231 0.8239592 0.5099265 0.8545757 1.0297869 2.1983953 0.8545757 1.3144041 0.2191023 0.9198342 0.9913169 0.7389627 0.7945437 0.1307650 0.0000000 1.5901977 1.6785349 
t8         2.7182557 9.0000000 1.4396946 2.1983953 1.4396946 1.3744361 1.0297869 1.6785349 1.5901977 1.5111773 0.3666350 1.2070784 2.0310377 9.0000000 1.2070784 1.3744361 1.3744361 1.5901977 0.0000000 0.0958750 
t20        2.1983953 9.0000000 1.5111773 2.7182557 1.3744361 1.4396946 1.0297869 1.5901977 1.3144041 1.5901977 0.3831192 1.2070784 2.0310377 2.7182557 1.2588231 1.3744361 1.3144041 1.6785349 0.0958750 0.0000000 
