20
t10        0.0000000 2.4141569 9.0000000 9.0000000 3.2381161 9.0000000 9.0000000 9.0000000 9.0000000 2.7182557 9.0000000 9.0000000 2.7182557 3.2381161 2.0310377 9.0000000 9.0000000 2.4141569 2.4141569 2.4141569 
t8         2.4141569 0.0000000 1.0703373 0.6872180 0.5504769 1.1586745 2.4141569 1.4396946 1.6785349 1.1132061 0.9547243 1.0297869 1.2588231 1.1132061 3.2381161 1.5111773 1.2588231 9.0000000 2.7182557 3.2381161 
t5         9.0000000 1.0703373 0.0000000 1.2588231 1.1132061 2.4141569 3.2381161 2.1983953 2.7182557 9.0000000 1.2588231 2.1983953 1.3744361 1.1586745 3.2381161 3.2381161 2.1983953 9.0000000 9.0000000 9.0000000 
t20        9.0000000 0.6872180 1.2588231 0.0000000 0.2603971 1.1586745 2.7182557 1.1586745 1.8942965 1.3744361 0.8864954 1.1586745 1.1132061 1.2588231 2.1983953 1.7786835 1.8942965 2.0310377 2.1983953 1.8942965 
t13        3.2381161 0.5504769 1.1132061 0.2603971 0.0000000 1.2070784 1.8942965 0.7945437 1.5111773 1.1132061 0.5716050 0.9198342 0.9547243 1.1132061 2.1983953 2.0310377 1.7786835 2.4141569 3.2381161 2.1983953 
t17        9.0000000 1.1586745 2.4141569 1.1586745 1.2070784 0.0000000 3.2381161 1.5901977 1.7786835 1.8942965 2.0310377 1.6785349 1.5901977 1.5111773 9.0000000 3.2381161 2.1983953 9.0000000 9.0000000 9.0000000 
t11        9.0000000 2.4141569 3.2381161 2.7182557 1.8942965 3.2381161 0.0000000 9.0000000 9.0000000 9.0000000 3.2381161 3.2381161 1.5901977 1.6785349 3.2381161 9.0000000 9.0000000 2.0310377 2.1983953 2.1983953 
t6         9.0000000 1.4396946 2.1983953 1.1586745 0.7945437 1.5901977 9.0000000 0.0000000 1.5111773 1.4396946 0.7389627 0.9198342 1.5901977 1.5901977 9.0000000 2.4141569 2.4141569 9.0000000 9.0000000 9.0000000 
t3         9.0000000 1.6785349 2.7182557 1.8942965 1.5111773 1.7786835 9.0000000 1.5111773 0.0000000 1.1586745 2.1983953 2.7182557 9.0000000 9.0000000 2.0310377 9.0000000 2.1983953 2.0310377 2.0310377 2.0310377 
t14        2.7182557 1.1132061 9.0000000 1.3744361 1.1132061 1.8942965 9.0000000 1.4396946 1.1586745 0.0000000 1.4396946 1.8942965 9.0000000 2.1983953 2.4141569 2.1983953 9.0000000 2.1983953 2.4141569 2.4141569 
t7         9.0000000 0.9547243 1.2588231 0.8864954 0.5716050 2.0310377 3.2381161 0.7389627 2.1983953 1.4396946 0.0000000 0.5933457 1.2588231 1.4396946 2.4141569 9.0000000 2.7182557 2.1983953 3.2381161 2.4141569 
t15        9.0000000 1.0297869 2.1983953 1.1586745 0.9198342 1.6785349 3.2381161 0.9198342 2.7182557 1.8942965 0.5933457 0.0000000 1.5901977 1.8942965 2.4141569 2.7182557 1.7786835 2.4141569 3.2381161 2.4141569 
t2         2.7182557 1.2588231 1.3744361 1.1132061 0.9547243 1.5901977 1.5901977 1.5901977 9.0000000 9.0000000 1.2588231 1.5901977 0.0000000 0.1927838 1.8942965 0.7662384 0.6388142 2.4141569 2.4141569 2.1983953 
t16        3.2381161 1.1132061 1.1586745 1.2588231 1.1132061 1.5111773 1.6785349 1.5901977 9.0000000 2.1983953 1.4396946 1.8942965 0.1927838 0.0000000 9.0000000 0.8545757 0.7662384 9.0000000 9.0000000 9.0000000 
t18        2.0310377 3.2381161 3.2381161 2.1983953 2.1983953 9.0000000 3.2381161 9.0000000 2.0310377 2.4141569 2.4141569 2.4141569 1.8942965 9.0000000 0.0000000 9.0000000 9.0000000 0.0845966 0.1073256 0.0517447 
t12        9.0000000 1.5111773 3.2381161 1.7786835 2.0310377 3.2381161 9.0000000 2.4141569 9.0000000 2.1983953 9.0000000 2.7182557 0.7662384 0.8545757 9.0000000 0.0000000 0.1073256 9.0000000 9.0000000 9.0000000 
t4         9.0000000 1.2588231 2.1983953 1.8942965 1.7786835 2.1983953 9.0000000 2.4141569 2.1983953 9.0000000 2.7182557 1.7786835 0.6388142 0.7662384 9.0000000 0.1073256 0.0000000 9.0000000 9.0000000 9.0000000 
t1         2.4141569 9.0000000 9.0000000 2.0310377 2.4141569 9.0000000 2.0310377 9.0000000 2.0310377 2.1983953 2.1983953 2.4141569 2.4141569 9.0000000 0.0845966 9.0000000 9.0000000 0.0000000 0.0845966 0.0306165 
t9         2.4141569 2.7182557 9.0000000 2.1983953 3.2381161 9.0000000 2.1983953 9.0000000 2.0310377 2.4141569 3.2381161 3.2381161 2.4141569 9.0000000 0.1073256 9.0000000 9.0000000 0.0845966 0.0000000 0.0517447 
t19        2.4141569 3.2381161 9.0000000 1.8942965 2.1983953 9.0000000 2.1983953 9.0000000 2.0310377 2.4141569 2.4141569 2.4141569 2.1983953 9.0000000 0.0517447 9.0000000 9.0000000 0.0306165 0.0517447 0.0000000 
