20
t2         0.0000000 1.3744361 1.2588231 1.6785349 2.0310377 1.8942965 1.5111773 2.1983953 1.5901977 1.7786835 1.5901977 1.5901977 9.0000000 1.2070784 1.2070784 1.7786835 1.5111773 2.0310377 1.8942965 2.0310377 
t13        1.3744361 0.0000000 1.3744361 1.5901977 9.0000000 1.3144041 0.9913169 1.2588231 1.2588231 1.0297869 2.1983953 1.4396946 1.7786835 1.1586745 0.9913169 1.0297869 1.0297869 1.7786835 1.5111773 1.7786835 
t15        1.2588231 1.3744361 0.0000000 0.6388142 1.3744361 1.5111773 0.6157354 0.5933457 0.8239592 0.9547243 0.7945437 0.5299277 0.9547243 0.7126442 0.5716050 0.5716050 0.6388142 0.6388142 0.5933457 0.6388142 
t16        1.6785349 1.5901977 0.6388142 0.0000000 1.5901977 1.3144041 0.8864954 1.0297869 0.9547243 1.1586745 0.8239592 0.6157354 1.0703373 0.9913169 0.8239592 0.7389627 0.7389627 0.8239592 0.8239592 0.9198342 
t5         2.0310377 9.0000000 1.3744361 1.5901977 0.0000000 9.0000000 2.1983953 2.1983953 2.7182557 9.0000000 1.5901977 1.2070784 1.3144041 2.4141569 3.2381161 1.6785349 1.7786835 1.5111773 1.4396946 1.4396946 
t11        1.8942965 1.3144041 1.5111773 1.3144041 9.0000000 0.0000000 0.7945437 1.4396946 1.0297869 0.9198342 1.6785349 1.6785349 2.0310377 1.2588231 1.1132061 1.1132061 1.3744361 2.0310377 1.7786835 1.8942965 
t10        1.5111773 0.9913169 0.6157354 0.8864954 2.1983953 0.7945437 0.0000000 0.9198342 0.4172160 0.2892469 0.9547243 0.7389627 1.3144041 0.9547243 0.7945437 0.8239592 0.9198342 1.1586745 1.0297869 1.0703373 
t14        2.1983953 1.2588231 0.5933457 1.0297869 2.1983953 1.4396946 0.9198342 0.0000000 0.9547243 0.9198342 1.2070784 0.8864954 1.5901977 0.7945437 0.7389627 0.7662384 0.8864954 1.1132061 1.1132061 1.1586745 
t1         1.5901977 1.2588231 0.8239592 0.9547243 2.7182557 1.0297869 0.4172160 0.9547243 0.0000000 0.4714565 1.1132061 1.0703373 1.6785349 1.2588231 1.2588231 1.0297869 0.9913169 1.3144041 1.2588231 1.3744361 
t9         1.7786835 1.0297869 0.9547243 1.1586745 9.0000000 0.9198342 0.2892469 0.9198342 0.4714565 0.0000000 1.1586745 0.9547243 1.6785349 1.2588231 1.1586745 0.9913169 1.0297869 1.4396946 1.2588231 1.3144041 
t4         1.5901977 2.1983953 0.7945437 0.8239592 1.5901977 1.6785349 0.9547243 1.2070784 1.1132061 1.1586745 0.0000000 0.2603971 0.7389627 1.3744361 1.1586745 1.0297869 1.0297869 1.0703373 0.9198342 0.9547243 
t12        1.5901977 1.4396946 0.5299277 0.6157354 1.2070784 1.6785349 0.7389627 0.8864954 1.0703373 0.9547243 0.2603971 0.0000000 0.5504769 0.9547243 0.8239592 0.6626257 0.7389627 0.8864954 0.7662384 0.7945437 
t20        9.0000000 1.7786835 0.9547243 1.0703373 1.3144041 2.0310377 1.3144041 1.5901977 1.6785349 1.6785349 0.7389627 0.5504769 0.0000000 1.5901977 1.7786835 1.3744361 1.3144041 1.3744361 1.3144041 1.3744361 
t17        1.2070784 1.1586745 0.7126442 0.9913169 2.4141569 1.2588231 0.9547243 0.7945437 1.2588231 1.2588231 1.3744361 0.9547243 1.5901977 0.0000000 0.3999739 0.5099265 0.5299277 0.9198342 0.8864954 0.9198342 
t6         1.2070784 0.9913169 0.5716050 0.8239592 3.2381161 1.1132061 0.7945437 0.7389627 1.2588231 1.1586745 1.1586745 0.8239592 1.7786835 0.3999739 0.0000000 0.5099265 0.5099265 0.9547243 0.8864954 0.9913169 
t3         1.7786835 1.0297869 0.5716050 0.7389627 1.6785349 1.1132061 0.8239592 0.7662384 1.0297869 0.9913169 1.0297869 0.6626257 1.3744361 0.5099265 0.5099265 0.0000000 0.1549607 0.9913169 0.9198342 0.9913169 
t18        1.5111773 1.0297869 0.6388142 0.7389627 1.7786835 1.3744361 0.9198342 0.8864954 0.9913169 1.0297869 1.0297869 0.7389627 1.3144041 0.5299277 0.5099265 0.1549607 0.0000000 1.0297869 0.9547243 1.0297869 
t19        2.0310377 1.7786835 0.6388142 0.8239592 1.5111773 2.0310377 1.1586745 1.1132061 1.3144041 1.4396946 1.0703373 0.8864954 1.3744361 0.9198342 0.9547243 0.9913169 1.0297869 0.0000000 0.0734853 0.1427653 
t8         1.8942965 1.5111773 0.5933457 0.8239592 1.4396946 1.7786835 1.0297869 1.1132061 1.2588231 1.2588231 0.9198342 0.7662384 1.3144041 0.8864954 0.8864954 0.9198342 0.9547243 0.0734853 0.0000000 0.0625362 
t7         2.0310377 1.7786835 0.6388142 0.9198342 1.4396946 1.8942965 1.0703373 1.1586745 1.3744361 1.3144041 0.9547243 0.7945437 1.3744361 0.9198342 0.9913169 0.9913169 1.0297869 0.1427653 0.0625362 0.0000000 
