20
t2         0.0000000 2.1983953 2.7182557 1.7786835 9.0000000 1.8942965 1.7786835 1.8942965 1.7786835 2.1983953 1.5901977 3.2381161 2.4141569 2.0310377 9.0000000 9.0000000 1.5901977 1.4396946 2.1983953 9.0000000 
t18        2.1983953 0.0000000 0.6872180 2.0310377 1.3144041 1.3744361 1.4396946 2.0310377 1.2588231 1.1132061 1.3144041 1.2588231 1.3144041 1.3744361 0.8545757 0.8239592 1.6785349 1.3744361 1.1132061 1.1586745 
t19        2.7182557 0.6872180 0.0000000 1.2588231 0.9913169 1.2588231 1.1586745 1.0703373 0.7662384 0.9198342 0.7945437 1.2588231 1.3144041 1.3744361 0.3040988 0.1927838 1.7786835 2.1983953 1.1586745 1.1586745 
t16        1.7786835 2.0310377 1.2588231 0.0000000 1.0703373 1.6785349 1.6785349 0.8864954 0.7126442 1.3144041 1.0703373 2.1983953 2.1983953 2.1983953 1.2070784 1.1586745 2.1983953 1.8942965 2.1983953 2.4141569 
t20        9.0000000 1.3144041 0.9913169 1.0703373 0.0000000 1.6785349 1.7786835 0.9913169 0.7126442 0.9547243 0.7945437 1.4396946 1.3744361 1.5901977 0.8545757 0.8239592 1.4396946 1.8942965 1.2588231 1.2588231 
t11        1.8942965 1.3744361 1.2588231 1.6785349 1.6785349 0.0000000 0.2191023 1.3744361 1.3144041 1.2070784 0.7945437 0.9547243 0.9913169 1.1132061 1.5901977 1.4396946 1.2588231 1.0297869 1.1132061 1.1586745 
t4         1.7786835 1.4396946 1.1586745 1.6785349 1.7786835 0.2191023 0.0000000 1.4396946 1.4396946 1.2588231 0.7945437 1.2070784 1.3144041 1.3144041 1.5901977 1.3744361 1.6785349 1.3144041 0.9913169 1.0297869 
t7         1.8942965 2.0310377 1.0703373 0.8864954 0.9913169 1.3744361 1.4396946 0.0000000 0.2892469 1.5111773 1.0297869 1.6785349 1.2070784 1.2070784 1.1132061 1.0703373 1.5111773 9.0000000 1.3144041 1.3744361 
t17        1.7786835 1.2588231 0.7662384 0.7126442 0.7126442 1.3144041 1.4396946 0.2892469 0.0000000 1.2070784 0.9547243 1.5111773 1.3144041 1.1132061 0.7945437 0.7389627 1.1586745 1.6785349 1.3144041 1.3144041 
t9         2.1983953 1.1132061 0.9198342 1.3144041 0.9547243 1.2070784 1.2588231 1.5111773 1.2070784 0.0000000 0.3505054 1.6785349 1.3744361 1.5901977 0.8239592 0.8239592 1.3744361 1.5111773 1.1586745 1.2588231 
t12        1.5901977 1.3144041 0.7945437 1.0703373 0.7945437 0.7945437 0.7945437 1.0297869 0.9547243 0.3505054 0.0000000 1.0703373 1.0297869 1.1132061 0.7389627 0.6872180 1.2588231 1.2588231 0.8864954 0.9913169 
t5         3.2381161 1.2588231 1.2588231 2.1983953 1.4396946 0.9547243 1.2070784 1.6785349 1.5111773 1.6785349 1.0703373 0.0000000 0.3505054 0.4348639 1.3144041 1.2070784 1.5901977 1.0703373 0.4172160 0.3999739 
t10        2.4141569 1.3144041 1.3144041 2.1983953 1.3744361 0.9913169 1.3144041 1.2070784 1.3144041 1.3744361 1.0297869 0.3505054 0.0000000 0.2191023 1.4396946 1.2070784 1.1586745 0.9547243 0.3347153 0.3505054 
t6         2.0310377 1.3744361 1.3744361 2.1983953 1.5901977 1.1132061 1.3144041 1.2070784 1.1132061 1.5901977 1.1132061 0.4348639 0.2191023 0.0000000 1.2070784 1.2070784 1.2070784 1.0703373 0.4348639 0.4348639 
t14        9.0000000 0.8545757 0.3040988 1.2070784 0.8545757 1.5901977 1.5901977 1.1132061 0.7945437 0.8239592 0.7389627 1.3144041 1.4396946 1.2070784 0.0000000 0.1189538 1.5111773 1.5111773 1.0297869 1.0703373 
t3         9.0000000 0.8239592 0.1927838 1.1586745 0.8239592 1.4396946 1.3744361 1.0703373 0.7389627 0.8239592 0.6872180 1.2070784 1.2070784 1.2070784 0.1189538 0.0000000 1.5111773 1.4396946 0.9198342 0.9547243 
t1         1.5901977 1.6785349 1.7786835 2.1983953 1.4396946 1.2588231 1.6785349 1.5111773 1.1586745 1.3744361 1.2588231 1.5901977 1.1586745 1.2070784 1.5111773 1.5111773 0.0000000 0.5504769 1.3144041 1.2070784 
t15        1.4396946 1.3744361 2.1983953 1.8942965 1.8942965 1.0297869 1.3144041 9.0000000 1.6785349 1.5111773 1.2588231 1.0703373 0.9547243 1.0703373 1.5111773 1.4396946 0.5504769 0.0000000 1.0297869 0.9198342 
t13        2.1983953 1.1132061 1.1586745 2.1983953 1.2588231 1.1132061 0.9913169 1.3144041 1.3144041 1.1586745 0.8864954 0.4172160 0.3347153 0.4348639 1.0297869 0.9198342 1.3144041 1.0297869 0.0000000 0.0734853 
t8         9.0000000 1.1586745 1.1586745 2.4141569 1.2588231 1.1586745 1.0297869 1.3744361 1.3144041 1.2588231 0.9913169 0.3999739 0.3505054 0.4348639 1.0703373 0.9547243 1.2070784 0.9198342 0.0734853 0.0000000 
