20
t5         0.0000000 2.7182557 2.0310377 1.3744361 1.2588231 1.5901977 2.0310377 3.2381161 2.0310377 9.0000000 1.5901977 1.8942965 1.4396946 1.5111773 1.2070784 9.0000000 9.0000000 9.0000000 1.5111773 1.6785349 
t7         2.7182557 0.0000000 1.5111773 1.4396946 2.1983953 1.0297869 1.5901977 1.3144041 1.3144041 1.2070784 1.1132061 1.0703373 1.0703373 1.7786835 1.5901977 1.1586745 1.2588231 1.1586745 1.4396946 1.3144041 
t17        2.0310377 1.5111773 0.0000000 0.8864954 2.1983953 0.9913169 0.9547243 1.1132061 1.1132061 1.2070784 1.3144041 1.0297869 1.0297869 1.1132061 1.2070784 0.7662384 0.7945437 0.7662384 1.1586745 1.1586745 
t2         1.3744361 1.4396946 0.8864954 0.0000000 1.1132061 1.3144041 1.4396946 1.1586745 0.9547243 0.9198342 0.8545757 0.8864954 1.0703373 1.5901977 1.1586745 1.3744361 1.5111773 1.4396946 1.1586745 1.1132061 
t11        1.2588231 2.1983953 2.1983953 1.1132061 0.0000000 1.1586745 1.4396946 1.6785349 1.2588231 1.2588231 0.9913169 0.9913169 1.1132061 1.2588231 1.4396946 2.1983953 2.0310377 2.1983953 1.3744361 1.3744361 
t9         1.5901977 1.0297869 0.9913169 1.3144041 1.1586745 0.0000000 1.2588231 0.9547243 0.9547243 0.7662384 0.7389627 0.5099265 0.8239592 1.1586745 1.5901977 1.3144041 1.2588231 1.3144041 1.3144041 1.2070784 
t13        2.0310377 1.5901977 0.9547243 1.4396946 1.4396946 1.2588231 0.0000000 1.3744361 0.9913169 1.2588231 1.2588231 1.1586745 1.1586745 1.1132061 0.9913169 0.5933457 0.5716050 0.6626257 1.1586745 1.2070784 
t18        3.2381161 1.3144041 1.1132061 1.1586745 1.6785349 0.9547243 1.3744361 0.0000000 0.6157354 0.9547243 0.9198342 0.7662384 1.1586745 1.4396946 1.5901977 1.8942965 2.1983953 1.8942965 1.3744361 1.2588231 
t1         2.0310377 1.3144041 1.1132061 0.9547243 1.2588231 0.9547243 0.9913169 0.6157354 0.0000000 1.1586745 0.8864954 0.8239592 1.1586745 0.9913169 1.3744361 1.0297869 1.1132061 1.1132061 1.0703373 1.0297869 
t8         9.0000000 1.2070784 1.2070784 0.9198342 1.2588231 0.7662384 1.2588231 0.9547243 1.1586745 0.0000000 0.4714565 0.4904449 0.7945437 1.0703373 0.9913169 2.0310377 2.4141569 2.1983953 1.4396946 1.3144041 
t19        1.5901977 1.1132061 1.3144041 0.8545757 0.9913169 0.7389627 1.2588231 0.9198342 0.8864954 0.4714565 0.0000000 0.4172160 0.6157354 0.9198342 0.7945437 1.6785349 1.7786835 1.5111773 1.4396946 1.3744361 
t10        1.8942965 1.0703373 1.0297869 0.8864954 0.9913169 0.5099265 1.1586745 0.7662384 0.8239592 0.4904449 0.4172160 0.0000000 0.4714565 0.9547243 1.1586745 1.3744361 1.4396946 1.3744361 1.2588231 1.2070784 
t14        1.4396946 1.0703373 1.0297869 1.0703373 1.1132061 0.8239592 1.1586745 1.1586745 1.1586745 0.7945437 0.6157354 0.4714565 0.0000000 1.3144041 1.1132061 1.3144041 1.3744361 1.3744361 1.6785349 1.3744361 
t15        1.5111773 1.7786835 1.1132061 1.5901977 1.2588231 1.1586745 1.1132061 1.4396946 0.9913169 1.0703373 0.9198342 0.9547243 1.3144041 0.0000000 0.8864954 1.3744361 1.4396946 1.3744361 1.1586745 1.2070784 
t6         1.2070784 1.5901977 1.2070784 1.1586745 1.4396946 1.5901977 0.9913169 1.5901977 1.3744361 0.9913169 0.7945437 1.1586745 1.1132061 0.8864954 0.0000000 1.4396946 1.6785349 1.4396946 1.1132061 1.1132061 
t4         9.0000000 1.1586745 0.7662384 1.3744361 2.1983953 1.3144041 0.5933457 1.8942965 1.0297869 2.0310377 1.6785349 1.3744361 1.3144041 1.3744361 1.4396946 0.0000000 0.0517447 0.0411062 1.2588231 1.1586745 
t3         9.0000000 1.2588231 0.7945437 1.5111773 2.0310377 1.2588231 0.5716050 2.1983953 1.1132061 2.4141569 1.7786835 1.4396946 1.3744361 1.4396946 1.6785349 0.0517447 0.0000000 0.0517447 1.2070784 1.1586745 
t12        9.0000000 1.1586745 0.7662384 1.4396946 2.1983953 1.3144041 0.6626257 1.8942965 1.1132061 2.1983953 1.5111773 1.3744361 1.3744361 1.3744361 1.4396946 0.0411062 0.0517447 0.0000000 1.2588231 1.1586745 
t20        1.5111773 1.4396946 1.1586745 1.1586745 1.3744361 1.3144041 1.1586745 1.3744361 1.0703373 1.4396946 1.4396946 1.2588231 1.6785349 1.1586745 1.1132061 1.2588231 1.2070784 1.2588231 0.0000000 0.0411062 
t16        1.6785349 1.3144041 1.1586745 1.1132061 1.3744361 1.2070784 1.2070784 1.2588231 1.0297869 1.3144041 1.3744361 1.2070784 1.3744361 1.2070784 1.1132061 1.1586745 1.1586745 1.1586745 0.0411062 0.0000000 
