20
t12        0.0000000 9.0000000 9.0000000 9.0000000 2.7182557 9.0000000 9.0000000 9.0000000 9.0000000 3.2381161 3.2381161 9.0000000 2.7182557 3.2381161 1.5901977 9.0000000 9.0000000 2.7182557 9.0000000 9.0000000 
t1         9.0000000 0.0000000 1.1132061 1.7786835 2.0310377 1.1586745 2.7182557 1.5111773 9.0000000 9.0000000 1.6785349 0.8864954 1.2070784 1.1586745 1.5111773 1.0703373 1.2588231 0.9913169 1.5111773 1.3144041 
t6         9.0000000 1.1132061 0.0000000 2.4141569 2.7182557 2.4141569 2.1983953 1.5901977 9.0000000 9.0000000 3.2381161 1.3144041 1.1586745 1.3144041 1.8942965 1.2588231 1.6785349 9.0000000 9.0000000 9.0000000 
t17        9.0000000 1.7786835 2.4141569 0.0000000 0.5099265 2.4141569 3.2381161 2.1983953 9.0000000 9.0000000 9.0000000 2.7182557 3.2381161 1.7786835 2.1983953 9.0000000 2.7182557 1.8942965 2.1983953 2.0310377 
t8         2.7182557 2.0310377 2.7182557 0.5099265 0.0000000 9.0000000 2.7182557 9.0000000 9.0000000 9.0000000 3.2381161 2.4141569 9.0000000 1.7786835 2.7182557 2.1983953 2.7182557 2.0310377 1.8942965 1.6785349 
t19        9.0000000 1.1586745 2.4141569 2.4141569 9.0000000 0.0000000 1.8942965 2.1983953 2.1983953 9.0000000 2.4141569 1.2588231 2.0310377 1.2588231 1.3744361 1.5901977 2.1983953 1.3144041 2.1983953 1.8942965 
t15        9.0000000 2.7182557 2.1983953 3.2381161 2.7182557 1.8942965 0.0000000 1.3144041 9.0000000 9.0000000 9.0000000 2.1983953 1.3144041 1.3144041 1.4396946 1.2070784 1.2588231 1.7786835 9.0000000 9.0000000 
t7         9.0000000 1.5111773 1.5901977 2.1983953 9.0000000 2.1983953 1.3144041 0.0000000 9.0000000 9.0000000 3.2381161 1.7786835 1.3144041 1.3744361 1.4396946 0.9198342 1.4396946 3.2381161 1.8942965 1.7786835 
t14        9.0000000 9.0000000 9.0000000 9.0000000 9.0000000 2.1983953 9.0000000 9.0000000 0.0000000 0.7945437 3.2381161 2.0310377 9.0000000 9.0000000 9.0000000 9.0000000 9.0000000 9.0000000 9.0000000 2.4141569 
t4         3.2381161 9.0000000 9.0000000 9.0000000 9.0000000 9.0000000 9.0000000 9.0000000 0.7945437 0.0000000 1.3744361 9.0000000 9.0000000 9.0000000 9.0000000 9.0000000 9.0000000 9.0000000 9.0000000 9.0000000 
t13        3.2381161 1.6785349 3.2381161 9.0000000 3.2381161 2.4141569 9.0000000 3.2381161 3.2381161 1.3744361 0.0000000 1.0703373 1.8942965 1.8942965 1.5111773 1.7786835 2.0310377 1.2070784 1.7786835 1.7786835 
t20        9.0000000 0.8864954 1.3144041 2.7182557 2.4141569 1.2588231 2.1983953 1.7786835 2.0310377 9.0000000 1.0703373 0.0000000 1.5111773 1.3144041 1.2588231 1.5111773 1.5901977 0.7662384 1.5111773 1.3744361 
t9         2.7182557 1.2070784 1.1586745 3.2381161 9.0000000 2.0310377 1.3144041 1.3144041 9.0000000 9.0000000 1.8942965 1.5111773 0.0000000 0.5504769 0.6388142 1.1586745 1.5111773 1.4396946 3.2381161 9.0000000 
t18        3.2381161 1.1586745 1.3144041 1.7786835 1.7786835 1.2588231 1.3144041 1.3744361 9.0000000 9.0000000 1.8942965 1.3144041 0.5504769 0.0000000 0.4172160 0.9913169 1.5901977 1.0703373 1.5111773 1.6785349 
t3         1.5901977 1.5111773 1.8942965 2.1983953 2.7182557 1.3744361 1.4396946 1.4396946 9.0000000 9.0000000 1.5111773 1.2588231 0.6388142 0.4172160 0.0000000 1.1132061 1.7786835 1.2070784 1.6785349 2.0310377 
t11        9.0000000 1.0703373 1.2588231 9.0000000 2.1983953 1.5901977 1.2070784 0.9198342 9.0000000 9.0000000 1.7786835 1.5111773 1.1586745 0.9913169 1.1132061 0.0000000 0.1927838 1.6785349 1.8942965 1.8942965 
t2         9.0000000 1.2588231 1.6785349 2.7182557 2.7182557 2.1983953 1.2588231 1.4396946 9.0000000 9.0000000 2.0310377 1.5901977 1.5111773 1.5901977 1.7786835 0.1927838 0.0000000 2.0310377 2.1983953 1.8942965 
t16        2.7182557 0.9913169 9.0000000 1.8942965 2.0310377 1.3144041 1.7786835 3.2381161 9.0000000 9.0000000 1.2070784 0.7662384 1.4396946 1.0703373 1.2070784 1.6785349 2.0310377 0.0000000 0.7662384 0.7945437 
t10        9.0000000 1.5111773 9.0000000 2.1983953 1.8942965 2.1983953 9.0000000 1.8942965 9.0000000 9.0000000 1.7786835 1.5111773 3.2381161 1.5111773 1.6785349 1.8942965 2.1983953 0.7662384 0.0000000 0.0625362 
t5         9.0000000 1.3144041 9.0000000 2.0310377 1.6785349 1.8942965 9.0000000 1.7786835 2.4141569 9.0000000 1.7786835 1.3744361 9.0000000 1.6785349 2.0310377 1.8942965 1.8942965 0.7945437 0.0625362 0.0000000 
