20
t19        0.0000000 1.1586745 2.1983953 3.2381161 1.6785349 1.6785349 2.7182557 1.8942965 1.4396946 3.2381161 9.0000000 9.0000000 2.1983953 9.0000000 3.2381161 2.7182557 1.8942965 3.2381161 2.4141569 3.2381161 
t18        1.1586745 0.0000000 1.3744361 2.7182557 1.0703373 0.9913169 1.2070784 1.1132061 1.5111773 2.1983953 9.0000000 9.0000000 1.4396946 2.0310377 1.8942965 1.2070784 1.0703373 1.1586745 1.3144041 1.2588231 
t8         2.1983953 1.3744361 0.0000000 1.8942965 9.0000000 1.8942965 1.6785349 2.0310377 9.0000000 2.1983953 1.3144041 1.6785349 2.1983953 2.1983953 2.0310377 2.7182557 2.7182557 9.0000000 9.0000000 9.0000000 
t5         3.2381161 2.7182557 1.8942965 0.0000000 9.0000000 9.0000000 9.0000000 9.0000000 9.0000000 2.7182557 9.0000000 1.8942965 2.7182557 9.0000000 9.0000000 2.1983953 2.4141569 9.0000000 9.0000000 9.0000000 
t7         1.6785349 1.0703373 9.0000000 9.0000000 0.0000000 1.1586745 1.0297869 0.6626257 0.5933457 1.8942965 2.0310377 9.0000000 1.3144041 1.5901977 2.1983953 1.5111773 1.2588231 1.4396946 1.8942965 1.8942965 
t4         1.6785349 0.9913169 1.8942965 9.0000000 1.1586745 0.0000000 0.2603971 1.5111773 1.4396946 1.2588231 1.3744361 1.7786835 0.4714565 1.6785349 1.5901977 0.4714565 0.3999739 1.0297869 1.3144041 1.2588231 
t1         2.7182557 1.2070784 1.6785349 9.0000000 1.0297869 0.2603971 0.0000000 1.2588231 1.5901977 1.7786835 1.6785349 2.1983953 0.5299277 1.4396946 1.5901977 0.5099265 0.5099265 1.0703373 1.2588231 1.2588231 
t16        1.8942965 1.1132061 2.0310377 9.0000000 0.6626257 1.5111773 1.2588231 0.0000000 0.4348639 2.4141569 2.1983953 9.0000000 1.2588231 1.5901977 1.5901977 1.6785349 1.6785349 1.6785349 2.0310377 1.8942965 
t6         1.4396946 1.5111773 9.0000000 9.0000000 0.5933457 1.4396946 1.5901977 0.4348639 0.0000000 1.5901977 1.7786835 2.1983953 1.3744361 1.5111773 1.6785349 1.2588231 1.4396946 1.2588231 1.6785349 1.5111773 
t9         3.2381161 2.1983953 2.1983953 2.7182557 1.8942965 1.2588231 1.7786835 2.4141569 1.5901977 0.0000000 0.5299277 0.5933457 2.0310377 9.0000000 3.2381161 1.7786835 1.8942965 1.2070784 1.3144041 1.2588231 
t14        9.0000000 9.0000000 1.3144041 9.0000000 2.0310377 1.3744361 1.6785349 2.1983953 1.7786835 0.5299277 0.0000000 1.2070784 2.1983953 9.0000000 9.0000000 1.5111773 1.8942965 1.4396946 1.7786835 1.6785349 
t11        9.0000000 9.0000000 1.6785349 1.8942965 9.0000000 1.7786835 2.1983953 9.0000000 2.1983953 0.5933457 1.2070784 0.0000000 1.6785349 2.1983953 2.4141569 2.0310377 2.4141569 2.7182557 3.2381161 2.7182557 
t12        2.1983953 1.4396946 2.1983953 2.7182557 1.3144041 0.4714565 0.5299277 1.2588231 1.3744361 2.0310377 2.1983953 1.6785349 0.0000000 2.4141569 2.0310377 0.3192509 0.2892469 1.3744361 1.7786835 1.6785349 
t3         9.0000000 2.0310377 2.1983953 9.0000000 1.5901977 1.6785349 1.4396946 1.5901977 1.5111773 9.0000000 9.0000000 2.1983953 2.4141569 0.0000000 0.3192509 2.4141569 2.0310377 3.2381161 2.7182557 2.7182557 
t2         3.2381161 1.8942965 2.0310377 9.0000000 2.1983953 1.5901977 1.5901977 1.5901977 1.6785349 3.2381161 9.0000000 2.4141569 2.0310377 0.3192509 0.0000000 1.7786835 2.1983953 9.0000000 9.0000000 9.0000000 
t13        2.7182557 1.2070784 2.7182557 2.1983953 1.5111773 0.4714565 0.5099265 1.6785349 1.2588231 1.7786835 1.5111773 2.0310377 0.3192509 2.4141569 1.7786835 0.0000000 0.1549607 1.3144041 1.6785349 1.6785349 
t17        1.8942965 1.0703373 2.7182557 2.4141569 1.2588231 0.3999739 0.5099265 1.6785349 1.4396946 1.8942965 1.8942965 2.4141569 0.2892469 2.0310377 2.1983953 0.1549607 0.0000000 1.2070784 1.4396946 1.3744361 
t15        3.2381161 1.1586745 9.0000000 9.0000000 1.4396946 1.0297869 1.0703373 1.6785349 1.2588231 1.2070784 1.4396946 2.7182557 1.3744361 3.2381161 9.0000000 1.3144041 1.2070784 0.0000000 0.1073256 0.1073256 
t10        2.4141569 1.3144041 9.0000000 9.0000000 1.8942965 1.3144041 1.2588231 2.0310377 1.6785349 1.3144041 1.7786835 3.2381161 1.7786835 2.7182557 9.0000000 1.6785349 1.4396946 0.1073256 0.0000000 0.0202715 
t20        3.2381161 1.2588231 9.0000000 9.0000000 1.8942965 1.2588231 1.2588231 1.8942965 1.5111773 1.2588231 1.6785349 2.7182557 1.6785349 2.7182557 9.0000000 1.6785349 1.3744361 0.1073256 0.0202715 0.0000000 
