20
t10        0.0000000 0.9547243 0.7662384 0.8239592 0.7662384 0.9913169 0.8239592 0.7389627 0.9913169 0.9913169 0.9198342 0.9547243 0.9547243 0.8545757 0.8864954 0.6872180 0.6388142 0.8545757 1.0297869 0.9547243 
t19        0.9547243 0.0000000 0.6626257 0.6157354 0.4529370 0.7389627 0.4904449 0.4714565 0.5299277 0.8239592 0.6626257 0.4172160 0.4529370 0.3666350 0.3505054 0.4714565 0.5933457 0.6872180 0.7945437 0.7126442 
t5         0.7662384 0.6626257 0.0000000 0.5504769 0.4172160 0.6388142 0.5504769 0.4714565 0.5933457 0.7389627 0.5716050 0.6872180 0.6626257 0.6388142 0.7126442 0.4714565 0.5099265 0.6388142 0.7126442 0.6872180 
t8         0.8239592 0.6157354 0.5504769 0.0000000 0.3505054 0.5504769 0.4529370 0.3347153 0.5504769 0.6157354 0.4529370 0.6626257 0.6626257 0.5504769 0.7126442 0.3666350 0.4529370 0.4904449 0.6872180 0.6626257 
t4         0.7662384 0.4529370 0.4172160 0.3505054 0.0000000 0.4904449 0.3505054 0.2463781 0.3831192 0.5099265 0.3505054 0.4714565 0.4904449 0.4172160 0.5099265 0.2603971 0.3831192 0.4714565 0.4714565 0.4529370 
t11        0.9913169 0.7389627 0.6388142 0.5504769 0.4904449 0.0000000 0.3999739 0.4348639 0.5716050 0.6872180 0.4529370 0.7389627 0.6872180 0.8545757 0.9198342 0.5099265 0.5716050 0.5504769 0.6626257 0.6388142 
t16        0.8239592 0.4904449 0.5504769 0.4529370 0.3505054 0.3999739 0.0000000 0.3505054 0.4172160 0.5504769 0.4348639 0.5716050 0.6388142 0.5933457 0.7126442 0.3831192 0.4348639 0.5099265 0.6157354 0.5504769 
t13        0.7389627 0.4714565 0.4714565 0.3347153 0.2463781 0.4348639 0.3505054 0.0000000 0.3347153 0.4348639 0.3347153 0.5299277 0.5299277 0.4904449 0.5299277 0.2603971 0.3192509 0.3999739 0.4714565 0.4172160 
t14        0.9913169 0.5299277 0.5933457 0.5504769 0.3831192 0.5716050 0.4172160 0.3347153 0.0000000 0.6388142 0.5504769 0.6872180 0.6872180 0.6626257 0.7126442 0.4172160 0.5504769 0.5716050 0.7389627 0.6388142 
t6         0.9913169 0.8239592 0.7389627 0.6157354 0.5099265 0.6872180 0.5504769 0.4348639 0.6388142 0.0000000 0.2892469 0.8545757 0.7945437 0.8239592 0.9198342 0.5933457 0.6157354 0.6388142 0.6626257 0.6157354 
t1         0.9198342 0.6626257 0.5716050 0.4529370 0.3505054 0.4529370 0.4348639 0.3347153 0.5504769 0.2892469 0.0000000 0.7389627 0.6626257 0.6388142 0.6626257 0.4172160 0.4348639 0.5099265 0.6157354 0.5504769 
t12        0.9547243 0.4172160 0.6872180 0.6626257 0.4714565 0.7389627 0.5716050 0.5299277 0.6872180 0.8545757 0.7389627 0.0000000 0.1307650 0.3666350 0.4348639 0.6626257 0.6626257 0.7945437 0.7945437 0.7389627 
t18        0.9547243 0.4529370 0.6626257 0.6626257 0.4904449 0.6872180 0.6388142 0.5299277 0.6872180 0.7945437 0.6626257 0.1307650 0.0000000 0.3505054 0.3505054 0.6388142 0.6388142 0.7662384 0.7945437 0.7389627 
t3         0.8545757 0.3666350 0.6388142 0.5504769 0.4172160 0.8545757 0.5933457 0.4904449 0.6626257 0.8239592 0.6388142 0.3666350 0.3505054 0.0000000 0.1927838 0.4904449 0.6157354 0.7389627 0.8545757 0.7662384 
t20        0.8864954 0.3505054 0.7126442 0.7126442 0.5099265 0.9198342 0.7126442 0.5299277 0.7126442 0.9198342 0.6626257 0.4348639 0.3505054 0.1927838 0.0000000 0.6626257 0.7389627 0.8864954 0.8545757 0.7662384 
t2         0.6872180 0.4714565 0.4714565 0.3666350 0.2603971 0.5099265 0.3831192 0.2603971 0.4172160 0.5933457 0.4172160 0.6626257 0.6388142 0.4904449 0.6626257 0.0000000 0.1427653 0.1927838 0.6157354 0.5504769 
t7         0.6388142 0.5933457 0.5099265 0.4529370 0.3831192 0.5716050 0.4348639 0.3192509 0.5504769 0.6157354 0.4348639 0.6626257 0.6388142 0.6157354 0.7389627 0.1427653 0.0000000 0.1307650 0.6626257 0.5933457 
t17        0.8545757 0.6872180 0.6388142 0.4904449 0.4714565 0.5504769 0.5099265 0.3999739 0.5716050 0.6388142 0.5099265 0.7945437 0.7662384 0.7389627 0.8864954 0.1927838 0.1307650 0.0000000 0.6388142 0.6388142 
t15        1.0297869 0.7945437 0.7126442 0.6872180 0.4714565 0.6626257 0.6157354 0.4714565 0.7389627 0.6626257 0.6157354 0.7945437 0.7945437 0.8545757 0.8545757 0.6157354 0.6626257 0.6388142 0.0000000 0.0517447 
t9         0.9547243 0.7126442 0.6872180 0.6626257 0.4529370 0.6388142 0.5504769 0.4172160 0.6388142 0.6157354 0.5504769 0.7389627 0.7389627 0.7662384 0.7662384 0.5504769 0.5933457 0.6388142 0.0517447 0.0000000 
