20
t11        0.0000000 1.0297869 1.2070784 1.4396946 1.3144041 1.3144041 1.1132061 1.3144041 1.3744361 1.5111773 1.2070784 1.2070784 1.4396946 1.3744361 1.3744361 1.2070784 1.0703373 1.0703373 1.2070784 1.2070784 
t19        1.0297869 0.0000000 0.0625362 0.2463781 0.1927838 0.1427653 0.2326162 0.2892469 0.3347153 0.2746833 0.1799630 0.1673577 0.2191023 0.2463781 0.3347153 0.3192509 0.2058276 0.2058276 0.0845966 0.1073256 
t6         1.2070784 0.0625362 0.0000000 0.2326162 0.1673577 0.1189538 0.1927838 0.2746833 0.2746833 0.2326162 0.1549607 0.1427653 0.1927838 0.2191023 0.3040988 0.2892469 0.1673577 0.1673577 0.0625362 0.0845966 
t10        1.4396946 0.2463781 0.2326162 0.0000000 0.0734853 0.2463781 0.2463781 0.3505054 0.2746833 0.2191023 0.2191023 0.2058276 0.2191023 0.2463781 0.3192509 0.3192509 0.2463781 0.2463781 0.1927838 0.2191023 
t12        1.3144041 0.1927838 0.1673577 0.0734853 0.0000000 0.1927838 0.1799630 0.2892469 0.2058276 0.1549607 0.1549607 0.1427653 0.1673577 0.1927838 0.2892469 0.2603971 0.1799630 0.1799630 0.1427653 0.1673577 
t8         1.3144041 0.1427653 0.1189538 0.2463781 0.1927838 0.0000000 0.2463781 0.3666350 0.3347153 0.2746833 0.1799630 0.1673577 0.1799630 0.2058276 0.3192509 0.2892469 0.2463781 0.2463781 0.0734853 0.0958750 
t13        1.1132061 0.2326162 0.1927838 0.2463781 0.1799630 0.2463781 0.0000000 0.1673577 0.2746833 0.2603971 0.2058276 0.1799630 0.2326162 0.2603971 0.3347153 0.3347153 0.0411062 0.0411062 0.1927838 0.2191023 
t2         1.3144041 0.2892469 0.2746833 0.3505054 0.2892469 0.3666350 0.1673577 0.0000000 0.4172160 0.3831192 0.3505054 0.3347153 0.3666350 0.3999739 0.4904449 0.4714565 0.1189538 0.1189538 0.3040988 0.3347153 
t18        1.3744361 0.3347153 0.2746833 0.2746833 0.2058276 0.3347153 0.2746833 0.4172160 0.0000000 0.1189538 0.3040988 0.2746833 0.2746833 0.3040988 0.3347153 0.3347153 0.3040988 0.3040988 0.2746833 0.2746833 
t14        1.5111773 0.2746833 0.2326162 0.2191023 0.1549607 0.2746833 0.2603971 0.3831192 0.1189538 0.0000000 0.2463781 0.2326162 0.2191023 0.2463781 0.2892469 0.2892469 0.2603971 0.2603971 0.1927838 0.2191023 
t5         1.2070784 0.1799630 0.1549607 0.2191023 0.1549607 0.1799630 0.2058276 0.3505054 0.3040988 0.2463781 0.0000000 0.0306165 0.2058276 0.2191023 0.3347153 0.2892469 0.2058276 0.2058276 0.1307650 0.1549607 
t4         1.2070784 0.1673577 0.1427653 0.2058276 0.1427653 0.1673577 0.1799630 0.3347153 0.2746833 0.2326162 0.0306165 0.0000000 0.1927838 0.2058276 0.3192509 0.2892469 0.1927838 0.1927838 0.1189538 0.1427653 
t17        1.4396946 0.2191023 0.1927838 0.2191023 0.1673577 0.1799630 0.2326162 0.3666350 0.2746833 0.2191023 0.2058276 0.1927838 0.0000000 0.0202715 0.1189538 0.0958750 0.2326162 0.2326162 0.1549607 0.1799630 
t15        1.3744361 0.2463781 0.2191023 0.2463781 0.1927838 0.2058276 0.2603971 0.3999739 0.3040988 0.2463781 0.2191023 0.2058276 0.0202715 0.0000000 0.1427653 0.1189538 0.2603971 0.2603971 0.1799630 0.2058276 
t1         1.3744361 0.3347153 0.3040988 0.3192509 0.2892469 0.3192509 0.3347153 0.4904449 0.3347153 0.2892469 0.3347153 0.3192509 0.1189538 0.1427653 0.0000000 0.1073256 0.3505054 0.3505054 0.2746833 0.2892469 
t16        1.2070784 0.3192509 0.2892469 0.3192509 0.2603971 0.2892469 0.3347153 0.4714565 0.3347153 0.2892469 0.2892469 0.2892469 0.0958750 0.1189538 0.1073256 0.0000000 0.3192509 0.3192509 0.2463781 0.2603971 
t9         1.0703373 0.2058276 0.1673577 0.2463781 0.1799630 0.2463781 0.0411062 0.1189538 0.3040988 0.2603971 0.2058276 0.1927838 0.2326162 0.2603971 0.3505054 0.3192509 0.0000000 0.0000010 0.1927838 0.2191023 
t7         1.0703373 0.2058276 0.1673577 0.2463781 0.1799630 0.2463781 0.0411062 0.1189538 0.3040988 0.2603971 0.2058276 0.1927838 0.2326162 0.2603971 0.3505054 0.3192509 0.0000010 0.0000000 0.1927838 0.2191023 
t3         1.2070784 0.0845966 0.0625362 0.1927838 0.1427653 0.0734853 0.1927838 0.3040988 0.2746833 0.1927838 0.1307650 0.1189538 0.1549607 0.1799630 0.2746833 0.2463781 0.1927838 0.1927838 0.0000000 0.0202715 
t20        1.2070784 0.1073256 0.0845966 0.2191023 0.1673577 0.0958750 0.2191023 0.3347153 0.2746833 0.2191023 0.1549607 0.1427653 0.1799630 0.2058276 0.2892469 0.2603971 0.2191023 0.2191023 0.0202715 0.0000000 
