20
t11        0.0000000 0.7126442 0.3040988 0.6626257 0.5099265 0.4529370 0.5299277 0.5299277 0.4172160 0.4714565 0.5099265 0.3666350 0.3505054 0.4172160 0.5933457 0.5716050 0.3831192 0.3666350 0.4714565 0.4714565 
t1         0.7126442 0.0000000 0.9198342 1.6785349 1.0297869 1.0703373 0.9547243 1.4396946 0.9913169 0.9913169 1.1132061 0.8864954 0.8239592 0.9198342 1.2070784 1.2070784 0.8545757 0.9198342 1.0703373 1.0297869 
t9         0.3040988 0.9198342 0.0000000 0.7126442 0.5933457 0.4529370 0.6157354 0.6626257 0.4348639 0.5099265 0.5099265 0.4714565 0.4348639 0.5504769 0.4904449 0.4904449 0.3999739 0.3666350 0.6388142 0.6157354 
t4         0.6626257 1.6785349 0.7126442 0.0000000 0.5933457 0.7945437 0.7945437 0.9198342 0.7126442 0.8864954 0.8864954 0.7945437 0.7662384 0.9547243 0.7945437 0.7662384 0.5933457 0.5716050 0.9547243 0.9547243 
t16        0.5099265 1.0297869 0.5933457 0.5933457 0.0000000 0.6872180 0.6388142 0.8864954 0.6626257 0.6872180 0.6872180 0.6626257 0.4714565 0.6157354 0.6872180 0.7126442 0.4714565 0.4348639 0.8864954 0.8545757 
t20        0.4529370 1.0703373 0.4529370 0.7945437 0.6872180 0.0000000 0.6872180 0.5504769 0.4904449 0.3192509 0.4348639 0.2326162 0.4904449 0.5099265 0.5933457 0.5716050 0.4904449 0.4529370 0.6872180 0.6872180 
t2         0.5299277 0.9547243 0.6157354 0.7945437 0.6388142 0.6872180 0.0000000 1.0297869 0.6388142 0.7389627 0.7126442 0.6872180 0.2326162 0.3505054 0.7662384 0.7945437 0.5933457 0.5504769 0.6872180 0.6626257 
t5         0.5299277 1.4396946 0.6626257 0.9198342 0.8864954 0.5504769 1.0297869 0.0000000 0.3666350 0.4529370 0.6626257 0.5099265 0.7126442 0.8239592 1.0703373 0.9547243 0.6626257 0.6157354 0.7662384 0.7662384 
t15        0.4172160 0.9913169 0.4348639 0.7126442 0.6626257 0.4904449 0.6388142 0.3666350 0.0000000 0.4714565 0.5933457 0.4172160 0.5299277 0.6626257 0.7389627 0.6626257 0.5504769 0.5099265 0.7389627 0.7389627 
t8         0.4714565 0.9913169 0.5099265 0.8864954 0.6872180 0.3192509 0.7389627 0.4529370 0.4714565 0.0000000 0.4529370 0.2746833 0.4904449 0.5099265 0.7126442 0.6626257 0.4714565 0.4348639 0.8545757 0.8239592 
t6         0.5099265 1.1132061 0.5099265 0.8864954 0.6872180 0.4348639 0.7126442 0.6626257 0.5933457 0.4529370 0.0000000 0.3666350 0.5504769 0.6388142 0.7126442 0.7126442 0.6157354 0.5716050 0.7662384 0.7389627 
t18        0.3666350 0.8864954 0.4714565 0.7945437 0.6626257 0.2326162 0.6872180 0.5099265 0.4172160 0.2746833 0.3666350 0.0000000 0.4714565 0.4714565 0.6157354 0.6157354 0.3999739 0.3831192 0.6388142 0.6157354 
t19        0.3505054 0.8239592 0.4348639 0.7662384 0.4714565 0.4904449 0.2326162 0.7126442 0.5299277 0.4904449 0.5504769 0.4714565 0.0000000 0.1549607 0.5716050 0.5933457 0.3999739 0.3666350 0.6388142 0.6157354 
t14        0.4172160 0.9198342 0.5504769 0.9547243 0.6157354 0.5099265 0.3505054 0.8239592 0.6626257 0.5099265 0.6388142 0.4714565 0.1549607 0.0000000 0.6626257 0.6872180 0.4904449 0.4529370 0.8545757 0.8239592 
t3         0.5933457 1.2070784 0.4904449 0.7945437 0.6872180 0.5933457 0.7662384 1.0703373 0.7389627 0.7126442 0.7126442 0.6157354 0.5716050 0.6626257 0.0000000 0.0517447 0.5716050 0.5504769 0.8864954 0.8545757 
t7         0.5716050 1.2070784 0.4904449 0.7662384 0.7126442 0.5716050 0.7945437 0.9547243 0.6626257 0.6626257 0.7126442 0.6157354 0.5933457 0.6872180 0.0517447 0.0000000 0.5933457 0.5716050 0.9547243 0.9198342 
t17        0.3831192 0.8545757 0.3999739 0.5933457 0.4714565 0.4904449 0.5933457 0.6626257 0.5504769 0.4714565 0.6157354 0.3999739 0.3999739 0.4904449 0.5716050 0.5933457 0.0000000 0.0202715 0.7126442 0.6872180 
t12        0.3666350 0.9198342 0.3666350 0.5716050 0.4348639 0.4529370 0.5504769 0.6157354 0.5099265 0.4348639 0.5716050 0.3831192 0.3666350 0.4529370 0.5504769 0.5716050 0.0202715 0.0000000 0.6872180 0.6626257 
t10        0.4714565 1.0703373 0.6388142 0.9547243 0.8864954 0.6872180 0.6872180 0.7662384 0.7389627 0.8545757 0.7662384 0.6388142 0.6388142 0.8545757 0.8864954 0.9547243 0.7126442 0.6872180 0.0000000 0.0202715 
t13        0.4714565 1.0297869 0.6157354 0.9547243 0.8545757 0.6872180 0.6626257 0.7662384 0.7389627 0.8239592 0.7389627 0.6157354 0.6157354 0.8239592 0.8545757 0.9198342 0.6872180 0.6626257 0.0202715 0.0000000 
