20
t11        0.0000000 1.4396946 2.0310377 1.3744361 3.2381161 1.6785349 2.1983953 2.7182557 1.4396946 1.7786835 9.0000000 2.1983953 1.4396946 1.1586745 1.3144041 1.5901977 2.0310377 1.6785349 1.6785349 1.6785349 
t9         1.4396946 0.0000000 1.5111773 1.2070784 1.4396946 1.5111773 1.7786835 2.0310377 1.0297869 1.0703373 1.8942965 1.4396946 2.0310377 1.5111773 0.8239592 0.7945437 1.7786835 1.2070784 1.0703373 1.0297869 
t15        2.0310377 1.5111773 0.0000000 1.3144041 9.0000000 1.5901977 0.6626257 1.2588231 1.3744361 1.1132061 9.0000000 3.2381161 1.7786835 1.7786835 1.0703373 1.2588231 3.2381161 2.7182557 0.4904449 0.4714565 
t20        1.3744361 1.2070784 1.3144041 0.0000000 1.4396946 1.5111773 1.7786835 1.6785349 0.4714565 0.4529370 9.0000000 2.0310377 1.3744361 1.3144041 0.7389627 0.8545757 1.3744361 1.3744361 1.2588231 1.2588231 
t3         3.2381161 1.4396946 9.0000000 1.4396946 0.0000000 1.7786835 2.4141569 1.5901977 1.5111773 1.6785349 0.7662384 0.7662384 9.0000000 1.8942965 1.3744361 1.4396946 1.5901977 1.5901977 2.0310377 1.8942965 
t14        1.6785349 1.5111773 1.5901977 1.5111773 1.7786835 0.0000000 9.0000000 9.0000000 2.0310377 1.8942965 2.7182557 9.0000000 3.2381161 2.0310377 1.4396946 1.3144041 0.6157354 0.5299277 1.8942965 1.7786835 
t1         2.1983953 1.7786835 0.6626257 1.7786835 2.4141569 9.0000000 0.0000000 0.9547243 1.5901977 1.5901977 1.5901977 1.3744361 1.8942965 1.8942965 1.3744361 1.3144041 2.7182557 3.2381161 0.7662384 0.7662384 
t8         2.7182557 2.0310377 1.2588231 1.6785349 1.5901977 9.0000000 0.9547243 0.0000000 1.8942965 1.5901977 1.8942965 1.3744361 9.0000000 9.0000000 1.5901977 1.6785349 9.0000000 9.0000000 1.5111773 1.2588231 
t10        1.4396946 1.0297869 1.3744361 0.4714565 1.5111773 2.0310377 1.5901977 1.8942965 0.0000000 0.2746833 1.8942965 1.6785349 1.5111773 1.5901977 0.6872180 0.6626257 1.5901977 1.5111773 1.1132061 1.1132061 
t17        1.7786835 1.0703373 1.1132061 0.4529370 1.6785349 1.8942965 1.5901977 1.5901977 0.2746833 0.0000000 3.2381161 1.5901977 1.3744361 1.2588231 0.7389627 0.6872180 2.0310377 2.0310377 1.0703373 0.9913169 
t12        9.0000000 1.8942965 9.0000000 9.0000000 0.7662384 2.7182557 1.5901977 1.8942965 1.8942965 3.2381161 0.0000000 0.3192509 2.7182557 2.0310377 1.5111773 1.6785349 1.4396946 1.4396946 1.5901977 1.5111773 
t13        2.1983953 1.4396946 3.2381161 2.0310377 0.7662384 9.0000000 1.3744361 1.3744361 1.6785349 1.5901977 0.3192509 0.0000000 2.4141569 1.7786835 1.8942965 2.1983953 1.6785349 1.5901977 1.5901977 1.5901977 
t6         1.4396946 2.0310377 1.7786835 1.3744361 9.0000000 3.2381161 1.8942965 9.0000000 1.5111773 1.3744361 2.7182557 2.4141569 0.0000000 0.1673577 1.2588231 1.5111773 2.4141569 2.1983953 2.0310377 2.0310377 
t18        1.1586745 1.5111773 1.7786835 1.3144041 1.8942965 2.0310377 1.8942965 9.0000000 1.5901977 1.2588231 2.0310377 1.7786835 0.1673577 0.0000000 1.0703373 1.2588231 2.1983953 1.8942965 1.8942965 1.7786835 
t19        1.3144041 0.8239592 1.0703373 0.7389627 1.3744361 1.4396946 1.3744361 1.5901977 0.6872180 0.7389627 1.5111773 1.8942965 1.2588231 1.0703373 0.0000000 0.1673577 1.5111773 1.4396946 1.1586745 1.0703373 
t7         1.5901977 0.7945437 1.2588231 0.8545757 1.4396946 1.3144041 1.3144041 1.6785349 0.6626257 0.6872180 1.6785349 2.1983953 1.5111773 1.2588231 0.1673577 0.0000000 1.3144041 1.5901977 1.3144041 1.2070784 
t5         2.0310377 1.7786835 3.2381161 1.3744361 1.5901977 0.6157354 2.7182557 9.0000000 1.5901977 2.0310377 1.4396946 1.6785349 2.4141569 2.1983953 1.5111773 1.3144041 0.0000000 0.1673577 1.5901977 1.5901977 
t16        1.6785349 1.2070784 2.7182557 1.3744361 1.5901977 0.5299277 3.2381161 9.0000000 1.5111773 2.0310377 1.4396946 1.5901977 2.1983953 1.8942965 1.4396946 1.5901977 0.1673577 0.0000000 1.5111773 1.5111773 
t4         1.6785349 1.0703373 0.4904449 1.2588231 2.0310377 1.8942965 0.7662384 1.5111773 1.1132061 1.0703373 1.5901977 1.5901977 2.0310377 1.8942965 1.1586745 1.3144041 1.5901977 1.5111773 0.0000000 0.0517447 
t2         1.6785349 1.0297869 0.4714565 1.2588231 1.8942965 1.7786835 0.7662384 1.2588231 1.1132061 0.9913169 1.5111773 1.5901977 2.0310377 1.7786835 1.0703373 1.2070784 1.5901977 1.5111773 0.0517447 0.0000000 
