20
t14        0.0000000 0.7389627 0.7126442 0.8239592 0.6388142 0.9198342 0.8864954 0.7662384 1.1132061 0.6157354 0.9198342 0.7126442 0.9547243 0.9913169 1.3144041 0.9547243 0.8239592 0.8239592 0.8864954 0.8545757 
t18        0.7389627 0.0000000 0.9198342 0.6157354 0.6626257 0.8545757 0.8545757 0.6626257 0.7662384 1.0297869 0.7389627 0.6388142 0.5299277 0.9198342 1.1132061 0.9198342 0.8864954 0.7945437 0.8864954 0.8239592 
t11        0.7126442 0.9198342 0.0000000 0.7945437 0.7126442 0.9547243 0.5504769 0.8239592 1.1586745 0.7389627 1.0703373 0.7126442 0.9547243 0.8545757 1.0703373 0.9198342 0.5099265 0.4348639 1.0297869 1.0297869 
t3         0.8239592 0.6157354 0.7945437 0.0000000 0.7945437 1.0297869 0.8239592 0.3505054 0.6872180 0.7126442 0.8239592 0.5299277 0.7126442 0.8239592 1.0703373 0.9913169 0.6872180 0.6872180 0.9198342 0.9547243 
t4         0.6388142 0.6626257 0.7126442 0.7945437 0.0000000 0.4714565 0.7945437 0.6626257 1.2070784 0.7389627 0.6626257 0.5933457 0.8864954 0.8239592 1.1132061 0.8864954 0.7662384 0.6872180 0.9198342 0.8239592 
t1         0.9198342 0.8545757 0.9547243 1.0297869 0.4714565 0.0000000 0.9547243 0.8239592 1.2070784 1.2070784 1.0703373 0.9547243 1.0297869 1.1586745 1.1586745 0.9913169 0.9198342 0.8864954 1.5111773 1.3744361 
t2         0.8864954 0.8545757 0.5504769 0.8239592 0.7945437 0.9547243 0.0000000 0.7126442 0.8864954 0.6157354 0.8545757 0.5933457 0.9198342 0.9198342 0.7389627 0.6626257 0.3999739 0.3040988 0.9913169 0.8864954 
t12        0.7662384 0.6626257 0.8239592 0.3505054 0.6626257 0.8239592 0.7126442 0.0000000 0.4714565 0.7126442 0.7662384 0.5299277 0.7389627 0.7945437 1.0297869 0.8545757 0.6388142 0.6157354 1.0297869 0.9198342 
t13        1.1132061 0.7662384 1.1586745 0.6872180 1.2070784 1.2070784 0.8864954 0.4714565 0.0000000 1.2588231 0.8545757 0.6872180 0.8239592 0.8545757 1.8942965 1.5901977 0.9198342 0.9547243 1.3144041 1.2070784 
t17        0.6157354 1.0297869 0.7389627 0.7126442 0.7389627 1.2070784 0.6157354 0.7126442 1.2588231 0.0000000 0.9547243 0.7662384 1.0703373 0.8545757 0.7662384 0.6626257 0.8239592 0.7126442 0.8239592 0.8545757 
t7         0.9198342 0.7389627 1.0703373 0.8239592 0.6626257 1.0703373 0.8545757 0.7662384 0.8545757 0.9547243 0.0000000 0.6872180 1.0703373 0.3347153 1.0703373 1.0297869 0.7945437 0.7389627 0.3666350 0.3192509 
t9         0.7126442 0.6388142 0.7126442 0.5299277 0.5933457 0.9547243 0.5933457 0.5299277 0.6872180 0.7662384 0.6872180 0.0000000 0.3831192 0.7662384 0.9547243 0.9198342 0.6388142 0.5299277 0.8864954 0.8239592 
t10        0.9547243 0.5299277 0.9547243 0.7126442 0.8864954 1.0297869 0.9198342 0.7389627 0.8239592 1.0703373 1.0703373 0.3831192 0.0000000 0.9913169 1.0703373 1.0703373 0.8864954 0.8545757 1.1132061 1.0703373 
t6         0.9913169 0.9198342 0.8545757 0.8239592 0.8239592 1.1586745 0.9198342 0.7945437 0.8545757 0.8545757 0.3347153 0.7662384 0.9913169 0.0000000 1.2070784 1.1586745 0.8239592 0.7389627 0.3192509 0.2892469 
t8         1.3144041 1.1132061 1.0703373 1.0703373 1.1132061 1.1586745 0.7389627 1.0297869 1.8942965 0.7662384 1.0703373 0.9547243 1.0703373 1.2070784 0.0000000 0.5099265 1.0297869 0.9547243 1.1586745 0.9547243 
t5         0.9547243 0.9198342 0.9198342 0.9913169 0.8864954 0.9913169 0.6626257 0.8545757 1.5901977 0.6626257 1.0297869 0.9198342 1.0703373 1.1586745 0.5099265 0.0000000 0.9913169 0.8239592 0.9913169 0.9913169 
t16        0.8239592 0.8864954 0.5099265 0.6872180 0.7662384 0.9198342 0.3999739 0.6388142 0.9198342 0.8239592 0.7945437 0.6388142 0.8864954 0.8239592 1.0297869 0.9913169 0.0000000 0.0958750 0.9547243 0.8545757 
t20        0.8239592 0.7945437 0.4348639 0.6872180 0.6872180 0.8864954 0.3040988 0.6157354 0.9547243 0.7126442 0.7389627 0.5299277 0.8545757 0.7389627 0.9547243 0.8239592 0.0958750 0.0000000 0.8864954 0.7662384 
t19        0.8864954 0.8864954 1.0297869 0.9198342 0.9198342 1.5111773 0.9913169 1.0297869 1.3144041 0.8239592 0.3666350 0.8864954 1.1132061 0.3192509 1.1586745 0.9913169 0.9547243 0.8864954 0.0000000 0.0734853 
t15        0.8545757 0.8239592 1.0297869 0.9547243 0.8239592 1.3744361 0.8864954 0.9198342 1.2070784 0.8545757 0.3192509 0.8239592 1.0703373 0.2892469 0.9547243 0.9913169 0.8545757 0.7662384 0.0734853 0.0000000 
