20
t11        0.0000000 1.5901977 2.0310377 1.5901977 1.2588231 9.0000000 1.8942965 1.2070784 1.0703373 9.0000000 9.0000000 3.2381161 9.0000000 1.5111773 1.0703373 1.7786835 2.1983953 1.8942965 1.2588231 1.1586745 
t16        1.5901977 0.0000000 1.2070784 2.1983953 1.1132061 1.7786835 1.1132061 1.4396946 0.9198342 2.1983953 1.5111773 1.5111773 1.5901977 1.1586745 0.9198342 0.9547243 1.0297869 0.9547243 0.8545757 0.8545757 
t17        2.0310377 1.2070784 0.0000000 9.0000000 1.5111773 1.6785349 0.9198342 1.3144041 1.3144041 3.2381161 0.8239592 0.8864954 0.8239592 1.3744361 1.5901977 1.1586745 1.2588231 1.3744361 1.0297869 1.1132061 
t7         1.5901977 2.1983953 9.0000000 0.0000000 2.7182557 2.7182557 9.0000000 2.7182557 1.4396946 9.0000000 2.7182557 9.0000000 9.0000000 2.7182557 1.7786835 3.2381161 2.0310377 3.2381161 2.1983953 1.8942965 
t14        1.2588231 1.1132061 1.5111773 2.7182557 0.0000000 9.0000000 1.5901977 0.8545757 0.9198342 9.0000000 1.3144041 1.6785349 1.4396946 1.0297869 0.9547243 1.3144041 1.5901977 1.3744361 1.4396946 1.3744361 
t8         9.0000000 1.7786835 1.6785349 2.7182557 9.0000000 0.0000000 0.9198342 2.0310377 2.0310377 9.0000000 1.3744361 1.7786835 1.5901977 2.0310377 1.7786835 9.0000000 2.0310377 1.5111773 1.7786835 1.5111773 
t18        1.8942965 1.1132061 0.9198342 9.0000000 1.5901977 0.9198342 0.0000000 1.0703373 1.2588231 1.6785349 0.8864954 1.2070784 1.0703373 1.1586745 1.1586745 1.2070784 1.2588231 1.2070784 1.3144041 1.3144041 
t2         1.2070784 1.4396946 1.3144041 2.7182557 0.8545757 2.0310377 1.0703373 0.0000000 0.7662384 2.0310377 1.3744361 1.4396946 1.2070784 0.8239592 0.7126442 1.1586745 1.1586745 1.0703373 1.2588231 1.2588231 
t19        1.0703373 0.9198342 1.3144041 1.4396946 0.9198342 2.0310377 1.2588231 0.7662384 0.0000000 2.4141569 1.5901977 1.2070784 1.8942965 0.6157354 0.4904449 1.0297869 1.0703373 1.0297869 0.9198342 0.8864954 
t3         9.0000000 2.1983953 3.2381161 9.0000000 9.0000000 9.0000000 1.6785349 2.0310377 2.4141569 0.0000000 1.6785349 1.8942965 1.4396946 2.7182557 2.7182557 1.5111773 1.5111773 1.2070784 1.4396946 1.5111773 
t12        9.0000000 1.5111773 0.8239592 2.7182557 1.3144041 1.3744361 0.8864954 1.3744361 1.5901977 1.6785349 0.0000000 0.5299277 0.3505054 3.2381161 2.0310377 1.4396946 1.4396946 0.9913169 0.9198342 1.0297869 
t4         3.2381161 1.5111773 0.8864954 9.0000000 1.6785349 1.7786835 1.2070784 1.4396946 1.2070784 1.8942965 0.5299277 0.0000000 0.3999739 2.4141569 2.7182557 1.2588231 1.5901977 0.9913169 0.9198342 0.9547243 
t10        9.0000000 1.5901977 0.8239592 9.0000000 1.4396946 1.5901977 1.0703373 1.2070784 1.8942965 1.4396946 0.3505054 0.3999739 0.0000000 2.1983953 1.8942965 1.1586745 1.2070784 1.1132061 1.0297869 1.1132061 
t6         1.5111773 1.1586745 1.3744361 2.7182557 1.0297869 2.0310377 1.1586745 0.8239592 0.6157354 2.7182557 3.2381161 2.4141569 2.1983953 0.0000000 0.3192509 1.3144041 1.5111773 1.2588231 1.1586745 1.2070784 
t1         1.0703373 0.9198342 1.5901977 1.7786835 0.9547243 1.7786835 1.1586745 0.7126442 0.4904449 2.7182557 2.0310377 2.7182557 1.8942965 0.3192509 0.0000000 1.1586745 1.2588231 1.0703373 1.0703373 1.0703373 
t13        1.7786835 0.9547243 1.1586745 3.2381161 1.3144041 9.0000000 1.2070784 1.1586745 1.0297869 1.5111773 1.4396946 1.2588231 1.1586745 1.3144041 1.1586745 0.0000000 0.2058276 0.6157354 0.6388142 0.6626257 
t5         2.1983953 1.0297869 1.2588231 2.0310377 1.5901977 2.0310377 1.2588231 1.1586745 1.0703373 1.5111773 1.4396946 1.5901977 1.2070784 1.5111773 1.2588231 0.2058276 0.0000000 0.7126442 0.6872180 0.7126442 
t15        1.8942965 0.9547243 1.3744361 3.2381161 1.3744361 1.5111773 1.2070784 1.0703373 1.0297869 1.2070784 0.9913169 0.9913169 1.1132061 1.2588231 1.0703373 0.6157354 0.7126442 0.0000000 0.2326162 0.2191023 
t20        1.2588231 0.8545757 1.0297869 2.1983953 1.4396946 1.7786835 1.3144041 1.2588231 0.9198342 1.4396946 0.9198342 0.9198342 1.0297869 1.1586745 1.0703373 0.6388142 0.6872180 0.2326162 0.0000000 0.0411062 
t9         1.1586745 0.8545757 1.1132061 1.8942965 1.3744361 1.5111773 1.3144041 1.2588231 0.8864954 1.5111773 1.0297869 0.9547243 1.1132061 1.2070784 1.0703373 0.6626257 0.7126442 0.2191023 0.0411062 0.0000000 
