20
t18        0.0000000 9.0000000 9.0000000 1.0703373 1.6785349 1.4396946 1.3744361 1.3744361 1.7786835 1.7786835 1.5111773 1.5901977 1.5111773 1.2070784 1.2588231 1.2070784 1.2588231 1.3744361 1.0297869 1.1586745 
t6         9.0000000 0.0000000 0.9198342 1.5901977 1.8942965 2.7182557 1.8942965 1.8942965 2.0310377 1.5111773 1.5901977 1.5111773 2.0310377 1.5901977 2.4141569 3.2381161 2.4141569 2.1983953 1.3144041 1.3744361 
t9         9.0000000 0.9198342 0.0000000 1.3744361 2.1983953 2.1983953 1.4396946 2.0310377 1.4396946 1.4396946 1.8942965 1.7786835 2.4141569 2.7182557 1.5901977 1.8942965 1.8942965 2.1983953 1.7786835 2.0310377 
t15        1.0703373 1.5901977 1.3744361 0.0000000 1.5901977 1.5111773 1.2588231 1.5111773 1.2070784 1.4396946 1.5111773 1.5111773 1.8942965 1.5901977 1.8942965 1.8942965 1.6785349 2.0310377 0.9547243 1.0703373 
t5         1.6785349 1.8942965 2.1983953 1.5901977 0.0000000 2.7182557 0.9198342 9.0000000 0.8545757 0.8239592 3.2381161 2.0310377 9.0000000 9.0000000 3.2381161 2.7182557 9.0000000 9.0000000 1.1132061 1.2588231 
t20        1.4396946 2.7182557 2.1983953 1.5111773 2.7182557 0.0000000 3.2381161 0.4714565 2.0310377 2.0310377 1.1586745 1.3744361 0.8545757 0.6626257 0.5933457 0.5504769 0.4348639 0.3831192 2.1983953 2.4141569 
t16        1.3744361 1.8942965 1.4396946 1.2588231 0.9198342 3.2381161 0.0000000 2.4141569 0.2603971 0.3347153 2.7182557 3.2381161 9.0000000 2.7182557 2.4141569 9.0000000 2.1983953 3.2381161 0.9913169 1.1132061 
t3         1.3744361 1.8942965 2.0310377 1.5111773 9.0000000 0.4714565 2.4141569 0.0000000 1.5111773 2.0310377 1.2588231 1.5111773 0.9547243 0.6626257 0.6388142 0.6872180 0.2892469 0.2603971 9.0000000 9.0000000 
t14        1.7786835 2.0310377 1.4396946 1.2070784 0.8545757 2.0310377 0.2603971 1.5111773 0.0000000 0.1673577 2.7182557 3.2381161 9.0000000 3.2381161 1.6785349 1.6785349 1.7786835 1.8942965 1.0297869 1.1586745 
t17        1.7786835 1.5111773 1.4396946 1.4396946 0.8239592 2.0310377 0.3347153 2.0310377 0.1673577 0.0000000 1.8942965 1.8942965 9.0000000 2.1983953 1.5901977 1.6785349 2.0310377 2.0310377 0.8864954 0.9913169 
t10        1.5111773 1.5901977 1.8942965 1.5111773 3.2381161 1.1586745 2.7182557 1.2588231 2.7182557 1.8942965 0.0000000 0.3505054 1.0297869 0.9913169 1.3744361 1.3144041 1.3744361 1.1586745 2.7182557 2.1983953 
t19        1.5901977 1.5111773 1.7786835 1.5111773 2.0310377 1.3744361 3.2381161 1.5111773 3.2381161 1.8942965 0.3505054 0.0000000 1.3744361 1.2070784 1.2070784 1.1132061 1.2070784 1.1586745 1.5901977 1.4396946 
t4         1.5111773 2.0310377 2.4141569 1.8942965 9.0000000 0.8545757 9.0000000 0.9547243 9.0000000 9.0000000 1.0297869 1.3744361 0.0000000 0.2326162 0.8239592 0.6872180 0.7126442 0.7126442 2.4141569 2.7182557 
t2         1.2070784 1.5901977 2.7182557 1.5901977 9.0000000 0.6626257 2.7182557 0.6626257 3.2381161 2.1983953 0.9913169 1.2070784 0.2326162 0.0000000 0.6157354 0.5504769 0.5299277 0.5099265 2.0310377 2.1983953 
t1         1.2588231 2.4141569 1.5901977 1.8942965 3.2381161 0.5933457 2.4141569 0.6388142 1.6785349 1.5901977 1.3744361 1.2070784 0.8239592 0.6157354 0.0000000 0.0845966 0.5504769 0.5299277 2.0310377 1.8942965 
t8         1.2070784 3.2381161 1.8942965 1.8942965 2.7182557 0.5504769 9.0000000 0.6872180 1.6785349 1.6785349 1.3144041 1.1132061 0.6872180 0.5504769 0.0845966 0.0000000 0.4904449 0.4529370 1.8942965 1.8942965 
t13        1.2588231 2.4141569 1.8942965 1.6785349 9.0000000 0.4348639 2.1983953 0.2892469 1.7786835 2.0310377 1.3744361 1.2070784 0.7126442 0.5299277 0.5504769 0.4904449 0.0000000 0.0734853 3.2381161 9.0000000 
t7         1.3744361 2.1983953 2.1983953 2.0310377 9.0000000 0.3831192 3.2381161 0.2603971 1.8942965 2.0310377 1.1586745 1.1586745 0.7126442 0.5099265 0.5299277 0.4529370 0.0734853 0.0000000 2.7182557 3.2381161 
t11        1.0297869 1.3144041 1.7786835 0.9547243 1.1132061 2.1983953 0.9913169 9.0000000 1.0297869 0.8864954 2.7182557 1.5901977 2.4141569 2.0310377 2.0310377 1.8942965 3.2381161 2.7182557 0.0000000 0.0306165 
t12        1.1586745 1.3744361 2.0310377 1.0703373 1.2588231 2.4141569 1.1132061 9.0000000 1.1586745 0.9913169 2.1983953 1.4396946 2.7182557 2.1983953 1.8942965 1.8942965 9.0000000 3.2381161 0.0306165 0.0000000 
