20
t4         0.0000000 1.3144041 0.5716050 1.3144041 3.2381161 0.7662384 1.0297869 0.6388142 1.0703373 1.5901977 3.2381161 0.8239592 2.1983953 1.2070784 0.9547243 0.7945437 1.4396946 1.0703373 0.8239592 0.6626257 
t18        1.3144041 0.0000000 1.3744361 1.7786835 9.0000000 3.2381161 9.0000000 1.7786835 9.0000000 9.0000000 9.0000000 3.2381161 9.0000000 2.4141569 2.1983953 1.7786835 9.0000000 2.7182557 2.1983953 1.7786835 
t5         0.5716050 1.3744361 0.0000000 1.1586745 2.1983953 1.1586745 1.2070784 0.5933457 1.8942965 2.4141569 9.0000000 0.8239592 1.6785349 1.1586745 0.6157354 0.5716050 1.8942965 1.5901977 0.6872180 0.6626257 
t8         1.3144041 1.7786835 1.1586745 0.0000000 1.8942965 3.2381161 3.2381161 0.8864954 3.2381161 9.0000000 9.0000000 1.3144041 1.6785349 2.7182557 1.0703373 0.9547243 1.8942965 1.8942965 1.3144041 1.3144041 
t2         3.2381161 9.0000000 2.1983953 1.8942965 0.0000000 9.0000000 1.8942965 1.7786835 9.0000000 9.0000000 9.0000000 2.0310377 2.4141569 3.2381161 1.7786835 2.0310377 2.4141569 2.1983953 1.5111773 1.3744361 
t19        0.7662384 3.2381161 1.1586745 3.2381161 9.0000000 0.0000000 0.8239592 1.3744361 0.7389627 3.2381161 2.4141569 1.3744361 1.2070784 0.8864954 1.7786835 1.4396946 1.2070784 0.8545757 1.6785349 1.4396946 
t16        1.0297869 9.0000000 1.2070784 3.2381161 1.8942965 0.8239592 0.0000000 1.5901977 0.5716050 3.2381161 2.0310377 1.4396946 1.2588231 0.7945437 1.4396946 1.4396946 0.8239592 0.5716050 1.6785349 2.0310377 
t12        0.6388142 1.7786835 0.5933457 0.8864954 1.7786835 1.3744361 1.5901977 0.0000000 2.0310377 2.7182557 3.2381161 0.9913169 3.2381161 1.8942965 0.3999739 0.3505054 2.1983953 1.7786835 0.8864954 0.7945437 
t9         1.0703373 9.0000000 1.8942965 3.2381161 9.0000000 0.7389627 0.5716050 2.0310377 0.0000000 3.2381161 1.5901977 1.3144041 1.6785349 0.8239592 1.7786835 1.5901977 0.8239592 0.6157354 1.7786835 1.7786835 
t6         1.5901977 9.0000000 2.4141569 9.0000000 9.0000000 3.2381161 3.2381161 2.7182557 3.2381161 0.0000000 0.7945437 1.8942965 3.2381161 2.1983953 9.0000000 2.7182557 3.2381161 9.0000000 2.7182557 2.7182557 
t11        3.2381161 9.0000000 9.0000000 9.0000000 9.0000000 2.4141569 2.0310377 3.2381161 1.5901977 0.7945437 0.0000000 9.0000000 9.0000000 1.7786835 1.6785349 2.0310377 1.3744361 1.5901977 3.2381161 9.0000000 
t3         0.8239592 3.2381161 0.8239592 1.3144041 2.0310377 1.3744361 1.4396946 0.9913169 1.3144041 1.8942965 9.0000000 0.0000000 2.7182557 1.8942965 1.1132061 1.1586745 2.7182557 1.7786835 0.7945437 0.8864954 
t15        2.1983953 9.0000000 1.6785349 1.6785349 2.4141569 1.2070784 1.2588231 3.2381161 1.6785349 3.2381161 9.0000000 2.7182557 0.0000000 1.1132061 9.0000000 2.7182557 1.6785349 1.6785349 2.7182557 2.7182557 
t10        1.2070784 2.4141569 1.1586745 2.7182557 3.2381161 0.8864954 0.7945437 1.8942965 0.8239592 2.1983953 1.7786835 1.8942965 1.1132061 0.0000000 1.6785349 1.5901977 0.7662384 0.7126442 1.8942965 2.1983953 
t7         0.9547243 2.1983953 0.6157354 1.0703373 1.7786835 1.7786835 1.4396946 0.3999739 1.7786835 9.0000000 1.6785349 1.1132061 9.0000000 1.6785349 0.0000000 0.1307650 1.7786835 1.3744361 1.0297869 1.0703373 
t17        0.7945437 1.7786835 0.5716050 0.9547243 2.0310377 1.4396946 1.4396946 0.3505054 1.5901977 2.7182557 2.0310377 1.1586745 2.7182557 1.5901977 0.1307650 0.0000000 3.2381161 1.8942965 0.9547243 0.9198342 
t14        1.4396946 9.0000000 1.8942965 1.8942965 2.4141569 1.2070784 0.8239592 2.1983953 0.8239592 3.2381161 1.3744361 2.7182557 1.6785349 0.7662384 1.7786835 3.2381161 0.0000000 0.3505054 1.7786835 1.6785349 
t20        1.0703373 2.7182557 1.5901977 1.8942965 2.1983953 0.8545757 0.5716050 1.7786835 0.6157354 9.0000000 1.5901977 1.7786835 1.6785349 0.7126442 1.3744361 1.8942965 0.3505054 0.0000000 2.1983953 2.4141569 
t13        0.8239592 2.1983953 0.6872180 1.3144041 1.5111773 1.6785349 1.6785349 0.8864954 1.7786835 2.7182557 3.2381161 0.7945437 2.7182557 1.8942965 1.0297869 0.9547243 1.7786835 2.1983953 0.0000000 0.2191023 
t1         0.6626257 1.7786835 0.6626257 1.3144041 1.3744361 1.4396946 2.0310377 0.7945437 1.7786835 2.7182557 9.0000000 0.8864954 2.7182557 2.1983953 1.0703373 0.9198342 1.6785349 2.4141569 0.2191023 0.0000000 
