20
t4         0.0000000 9.0000000 2.7182557 2.4141569 9.0000000 3.2381161 2.4141569 9.0000000 9.0000000 2.1983953 2.4141569 9.0000000 2.4141569 9.0000000 9.0000000 2.4141569 3.2381161 3.2381161 9.0000000 2.4141569 
t19        9.0000000 0.0000000 0.8545757 0.7126442 1.1586745 1.0703373 0.9547243 0.9913169 0.8239592 1.8942965 1.3144041 0.7389627 0.6626257 0.7126442 0.6872180 1.4396946 0.9198342 0.9547243 1.6785349 1.6785349 
t3         2.7182557 0.8545757 0.0000000 0.3192509 0.6872180 0.9547243 0.5933457 0.4529370 0.4172160 1.3144041 1.0297869 0.7389627 1.0703373 0.5504769 0.5504769 0.9547243 0.3505054 0.3505054 1.0297869 0.9913169 
t18        2.4141569 0.7126442 0.3192509 0.0000000 0.5299277 0.6626257 0.3999739 0.3505054 0.2746833 1.0297869 0.7945437 0.6388142 0.8239592 0.3505054 0.3505054 0.7662384 0.2463781 0.2191023 0.8545757 0.8545757 
t6         9.0000000 1.1586745 0.6872180 0.5299277 0.0000000 0.9547243 0.8545757 0.6872180 0.6388142 1.7786835 1.5111773 0.8864954 1.0703373 0.7945437 0.7389627 1.1586745 0.5504769 0.5933457 1.1586745 1.1586745 
t10        3.2381161 1.0703373 0.9547243 0.6626257 0.9547243 0.0000000 0.8545757 1.0703373 0.7945437 2.0310377 1.1586745 1.3144041 1.2588231 0.8545757 0.7389627 1.4396946 0.7662384 0.6872180 1.6785349 1.5901977 
t16        2.4141569 0.9547243 0.5933457 0.3999739 0.8545757 0.8545757 0.0000000 0.6626257 0.5504769 1.6785349 1.3744361 0.7945437 0.9913169 0.4529370 0.4714565 1.1132061 0.5099265 0.5099265 1.2588231 1.1132061 
t9         9.0000000 0.9913169 0.4529370 0.3505054 0.6872180 1.0703373 0.6626257 0.0000000 0.2058276 1.1132061 1.0703373 0.8239592 1.1132061 0.5299277 0.5299277 0.9547243 0.2326162 0.2603971 0.9547243 1.0703373 
t14        9.0000000 0.8239592 0.4172160 0.2746833 0.6388142 0.7945437 0.5504769 0.2058276 0.0000000 1.3144041 1.1132061 0.6626257 0.9198342 0.4529370 0.4529370 0.8545757 0.1927838 0.1927838 0.8545757 0.9913169 
t8         2.1983953 1.8942965 1.3144041 1.0297869 1.7786835 2.0310377 1.6785349 1.1132061 1.3144041 0.0000000 0.5299277 1.1586745 1.2070784 1.2588231 1.4396946 0.9547243 1.3144041 1.2588231 0.9913169 1.0297869 
t17        2.4141569 1.3144041 1.0297869 0.7945437 1.5111773 1.1586745 1.3744361 1.0703373 1.1132061 0.5299277 0.0000000 0.9547243 0.8864954 0.8864954 0.8864954 0.4904449 1.1132061 1.0703373 0.5504769 0.5504769 
t5         9.0000000 0.7389627 0.7389627 0.6388142 0.8864954 1.3144041 0.7945437 0.8239592 0.6626257 1.1586745 0.9547243 0.0000000 0.3666350 0.6388142 0.6872180 0.8864954 0.6872180 0.7126442 0.9547243 0.9198342 
t11        2.4141569 0.6626257 1.0703373 0.8239592 1.0703373 1.2588231 0.9913169 1.1132061 0.9198342 1.2070784 0.8864954 0.3666350 0.0000000 0.7945437 0.8239592 1.1132061 1.0297869 1.0297869 1.1586745 1.2070784 
t7         9.0000000 0.7126442 0.5504769 0.3505054 0.7945437 0.8545757 0.4529370 0.5299277 0.4529370 1.2588231 0.8864954 0.6388142 0.7945437 0.0000000 0.0517447 0.9547243 0.4172160 0.4348639 0.9913169 1.0297869 
t13        9.0000000 0.6872180 0.5504769 0.3505054 0.7389627 0.7389627 0.4714565 0.5299277 0.4529370 1.4396946 0.8864954 0.6872180 0.8239592 0.0517447 0.0000000 0.9198342 0.4172160 0.4348639 0.9913169 0.9913169 
t20        2.4141569 1.4396946 0.9547243 0.7662384 1.1586745 1.4396946 1.1132061 0.9547243 0.8545757 0.9547243 0.4904449 0.8864954 1.1132061 0.9547243 0.9198342 0.0000000 0.8545757 0.8545757 0.0625362 0.0845966 
t1         3.2381161 0.9198342 0.3505054 0.2463781 0.5504769 0.7662384 0.5099265 0.2326162 0.1927838 1.3144041 1.1132061 0.6872180 1.0297869 0.4172160 0.4172160 0.8545757 0.0000000 0.0845966 0.8239592 0.9547243 
t15        3.2381161 0.9547243 0.3505054 0.2191023 0.5933457 0.6872180 0.5099265 0.2603971 0.1927838 1.2588231 1.0703373 0.7126442 1.0297869 0.4348639 0.4348639 0.8545757 0.0845966 0.0000000 0.8239592 0.9547243 
t12        9.0000000 1.6785349 1.0297869 0.8545757 1.1586745 1.6785349 1.2588231 0.9547243 0.8545757 0.9913169 0.5504769 0.9547243 1.1586745 0.9913169 0.9913169 0.0625362 0.8239592 0.8239592 0.0000000 0.1073256 
t2         2.4141569 1.6785349 0.9913169 0.8545757 1.1586745 1.5901977 1.1132061 1.0703373 0.9913169 1.0297869 0.5504769 0.9198342 1.2070784 1.0297869 0.9913169 0.0845966 0.9547243 0.9547243 0.1073256 0.0000000 
