20
t20        0.0000000 0.6626257 0.7126442 1.0703373 0.9547243 1.2588231 1.1132061 0.7945437 0.7126442 0.6388142 0.8239592 0.8864954 0.7662384 1.1586745 0.9198342 1.0297869 1.0703373 1.0297869 1.3144041 1.3144041 
t2         0.6626257 0.0000000 0.8864954 0.9547243 0.8864954 1.1132061 1.1586745 1.0703373 0.9913169 0.9547243 1.2070784 1.1132061 1.6785349 1.5111773 1.2588231 1.1586745 1.1586745 1.3144041 1.2070784 1.2070784 
t5         0.7126442 0.8864954 0.0000000 1.0297869 1.1586745 1.1586745 0.9913169 1.1132061 0.9547243 1.0297869 1.2070784 0.9547243 0.9547243 0.9547243 0.9913169 0.9913169 1.0703373 0.9198342 1.0297869 1.1132061 
t13        1.0703373 0.9547243 1.0297869 0.0000000 0.9198342 0.7662384 0.9547243 1.3744361 1.5901977 1.2588231 1.2070784 1.0297869 0.9913169 1.5111773 1.2070784 0.7662384 0.8864954 0.7389627 0.7945437 0.8545757 
t1         0.9547243 0.8864954 1.1586745 0.9198342 0.0000000 1.1586745 1.1132061 1.3144041 1.5901977 1.3744361 1.4396946 1.2588231 1.4396946 1.4396946 1.0297869 0.9198342 0.9913169 0.9913169 0.9913169 0.9913169 
t17        1.2588231 1.1132061 1.1586745 0.7662384 1.1586745 0.0000000 0.8239592 1.5111773 1.4396946 1.1586745 1.2588231 1.3144041 1.3144041 1.7786835 1.5111773 0.8239592 0.8239592 0.7389627 0.7389627 0.7662384 
t8         1.1132061 1.1586745 0.9913169 0.9547243 1.1132061 0.8239592 0.0000000 1.7786835 1.7786835 1.2588231 1.5901977 1.6785349 1.3744361 1.5111773 1.1586745 0.5716050 0.6872180 0.5504769 0.5933457 0.5933457 
t16        0.7945437 1.0703373 1.1132061 1.3744361 1.3144041 1.5111773 1.7786835 0.0000000 0.3347153 0.2746833 0.3666350 0.8239592 0.9198342 1.3744361 1.3144041 1.3744361 1.2588231 1.2588231 1.2588231 1.2588231 
t10        0.7126442 0.9913169 0.9547243 1.5901977 1.5901977 1.4396946 1.7786835 0.3347153 0.0000000 0.2892469 0.3831192 0.7945437 0.8545757 1.0703373 1.1132061 1.2070784 1.2588231 1.3144041 1.1132061 1.1132061 
t12        0.6388142 0.9547243 1.0297869 1.2588231 1.3744361 1.1586745 1.2588231 0.2746833 0.2892469 0.0000000 0.2603971 0.7389627 0.7126442 1.3144041 1.4396946 1.0703373 1.0703373 1.1586745 1.1132061 1.1132061 
t15        0.8239592 1.2070784 1.2070784 1.2070784 1.4396946 1.2588231 1.5901977 0.3666350 0.3831192 0.2603971 0.0000000 0.7126442 0.8864954 1.7786835 1.5901977 1.1586745 1.3144041 1.2588231 1.2070784 1.1586745 
t3         0.8864954 1.1132061 0.9547243 1.0297869 1.2588231 1.3144041 1.6785349 0.8239592 0.7945437 0.7389627 0.7126442 0.0000000 0.3040988 1.5901977 1.3144041 1.2070784 1.2070784 1.2588231 1.1132061 1.1586745 
t11        0.7662384 1.6785349 0.9547243 0.9913169 1.4396946 1.3144041 1.3744361 0.9198342 0.8545757 0.7126442 0.8864954 0.3040988 0.0000000 1.3144041 1.3744361 1.1132061 1.1586745 1.1586745 1.1132061 1.1586745 
t18        1.1586745 1.5111773 0.9547243 1.5111773 1.4396946 1.7786835 1.5111773 1.3744361 1.0703373 1.3144041 1.7786835 1.5901977 1.3144041 0.0000000 0.2463781 1.2070784 1.4396946 1.3144041 1.5901977 1.7786835 
t6         0.9198342 1.2588231 0.9913169 1.2070784 1.0297869 1.5111773 1.1586745 1.3144041 1.1132061 1.4396946 1.5901977 1.3144041 1.3744361 0.2463781 0.0000000 1.0703373 1.3744361 1.1586745 1.5111773 1.6785349 
t14        1.0297869 1.1586745 0.9913169 0.7662384 0.9198342 0.8239592 0.5716050 1.3744361 1.2070784 1.0703373 1.1586745 1.2070784 1.1132061 1.2070784 1.0703373 0.0000000 0.1673577 0.1799630 0.1799630 0.2058276 
t19        1.0703373 1.1586745 1.0703373 0.8864954 0.9913169 0.8239592 0.6872180 1.2588231 1.2588231 1.0703373 1.3144041 1.2070784 1.1586745 1.4396946 1.3744361 0.1673577 0.0000000 0.2191023 0.2603971 0.2892469 
t7         1.0297869 1.3144041 0.9198342 0.7389627 0.9913169 0.7389627 0.5504769 1.2588231 1.3144041 1.1586745 1.2588231 1.2588231 1.1586745 1.3144041 1.1586745 0.1799630 0.2191023 0.0000000 0.1427653 0.1673577 
t4         1.3144041 1.2070784 1.0297869 0.7945437 0.9913169 0.7389627 0.5933457 1.2588231 1.1132061 1.1132061 1.2070784 1.1132061 1.1132061 1.5901977 1.5111773 0.1799630 0.2603971 0.1427653 0.0000000 0.0202715 
t9         1.3144041 1.2070784 1.1132061 0.8545757 0.9913169 0.7662384 0.5933457 1.2588231 1.1132061 1.1132061 1.1586745 1.1586745 1.1586745 1.7786835 1.6785349 0.2058276 0.2892469 0.1673577 0.0202715 0.0000000 
