20
t9         0.0000000 1.6785349 1.1132061 1.1586745 1.1586745 1.4396946 1.0297869 1.4396946 1.2070784 1.2588231 1.4396946 0.9913169 1.3144041 1.1586745 2.0310377 3.2381161 0.9198342 0.8864954 1.4396946 1.3744361 
t7         1.6785349 0.0000000 9.0000000 9.0000000 3.2381161 9.0000000 2.0310377 9.0000000 9.0000000 2.0310377 2.4141569 9.0000000 2.7182557 9.0000000 0.7662384 0.7945437 2.1983953 2.1983953 2.7182557 2.7182557 
t15        1.1132061 9.0000000 0.0000000 2.0310377 1.5901977 1.5901977 1.5901977 1.5111773 1.6785349 0.9198342 9.0000000 0.9198342 2.0310377 2.4141569 3.2381161 2.7182557 0.8239592 0.8864954 9.0000000 9.0000000 
t17        1.1586745 9.0000000 2.0310377 0.0000000 0.8545757 1.5901977 1.2588231 1.2070784 0.7945437 2.1983953 1.5901977 1.8942965 1.8942965 1.5111773 9.0000000 3.2381161 1.7786835 1.8942965 1.1586745 1.2588231 
t11        1.1586745 3.2381161 1.5901977 0.8545757 0.0000000 0.4529370 1.3144041 0.5933457 0.5099265 1.2070784 1.7786835 1.1132061 1.6785349 1.5901977 1.3744361 1.8942965 1.0297869 0.9913169 1.6785349 1.6785349 
t2         1.4396946 9.0000000 1.5901977 1.5901977 0.4529370 0.0000000 1.7786835 0.9913169 0.9913169 1.2070784 1.6785349 1.4396946 1.6785349 1.5111773 2.4141569 3.2381161 1.3144041 1.2588231 1.8942965 1.7786835 
t12        1.0297869 2.0310377 1.5901977 1.2588231 1.3144041 1.7786835 0.0000000 2.1983953 1.7786835 1.6785349 9.0000000 1.8942965 0.3192509 0.3666350 2.7182557 9.0000000 1.2588231 1.5111773 2.4141569 2.4141569 
t10        1.4396946 9.0000000 1.5111773 1.2070784 0.5933457 0.9913169 2.1983953 0.0000000 0.4529370 1.4396946 1.5111773 1.1586745 3.2381161 2.1983953 2.1983953 2.1983953 1.0703373 1.0703373 1.5901977 1.6785349 
t8         1.2070784 9.0000000 1.6785349 0.7945437 0.5099265 0.9913169 1.7786835 0.4529370 0.0000000 1.7786835 2.1983953 1.3744361 1.8942965 1.5111773 2.0310377 2.4141569 1.2070784 1.2070784 1.8942965 1.8942965 
t4         1.2588231 2.0310377 0.9198342 2.1983953 1.2070784 1.2070784 1.6785349 1.4396946 1.7786835 0.0000000 1.6785349 0.5504769 1.8942965 1.6785349 1.8942965 1.8942965 0.3999739 0.4348639 2.0310377 2.0310377 
t19        1.4396946 2.4141569 9.0000000 1.5901977 1.7786835 1.6785349 9.0000000 1.5111773 2.1983953 1.6785349 0.0000000 2.0310377 9.0000000 9.0000000 3.2381161 2.7182557 2.7182557 9.0000000 0.2746833 0.2746833 
t16        0.9913169 9.0000000 0.9198342 1.8942965 1.1132061 1.4396946 1.8942965 1.1586745 1.3744361 0.5504769 2.0310377 0.0000000 2.0310377 1.6785349 1.8942965 2.1983953 0.2058276 0.2746833 2.1983953 2.4141569 
t5         1.3144041 2.7182557 2.0310377 1.8942965 1.6785349 1.6785349 0.3192509 3.2381161 1.8942965 1.8942965 9.0000000 2.0310377 0.0000000 0.2191023 3.2381161 9.0000000 1.6785349 2.0310377 3.2381161 9.0000000 
t13        1.1586745 9.0000000 2.4141569 1.5111773 1.5901977 1.5111773 0.3666350 2.1983953 1.5111773 1.6785349 9.0000000 1.6785349 0.2191023 0.0000000 9.0000000 9.0000000 1.5111773 1.7786835 2.4141569 2.4141569 
t3         2.0310377 0.7662384 3.2381161 9.0000000 1.3744361 2.4141569 2.7182557 2.1983953 2.0310377 1.8942965 3.2381161 1.8942965 3.2381161 9.0000000 0.0000000 0.3505054 2.1983953 3.2381161 9.0000000 9.0000000 
t14        3.2381161 0.7945437 2.7182557 3.2381161 1.8942965 3.2381161 9.0000000 2.1983953 2.4141569 1.8942965 2.7182557 2.1983953 9.0000000 9.0000000 0.3505054 0.0000000 2.1983953 9.0000000 9.0000000 9.0000000 
t18        0.9198342 2.1983953 0.8239592 1.7786835 1.0297869 1.3144041 1.2588231 1.0703373 1.2070784 0.3999739 2.7182557 0.2058276 1.6785349 1.5111773 2.1983953 2.1983953 0.0000000 0.1189538 2.4141569 9.0000000 
t20        0.8864954 2.1983953 0.8864954 1.8942965 0.9913169 1.2588231 1.5111773 1.0703373 1.2070784 0.4348639 9.0000000 0.2746833 2.0310377 1.7786835 3.2381161 9.0000000 0.1189538 0.0000000 3.2381161 9.0000000 
t6         1.4396946 2.7182557 9.0000000 1.1586745 1.6785349 1.8942965 2.4141569 1.5901977 1.8942965 2.0310377 0.2746833 2.1983953 3.2381161 2.4141569 9.0000000 9.0000000 2.4141569 3.2381161 0.0000000 0.0411062 
t1         1.3744361 2.7182557 9.0000000 1.2588231 1.6785349 1.7786835 2.4141569 1.6785349 1.8942965 2.0310377 0.2746833 2.4141569 9.0000000 2.4141569 9.0000000 9.0000000 9.0000000 9.0000000 0.0411062 0.0000000 
