20
t12        0.0000000 0.6388142 0.6388142 0.8545757 1.0297869 0.6872180 0.5933457 0.7945437 0.7389627 0.7662384 0.6157354 0.9547243 0.8239592 0.8545757 0.6626257 0.7126442 0.8545757 0.8545757 0.8545757 0.8239592 
t6         0.6388142 0.0000000 0.5299277 0.9198342 1.1132061 0.6157354 0.6157354 0.7662384 0.9198342 0.9913169 0.6388142 1.1132061 0.6388142 0.7389627 0.7662384 0.8545757 0.7945437 0.7662384 1.0297869 0.9913169 
t7         0.6388142 0.5299277 0.0000000 1.0297869 1.2070784 0.8864954 0.9547243 0.8864954 1.0703373 0.9547243 0.9198342 1.1586745 0.6872180 0.8239592 1.1132061 1.1132061 0.9198342 0.9913169 0.9913169 0.9913169 
t5         0.8545757 0.9198342 1.0297869 0.0000000 0.5716050 0.6872180 0.8545757 0.8239592 0.8864954 0.9198342 0.7662384 1.1132061 0.8864954 1.0703373 0.9198342 0.7126442 0.9547243 0.9547243 1.0297869 0.9913169 
t4         1.0297869 1.1132061 1.2070784 0.5716050 0.0000000 0.8545757 1.0297869 1.2070784 1.2588231 1.1132061 1.1586745 1.3744361 1.1132061 1.2070784 1.3144041 1.1132061 1.0703373 1.2070784 1.1586745 1.1586745 
t13        0.6872180 0.6157354 0.8864954 0.6872180 0.8545757 0.0000000 0.3666350 0.7126442 0.7662384 0.7126442 0.4529370 1.1132061 0.6872180 0.7389627 0.5716050 0.5504769 0.7662384 0.6872180 0.9913169 0.9198342 
t9         0.5933457 0.6157354 0.9547243 0.8545757 1.0297869 0.3666350 0.0000000 0.8239592 0.6872180 0.9198342 0.3347153 0.8545757 0.5933457 0.6872180 0.5933457 0.5299277 0.8545757 0.8239592 0.8864954 0.8239592 
t8         0.7945437 0.7662384 0.8864954 0.8239592 1.2070784 0.7126442 0.8239592 0.0000000 0.8545757 0.8864954 0.8239592 0.9913169 0.3505054 0.3831192 0.9198342 1.0297869 0.3831192 0.3192509 0.9913169 0.9198342 
t1         0.7389627 0.9198342 1.0703373 0.8864954 1.2588231 0.7662384 0.6872180 0.8545757 0.0000000 0.4172160 0.7126442 0.7662384 0.9913169 1.1132061 0.8864954 0.6872180 0.9547243 0.9913169 0.8545757 0.8545757 
t15        0.7662384 0.9913169 0.9547243 0.9198342 1.1132061 0.7126442 0.9198342 0.8864954 0.4172160 0.0000000 0.8239592 0.6626257 0.8545757 0.9547243 0.9913169 0.8239592 1.1132061 1.0297869 0.6872180 0.6626257 
t11        0.6157354 0.6388142 0.9198342 0.7662384 1.1586745 0.4529370 0.3347153 0.8239592 0.7126442 0.8239592 0.0000000 1.0703373 0.5933457 0.6388142 0.4529370 0.4348639 0.8239592 0.7126442 1.0297869 0.9547243 
t19        0.9547243 1.1132061 1.1586745 1.1132061 1.3744361 1.1132061 0.8545757 0.9913169 0.7662384 0.6626257 1.0703373 0.0000000 0.8545757 0.8239592 1.3144041 1.0297869 0.9198342 0.9198342 0.2058276 0.1427653 
t2         0.8239592 0.6388142 0.6872180 0.8864954 1.1132061 0.6872180 0.5933457 0.3505054 0.9913169 0.8545757 0.5933457 0.8545757 0.0000000 0.1427653 0.7945437 0.9547243 0.4529370 0.3831192 0.8864954 0.7945437 
t3         0.8545757 0.7389627 0.8239592 1.0703373 1.2070784 0.7389627 0.6872180 0.3831192 1.1132061 0.9547243 0.6388142 0.8239592 0.1427653 0.0000000 0.9198342 1.0297869 0.5099265 0.4348639 0.8545757 0.7662384 
t18        0.6626257 0.7662384 1.1132061 0.9198342 1.3144041 0.5716050 0.5933457 0.9198342 0.8864954 0.9913169 0.4529370 1.3144041 0.7945437 0.9198342 0.0000000 0.2058276 0.7662384 0.7662384 1.0703373 1.0297869 
t17        0.7126442 0.8545757 1.1132061 0.7126442 1.1132061 0.5504769 0.5299277 1.0297869 0.6872180 0.8239592 0.4348639 1.0297869 0.9547243 1.0297869 0.2058276 0.0000000 0.8545757 0.8545757 0.9913169 0.9547243 
t20        0.8545757 0.7945437 0.9198342 0.9547243 1.0703373 0.7662384 0.8545757 0.3831192 0.9547243 1.1132061 0.8239592 0.9198342 0.4529370 0.5099265 0.7662384 0.8545757 0.0000000 0.0845966 1.0703373 0.9547243 
t14        0.8545757 0.7662384 0.9913169 0.9547243 1.2070784 0.6872180 0.8239592 0.3192509 0.9913169 1.0297869 0.7126442 0.9198342 0.3831192 0.4348639 0.7662384 0.8545757 0.0845966 0.0000000 1.0703373 0.9547243 
t10        0.8545757 1.0297869 0.9913169 1.0297869 1.1586745 0.9913169 0.8864954 0.9913169 0.8545757 0.6872180 1.0297869 0.2058276 0.8864954 0.8545757 1.0703373 0.9913169 1.0703373 1.0703373 0.0000000 0.0517447 
t16        0.8239592 0.9913169 0.9913169 0.9913169 1.1586745 0.9198342 0.8239592 0.9198342 0.8545757 0.6626257 0.9547243 0.1427653 0.7945437 0.7662384 1.0297869 0.9547243 0.9547243 0.9547243 0.0517447 0.0000000 
