20
t15        0.0000000 3.2381161 0.5504769 0.5716050 0.5504769 0.7945437 0.4714565 0.8545757 0.5504769 0.9913169 0.5716050 0.5716050 0.5504769 0.6872180 0.8545757 0.7945437 0.5099265 0.4714565 0.7662384 1.0703373 
t12        3.2381161 0.0000000 1.8942965 2.7182557 9.0000000 9.0000000 2.1983953 2.7182557 3.2381161 2.7182557 9.0000000 9.0000000 2.7182557 2.4141569 1.8942965 2.4141569 2.7182557 9.0000000 2.4141569 2.7182557 
t18        0.5504769 1.8942965 0.0000000 0.4172160 0.3192509 0.6388142 0.3040988 0.6872180 0.5099265 0.8239592 0.3505054 0.3666350 0.4529370 0.6388142 0.7662384 0.8864954 0.5504769 0.4904449 0.5716050 0.7389627 
t17        0.5716050 2.7182557 0.4172160 0.0000000 0.4529370 0.7389627 0.3999739 0.6626257 0.5299277 0.9913169 0.3999739 0.4172160 0.4904449 0.6872180 0.8239592 0.8239592 0.5716050 0.5504769 0.7389627 0.9547243 
t16        0.5504769 9.0000000 0.3192509 0.4529370 0.0000000 0.5716050 0.3192509 0.7126442 0.5099265 0.9547243 0.3999739 0.3505054 0.4172160 0.5716050 0.5933457 0.6157354 0.5716050 0.5504769 0.7945437 0.9913169 
t10        0.7945437 9.0000000 0.6388142 0.7389627 0.5716050 0.0000000 0.5504769 0.9198342 0.6388142 1.3144041 0.7389627 0.6872180 0.6872180 0.7945437 0.8239592 0.8864954 0.7662384 0.7126442 1.1586745 1.1586745 
t4         0.4714565 2.1983953 0.3040988 0.3999739 0.3192509 0.5504769 0.0000000 0.4529370 0.3505054 0.8864954 0.3831192 0.3831192 0.3831192 0.5099265 0.6872180 0.7662384 0.4172160 0.3999739 0.5933457 0.6872180 
t1         0.8545757 2.7182557 0.6872180 0.6626257 0.7126442 0.9198342 0.4529370 0.0000000 0.8239592 0.9198342 0.7126442 0.7662384 0.6626257 0.8545757 1.0703373 1.0703373 0.9913169 0.9547243 0.8545757 1.1586745 
t20        0.5504769 3.2381161 0.5099265 0.5299277 0.5099265 0.6388142 0.3505054 0.8239592 0.0000000 1.1132061 0.4904449 0.5504769 0.5299277 0.7126442 0.9198342 0.9198342 0.2191023 0.2058276 0.7945437 1.0703373 
t8         0.9913169 2.7182557 0.8239592 0.9913169 0.9547243 1.3144041 0.8864954 0.9198342 1.1132061 0.0000000 0.7945437 0.8545757 0.8545757 1.3144041 1.0297869 1.1132061 1.1586745 1.1132061 0.7389627 0.9198342 
t7         0.5716050 9.0000000 0.3505054 0.3999739 0.3999739 0.7389627 0.3831192 0.7126442 0.4904449 0.7945437 0.0000000 0.1549607 0.4172160 0.5933457 0.7126442 0.6872180 0.5099265 0.4904449 0.5933457 0.8545757 
t9         0.5716050 9.0000000 0.3666350 0.4172160 0.3505054 0.6872180 0.3831192 0.7662384 0.5504769 0.8545757 0.1549607 0.0000000 0.4172160 0.5099265 0.7662384 0.6872180 0.5504769 0.5299277 0.6626257 0.8864954 
t3         0.5504769 2.7182557 0.4529370 0.4904449 0.4172160 0.6872180 0.3831192 0.6626257 0.5299277 0.8545757 0.4172160 0.4172160 0.0000000 0.3040988 0.5299277 0.4904449 0.4904449 0.4714565 0.7126442 0.9198342 
t5         0.6872180 2.4141569 0.6388142 0.6872180 0.5716050 0.7945437 0.5099265 0.8545757 0.7126442 1.3144041 0.5933457 0.5099265 0.3040988 0.0000000 0.6626257 0.5716050 0.7945437 0.7662384 0.8864954 0.9198342 
t19        0.8545757 1.8942965 0.7662384 0.8239592 0.5933457 0.8239592 0.6872180 1.0703373 0.9198342 1.0297869 0.7126442 0.7662384 0.5299277 0.6626257 0.0000000 0.0845966 0.8545757 0.8239592 0.8545757 1.1132061 
t11        0.7945437 2.4141569 0.8864954 0.8239592 0.6157354 0.8864954 0.7662384 1.0703373 0.9198342 1.1132061 0.6872180 0.6872180 0.4904449 0.5716050 0.0845966 0.0000000 0.8545757 0.8239592 0.8864954 1.0703373 
t13        0.5099265 2.7182557 0.5504769 0.5716050 0.5716050 0.7662384 0.4172160 0.9913169 0.2191023 1.1586745 0.5099265 0.5504769 0.4904449 0.7945437 0.8545757 0.8545757 0.0000000 0.0306165 0.7389627 1.0297869 
t2         0.4714565 9.0000000 0.4904449 0.5504769 0.5504769 0.7126442 0.3999739 0.9547243 0.2058276 1.1132061 0.4904449 0.5299277 0.4714565 0.7662384 0.8239592 0.8239592 0.0306165 0.0000000 0.7662384 1.0297869 
t14        0.7662384 2.4141569 0.5716050 0.7389627 0.7945437 1.1586745 0.5933457 0.8545757 0.7945437 0.7389627 0.5933457 0.6626257 0.7126442 0.8864954 0.8545757 0.8864954 0.7389627 0.7662384 0.0000000 0.2463781 
t6         1.0703373 2.7182557 0.7389627 0.9547243 0.9913169 1.1586745 0.6872180 1.1586745 1.0703373 0.9198342 0.8545757 0.8864954 0.9198342 0.9198342 1.1132061 1.0703373 1.0297869 1.0297869 0.2463781 0.0000000 
