20
t17        0.0000000 0.9547243 1.3744361 1.5901977 1.2588231 1.2070784 1.1586745 1.1586745 1.1586745 1.3144041 1.4396946 1.2588231 1.2588231 1.2588231 1.5111773 1.5111773 1.5901977 0.8239592 0.9547243 0.9198342 
t15        0.9547243 0.0000000 1.0297869 0.7389627 0.6872180 1.0703373 1.1586745 0.7662384 0.8545757 0.7389627 0.9547243 1.3144041 1.0703373 0.9913169 1.2070784 0.9913169 0.9198342 0.9913169 0.9913169 0.9913169 
t4         1.3744361 1.0297869 0.0000000 0.9913169 0.7662384 0.9913169 1.2070784 0.7662384 0.8545757 0.8239592 1.0297869 1.1132061 1.1132061 1.1586745 1.1132061 1.3744361 1.6785349 0.8864954 0.8239592 0.9198342 
t11        1.5901977 0.7389627 0.9913169 0.0000000 0.7945437 1.1586745 1.1586745 0.8239592 1.2070784 0.6872180 0.7945437 1.1586745 1.2070784 1.3144041 1.0703373 1.3744361 1.2588231 0.9913169 0.9198342 0.9547243 
t13        1.2588231 0.6872180 0.7662384 0.7945437 0.0000000 0.8864954 1.0703373 0.9547243 0.9547243 0.5933457 0.7389627 0.9913169 1.1132061 0.9198342 0.9913169 1.0297869 1.0703373 0.8545757 0.8545757 0.8864954 
t1         1.2070784 1.0703373 0.9913169 1.1586745 0.8864954 0.0000000 0.5716050 0.7389627 0.7662384 0.7389627 0.9913169 0.8239592 1.0297869 1.0297869 0.9198342 1.2070784 1.3744361 0.6157354 0.5933457 0.6388142 
t10        1.1586745 1.1586745 1.2070784 1.1586745 1.0703373 0.5716050 0.0000000 0.8239592 0.8239592 0.9913169 1.3744361 0.9547243 1.2070784 0.7126442 0.7126442 1.3744361 1.5111773 0.5933457 0.5504769 0.4904449 
t12        1.1586745 0.7662384 0.7662384 0.8239592 0.9547243 0.7389627 0.8239592 0.0000000 0.5099265 0.7126442 1.2070784 0.8864954 0.9198342 0.8239592 0.8239592 0.8545757 0.9547243 0.8239592 0.7126442 0.7662384 
t2         1.1586745 0.8545757 0.8545757 1.2070784 0.9547243 0.7662384 0.8239592 0.5099265 0.0000000 0.8239592 1.2070784 0.8864954 0.9198342 0.8545757 0.8239592 1.2070784 1.2070784 0.8545757 0.8864954 0.8864954 
t5         1.3144041 0.7389627 0.8239592 0.6872180 0.5933457 0.7389627 0.9913169 0.7126442 0.8239592 0.0000000 0.3666350 0.9547243 0.9913169 0.9198342 0.9547243 1.1132061 1.0297869 0.6626257 0.7126442 0.7662384 
t19        1.4396946 0.9547243 1.0297869 0.7945437 0.7389627 0.9913169 1.3744361 1.2070784 1.2070784 0.3666350 0.0000000 1.5111773 1.2070784 1.5111773 1.3144041 1.2070784 1.1132061 0.8864954 0.9547243 0.9913169 
t20        1.2588231 1.3144041 1.1132061 1.1586745 0.9913169 0.8239592 0.9547243 0.8864954 0.8864954 0.9547243 1.5111773 0.0000000 0.2326162 0.6626257 0.6872180 2.0310377 1.8942965 0.8239592 0.9198342 0.8545757 
t8         1.2588231 1.0703373 1.1132061 1.2070784 1.1132061 1.0297869 1.2070784 0.9198342 0.9198342 0.9913169 1.2070784 0.2326162 0.0000000 0.6872180 0.7662384 2.1983953 1.8942965 0.8864954 0.9547243 0.9547243 
t7         1.2588231 0.9913169 1.1586745 1.3144041 0.9198342 1.0297869 0.7126442 0.8239592 0.8545757 0.9198342 1.5111773 0.6626257 0.6872180 0.0000000 0.2603971 1.5901977 1.5901977 0.8545757 0.8864954 0.8864954 
t9         1.5111773 1.2070784 1.1132061 1.0703373 0.9913169 0.9198342 0.7126442 0.8239592 0.8239592 0.9547243 1.3144041 0.6872180 0.7662384 0.2603971 0.0000000 1.5111773 1.3144041 0.9547243 0.9547243 0.9547243 
t14        1.5111773 0.9913169 1.3744361 1.3744361 1.0297869 1.2070784 1.3744361 0.8545757 1.2070784 1.1132061 1.2070784 2.0310377 2.1983953 1.5901977 1.5111773 0.0000000 0.1673577 1.0703373 1.1132061 0.9547243 
t3         1.5901977 0.9198342 1.6785349 1.2588231 1.0703373 1.3744361 1.5111773 0.9547243 1.2070784 1.0297869 1.1132061 1.8942965 1.8942965 1.5901977 1.3144041 0.1673577 0.0000000 1.2070784 1.2070784 1.0297869 
t6         0.8239592 0.9913169 0.8864954 0.9913169 0.8545757 0.6157354 0.5933457 0.8239592 0.8545757 0.6626257 0.8864954 0.8239592 0.8864954 0.8545757 0.9547243 1.0703373 1.2070784 0.0000000 0.1427653 0.1673577 
t18        0.9547243 0.9913169 0.8239592 0.9198342 0.8545757 0.5933457 0.5504769 0.7126442 0.8864954 0.7126442 0.9547243 0.9198342 0.9547243 0.8864954 0.9547243 1.1132061 1.2070784 0.1427653 0.0000000 0.0845966 
t16        0.9198342 0.9913169 0.9198342 0.9547243 0.8864954 0.6388142 0.4904449 0.7662384 0.8864954 0.7662384 0.9913169 0.8545757 0.9547243 0.8864954 0.9547243 0.9547243 1.0297869 0.1673577 0.0845966 0.0000000 
