20
t15        0.0000000 1.0703373 2.0310377 0.9198342 0.7662384 0.7945437 1.2070784 9.0000000 1.2070784 1.4396946 1.3744361 1.5111773 1.3744361 1.1132061 1.3144041 1.5901977 1.1586745 1.1586745 1.2588231 1.2588231 
t16        1.0703373 0.0000000 1.5111773 0.6157354 0.5933457 0.6872180 0.9913169 2.4141569 0.9198342 1.0703373 1.5111773 1.5111773 0.9913169 1.0703373 1.2588231 1.1132061 1.0297869 1.0297869 1.1132061 1.0703373 
t18        2.0310377 1.5111773 0.0000000 1.4396946 1.6785349 1.2070784 3.2381161 2.4141569 1.3744361 1.5111773 1.8942965 1.6785349 1.4396946 1.5901977 1.3744361 1.3144041 1.3744361 1.3144041 1.4396946 1.3744361 
t3         0.9198342 0.6157354 1.4396946 0.0000000 0.3040988 0.4714565 1.1586745 1.6785349 0.7389627 0.9913169 1.3744361 1.3144041 0.7945437 0.8864954 0.9547243 0.8864954 0.5933457 0.5716050 1.1586745 1.1586745 
t6         0.7662384 0.5933457 1.6785349 0.3040988 0.0000000 0.3999739 1.4396946 2.0310377 0.6157354 0.7662384 1.2588231 1.1132061 0.7945437 0.7389627 0.9913169 0.9198342 0.5716050 0.5716050 1.1586745 1.2070784 
t13        0.7945437 0.6872180 1.2070784 0.4714565 0.3999739 0.0000000 1.0297869 2.1983953 0.5099265 0.5716050 0.9198342 1.1132061 0.6157354 0.7389627 0.9198342 0.8864954 0.7126442 0.7126442 0.8864954 0.9198342 
t11        1.2070784 0.9913169 3.2381161 1.1586745 1.4396946 1.0297869 0.0000000 2.4141569 1.5111773 1.7786835 1.3744361 1.7786835 1.2588231 1.4396946 2.0310377 2.1983953 1.6785349 1.8942965 1.2588231 1.2070784 
t1         9.0000000 2.4141569 2.4141569 1.6785349 2.0310377 2.1983953 2.4141569 0.0000000 9.0000000 9.0000000 9.0000000 9.0000000 1.6785349 2.4141569 3.2381161 2.4141569 2.1983953 2.4141569 2.1983953 2.4141569 
t17        1.2070784 0.9198342 1.3744361 0.7389627 0.6157354 0.5099265 1.5111773 9.0000000 0.0000000 0.3831192 1.7786835 1.3744361 0.8545757 0.8239592 0.9913169 0.9913169 0.8545757 0.8545757 1.3744361 1.3744361 
t20        1.4396946 1.0703373 1.5111773 0.9913169 0.7662384 0.5716050 1.7786835 9.0000000 0.3831192 0.0000000 1.4396946 1.5111773 0.7389627 0.7389627 1.1586745 1.1132061 1.0297869 1.1132061 1.0703373 1.1132061 
t19        1.3744361 1.5111773 1.8942965 1.3744361 1.2588231 0.9198342 1.3744361 9.0000000 1.7786835 1.4396946 0.0000000 0.5716050 1.5901977 1.4396946 1.6785349 1.6785349 2.1983953 1.5111773 0.5504769 0.5099265 
t14        1.5111773 1.5111773 1.6785349 1.3144041 1.1132061 1.1132061 1.7786835 9.0000000 1.3744361 1.5111773 0.5716050 0.0000000 1.7786835 1.5901977 1.5901977 1.5901977 1.5901977 1.2588231 0.5933457 0.5504769 
t8         1.3744361 0.9913169 1.4396946 0.7945437 0.7945437 0.6157354 1.2588231 1.6785349 0.8545757 0.7389627 1.5901977 1.7786835 0.0000000 0.3040988 1.1586745 0.9913169 1.1586745 1.2588231 1.2070784 1.2588231 
t2         1.1132061 1.0703373 1.5901977 0.8864954 0.7389627 0.7389627 1.4396946 2.4141569 0.8239592 0.7389627 1.4396946 1.5901977 0.3040988 0.0000000 1.0703373 0.8864954 1.0297869 1.1132061 1.0703373 1.1132061 
t10        1.3144041 1.2588231 1.3744361 0.9547243 0.9913169 0.9198342 2.0310377 3.2381161 0.9913169 1.1586745 1.6785349 1.5901977 1.1586745 1.0703373 0.0000000 0.1673577 1.1586745 1.1586745 1.3144041 1.3144041 
t4         1.5901977 1.1132061 1.3144041 0.8864954 0.9198342 0.8864954 2.1983953 2.4141569 0.9913169 1.1132061 1.6785349 1.5901977 0.9913169 0.8864954 0.1673577 0.0000000 0.9913169 0.9913169 1.3144041 1.3144041 
t9         1.1586745 1.0297869 1.3744361 0.5933457 0.5716050 0.7126442 1.6785349 2.1983953 0.8545757 1.0297869 2.1983953 1.5901977 1.1586745 1.0297869 1.1586745 0.9913169 0.0000000 0.0625362 1.6785349 1.7786835 
t7         1.1586745 1.0297869 1.3144041 0.5716050 0.5716050 0.7126442 1.8942965 2.4141569 0.8545757 1.1132061 1.5111773 1.2588231 1.2588231 1.1132061 1.1586745 0.9913169 0.0625362 0.0000000 1.5111773 1.5901977 
t12        1.2588231 1.1132061 1.4396946 1.1586745 1.1586745 0.8864954 1.2588231 2.1983953 1.3744361 1.0703373 0.5504769 0.5933457 1.2070784 1.0703373 1.3144041 1.3144041 1.6785349 1.5111773 0.0000000 0.0202715 
t5         1.2588231 1.0703373 1.3744361 1.1586745 1.2070784 0.9198342 1.2070784 2.4141569 1.3744361 1.1132061 0.5099265 0.5504769 1.2588231 1.1132061 1.3144041 1.3144041 1.7786835 1.5901977 0.0202715 0.0000000 
