20
t2         0.0000000 1.0297869 1.2588231 1.7786835 1.7786835 1.5901977 9.0000000 9.0000000 2.0310377 1.5111773 1.6785349 1.5901977 1.5111773 1.6785349 1.5111773 1.5901977 1.3144041 1.4396946 2.4141569 2.7182557 
t19        1.0297869 0.0000000 1.5901977 1.5111773 1.6785349 1.5901977 1.6785349 2.0310377 1.2588231 1.5901977 1.7786835 1.7786835 1.7786835 2.0310377 2.7182557 1.8942965 1.1586745 1.1586745 1.3744361 1.4396946 
t12        1.2588231 1.5901977 0.0000000 1.2588231 1.5111773 1.8942965 2.7182557 2.1983953 2.4141569 2.1983953 0.9198342 0.8545757 0.9913169 1.0297869 1.7786835 1.7786835 1.6785349 1.4396946 2.7182557 9.0000000 
t4         1.7786835 1.5111773 1.2588231 0.0000000 1.6785349 1.6785349 1.4396946 1.8942965 1.3144041 1.7786835 1.3744361 1.6785349 1.2588231 1.1586745 1.5111773 1.5111773 1.6785349 1.5111773 1.5901977 1.4396946 
t8         1.7786835 1.6785349 1.5111773 1.6785349 0.0000000 0.4172160 2.0310377 9.0000000 1.3744361 2.1983953 2.7182557 2.1983953 9.0000000 9.0000000 1.1586745 1.2070784 1.5111773 1.3744361 0.9913169 1.0297869 
t18        1.5901977 1.5901977 1.8942965 1.6785349 0.4172160 0.0000000 2.7182557 3.2381161 1.7786835 2.4141569 2.0310377 1.7786835 9.0000000 9.0000000 1.4396946 1.4396946 1.5111773 1.7786835 1.2070784 1.2588231 
t6         9.0000000 1.6785349 2.7182557 1.4396946 2.0310377 2.7182557 0.0000000 0.4904449 1.2070784 1.5111773 9.0000000 3.2381161 1.7786835 1.5901977 2.0310377 2.1983953 1.1586745 1.2070784 9.0000000 9.0000000 
t16        9.0000000 2.0310377 2.1983953 1.8942965 9.0000000 3.2381161 0.4904449 0.0000000 1.5111773 2.4141569 9.0000000 9.0000000 3.2381161 3.2381161 1.7786835 2.1983953 1.2588231 1.2588231 2.1983953 2.0310377 
t11        2.0310377 1.2588231 2.4141569 1.3144041 1.3744361 1.7786835 1.2070784 1.5111773 0.0000000 0.5933457 1.5901977 1.4396946 1.6785349 1.8942965 1.1132061 1.2588231 1.0703373 0.9198342 1.3744361 1.3144041 
t5         1.5111773 1.5901977 2.1983953 1.7786835 2.1983953 2.4141569 1.5111773 2.4141569 0.5933457 0.0000000 1.8942965 1.5111773 1.3144041 1.4396946 1.1132061 1.2588231 0.9198342 0.8864954 1.4396946 1.6785349 
t7         1.6785349 1.7786835 0.9198342 1.3744361 2.7182557 2.0310377 9.0000000 9.0000000 1.5901977 1.8942965 0.0000000 0.1189538 0.6626257 0.7945437 1.7786835 1.7786835 9.0000000 9.0000000 1.5111773 1.6785349 
t9         1.5901977 1.7786835 0.8545757 1.6785349 2.1983953 1.7786835 3.2381161 9.0000000 1.4396946 1.5111773 0.1189538 0.0000000 0.6872180 0.7662384 1.4396946 1.4396946 3.2381161 2.7182557 1.2588231 1.4396946 
t20        1.5111773 1.7786835 0.9913169 1.2588231 9.0000000 9.0000000 1.7786835 3.2381161 1.6785349 1.3144041 0.6626257 0.6872180 0.0000000 0.1073256 1.6785349 1.7786835 1.3144041 1.4396946 1.4396946 1.5111773 
t14        1.6785349 2.0310377 1.0297869 1.1586745 9.0000000 9.0000000 1.5901977 3.2381161 1.8942965 1.4396946 0.7945437 0.7662384 0.1073256 0.0000000 1.8942965 2.1983953 1.3744361 1.3744361 1.5901977 1.5901977 
t3         1.5111773 2.7182557 1.7786835 1.5111773 1.1586745 1.4396946 2.0310377 1.7786835 1.1132061 1.1132061 1.7786835 1.4396946 1.6785349 1.8942965 0.0000000 0.1673577 1.2588231 1.0703373 1.8942965 2.4141569 
t13        1.5901977 1.8942965 1.7786835 1.5111773 1.2070784 1.4396946 2.1983953 2.1983953 1.2588231 1.2588231 1.7786835 1.4396946 1.7786835 2.1983953 0.1673577 0.0000000 1.3744361 1.1586745 2.4141569 9.0000000 
t10        1.3144041 1.1586745 1.6785349 1.6785349 1.5111773 1.5111773 1.1586745 1.2588231 1.0703373 0.9198342 9.0000000 3.2381161 1.3144041 1.3744361 1.2588231 1.3744361 0.0000000 0.0517447 1.6785349 1.7786835 
t1         1.4396946 1.1586745 1.4396946 1.5111773 1.3744361 1.7786835 1.2070784 1.2588231 0.9198342 0.8864954 9.0000000 2.7182557 1.4396946 1.3744361 1.0703373 1.1586745 0.0517447 0.0000000 1.7786835 1.8942965 
t17        2.4141569 1.3744361 2.7182557 1.5901977 0.9913169 1.2070784 9.0000000 2.1983953 1.3744361 1.4396946 1.5111773 1.2588231 1.4396946 1.5901977 1.8942965 2.4141569 1.6785349 1.7786835 0.0000000 0.0625362 
t15        2.7182557 1.4396946 9.0000000 1.4396946 1.0297869 1.2588231 9.0000000 2.0310377 1.3144041 1.6785349 1.6785349 1.4396946 1.5111773 1.5901977 2.4141569 9.0000000 1.7786835 1.8942965 0.0625362 0.0000000 
