20
t13        0.0000000 9.0000000 1.6785349 1.8942965 0.8864954 2.4141569 1.8942965 1.8942965 2.0310377 1.8942965 3.2381161 1.0703373 2.1983953 2.0310377 1.2588231 1.3144041 1.1132061 1.0297869 1.0703373 1.1132061 
t11        9.0000000 0.0000000 9.0000000 3.2381161 9.0000000 1.2588231 2.0310377 2.4141569 9.0000000 0.8864954 1.3144041 2.7182557 0.9913169 1.1132061 1.5901977 2.7182557 2.1983953 9.0000000 3.2381161 1.8942965 
t4         1.6785349 9.0000000 0.0000000 1.0297869 1.5901977 9.0000000 9.0000000 1.2070784 1.5901977 2.4141569 1.7786835 1.8942965 1.8942965 2.1983953 1.2070784 1.3744361 0.9547243 1.1132061 0.9547243 1.0297869 
t14        1.8942965 3.2381161 1.0297869 0.0000000 1.5901977 1.5111773 2.1983953 1.7786835 1.7786835 9.0000000 2.4141569 2.1983953 9.0000000 9.0000000 1.2070784 1.2588231 1.4396946 1.5901977 1.4396946 1.3144041 
t12        0.8864954 9.0000000 1.5901977 1.5901977 0.0000000 3.2381161 1.6785349 1.2070784 1.5901977 1.4396946 3.2381161 0.9547243 2.1983953 1.8942965 1.0703373 1.5901977 0.8239592 0.7945437 1.3144041 1.3144041 
t15        2.4141569 1.2588231 9.0000000 1.5111773 3.2381161 0.0000000 0.6388142 2.7182557 2.4141569 1.6785349 1.7786835 1.8942965 1.4396946 2.1983953 1.6785349 3.2381161 9.0000000 3.2381161 1.5901977 1.8942965 
t8         1.8942965 2.0310377 9.0000000 2.1983953 1.6785349 0.6388142 0.0000000 1.5901977 1.5901977 1.7786835 2.4141569 1.5901977 1.7786835 2.7182557 2.7182557 9.0000000 2.4141569 2.0310377 2.4141569 2.4141569 
t20        1.8942965 2.4141569 1.2070784 1.7786835 1.2070784 2.7182557 1.5901977 0.0000000 0.6157354 1.5111773 9.0000000 1.3744361 1.8942965 1.8942965 1.3744361 1.5901977 1.4396946 1.3744361 1.6785349 1.5901977 
t3         2.0310377 9.0000000 1.5901977 1.7786835 1.5901977 2.4141569 1.5901977 0.6157354 0.0000000 1.5901977 3.2381161 1.7786835 9.0000000 3.2381161 1.8942965 1.7786835 1.4396946 1.5901977 1.7786835 1.8942965 
t6         1.8942965 0.8864954 2.4141569 9.0000000 1.4396946 1.6785349 1.7786835 1.5111773 1.5901977 0.0000000 0.5933457 1.5901977 0.5504769 0.7662384 2.7182557 9.0000000 2.7182557 2.7182557 9.0000000 1.7786835 
t16        3.2381161 1.3144041 1.7786835 2.4141569 3.2381161 1.7786835 2.4141569 9.0000000 3.2381161 0.5933457 0.0000000 9.0000000 0.9547243 1.1132061 1.8942965 9.0000000 9.0000000 9.0000000 9.0000000 2.0310377 
t9         1.0703373 2.7182557 1.8942965 2.1983953 0.9547243 1.8942965 1.5901977 1.3744361 1.7786835 1.5901977 9.0000000 0.0000000 1.3744361 1.7786835 1.4396946 1.5901977 0.4904449 0.5299277 1.4396946 1.4396946 
t1         2.1983953 0.9913169 1.8942965 9.0000000 2.1983953 1.4396946 1.7786835 1.8942965 9.0000000 0.5504769 0.9547243 1.3744361 0.0000000 0.3192509 1.7786835 2.4141569 2.7182557 9.0000000 1.8942965 1.3744361 
t7         2.0310377 1.1132061 2.1983953 9.0000000 1.8942965 2.1983953 2.7182557 1.8942965 3.2381161 0.7662384 1.1132061 1.7786835 0.3192509 0.0000000 1.5901977 1.6785349 3.2381161 9.0000000 2.0310377 1.4396946 
t19        1.2588231 1.5901977 1.2070784 1.2070784 1.0703373 1.6785349 2.7182557 1.3744361 1.8942965 2.7182557 1.8942965 1.4396946 1.7786835 1.5901977 0.0000000 0.4348639 1.3744361 1.4396946 0.5099265 0.4529370 
t10        1.3144041 2.7182557 1.3744361 1.2588231 1.5901977 3.2381161 9.0000000 1.5901977 1.7786835 9.0000000 9.0000000 1.5901977 2.4141569 1.6785349 0.4348639 0.0000000 2.0310377 2.0310377 0.5716050 0.4348639 
t18        1.1132061 2.1983953 0.9547243 1.4396946 0.8239592 9.0000000 2.4141569 1.4396946 1.4396946 2.7182557 9.0000000 0.4904449 2.7182557 3.2381161 1.3744361 2.0310377 0.0000000 0.1927838 1.4396946 1.5901977 
t2         1.0297869 9.0000000 1.1132061 1.5901977 0.7945437 3.2381161 2.0310377 1.3744361 1.5901977 2.7182557 9.0000000 0.5299277 9.0000000 9.0000000 1.4396946 2.0310377 0.1927838 0.0000000 1.2070784 1.4396946 
t5         1.0703373 3.2381161 0.9547243 1.4396946 1.3144041 1.5901977 2.4141569 1.6785349 1.7786835 9.0000000 9.0000000 1.4396946 1.8942965 2.0310377 0.5099265 0.5716050 1.4396946 1.2070784 0.0000000 0.2326162 
t17        1.1132061 1.8942965 1.0297869 1.3144041 1.3144041 1.8942965 2.4141569 1.5901977 1.8942965 1.7786835 2.0310377 1.4396946 1.3744361 1.4396946 0.4529370 0.4348639 1.5901977 1.4396946 0.2326162 0.0000000 
