20
t17        0.0000000 1.0297869 0.5504769 0.6872180 1.3744361 0.8545757 1.2070784 1.3744361 0.9913169 1.1132061 1.1586745 0.9913169 0.8239592 0.7662384 0.8239592 0.6872180 0.7662384 0.8864954 0.7945437 0.7389627 
t1         1.0297869 0.0000000 0.5716050 0.6388142 1.7786835 0.7945437 1.6785349 1.7786835 0.9547243 1.2070784 1.1132061 0.7945437 0.8239592 0.7126442 0.6388142 0.6626257 0.7389627 0.8239592 0.7662384 0.7662384 
t18        0.5504769 0.5716050 0.0000000 0.2603971 1.2070784 0.5933457 0.9198342 1.3144041 0.6872180 0.6626257 0.8545757 0.4348639 0.5299277 0.5716050 0.4172160 0.3040988 0.3666350 0.4348639 0.4714565 0.4529370 
t19        0.6872180 0.6388142 0.2603971 0.0000000 1.5901977 0.5504769 0.8864954 1.1132061 0.6626257 0.6626257 0.7389627 0.3666350 0.4172160 0.4714565 0.3505054 0.2326162 0.3347153 0.3831192 0.3192509 0.3347153 
t15        1.3744361 1.7786835 1.2070784 1.5901977 0.0000000 1.3144041 0.6388142 0.7662384 2.1983953 2.1983953 2.1983953 1.5901977 1.2588231 1.5111773 2.4141569 1.5901977 1.3744361 1.2588231 2.1983953 1.3744361 
t8         0.8545757 0.7945437 0.5933457 0.5504769 1.3144041 0.0000000 1.1132061 1.5901977 0.7945437 0.9547243 0.9913169 0.5933457 0.7945437 0.9547243 0.7389627 0.5716050 0.5299277 0.5933457 0.7662384 0.7945437 
t2         1.2070784 1.6785349 0.9198342 0.8864954 0.6388142 1.1132061 0.0000000 0.3347153 0.9913169 1.3144041 1.2070784 1.2070784 0.7126442 0.9198342 1.5901977 1.0703373 0.9547243 0.8864954 0.9913169 0.9547243 
t3         1.3744361 1.7786835 1.3144041 1.1132061 0.7662384 1.5901977 0.3347153 0.0000000 1.1586745 2.1983953 1.3744361 1.4396946 0.9198342 1.0297869 1.7786835 1.3144041 1.2070784 1.1586745 1.0297869 1.1132061 
t13        0.9913169 0.9547243 0.6872180 0.6626257 2.1983953 0.7945437 0.9913169 1.1586745 0.0000000 0.5716050 1.2588231 1.0297869 0.9547243 0.9198342 0.9913169 0.7389627 0.7662384 0.7945437 0.7126442 0.7662384 
t12        1.1132061 1.2070784 0.6626257 0.6626257 2.1983953 0.9547243 1.3144041 2.1983953 0.5716050 0.0000000 1.4396946 0.9198342 1.1132061 1.2588231 0.9198342 0.8239592 0.7945437 0.7662384 0.7126442 0.7389627 
t4         1.1586745 1.1132061 0.8545757 0.7389627 2.1983953 0.9913169 1.2070784 1.3744361 1.2588231 1.4396946 0.0000000 0.8545757 0.3192509 0.4348639 0.9198342 0.7389627 0.7662384 0.9198342 0.7126442 0.7126442 
t7         0.9913169 0.7945437 0.4348639 0.3666350 1.5901977 0.5933457 1.2070784 1.4396946 1.0297869 0.9198342 0.8545757 0.0000000 0.6157354 0.7662384 0.5504769 0.4529370 0.3999739 0.4529370 0.5716050 0.6626257 
t11        0.8239592 0.8239592 0.5299277 0.4172160 1.2588231 0.7945437 0.7126442 0.9198342 0.9547243 1.1132061 0.3192509 0.6157354 0.0000000 0.1799630 0.6157354 0.4529370 0.5504769 0.5716050 0.5716050 0.6157354 
t14        0.7662384 0.7126442 0.5716050 0.4714565 1.5111773 0.9547243 0.9198342 1.0297869 0.9198342 1.2588231 0.4348639 0.7662384 0.1799630 0.0000000 0.6872180 0.5504769 0.7126442 0.8239592 0.5504769 0.5716050 
t20        0.8239592 0.6388142 0.4172160 0.3505054 2.4141569 0.7389627 1.5901977 1.7786835 0.9913169 0.9198342 0.9198342 0.5504769 0.6157354 0.6872180 0.0000000 0.1927838 0.4714565 0.5933457 0.5933457 0.6388142 
t5         0.6872180 0.6626257 0.3040988 0.2326162 1.5901977 0.5716050 1.0703373 1.3144041 0.7389627 0.8239592 0.7389627 0.4529370 0.4529370 0.5504769 0.1927838 0.0000000 0.3347153 0.4348639 0.3831192 0.4172160 
t10        0.7662384 0.7389627 0.3666350 0.3347153 1.3744361 0.5299277 0.9547243 1.2070784 0.7662384 0.7945437 0.7662384 0.3999739 0.5504769 0.7126442 0.4714565 0.3347153 0.0000000 0.1927838 0.4348639 0.4714565 
t6         0.8864954 0.8239592 0.4348639 0.3831192 1.2588231 0.5933457 0.8864954 1.1586745 0.7945437 0.7662384 0.9198342 0.4529370 0.5716050 0.8239592 0.5933457 0.4348639 0.1927838 0.0000000 0.5504769 0.5099265 
t16        0.7945437 0.7662384 0.4714565 0.3192509 2.1983953 0.7662384 0.9913169 1.0297869 0.7126442 0.7126442 0.7126442 0.5716050 0.5716050 0.5504769 0.5933457 0.3831192 0.4348639 0.5504769 0.0000000 0.1799630 
t9         0.7389627 0.7662384 0.4529370 0.3347153 1.3744361 0.7945437 0.9547243 1.1132061 0.7662384 0.7389627 0.7126442 0.6626257 0.6157354 0.5716050 0.6388142 0.4172160 0.4714565 0.5099265 0.1799630 0.0000000 
