20
t8         0.0000000 0.8545757 0.9547243 9.0000000 1.3144041 1.3144041 0.8864954 0.7945437 1.5111773 1.7786835 1.8942965 1.4396946 1.3144041 1.2588231 1.4396946 1.0297869 1.1586745 1.2588231 1.2588231 1.2070784 
t1         0.8545757 0.0000000 0.7945437 1.2070784 1.5901977 1.1132061 1.5901977 1.2588231 1.1586745 1.5111773 1.5111773 1.1586745 1.0297869 1.2070784 0.8545757 0.7945437 1.5111773 1.2588231 1.1586745 1.2070784 
t2         0.9547243 0.7945437 0.0000000 1.6785349 9.0000000 1.6785349 1.1132061 1.1586745 1.8942965 1.4396946 1.5111773 1.8942965 1.8942965 1.8942965 0.7945437 0.7945437 2.4141569 3.2381161 1.8942965 1.8942965 
t5         9.0000000 1.2070784 1.6785349 0.0000000 1.5111773 1.2588231 1.7786835 1.3744361 1.2588231 1.5111773 1.2588231 0.9198342 0.8545757 1.6785349 1.7786835 1.7786835 1.4396946 1.5901977 1.7786835 2.0310377 
t9         1.3144041 1.5901977 9.0000000 1.5111773 0.0000000 0.6872180 1.2588231 1.2070784 0.6157354 1.5901977 1.2588231 1.4396946 1.8942965 0.5299277 9.0000000 3.2381161 0.6626257 0.5299277 0.5933457 0.5933457 
t7         1.3144041 1.1132061 1.6785349 1.2588231 0.6872180 0.0000000 1.2588231 1.2070784 0.5099265 1.2588231 1.7786835 1.5111773 1.6785349 0.5299277 1.4396946 1.6785349 0.4348639 0.4529370 0.4529370 0.5504769 
t12        0.8864954 1.5901977 1.1132061 1.7786835 1.2588231 1.2588231 0.0000000 0.3831192 1.3144041 1.2070784 1.2588231 1.8942965 1.6785349 1.2070784 1.7786835 1.7786835 1.1586745 1.0703373 1.2588231 1.3744361 
t4         0.7945437 1.2588231 1.1586745 1.3744361 1.2070784 1.2070784 0.3831192 0.0000000 1.3144041 1.1586745 1.2588231 1.3744361 1.3144041 1.1132061 1.6785349 1.5901977 0.9913169 0.9913169 1.2070784 1.2588231 
t16        1.5111773 1.1586745 1.8942965 1.2588231 0.6157354 0.5099265 1.3144041 1.3144041 0.0000000 1.0703373 1.0703373 1.5901977 1.4396946 0.2058276 1.4396946 1.5901977 0.6388142 0.5299277 0.2191023 0.2603971 
t15        1.7786835 1.5111773 1.4396946 1.5111773 1.5901977 1.2588231 1.2070784 1.1586745 1.0703373 0.0000000 0.2603971 2.0310377 1.8942965 0.9198342 1.2588231 1.2588231 1.2588231 0.9547243 1.0703373 1.3144041 
t19        1.8942965 1.5111773 1.5111773 1.2588231 1.2588231 1.7786835 1.2588231 1.2588231 1.0703373 0.2603971 0.0000000 1.8942965 1.5111773 1.0297869 1.6785349 1.6785349 1.4396946 1.0297869 1.0703373 1.3144041 
t18        1.4396946 1.1586745 1.8942965 0.9198342 1.4396946 1.5111773 1.8942965 1.3744361 1.5901977 2.0310377 1.8942965 0.0000000 0.3505054 1.5901977 1.8942965 1.6785349 0.9547243 1.3144041 1.3144041 1.2588231 
t13        1.3144041 1.0297869 1.8942965 0.8545757 1.8942965 1.6785349 1.6785349 1.3144041 1.4396946 1.8942965 1.5111773 0.3505054 0.0000000 1.5901977 1.6785349 1.6785349 1.1586745 1.8942965 1.3744361 1.3144041 
t3         1.2588231 1.2070784 1.8942965 1.6785349 0.5299277 0.5299277 1.2070784 1.1132061 0.2058276 0.9198342 1.0297869 1.5901977 1.5901977 0.0000000 1.5901977 1.7786835 0.5299277 0.4348639 0.1549607 0.1799630 
t11        1.4396946 0.8545757 0.7945437 1.7786835 9.0000000 1.4396946 1.7786835 1.6785349 1.4396946 1.2588231 1.6785349 1.8942965 1.6785349 1.5901977 0.0000000 0.2058276 2.0310377 2.4141569 1.3144041 1.4396946 
t10        1.0297869 0.7945437 0.7945437 1.7786835 3.2381161 1.6785349 1.7786835 1.5901977 1.5901977 1.2588231 1.6785349 1.6785349 1.6785349 1.7786835 0.2058276 0.0000000 1.6785349 2.1983953 1.5901977 1.5901977 
t20        1.1586745 1.5111773 2.4141569 1.4396946 0.6626257 0.4348639 1.1586745 0.9913169 0.6388142 1.2588231 1.4396946 0.9547243 1.1586745 0.5299277 2.0310377 1.6785349 0.0000000 0.2463781 0.5504769 0.5716050 
t14        1.2588231 1.2588231 3.2381161 1.5901977 0.5299277 0.4529370 1.0703373 0.9913169 0.5299277 0.9547243 1.0297869 1.3144041 1.8942965 0.4348639 2.4141569 2.1983953 0.2463781 0.0000000 0.4172160 0.4714565 
t17        1.2588231 1.1586745 1.8942965 1.7786835 0.5933457 0.4529370 1.2588231 1.2070784 0.2191023 1.0703373 1.0703373 1.3144041 1.3744361 0.1549607 1.3144041 1.5901977 0.5504769 0.4172160 0.0000000 0.0958750 
t6         1.2070784 1.2070784 1.8942965 2.0310377 0.5933457 0.5504769 1.3744361 1.2588231 0.2603971 1.3144041 1.3144041 1.2588231 1.3144041 0.1799630 1.4396946 1.5901977 0.5716050 0.4714565 0.0958750 0.0000000 
