20
t19        0.0000000 1.4396946 2.4141569 1.2070784 0.8239592 1.0297869 0.7945437 0.7945437 1.4396946 1.3144041 1.5111773 0.9547243 2.0310377 1.3144041 1.6785349 2.4141569 1.2070784 1.4396946 1.5901977 1.4396946 
t18        1.4396946 0.0000000 1.6785349 1.6785349 1.3144041 1.4396946 3.2381161 9.0000000 9.0000000 9.0000000 2.0310377 1.7786835 9.0000000 2.0310377 9.0000000 9.0000000 1.3144041 1.5901977 1.5901977 1.4396946 
t3         2.4141569 1.6785349 0.0000000 1.3144041 1.1132061 1.5111773 2.4141569 2.1983953 2.1983953 2.1983953 1.6785349 1.7786835 2.0310377 1.5901977 1.5901977 1.7786835 1.6785349 1.5901977 1.4396946 1.5111773 
t8         1.2070784 1.6785349 1.3144041 0.0000000 0.6626257 0.8545757 1.1586745 1.5111773 2.4141569 2.0310377 0.9547243 0.9198342 2.1983953 1.4396946 2.0310377 2.0310377 0.9198342 0.7945437 0.8864954 0.8545757 
t2         0.8239592 1.3144041 1.1132061 0.6626257 0.0000000 0.6388142 1.0703373 1.1586745 2.1983953 1.4396946 0.7662384 0.6157354 2.1983953 0.9547243 2.0310377 2.1983953 0.7389627 0.8239592 0.8545757 0.8239592 
t20        1.0297869 1.4396946 1.5111773 0.8545757 0.6388142 0.0000000 1.3744361 1.4396946 1.5111773 1.5901977 0.7945437 0.4529370 2.1983953 0.8864954 2.4141569 2.7182557 0.6388142 0.5504769 0.6157354 0.5716050 
t13        0.7945437 3.2381161 2.4141569 1.1586745 1.0703373 1.3744361 0.0000000 0.6872180 1.6785349 1.4396946 1.3144041 1.1586745 9.0000000 1.4396946 2.0310377 9.0000000 1.5901977 1.7786835 2.0310377 1.7786835 
t9         0.7945437 9.0000000 2.1983953 1.5111773 1.1586745 1.4396946 0.6872180 0.0000000 1.5111773 1.0297869 2.0310377 1.1132061 2.0310377 1.5901977 2.0310377 2.1983953 2.0310377 2.4141569 3.2381161 2.1983953 
t1         1.4396946 9.0000000 2.1983953 2.4141569 2.1983953 1.5111773 1.6785349 1.5111773 0.0000000 0.5716050 1.5901977 1.7786835 1.7786835 1.8942965 2.7182557 2.7182557 2.0310377 1.8942965 1.8942965 2.0310377 
t17        1.3144041 9.0000000 2.1983953 2.0310377 1.4396946 1.5901977 1.4396946 1.0297869 0.5716050 0.0000000 1.5111773 1.5901977 3.2381161 2.4141569 2.0310377 3.2381161 2.0310377 2.0310377 2.1983953 2.0310377 
t6         1.5111773 2.0310377 1.6785349 0.9547243 0.7662384 0.7945437 1.3144041 2.0310377 1.5901977 1.5111773 0.0000000 0.7389627 1.8942965 1.0703373 1.5901977 2.1983953 0.7945437 0.8239592 0.8545757 0.8545757 
t16        0.9547243 1.7786835 1.7786835 0.9198342 0.6157354 0.4529370 1.1586745 1.1132061 1.7786835 1.5901977 0.7389627 0.0000000 2.4141569 0.7126442 9.0000000 9.0000000 0.6157354 0.6157354 0.6872180 0.6626257 
t12        2.0310377 9.0000000 2.0310377 2.1983953 2.1983953 2.1983953 9.0000000 2.0310377 1.7786835 3.2381161 1.8942965 2.4141569 0.0000000 9.0000000 0.3831192 0.4172160 2.7182557 2.7182557 2.7182557 2.4141569 
t4         1.3144041 2.0310377 1.5901977 1.4396946 0.9547243 0.8864954 1.4396946 1.5901977 1.8942965 2.4141569 1.0703373 0.7126442 9.0000000 0.0000000 2.4141569 9.0000000 0.6872180 0.5504769 0.5299277 0.5716050 
t14        1.6785349 9.0000000 1.5901977 2.0310377 2.0310377 2.4141569 2.0310377 2.0310377 2.7182557 2.0310377 1.5901977 9.0000000 0.3831192 2.4141569 0.0000000 0.2603971 2.7182557 9.0000000 9.0000000 9.0000000 
t10        2.4141569 9.0000000 1.7786835 2.0310377 2.1983953 2.7182557 9.0000000 2.1983953 2.7182557 3.2381161 2.1983953 9.0000000 0.4172160 9.0000000 0.2603971 0.0000000 9.0000000 9.0000000 9.0000000 9.0000000 
t7         1.2070784 1.3144041 1.6785349 0.9198342 0.7389627 0.6388142 1.5901977 2.0310377 2.0310377 2.0310377 0.7945437 0.6157354 2.7182557 0.6872180 2.7182557 9.0000000 0.0000000 0.3505054 0.3999739 0.3831192 
t15        1.4396946 1.5901977 1.5901977 0.7945437 0.8239592 0.5504769 1.7786835 2.4141569 1.8942965 2.0310377 0.8239592 0.6157354 2.7182557 0.5504769 9.0000000 9.0000000 0.3505054 0.0000000 0.0517447 0.0411062 
t11        1.5901977 1.5901977 1.4396946 0.8864954 0.8545757 0.6157354 2.0310377 3.2381161 1.8942965 2.1983953 0.8545757 0.6872180 2.7182557 0.5299277 9.0000000 9.0000000 0.3999739 0.0517447 0.0000000 0.0517447 
t5         1.4396946 1.4396946 1.5111773 0.8545757 0.8239592 0.5716050 1.7786835 2.1983953 2.0310377 2.0310377 0.8545757 0.6626257 2.4141569 0.5716050 9.0000000 9.0000000 0.3831192 0.0411062 0.0517447 0.0000000 
