20
t12        0.0000000 0.5299277 1.0297869 0.7662384 0.6388142 0.6626257 0.6872180 0.6388142 0.7945437 0.4172160 1.0703373 0.6872180 0.6157354 0.7945437 1.3144041 1.3744361 0.7126442 0.6872180 0.5716050 0.5716050 
t11        0.5299277 0.0000000 1.1132061 0.8864954 0.8864954 0.7662384 0.9547243 0.7662384 1.2070784 0.5933457 1.2588231 0.8239592 0.6872180 0.8239592 1.4396946 1.5111773 0.8239592 0.8545757 0.7662384 0.7662384 
t15        1.0297869 1.1132061 0.0000000 2.7182557 1.5901977 0.9198342 0.8239592 1.0703373 1.2588231 0.9547243 2.0310377 0.9547243 0.6872180 0.8545757 1.4396946 1.3744361 0.9198342 0.9547243 1.0703373 1.0703373 
t10        0.7662384 0.8864954 2.7182557 0.0000000 0.5933457 0.9913169 1.2588231 0.9547243 1.3144041 0.8864954 1.3744361 1.0297869 1.1586745 1.3144041 1.6785349 1.5901977 1.0297869 1.0703373 1.1132061 1.1132061 
t19        0.6388142 0.8864954 1.5901977 0.5933457 0.0000000 0.7126442 0.8545757 0.7389627 1.2070784 0.7662384 0.7945437 0.8545757 0.8545757 0.9913169 1.3744361 1.4396946 0.8545757 0.8864954 0.7389627 0.7389627 
t3         0.6626257 0.7662384 0.9198342 0.9913169 0.7126442 0.0000000 0.6157354 0.3192509 0.6872180 0.6626257 1.3144041 0.3666350 0.5099265 0.5504769 0.9547243 0.9547243 0.3666350 0.3666350 0.6626257 0.6626257 
t6         0.6872180 0.9547243 0.8239592 1.2588231 0.8545757 0.6157354 0.0000000 0.6626257 0.9913169 0.7945437 1.4396946 0.7126442 0.7126442 0.9198342 1.2070784 1.2588231 0.6626257 0.6872180 0.4714565 0.4714565 
t2         0.6388142 0.7662384 1.0703373 0.9547243 0.7389627 0.3192509 0.6626257 0.0000000 0.5933457 0.7662384 1.2588231 0.3666350 0.6157354 0.6872180 0.9913169 0.9913169 0.3192509 0.3192509 0.5933457 0.5933457 
t9         0.7945437 1.2070784 1.2588231 1.3144041 1.2070784 0.6872180 0.9913169 0.5933457 0.0000000 0.9198342 1.1586745 0.7945437 1.1586745 1.4396946 1.1586745 1.1132061 0.7389627 0.7126442 0.9913169 0.9913169 
t18        0.4172160 0.5933457 0.9547243 0.8864954 0.7662384 0.6626257 0.7945437 0.7662384 0.9198342 0.0000000 0.8864954 0.7389627 0.4904449 0.7662384 1.2588231 1.3144041 0.6626257 0.7126442 0.5716050 0.5716050 
t8         1.0703373 1.2588231 2.0310377 1.3744361 0.7945437 1.3144041 1.4396946 1.2588231 1.1586745 0.8864954 0.0000000 1.0703373 1.5111773 1.5901977 2.4141569 2.7182557 1.3144041 1.2070784 1.1132061 1.1132061 
t7         0.6872180 0.8239592 0.9547243 1.0297869 0.8545757 0.3666350 0.7126442 0.3666350 0.7945437 0.7389627 1.0703373 0.0000000 0.5504769 0.6872180 1.3144041 1.2588231 0.2191023 0.1927838 0.5933457 0.5933457 
t13        0.6157354 0.6872180 0.6872180 1.1586745 0.8545757 0.5099265 0.7126442 0.6157354 1.1586745 0.4904449 1.5111773 0.5504769 0.0000000 0.2191023 1.3144041 1.3144041 0.6157354 0.6157354 0.6626257 0.6626257 
t5         0.7945437 0.8239592 0.8545757 1.3144041 0.9913169 0.5504769 0.9198342 0.6872180 1.4396946 0.7662384 1.5901977 0.6872180 0.2191023 0.0000000 1.0703373 1.1132061 0.6872180 0.6872180 1.0297869 1.0297869 
t16        1.3144041 1.4396946 1.4396946 1.6785349 1.3744361 0.9547243 1.2070784 0.9913169 1.1586745 1.2588231 2.4141569 1.3144041 1.3144041 1.0703373 0.0000000 0.0411062 1.2588231 1.3144041 1.2070784 1.2070784 
t14        1.3744361 1.5111773 1.3744361 1.5901977 1.4396946 0.9547243 1.2588231 0.9913169 1.1132061 1.3144041 2.7182557 1.2588231 1.3144041 1.1132061 0.0411062 0.0000000 1.2070784 1.2588231 1.2588231 1.2588231 
t20        0.7126442 0.8239592 0.9198342 1.0297869 0.8545757 0.3666350 0.6626257 0.3192509 0.7389627 0.6626257 1.3144041 0.2191023 0.6157354 0.6872180 1.2588231 1.2070784 0.0000000 0.0202715 0.6157354 0.6157354 
t4         0.6872180 0.8545757 0.9547243 1.0703373 0.8864954 0.3666350 0.6872180 0.3192509 0.7126442 0.7126442 1.2070784 0.1927838 0.6157354 0.6872180 1.3144041 1.2588231 0.0202715 0.0000000 0.6388142 0.6388142 
t1         0.5716050 0.7662384 1.0703373 1.1132061 0.7389627 0.6626257 0.4714565 0.5933457 0.9913169 0.5716050 1.1132061 0.5933457 0.6626257 1.0297869 1.2070784 1.2588231 0.6157354 0.6388142 0.0000000 0.0000010 
t17        0.5716050 0.7662384 1.0703373 1.1132061 0.7389627 0.6626257 0.4714565 0.5933457 0.9913169 0.5716050 1.1132061 0.5933457 0.6626257 1.0297869 1.2070784 1.2588231 0.6157354 0.6388142 0.0000010 0.0000000 
