20
t19        0.0000000 0.7662384 9.0000000 9.0000000 1.4396946 2.0310377 9.0000000 2.4141569 1.5901977 1.6785349 1.6785349 2.0310377 2.0310377 1.2588231 1.8942965 1.8942965 2.4141569 2.4141569 2.1983953 2.7182557 
t20        0.7662384 0.0000000 1.3744361 1.3144041 1.1586745 1.3744361 1.5901977 1.8942965 1.4396946 1.1586745 1.2070784 1.3744361 1.2070784 1.2588231 1.6785349 1.3744361 1.5901977 1.5901977 2.0310377 2.0310377 
t15        9.0000000 1.3744361 0.0000000 0.9913169 1.5111773 1.1132061 1.0297869 0.7389627 0.6157354 1.5901977 0.5504769 1.8942965 1.6785349 1.6785349 2.0310377 2.0310377 0.9198342 0.8864954 1.8942965 1.8942965 
t14        9.0000000 1.3144041 0.9913169 0.0000000 2.4141569 1.3744361 0.9913169 1.1586745 0.8545757 2.7182557 0.8545757 9.0000000 9.0000000 2.4141569 2.4141569 2.1983953 1.0297869 1.0703373 2.4141569 2.1983953 
t8         1.4396946 1.1586745 1.5111773 2.4141569 0.0000000 9.0000000 3.2381161 1.0297869 1.3744361 0.2463781 1.3144041 0.4904449 0.4529370 2.1983953 2.0310377 3.2381161 1.6785349 1.7786835 2.7182557 2.7182557 
t10        2.0310377 1.3744361 1.1132061 1.3744361 9.0000000 0.0000000 0.9547243 1.1586745 0.9198342 9.0000000 0.7662384 3.2381161 9.0000000 3.2381161 2.7182557 9.0000000 1.1586745 1.1132061 9.0000000 9.0000000 
t9         9.0000000 1.5901977 1.0297869 0.9913169 3.2381161 0.9547243 0.0000000 1.0703373 0.8545757 9.0000000 0.8864954 1.8942965 2.7182557 1.7786835 1.6785349 3.2381161 1.1132061 1.1132061 1.6785349 1.5111773 
t18        2.4141569 1.8942965 0.7389627 1.1586745 1.0297869 1.1586745 1.0703373 0.0000000 0.5504769 1.2588231 0.5299277 1.2070784 1.4396946 9.0000000 9.0000000 9.0000000 0.9913169 0.9913169 9.0000000 9.0000000 
t2         1.5901977 1.4396946 0.6157354 0.8545757 1.3744361 0.9198342 0.8545757 0.5504769 0.0000000 1.4396946 0.3192509 1.2588231 2.4141569 1.6785349 1.8942965 1.7786835 0.6872180 0.6872180 1.7786835 1.6785349 
t11        1.6785349 1.1586745 1.5901977 2.7182557 0.2463781 9.0000000 9.0000000 1.2588231 1.4396946 0.0000000 1.3144041 0.5099265 0.4904449 2.0310377 2.4141569 2.4141569 2.4141569 2.7182557 2.7182557 3.2381161 
t13        1.6785349 1.2070784 0.5504769 0.8545757 1.3144041 0.7662384 0.8864954 0.5299277 0.3192509 1.3144041 0.0000000 1.2070784 1.7786835 1.4396946 1.7786835 1.6785349 0.4172160 0.4172160 1.5901977 1.5111773 
t5         2.0310377 1.3744361 1.8942965 9.0000000 0.4904449 3.2381161 1.8942965 1.2070784 1.2588231 0.5099265 1.2070784 0.0000000 0.5299277 2.7182557 2.7182557 2.7182557 1.8942965 2.0310377 2.7182557 3.2381161 
t17        2.0310377 1.2070784 1.6785349 9.0000000 0.4529370 9.0000000 2.7182557 1.4396946 2.4141569 0.4904449 1.7786835 0.5299277 0.0000000 2.4141569 3.2381161 2.4141569 1.8942965 1.8942965 2.4141569 2.4141569 
t7         1.2588231 1.2588231 1.6785349 2.4141569 2.1983953 3.2381161 1.7786835 9.0000000 1.6785349 2.0310377 1.4396946 2.7182557 2.4141569 0.0000000 0.5716050 0.4904449 1.6785349 1.5111773 0.3999739 0.4172160 
t3         1.8942965 1.6785349 2.0310377 2.4141569 2.0310377 2.7182557 1.6785349 9.0000000 1.8942965 2.4141569 1.7786835 2.7182557 3.2381161 0.5716050 0.0000000 0.2892469 2.0310377 2.0310377 0.4529370 0.4714565 
t6         1.8942965 1.3744361 2.0310377 2.1983953 3.2381161 9.0000000 3.2381161 9.0000000 1.7786835 2.4141569 1.6785349 2.7182557 2.4141569 0.4904449 0.2892469 0.0000000 2.1983953 2.1983953 0.4172160 0.4348639 
t16        2.4141569 1.5901977 0.9198342 1.0297869 1.6785349 1.1586745 1.1132061 0.9913169 0.6872180 2.4141569 0.4172160 1.8942965 1.8942965 1.6785349 2.0310377 2.1983953 0.0000000 0.0202715 1.2070784 1.1132061 
t12        2.4141569 1.5901977 0.8864954 1.0703373 1.7786835 1.1132061 1.1132061 0.9913169 0.6872180 2.7182557 0.4172160 2.0310377 1.8942965 1.5111773 2.0310377 2.1983953 0.0202715 0.0000000 1.1586745 1.0703373 
t1         2.1983953 2.0310377 1.8942965 2.4141569 2.7182557 9.0000000 1.6785349 9.0000000 1.7786835 2.7182557 1.5901977 2.7182557 2.4141569 0.3999739 0.4529370 0.4172160 1.2070784 1.1586745 0.0000000 0.0306165 
t4         2.7182557 2.0310377 1.8942965 2.1983953 2.7182557 9.0000000 1.5111773 9.0000000 1.6785349 3.2381161 1.5111773 3.2381161 2.4141569 0.4172160 0.4714565 0.4348639 1.1132061 1.0703373 0.0306165 0.0000000 
