20
t3         0.0000000 1.7786835 1.7786835 1.6785349 2.7182557 2.7182557 3.2381161 1.7786835 1.5901977 2.0310377 2.4141569 1.6785349 1.4396946 9.0000000 9.0000000 1.5111773 1.6785349 1.4396946 1.5111773 1.5901977 
t20        1.7786835 0.0000000 1.7786835 1.3144041 1.8942965 2.4141569 2.4141569 1.2588231 1.2588231 1.7786835 2.7182557 1.3144041 1.8942965 9.0000000 9.0000000 1.2588231 1.5111773 1.1132061 1.2070784 1.2588231 
t17        1.7786835 1.7786835 0.0000000 1.6785349 1.6785349 9.0000000 1.6785349 1.0703373 1.7786835 1.3744361 1.8942965 1.4396946 1.7786835 1.4396946 1.4396946 0.9913169 1.1586745 0.9198342 1.0703373 1.1132061 
t16        1.6785349 1.3144041 1.6785349 0.0000000 1.4396946 9.0000000 9.0000000 1.4396946 1.5901977 1.4396946 3.2381161 1.7786835 1.7786835 1.8942965 1.8942965 1.5901977 1.5111773 1.6785349 1.8942965 1.7786835 
t2         2.7182557 1.8942965 1.6785349 1.4396946 0.0000000 9.0000000 9.0000000 1.4396946 1.7786835 2.0310377 3.2381161 1.7786835 2.0310377 2.7182557 2.4141569 1.3144041 1.5901977 1.3144041 1.3144041 1.3744361 
t1         2.7182557 2.4141569 9.0000000 9.0000000 9.0000000 0.0000000 0.8864954 2.4141569 3.2381161 1.6785349 1.2070784 1.3144041 9.0000000 1.0297869 1.1132061 2.0310377 1.8942965 2.1983953 2.1983953 2.1983953 
t5         3.2381161 2.4141569 1.6785349 9.0000000 9.0000000 0.8864954 0.0000000 1.5111773 1.2070784 1.1586745 1.1586745 1.3144041 1.6785349 0.7945437 0.7662384 1.2588231 1.2588231 1.5111773 1.5901977 1.5901977 
t4         1.7786835 1.2588231 1.0703373 1.4396946 1.4396946 2.4141569 1.5111773 0.0000000 0.9547243 2.1983953 2.0310377 1.3744361 1.4396946 1.6785349 2.4141569 0.5933457 0.8239592 0.7945437 0.7945437 0.7662384 
t7         1.5901977 1.2588231 1.7786835 1.5901977 1.7786835 3.2381161 1.2070784 0.9547243 0.0000000 1.7786835 1.7786835 1.0297869 1.3744361 1.6785349 1.5111773 0.7662384 0.8239592 0.7389627 0.7389627 0.7389627 
t13        2.0310377 1.7786835 1.3744361 1.4396946 2.0310377 1.6785349 1.1586745 2.1983953 1.7786835 0.0000000 0.6157354 2.4141569 9.0000000 1.5111773 1.3744361 1.7786835 1.5111773 2.7182557 2.7182557 2.4141569 
t9         2.4141569 2.7182557 1.8942965 3.2381161 3.2381161 1.2070784 1.1586745 2.0310377 1.7786835 0.6157354 0.0000000 1.5901977 9.0000000 1.5901977 1.3744361 1.7786835 1.8942965 2.4141569 2.1983953 2.4141569 
t14        1.6785349 1.3144041 1.4396946 1.7786835 1.7786835 1.3144041 1.3144041 1.3744361 1.0297869 2.4141569 1.5901977 0.0000000 0.5933457 2.0310377 1.8942965 0.8864954 0.7662384 0.8545757 0.8545757 0.8864954 
t18        1.4396946 1.8942965 1.7786835 1.7786835 2.0310377 9.0000000 1.6785349 1.4396946 1.3744361 9.0000000 9.0000000 0.5933457 0.0000000 2.4141569 9.0000000 1.1132061 1.0703373 1.2070784 1.2588231 1.3144041 
t15        9.0000000 9.0000000 1.4396946 1.8942965 2.7182557 1.0297869 0.7945437 1.6785349 1.6785349 1.5111773 1.5901977 2.0310377 2.4141569 0.0000000 0.3347153 1.1586745 1.5901977 1.3744361 1.4396946 1.4396946 
t6         9.0000000 9.0000000 1.4396946 1.8942965 2.4141569 1.1132061 0.7662384 2.4141569 1.5111773 1.3744361 1.3744361 1.8942965 9.0000000 0.3347153 0.0000000 1.6785349 2.7182557 1.8942965 1.7786835 1.7786835 
t11        1.5111773 1.2588231 0.9913169 1.5901977 1.3144041 2.0310377 1.2588231 0.5933457 0.7662384 1.7786835 1.7786835 0.8864954 1.1132061 1.1586745 1.6785349 0.0000000 0.3040988 0.3040988 0.3040988 0.3192509 
t8         1.6785349 1.5111773 1.1586745 1.5111773 1.5901977 1.8942965 1.2588231 0.8239592 0.8239592 1.5111773 1.8942965 0.7662384 1.0703373 1.5901977 2.7182557 0.3040988 0.0000000 0.3505054 0.3505054 0.3666350 
t12        1.4396946 1.1132061 0.9198342 1.6785349 1.3144041 2.1983953 1.5111773 0.7945437 0.7389627 2.7182557 2.4141569 0.8545757 1.2070784 1.3744361 1.8942965 0.3040988 0.3505054 0.0000000 0.0411062 0.0517447 
t19        1.5111773 1.2070784 1.0703373 1.8942965 1.3144041 2.1983953 1.5901977 0.7945437 0.7389627 2.7182557 2.1983953 0.8545757 1.2588231 1.4396946 1.7786835 0.3040988 0.3505054 0.0411062 0.0000000 0.0100673 
t10        1.5901977 1.2588231 1.1132061 1.7786835 1.3744361 2.1983953 1.5901977 0.7662384 0.7389627 2.4141569 2.4141569 0.8864954 1.3144041 1.4396946 1.7786835 0.3192509 0.3666350 0.0517447 0.0100673 0.0000000 
