20
t14        0.0000000 1.0297869 0.8239592 0.9547243 1.1132061 0.9547243 0.9547243 0.7126442 0.8545757 0.9547243 0.6157354 0.8239592 0.9198342 0.8864954 0.8545757 0.8864954 0.9547243 1.0703373 1.0297869 0.9547243 
t20        1.0297869 0.0000000 0.6872180 0.8545757 1.1586745 0.9547243 0.8864954 0.7389627 1.2070784 1.1132061 0.6626257 0.8864954 1.0297869 0.9547243 1.1132061 1.0703373 0.8864954 0.8545757 0.8545757 0.7945437 
t8         0.8239592 0.6872180 0.0000000 0.9198342 1.1586745 1.0297869 0.8545757 0.7389627 1.0703373 1.0297869 0.7389627 0.8545757 0.9913169 0.9198342 0.9198342 0.8864954 0.9913169 1.0703373 1.0703373 0.9913169 
t18        0.9547243 0.8545757 0.9198342 0.0000000 1.2070784 0.8864954 0.6388142 0.4904449 0.6626257 0.5933457 0.4904449 0.5299277 0.7662384 0.7389627 0.8545757 0.8864954 0.5933457 0.6626257 0.7126442 0.6626257 
t16        1.1132061 1.1586745 1.1586745 1.2070784 0.0000000 1.1132061 0.9913169 0.8864954 0.9198342 1.0703373 0.9198342 0.9913169 0.9547243 1.0297869 0.5299277 0.5299277 1.1586745 1.2070784 1.1132061 1.1132061 
t4         0.9547243 0.9547243 1.0297869 0.8864954 1.1132061 0.0000000 1.3144041 1.0297869 0.9913169 0.9913169 0.7389627 0.8545757 0.4714565 0.4529370 1.0703373 1.1132061 0.7945437 0.8239592 0.9198342 0.8239592 
t10        0.9547243 0.8864954 0.8545757 0.6388142 0.9913169 1.3144041 0.0000000 0.3192509 0.8239592 0.7389627 0.5716050 0.5716050 0.9547243 0.9198342 0.9913169 0.9913169 0.7662384 0.8239592 0.7945437 0.7945437 
t3         0.7126442 0.7389627 0.7389627 0.4904449 0.8864954 1.0297869 0.3192509 0.0000000 0.7389627 0.6388142 0.4714565 0.5933457 0.8864954 0.8545757 0.7662384 0.7662384 0.6157354 0.6626257 0.6872180 0.6388142 
t12        0.8545757 1.2070784 1.0703373 0.6626257 0.9198342 0.9913169 0.8239592 0.7389627 0.0000000 0.1307650 0.5099265 0.5716050 0.7389627 0.7945437 1.1586745 1.1132061 0.6626257 0.7126442 0.6388142 0.6626257 
t15        0.9547243 1.1132061 1.0297869 0.5933457 1.0703373 0.9913169 0.7389627 0.6388142 0.1307650 0.0000000 0.5099265 0.5716050 0.7126442 0.7945437 1.1586745 1.1132061 0.6388142 0.6872180 0.5933457 0.6157354 
t13        0.6157354 0.6626257 0.7389627 0.4904449 0.9198342 0.7389627 0.5716050 0.4714565 0.5099265 0.5099265 0.0000000 0.2191023 0.6626257 0.6872180 0.7945437 0.8239592 0.3347153 0.3831192 0.3999739 0.3666350 
t6         0.8239592 0.8864954 0.8545757 0.5299277 0.9913169 0.8545757 0.5716050 0.5933457 0.5716050 0.5716050 0.2191023 0.0000000 0.6872180 0.7945437 0.9547243 0.9547243 0.3999739 0.4348639 0.3831192 0.3999739 
t7         0.9198342 1.0297869 0.9913169 0.7662384 0.9547243 0.4714565 0.9547243 0.8864954 0.7389627 0.7126442 0.6626257 0.6872180 0.0000000 0.1307650 0.8864954 0.9198342 0.6157354 0.6872180 0.7126442 0.6872180 
t1         0.8864954 0.9547243 0.9198342 0.7389627 1.0297869 0.4529370 0.9198342 0.8545757 0.7945437 0.7945437 0.6872180 0.7945437 0.1307650 0.0000000 0.9547243 0.9913169 0.7126442 0.7945437 0.7945437 0.7389627 
t11        0.8545757 1.1132061 0.9198342 0.8545757 0.5299277 1.0703373 0.9913169 0.7662384 1.1586745 1.1586745 0.7945437 0.9547243 0.8864954 0.9547243 0.0000000 0.0411062 0.8239592 0.8545757 1.0297869 0.9198342 
t2         0.8864954 1.0703373 0.8864954 0.8864954 0.5299277 1.1132061 0.9913169 0.7662384 1.1132061 1.1132061 0.8239592 0.9547243 0.9198342 0.9913169 0.0411062 0.0000000 0.7945437 0.8239592 1.0297869 0.9198342 
t17        0.9547243 0.8864954 0.9913169 0.5933457 1.1586745 0.7945437 0.7662384 0.6157354 0.6626257 0.6388142 0.3347153 0.3999739 0.6157354 0.7126442 0.8239592 0.7945437 0.0000000 0.0411062 0.2892469 0.2603971 
t9         1.0703373 0.8545757 1.0703373 0.6626257 1.2070784 0.8239592 0.8239592 0.6626257 0.7126442 0.6872180 0.3831192 0.4348639 0.6872180 0.7945437 0.8545757 0.8239592 0.0411062 0.0000000 0.3505054 0.3040988 
t5         1.0297869 0.8545757 1.0703373 0.7126442 1.1132061 0.9198342 0.7945437 0.6872180 0.6388142 0.5933457 0.3999739 0.3831192 0.7126442 0.7945437 1.0297869 1.0297869 0.2892469 0.3505054 0.0000000 0.0411062 
t19        0.9547243 0.7945437 0.9913169 0.6626257 1.1132061 0.8239592 0.7945437 0.6388142 0.6626257 0.6157354 0.3666350 0.3999739 0.6872180 0.7389627 0.9198342 0.9198342 0.2603971 0.3040988 0.0411062 0.0000000 
