20
t7         0.0000000 0.4714565 0.3040988 0.2191023 0.2326162 0.1073256 0.4172160 0.2463781 0.2463781 0.4172160 0.3192509 0.3192509 0.4529370 0.4714565 0.1927838 0.2058276 0.2892469 0.3040988 0.2603971 0.2603971 
t6         0.4714565 0.0000000 0.7945437 0.6872180 0.7389627 0.5716050 0.9198342 0.6872180 0.7126442 0.9913169 0.8545757 0.7126442 1.2070784 1.2070784 0.6388142 0.6388142 0.6872180 0.7126442 0.7945437 0.7662384 
t14        0.3040988 0.7945437 0.0000000 0.4714565 0.5299277 0.3999739 0.5716050 0.4714565 0.4714565 0.6388142 0.4904449 0.3999739 0.8864954 0.8545757 0.4172160 0.4348639 0.4348639 0.3999739 0.4904449 0.4904449 
t19        0.2191023 0.6872180 0.4714565 0.0000000 0.2892469 0.2603971 0.5504769 0.2603971 0.2191023 0.5099265 0.4529370 0.3831192 0.7662384 0.8239592 0.3666350 0.3831192 0.3666350 0.3999739 0.3192509 0.3192509 
t1         0.2326162 0.7389627 0.5299277 0.2892469 0.0000000 0.2892469 0.5299277 0.3192509 0.3192509 0.5504769 0.4529370 0.3666350 0.7126442 0.7389627 0.4172160 0.4348639 0.3192509 0.3347153 0.2058276 0.2058276 
t15        0.1073256 0.5716050 0.3999739 0.2603971 0.2892469 0.0000000 0.4529370 0.3040988 0.3040988 0.4904449 0.3831192 0.3505054 0.4348639 0.4529370 0.2463781 0.2603971 0.3040988 0.3505054 0.3347153 0.3347153 
t4         0.4172160 0.9198342 0.5716050 0.5504769 0.5299277 0.4529370 0.0000000 0.4904449 0.5099265 0.3040988 0.1927838 0.5299277 0.7389627 0.7662384 0.6157354 0.6388142 0.5299277 0.4904449 0.4529370 0.4714565 
t9         0.2463781 0.6872180 0.4714565 0.2603971 0.3192509 0.3040988 0.4904449 0.0000000 0.0734853 0.5299277 0.4348639 0.3666350 0.7389627 0.7945437 0.4348639 0.4529370 0.2892469 0.3192509 0.3505054 0.3505054 
t12        0.2463781 0.7126442 0.4714565 0.2191023 0.3192509 0.3040988 0.5099265 0.0734853 0.0000000 0.5299277 0.4348639 0.3666350 0.6872180 0.7389627 0.3999739 0.4172160 0.2892469 0.3192509 0.3040988 0.3040988 
t20        0.4172160 0.9913169 0.6388142 0.5099265 0.5504769 0.4904449 0.3040988 0.5299277 0.5299277 0.0000000 0.1307650 0.6157354 0.7945437 0.8545757 0.5504769 0.5716050 0.6157354 0.5504769 0.5504769 0.5504769 
t2         0.3192509 0.8545757 0.4904449 0.4529370 0.4529370 0.3831192 0.1927838 0.4348639 0.4348639 0.1307650 0.0000000 0.5099265 0.7389627 0.7662384 0.4529370 0.4714565 0.4904449 0.4904449 0.4348639 0.4348639 
t18        0.3192509 0.7126442 0.3999739 0.3831192 0.3666350 0.3505054 0.5299277 0.3666350 0.3666350 0.6157354 0.5099265 0.0000000 0.9198342 0.8864954 0.4172160 0.4348639 0.1073256 0.1189538 0.3505054 0.3666350 
t3         0.4529370 1.2070784 0.8864954 0.7662384 0.7126442 0.4348639 0.7389627 0.7389627 0.6872180 0.7945437 0.7389627 0.9198342 0.0000000 0.0306165 0.5933457 0.6157354 0.8239592 0.8545757 0.7662384 0.7389627 
t13        0.4714565 1.2070784 0.8545757 0.8239592 0.7389627 0.4529370 0.7662384 0.7945437 0.7389627 0.8545757 0.7662384 0.8864954 0.0306165 0.0000000 0.5716050 0.5933457 0.7945437 0.8239592 0.7945437 0.7662384 
t11        0.1927838 0.6388142 0.4172160 0.3666350 0.4172160 0.2463781 0.6157354 0.4348639 0.3999739 0.5504769 0.4529370 0.4172160 0.5933457 0.5716050 0.0000000 0.0202715 0.3831192 0.3999739 0.4348639 0.4172160 
t8         0.2058276 0.6388142 0.4348639 0.3831192 0.4348639 0.2603971 0.6388142 0.4529370 0.4172160 0.5716050 0.4714565 0.4348639 0.6157354 0.5933457 0.0202715 0.0000000 0.3999739 0.4172160 0.4529370 0.4348639 
t5         0.2892469 0.6872180 0.4348639 0.3666350 0.3192509 0.3040988 0.5299277 0.2892469 0.2892469 0.6157354 0.4904449 0.1073256 0.8239592 0.7945437 0.3831192 0.3999739 0.0000000 0.0517447 0.3347153 0.3505054 
t16        0.3040988 0.7126442 0.3999739 0.3999739 0.3347153 0.3505054 0.4904449 0.3192509 0.3192509 0.5504769 0.4904449 0.1189538 0.8545757 0.8239592 0.3999739 0.4172160 0.0517447 0.0000000 0.3505054 0.3666350 
t10        0.2603971 0.7945437 0.4904449 0.3192509 0.2058276 0.3347153 0.4529370 0.3505054 0.3040988 0.5504769 0.4348639 0.3505054 0.7662384 0.7945437 0.4348639 0.4529370 0.3347153 0.3505054 0.0000000 0.0306165 
t17        0.2603971 0.7662384 0.4904449 0.3192509 0.2058276 0.3347153 0.4714565 0.3505054 0.3040988 0.5504769 0.4348639 0.3666350 0.7389627 0.7662384 0.4172160 0.4348639 0.3505054 0.3666350 0.0306165 0.0000000 
