20
t2         0.0000000 0.8239592 0.8545757 0.9913169 1.2070784 0.9913169 0.9198342 0.9198342 0.9913169 0.9547243 1.2070784 1.1132061 0.9198342 0.7945437 0.7945437 0.9198342 0.8864954 0.8239592 1.0297869 1.0297869 
t9         0.8239592 0.0000000 0.7662384 1.0703373 0.5504769 0.9198342 0.8864954 0.6157354 1.1132061 0.9913169 0.9547243 0.8545757 0.7945437 0.8545757 0.5933457 0.6626257 0.5716050 0.5933457 0.8864954 0.8545757 
t20        0.8545757 0.7662384 0.0000000 0.7662384 0.9198342 1.1586745 0.9913169 1.0297869 1.2588231 1.0297869 1.4396946 1.1586745 0.7126442 0.6872180 0.8864954 0.8864954 0.8864954 0.9198342 1.0297869 1.0703373 
t14        0.9913169 1.0703373 0.7662384 0.0000000 1.0297869 1.3744361 0.8864954 1.0297869 1.2070784 1.1132061 1.4396946 1.3144041 0.9198342 0.7389627 0.8545757 0.9198342 0.8864954 0.8864954 1.0703373 1.0703373 
t15        1.2070784 0.5504769 0.9198342 1.0297869 0.0000000 1.1132061 1.2070784 0.7945437 1.5111773 1.0703373 1.3744361 1.2070784 0.8239592 1.1132061 0.6626257 0.7662384 0.7662384 0.7662384 1.2070784 1.1586745 
t16        0.9913169 0.9198342 1.1586745 1.3744361 1.1132061 0.0000000 1.3744361 1.1132061 1.3744361 1.1132061 0.7389627 0.5716050 1.2070784 1.2070784 1.0297869 1.3144041 1.0703373 1.0297869 1.5111773 1.5111773 
t4         0.9198342 0.8864954 0.9913169 0.8864954 1.2070784 1.3744361 0.0000000 1.0297869 1.2588231 1.3744361 1.2588231 1.8942965 0.7389627 0.5504769 0.9198342 1.3144041 1.2070784 1.2070784 1.1132061 1.0703373 
t19        0.9198342 0.6157354 1.0297869 1.0297869 0.7945437 1.1132061 1.0297869 0.0000000 0.8864954 0.8239592 1.0297869 1.0297869 0.8545757 0.8545757 0.6872180 0.7662384 0.7389627 0.7389627 0.3831192 0.3666350 
t6         0.9913169 1.1132061 1.2588231 1.2070784 1.5111773 1.3744361 1.2588231 0.8864954 0.0000000 0.6872180 1.2588231 1.5901977 1.2070784 1.2588231 0.9913169 1.2588231 1.0703373 0.9913169 1.0297869 0.9913169 
t1         0.9547243 0.9913169 1.0297869 1.1132061 1.0703373 1.1132061 1.3744361 0.8239592 0.6872180 0.0000000 0.9198342 1.2588231 1.1586745 0.9547243 0.9547243 0.9913169 0.9547243 0.8864954 1.0297869 1.0297869 
t17        1.2070784 0.9547243 1.4396946 1.4396946 1.3744361 0.7389627 1.2588231 1.0297869 1.2588231 0.9198342 0.0000000 0.3192509 1.3144041 0.9913169 1.0703373 1.3144041 1.0297869 1.1132061 1.1586745 1.1586745 
t12        1.1132061 0.8545757 1.1586745 1.3144041 1.2070784 0.5716050 1.8942965 1.0297869 1.5901977 1.2588231 0.3192509 0.0000000 1.5901977 1.3144041 1.2588231 1.2588231 1.0703373 1.0297869 1.1132061 1.1132061 
t11        0.9198342 0.7945437 0.7126442 0.9198342 0.8239592 1.2070784 0.7389627 0.8545757 1.2070784 1.1586745 1.3144041 1.5901977 0.0000000 0.4529370 0.9198342 1.2070784 1.1132061 1.1586745 1.0703373 1.1132061 
t7         0.7945437 0.8545757 0.6872180 0.7389627 1.1132061 1.2070784 0.5504769 0.8545757 1.2588231 0.9547243 0.9913169 1.3144041 0.4529370 0.0000000 0.8545757 0.9913169 0.8864954 0.9547243 1.0703373 1.0703373 
t8         0.7945437 0.5933457 0.8864954 0.8545757 0.6626257 1.0297869 0.9198342 0.6872180 0.9913169 0.9547243 1.0703373 1.2588231 0.9198342 0.8545757 0.0000000 0.2326162 0.2058276 0.1927838 0.8239592 0.7945437 
t13        0.9198342 0.6626257 0.8864954 0.9198342 0.7662384 1.3144041 1.3144041 0.7662384 1.2588231 0.9913169 1.3144041 1.2588231 1.2070784 0.9913169 0.2326162 0.0000000 0.1427653 0.1799630 0.9198342 0.8864954 
t10        0.8864954 0.5716050 0.8864954 0.8864954 0.7662384 1.0703373 1.2070784 0.7389627 1.0703373 0.9547243 1.0297869 1.0703373 1.1132061 0.8864954 0.2058276 0.1427653 0.0000000 0.0517447 0.9547243 0.9198342 
t3         0.8239592 0.5933457 0.9198342 0.8864954 0.7662384 1.0297869 1.2070784 0.7389627 0.9913169 0.8864954 1.1132061 1.0297869 1.1586745 0.9547243 0.1927838 0.1799630 0.0517447 0.0000000 0.8545757 0.8239592 
t18        1.0297869 0.8864954 1.0297869 1.0703373 1.2070784 1.5111773 1.1132061 0.3831192 1.0297869 1.0297869 1.1586745 1.1132061 1.0703373 1.0703373 0.8239592 0.9198342 0.9547243 0.8545757 0.0000000 0.0100673 
t5         1.0297869 0.8545757 1.0703373 1.0703373 1.1586745 1.5111773 1.0703373 0.3666350 0.9913169 1.0297869 1.1586745 1.1132061 1.1132061 1.0703373 0.7945437 0.8864954 0.9198342 0.8239592 0.0100673 0.0000000 
