20
t7         0.0000000 0.4529370 1.2070784 0.4529370 1.2070784 1.0703373 1.2070784 0.8864954 0.7389627 0.7945437 1.3744361 0.9913169 1.2588231 2.1983953 0.6388142 0.8239592 0.8545757 0.9913169 1.5111773 1.6785349 
t9         0.4529370 0.0000000 1.3144041 0.3666350 1.0703373 1.0297869 1.1586745 1.2588231 1.0297869 1.1586745 1.0297869 1.1132061 1.1586745 1.6785349 0.7945437 0.9913169 1.2070784 1.4396946 1.6785349 1.7786835 
t14        1.2070784 1.3144041 0.0000000 0.9547243 2.1983953 1.5111773 1.7786835 1.6785349 2.1983953 2.7182557 1.5111773 1.6785349 2.0310377 9.0000000 1.2070784 1.3744361 2.7182557 2.7182557 2.0310377 2.4141569 
t16        0.4529370 0.3666350 0.9547243 0.0000000 0.8545757 0.7126442 0.7662384 1.3744361 1.1586745 1.3744361 1.0297869 0.8545757 1.5111773 2.4141569 0.6388142 0.6872180 1.3144041 1.3744361 1.6785349 1.6785349 
t10        1.2070784 1.0703373 2.1983953 0.8545757 0.0000000 0.3040988 0.3666350 1.8942965 1.5901977 1.8942965 0.4348639 0.4348639 2.7182557 9.0000000 1.2588231 1.1586745 1.5901977 2.1983953 1.8942965 1.5901977 
t5         1.0703373 1.0297869 1.5111773 0.7126442 0.3040988 0.0000000 0.1073256 1.6785349 1.3144041 2.1983953 0.2746833 0.1799630 2.7182557 9.0000000 1.2070784 1.3144041 1.7786835 2.0310377 2.1983953 1.7786835 
t17        1.2070784 1.1586745 1.7786835 0.7662384 0.3666350 0.1073256 0.0000000 1.5901977 1.3744361 2.1983953 0.3505054 0.2463781 2.0310377 9.0000000 1.3744361 1.3744361 1.7786835 2.0310377 3.2381161 2.1983953 
t12        0.8864954 1.2588231 1.6785349 1.3744361 1.8942965 1.6785349 1.5901977 0.0000000 0.2746833 0.3666350 2.0310377 1.5901977 1.5111773 2.0310377 1.1132061 1.5111773 0.3192509 0.3666350 1.2070784 1.1132061 
t2         0.7389627 1.0297869 2.1983953 1.1586745 1.5901977 1.3144041 1.3744361 0.2746833 0.0000000 0.1799630 1.2588231 1.1586745 1.4396946 2.7182557 0.9547243 1.3144041 0.3347153 0.3505054 0.9913169 0.9198342 
t1         0.7945437 1.1586745 2.7182557 1.3744361 1.8942965 2.1983953 2.1983953 0.3666350 0.1799630 0.0000000 2.0310377 1.8942965 1.5111773 2.7182557 1.1132061 1.4396946 0.3666350 0.4172160 0.9547243 0.9198342 
t8         1.3744361 1.0297869 1.5111773 1.0297869 0.4348639 0.2746833 0.3505054 2.0310377 1.2588231 2.0310377 0.0000000 0.2892469 3.2381161 9.0000000 1.5111773 1.5901977 1.6785349 2.1983953 1.8942965 1.5901977 
t20        0.9913169 1.1132061 1.6785349 0.8545757 0.4348639 0.1799630 0.2463781 1.5901977 1.1586745 1.8942965 0.2892469 0.0000000 2.4141569 9.0000000 1.1132061 1.4396946 1.3744361 1.7786835 1.8942965 1.5901977 
t11        1.2588231 1.1586745 2.0310377 1.5111773 2.7182557 2.7182557 2.0310377 1.5111773 1.4396946 1.5111773 3.2381161 2.4141569 0.0000000 0.2746833 1.5111773 1.5111773 1.8942965 1.6785349 9.0000000 9.0000000 
t19        2.1983953 1.6785349 9.0000000 2.4141569 9.0000000 9.0000000 9.0000000 2.0310377 2.7182557 2.7182557 9.0000000 9.0000000 0.2746833 0.0000000 2.0310377 2.4141569 1.8942965 1.8942965 9.0000000 9.0000000 
t13        0.6388142 0.7945437 1.2070784 0.6388142 1.2588231 1.2070784 1.3744361 1.1132061 0.9547243 1.1132061 1.5111773 1.1132061 1.5111773 2.0310377 0.0000000 0.7945437 1.0297869 1.2588231 1.5901977 1.8942965 
t6         0.8239592 0.9913169 1.3744361 0.6872180 1.1586745 1.3144041 1.3744361 1.5111773 1.3144041 1.4396946 1.5901977 1.4396946 1.5111773 2.4141569 0.7945437 0.0000000 2.0310377 2.0310377 2.0310377 2.1983953 
t15        0.8545757 1.2070784 2.7182557 1.3144041 1.5901977 1.7786835 1.7786835 0.3192509 0.3347153 0.3666350 1.6785349 1.3744361 1.8942965 1.8942965 1.0297869 2.0310377 0.0000000 0.1189538 1.0703373 1.0297869 
t4         0.9913169 1.4396946 2.7182557 1.3744361 2.1983953 2.0310377 2.0310377 0.3666350 0.3505054 0.4172160 2.1983953 1.7786835 1.6785349 1.8942965 1.2588231 2.0310377 0.1189538 0.0000000 1.0297869 0.9913169 
t3         1.5111773 1.6785349 2.0310377 1.6785349 1.8942965 2.1983953 3.2381161 1.2070784 0.9913169 0.9547243 1.8942965 1.8942965 9.0000000 9.0000000 1.5901977 2.0310377 1.0703373 1.0297869 0.0000000 0.0625362 
t18        1.6785349 1.7786835 2.4141569 1.6785349 1.5901977 1.7786835 2.1983953 1.1132061 0.9198342 0.9198342 1.5901977 1.5901977 9.0000000 9.0000000 1.8942965 2.1983953 1.0297869 0.9913169 0.0625362 0.0000000 
