20
t14        0.0000000 1.3744361 1.5111773 1.2070784 1.7786835 1.2070784 1.5111773 1.8942965 1.4396946 1.5901977 2.4141569 2.0310377 1.4396946 1.4396946 1.5901977 1.3744361 1.7786835 1.5901977 1.3744361 1.3744361 
t5         1.3744361 0.0000000 1.6785349 1.0703373 1.8942965 1.5901977 2.0310377 9.0000000 1.1586745 1.1132061 1.1586745 1.3744361 1.2070784 1.2070784 9.0000000 9.0000000 1.7786835 2.4141569 0.9913169 0.9913169 
t8         1.5111773 1.6785349 0.0000000 1.2070784 9.0000000 0.6626257 0.6388142 0.9198342 2.7182557 2.4141569 1.6785349 1.4396946 1.2588231 1.2588231 1.8942965 2.0310377 1.3144041 1.5901977 2.0310377 1.8942965 
t3         1.2070784 1.0703373 1.2070784 0.0000000 1.8942965 1.2588231 1.1132061 1.2588231 0.9913169 1.1586745 1.0297869 0.8239592 0.4529370 0.4172160 1.7786835 1.3744361 1.3744361 1.3744361 0.9913169 1.0297869 
t15        1.7786835 1.8942965 9.0000000 1.8942965 0.0000000 1.8942965 1.8942965 1.8942965 1.2588231 1.8942965 1.5901977 1.4396946 2.4141569 9.0000000 0.6157354 0.5504769 0.8545757 0.9913169 1.6785349 1.8942965 
t9         1.2070784 1.5901977 0.6626257 1.2588231 1.8942965 0.0000000 0.4348639 0.5933457 2.0310377 1.5111773 1.4396946 1.5111773 1.1586745 1.2070784 1.8942965 1.6785349 0.9913169 1.2588231 1.7786835 1.6785349 
t6         1.5111773 2.0310377 0.6388142 1.1132061 1.8942965 0.4348639 0.0000000 0.5099265 3.2381161 1.8942965 1.3144041 1.3744361 1.3144041 1.2070784 1.5111773 1.5111773 1.1586745 1.4396946 1.8942965 1.7786835 
t13        1.8942965 9.0000000 0.9198342 1.2588231 1.8942965 0.5933457 0.5099265 0.0000000 9.0000000 2.0310377 1.4396946 1.5901977 1.7786835 1.4396946 1.4396946 1.3144041 1.1586745 1.2070784 2.4141569 2.1983953 
t7         1.4396946 1.1586745 2.7182557 0.9913169 1.2588231 2.0310377 3.2381161 9.0000000 0.0000000 0.4529370 1.0297869 1.1132061 1.3144041 1.0703373 2.7182557 1.7786835 1.5111773 1.8942965 0.3040988 0.2746833 
t19        1.5901977 1.1132061 2.4141569 1.1586745 1.8942965 1.5111773 1.8942965 2.0310377 0.4529370 0.0000000 1.2070784 1.1586745 1.7786835 1.2070784 2.4141569 1.8942965 1.6785349 2.1983953 0.5099265 0.5099265 
t12        2.4141569 1.1586745 1.6785349 1.0297869 1.5901977 1.4396946 1.3144041 1.4396946 1.0297869 1.2070784 0.0000000 0.2603971 1.1586745 1.2070784 3.2381161 2.0310377 1.5901977 1.5901977 1.0297869 1.1586745 
t20        2.0310377 1.3744361 1.4396946 0.8239592 1.4396946 1.5111773 1.3744361 1.5901977 1.1132061 1.1586745 0.2603971 0.0000000 1.1586745 1.1586745 1.6785349 1.3744361 1.3144041 1.3744361 1.0297869 1.1132061 
t17        1.4396946 1.2070784 1.2588231 0.4529370 2.4141569 1.1586745 1.3144041 1.7786835 1.3144041 1.7786835 1.1586745 1.1586745 0.0000000 0.3505054 2.1983953 1.5901977 1.5111773 1.8942965 1.2588231 1.3744361 
t10        1.4396946 1.2070784 1.2588231 0.4172160 9.0000000 1.2070784 1.2070784 1.4396946 1.0703373 1.2070784 1.2070784 1.1586745 0.3505054 0.0000000 2.0310377 1.5111773 1.7786835 1.7786835 0.9913169 0.9547243 
t16        1.5901977 9.0000000 1.8942965 1.7786835 0.6157354 1.8942965 1.5111773 1.4396946 2.7182557 2.4141569 3.2381161 1.6785349 2.1983953 2.0310377 0.0000000 0.1307650 0.7945437 0.8545757 9.0000000 9.0000000 
t18        1.3744361 9.0000000 2.0310377 1.3744361 0.5504769 1.6785349 1.5111773 1.3144041 1.7786835 1.8942965 2.0310377 1.3744361 1.5901977 1.5111773 0.1307650 0.0000000 0.7945437 0.8239592 1.8942965 2.0310377 
t2         1.7786835 1.7786835 1.3144041 1.3744361 0.8545757 0.9913169 1.1586745 1.1586745 1.5111773 1.6785349 1.5901977 1.3144041 1.5111773 1.7786835 0.7945437 0.7945437 0.0000000 0.1799630 1.3744361 1.3744361 
t4         1.5901977 2.4141569 1.5901977 1.3744361 0.9913169 1.2588231 1.4396946 1.2070784 1.8942965 2.1983953 1.5901977 1.3744361 1.8942965 1.7786835 0.8545757 0.8239592 0.1799630 0.0000000 1.5901977 1.6785349 
t11        1.3744361 0.9913169 2.0310377 0.9913169 1.6785349 1.7786835 1.8942965 2.4141569 0.3040988 0.5099265 1.0297869 1.0297869 1.2588231 0.9913169 9.0000000 1.8942965 1.3744361 1.5901977 0.0000000 0.0625362 
t1         1.3744361 0.9913169 1.8942965 1.0297869 1.8942965 1.6785349 1.7786835 2.1983953 0.2746833 0.5099265 1.1586745 1.1132061 1.3744361 0.9547243 9.0000000 2.0310377 1.3744361 1.6785349 0.0625362 0.0000000 
