20
t11        0.0000000 0.5716050 1.5111773 1.4396946 1.0297869 2.1983953 1.3144041 0.8864954 1.1586745 0.8864954 0.9547243 0.8864954 1.4396946 1.0297869 1.3744361 1.2588231 0.8545757 0.9547243 1.0297869 1.0297869 
t8         0.5716050 0.0000000 0.7126442 1.0703373 0.5933457 2.7182557 1.3744361 0.4529370 0.6626257 0.5933457 0.8545757 0.6388142 1.3144041 0.6157354 1.0703373 1.0703373 0.5099265 0.6388142 0.5933457 0.5504769 
t19        1.5111773 0.7126442 0.0000000 1.6785349 1.3744361 9.0000000 1.7786835 1.1132061 1.3144041 1.1586745 1.3744361 1.1586745 1.7786835 1.8942965 1.6785349 1.7786835 1.3144041 1.5111773 1.2070784 1.2588231 
t12        1.4396946 1.0703373 1.6785349 0.0000000 1.3744361 9.0000000 2.7182557 1.2070784 1.7786835 1.2588231 1.1132061 1.1586745 2.4141569 1.4396946 1.6785349 2.0310377 1.3744361 1.5111773 1.6785349 1.5111773 
t20        1.0297869 0.5933457 1.3744361 1.3744361 0.0000000 9.0000000 2.7182557 0.4172160 0.5099265 0.9547243 0.9913169 0.9547243 2.7182557 1.2070784 1.5901977 1.5901977 0.4904449 0.5716050 1.3144041 1.2070784 
t15        2.1983953 2.7182557 9.0000000 9.0000000 9.0000000 0.0000000 3.2381161 9.0000000 9.0000000 2.1983953 2.0310377 2.4141569 9.0000000 2.7182557 9.0000000 9.0000000 3.2381161 1.7786835 2.1983953 2.1983953 
t18        1.3144041 1.3744361 1.7786835 2.7182557 2.7182557 3.2381161 0.0000000 1.4396946 1.7786835 1.2070784 1.3744361 1.5111773 2.1983953 1.6785349 1.1586745 0.8864954 1.5111773 1.5111773 2.0310377 2.0310377 
t9         0.8864954 0.4529370 1.1132061 1.2070784 0.4172160 9.0000000 1.4396946 0.0000000 0.1927838 0.9547243 1.0703373 0.8545757 1.7786835 1.3144041 1.5111773 1.5111773 0.1073256 0.3192509 1.3144041 1.2070784 
t3         1.1586745 0.6626257 1.3144041 1.7786835 0.5099265 9.0000000 1.7786835 0.1927838 0.0000000 1.0297869 1.1132061 0.9547243 2.0310377 1.4396946 2.0310377 1.6785349 0.2892469 0.5099265 1.4396946 1.3144041 
t7         0.8864954 0.5933457 1.1586745 1.2588231 0.9547243 2.1983953 1.2070784 0.9547243 1.0297869 0.0000000 0.6157354 0.6626257 2.4141569 0.9198342 1.2588231 1.1132061 1.1132061 1.0297869 0.8864954 0.9198342 
t2         0.9547243 0.8545757 1.3744361 1.1132061 0.9913169 2.0310377 1.3744361 1.0703373 1.1132061 0.6157354 0.0000000 0.4172160 1.6785349 1.5111773 1.5111773 1.0703373 1.3144041 1.1586745 1.1586745 1.0703373 
t1         0.8864954 0.6388142 1.1586745 1.1586745 0.9547243 2.4141569 1.5111773 0.8545757 0.9547243 0.6626257 0.4172160 0.0000000 1.2070784 1.0297869 1.2588231 1.1132061 1.0297869 1.0297869 1.1586745 1.0703373 
t14        1.4396946 1.3144041 1.7786835 2.4141569 2.7182557 9.0000000 2.1983953 1.7786835 2.0310377 2.4141569 1.6785349 1.2070784 0.0000000 1.3744361 9.0000000 1.8942965 1.6785349 2.7182557 1.5901977 1.3744361 
t13        1.0297869 0.6157354 1.8942965 1.4396946 1.2070784 2.7182557 1.6785349 1.3144041 1.4396946 0.9198342 1.5111773 1.0297869 1.3744361 0.0000000 1.5111773 1.6785349 1.3744361 1.4396946 0.3831192 0.3666350 
t4         1.3744361 1.0703373 1.6785349 1.6785349 1.5901977 9.0000000 1.1586745 1.5111773 2.0310377 1.2588231 1.5111773 1.2588231 9.0000000 1.5111773 0.0000000 0.3831192 1.4396946 1.3144041 1.2588231 1.2070784 
t5         1.2588231 1.0703373 1.7786835 2.0310377 1.5901977 9.0000000 0.8864954 1.5111773 1.6785349 1.1132061 1.0703373 1.1132061 1.8942965 1.6785349 0.3831192 0.0000000 1.5111773 1.4396946 1.3744361 1.3144041 
t17        0.8545757 0.5099265 1.3144041 1.3744361 0.4904449 3.2381161 1.5111773 0.1073256 0.2892469 1.1132061 1.3144041 1.0297869 1.6785349 1.3744361 1.4396946 1.5111773 0.0000000 0.2326162 1.3144041 1.2070784 
t10        0.9547243 0.6388142 1.5111773 1.5111773 0.5716050 1.7786835 1.5111773 0.3192509 0.5099265 1.0297869 1.1586745 1.0297869 2.7182557 1.4396946 1.3144041 1.4396946 0.2326162 0.0000000 1.3144041 1.2070784 
t6         1.0297869 0.5933457 1.2070784 1.6785349 1.3144041 2.1983953 2.0310377 1.3144041 1.4396946 0.8864954 1.1586745 1.1586745 1.5901977 0.3831192 1.2588231 1.3744361 1.3144041 1.3144041 0.0000000 0.0306165 
t16        1.0297869 0.5504769 1.2588231 1.5111773 1.2070784 2.1983953 2.0310377 1.2070784 1.3144041 0.9198342 1.0703373 1.0703373 1.3744361 0.3666350 1.2070784 1.3144041 1.2070784 1.2070784 0.0306165 0.0000000 
