20
t10        0.0000000 9.0000000 1.5111773 1.3144041 1.5111773 1.3144041 9.0000000 1.0297869 1.1132061 1.2588231 2.0310377 0.7945437 1.0297869 1.4396946 1.5111773 2.0310377 1.8942965 2.1983953 1.7786835 1.7786835 
t9         9.0000000 0.0000000 9.0000000 9.0000000 9.0000000 9.0000000 9.0000000 3.2381161 9.0000000 9.0000000 2.4141569 9.0000000 9.0000000 3.2381161 1.6785349 2.7182557 9.0000000 2.1983953 9.0000000 3.2381161 
t18        1.5111773 9.0000000 0.0000000 9.0000000 1.8942965 2.4141569 9.0000000 1.5901977 2.1983953 9.0000000 9.0000000 1.7786835 2.0310377 2.4141569 9.0000000 2.1983953 2.0310377 2.0310377 9.0000000 9.0000000 
t13        1.3144041 9.0000000 9.0000000 0.0000000 1.6785349 3.2381161 9.0000000 1.5111773 9.0000000 2.1983953 9.0000000 1.1586745 1.4396946 9.0000000 2.7182557 2.0310377 1.4396946 1.3744361 1.8942965 2.0310377 
t19        1.5111773 9.0000000 1.8942965 1.6785349 0.0000000 2.7182557 9.0000000 1.4396946 2.0310377 1.5901977 9.0000000 0.9198342 1.2070784 1.7786835 1.5111773 1.7786835 3.2381161 3.2381161 9.0000000 2.1983953 
t20        1.3144041 9.0000000 2.4141569 3.2381161 2.7182557 0.0000000 1.6785349 1.6785349 1.3744361 1.3744361 9.0000000 1.5901977 1.4396946 1.8942965 3.2381161 2.4141569 9.0000000 2.7182557 3.2381161 2.4141569 
t3         9.0000000 9.0000000 9.0000000 9.0000000 9.0000000 1.6785349 0.0000000 1.8942965 1.4396946 1.2070784 1.6785349 1.6785349 9.0000000 1.2070784 1.4396946 3.2381161 1.8942965 1.5901977 3.2381161 9.0000000 
t2         1.0297869 3.2381161 1.5901977 1.5111773 1.4396946 1.6785349 1.8942965 0.0000000 1.8942965 1.8942965 2.0310377 0.6872180 0.9198342 1.3144041 1.4396946 3.2381161 1.4396946 1.5901977 3.2381161 2.7182557 
t4         1.1132061 9.0000000 2.1983953 9.0000000 2.0310377 1.3744361 1.4396946 1.8942965 0.0000000 0.4172160 1.6785349 1.5111773 1.6785349 1.2588231 2.0310377 2.0310377 9.0000000 2.7182557 2.1983953 2.1983953 
t15        1.2588231 9.0000000 9.0000000 2.1983953 1.5901977 1.3744361 1.2070784 1.8942965 0.4172160 0.0000000 1.7786835 1.2588231 1.6785349 1.4396946 2.4141569 1.7786835 1.8942965 1.8942965 2.0310377 1.8942965 
t17        2.0310377 2.4141569 9.0000000 9.0000000 9.0000000 9.0000000 1.6785349 2.0310377 1.6785349 1.7786835 0.0000000 3.2381161 9.0000000 0.9547243 1.1586745 3.2381161 1.6785349 2.0310377 1.7786835 1.8942965 
t12        0.7945437 9.0000000 1.7786835 1.1586745 0.9198342 1.5901977 1.6785349 0.6872180 1.5111773 1.2588231 3.2381161 0.0000000 0.3347153 1.5901977 1.6785349 2.4141569 9.0000000 9.0000000 9.0000000 9.0000000 
t14        1.0297869 9.0000000 2.0310377 1.4396946 1.2070784 1.4396946 9.0000000 0.9198342 1.6785349 1.6785349 9.0000000 0.3347153 0.0000000 3.2381161 9.0000000 9.0000000 9.0000000 9.0000000 9.0000000 9.0000000 
t6         1.4396946 3.2381161 2.4141569 9.0000000 1.7786835 1.8942965 1.2070784 1.3144041 1.2588231 1.4396946 0.9547243 1.5901977 3.2381161 0.0000000 0.3999739 9.0000000 2.4141569 1.8942965 1.6785349 1.8942965 
t16        1.5111773 1.6785349 9.0000000 2.7182557 1.5111773 3.2381161 1.4396946 1.4396946 2.0310377 2.4141569 1.1586745 1.6785349 9.0000000 0.3999739 0.0000000 9.0000000 3.2381161 2.1983953 2.1983953 2.1983953 
t8         2.0310377 2.7182557 2.1983953 2.0310377 1.7786835 2.4141569 3.2381161 3.2381161 2.0310377 1.7786835 3.2381161 2.4141569 9.0000000 9.0000000 9.0000000 0.0000000 0.9547243 0.7389627 0.3666350 0.3347153 
t1         1.8942965 9.0000000 2.0310377 1.4396946 3.2381161 9.0000000 1.8942965 1.4396946 9.0000000 1.8942965 1.6785349 9.0000000 9.0000000 2.4141569 3.2381161 0.9547243 0.0000000 0.2191023 0.5716050 0.6157354 
t11        2.1983953 2.1983953 2.0310377 1.3744361 3.2381161 2.7182557 1.5901977 1.5901977 2.7182557 1.8942965 2.0310377 9.0000000 9.0000000 1.8942965 2.1983953 0.7389627 0.2191023 0.0000000 0.4172160 0.4529370 
t5         1.7786835 9.0000000 9.0000000 1.8942965 9.0000000 3.2381161 3.2381161 3.2381161 2.1983953 2.0310377 1.7786835 9.0000000 9.0000000 1.6785349 2.1983953 0.3666350 0.5716050 0.4172160 0.0000000 0.0845966 
t7         1.7786835 3.2381161 9.0000000 2.0310377 2.1983953 2.4141569 9.0000000 2.7182557 2.1983953 1.8942965 1.8942965 9.0000000 9.0000000 1.8942965 2.1983953 0.3347153 0.6157354 0.4529370 0.0845966 0.0000000 
