20
t19        0.0000000 1.2588231 1.1132061 0.8864954 0.9547243 1.5111773 1.2070784 0.7662384 1.0297869 1.0297869 1.0703373 1.0297869 1.1586745 1.3744361 0.7126442 0.7662384 1.2070784 1.0703373 0.7126442 0.7662384 
t16        1.2588231 0.0000000 0.6157354 0.7662384 0.8864954 0.8864954 1.0297869 0.9198342 0.6872180 0.7945437 0.9198342 0.8239592 0.9198342 0.8864954 1.0703373 1.1132061 0.9547243 1.0297869 0.8864954 1.0703373 
t18        1.1132061 0.6157354 0.0000000 0.8545757 0.8864954 1.0703373 1.0297869 0.8239592 0.8239592 0.7945437 0.9913169 0.8545757 0.8864954 1.2070784 1.1132061 0.9913169 1.1132061 1.1132061 0.8239592 0.9198342 
t9         0.8864954 0.7662384 0.8545757 0.0000000 0.6157354 0.5716050 0.6872180 0.7662384 0.6872180 0.6626257 0.6872180 0.6872180 0.6626257 0.6626257 0.9913169 0.8864954 0.7389627 0.7945437 0.9198342 0.9198342 
t17        0.9547243 0.8864954 0.8864954 0.6157354 0.0000000 0.6872180 0.8239592 0.7662384 0.6872180 0.5716050 0.5504769 0.5716050 0.6157354 0.6872180 1.0703373 1.1586745 0.7662384 0.7945437 0.8864954 0.8864954 
t12        1.5111773 0.8864954 1.0703373 0.5716050 0.6872180 0.0000000 0.6157354 0.9547243 0.5099265 0.8239592 0.6872180 0.6872180 0.5716050 0.6157354 1.5111773 1.5901977 0.5933457 0.7389627 1.1586745 1.2588231 
t20        1.2070784 1.0297869 1.0297869 0.6872180 0.8239592 0.6157354 0.0000000 0.7945437 0.4714565 0.7389627 0.7389627 0.6872180 0.4529370 0.5299277 0.8545757 0.8239592 0.4904449 0.5299277 0.9198342 1.0703373 
t7         0.7662384 0.9198342 0.8239592 0.7662384 0.7662384 0.9547243 0.7945437 0.0000000 0.6157354 0.8545757 0.8545757 0.7126442 0.7662384 0.8864954 0.7389627 0.7126442 0.7389627 0.7389627 0.2603971 0.2463781 
t3         1.0297869 0.6872180 0.8239592 0.6872180 0.6872180 0.5099265 0.4714565 0.6157354 0.0000000 0.6157354 0.6872180 0.6157354 0.3831192 0.5504769 0.8239592 0.7389627 0.3666350 0.3999739 0.7389627 0.8239592 
t15        1.0297869 0.7945437 0.7945437 0.6626257 0.5716050 0.8239592 0.7389627 0.8545757 0.6157354 0.0000000 0.3347153 0.3040988 0.6388142 0.6626257 0.9547243 1.0297869 0.6872180 0.6626257 0.8239592 0.8545757 
t8         1.0703373 0.9198342 0.9913169 0.6872180 0.5504769 0.6872180 0.7389627 0.8545757 0.6872180 0.3347153 0.0000000 0.1927838 0.7126442 0.7126442 1.0703373 1.2070784 0.7126442 0.6626257 0.8239592 0.8864954 
t14        1.0297869 0.8239592 0.8545757 0.6872180 0.5716050 0.6872180 0.6872180 0.7126442 0.6157354 0.3040988 0.1927838 0.0000000 0.6626257 0.7126442 0.9913169 1.0297869 0.7126442 0.7945437 0.7662384 0.8239592 
t13        1.1586745 0.9198342 0.8864954 0.6626257 0.6157354 0.5716050 0.4529370 0.7662384 0.3831192 0.6388142 0.7126442 0.6626257 0.0000000 0.1549607 0.9913169 1.1132061 0.4904449 0.5099265 0.9198342 0.9547243 
t6         1.3744361 0.8864954 1.2070784 0.6626257 0.6872180 0.6157354 0.5299277 0.8864954 0.5504769 0.6626257 0.7126442 0.7126442 0.1549607 0.0000000 1.2070784 1.3744361 0.6388142 0.6626257 1.1132061 1.1586745 
t1         0.7126442 1.0703373 1.1132061 0.9913169 1.0703373 1.5111773 0.8545757 0.7389627 0.8239592 0.9547243 1.0703373 0.9913169 0.9913169 1.2070784 0.0000000 0.1427653 0.9547243 0.9198342 0.7945437 0.9198342 
t5         0.7662384 1.1132061 0.9913169 0.8864954 1.1586745 1.5901977 0.8239592 0.7126442 0.7389627 1.0297869 1.2070784 1.0297869 1.1132061 1.3744361 0.1427653 0.0000000 0.8545757 0.8545757 0.7662384 0.8545757 
t4         1.2070784 0.9547243 1.1132061 0.7389627 0.7662384 0.5933457 0.4904449 0.7389627 0.3666350 0.6872180 0.7126442 0.7126442 0.4904449 0.6388142 0.9547243 0.8545757 0.0000000 0.0734853 0.7662384 0.8545757 
t2         1.0703373 1.0297869 1.1132061 0.7945437 0.7945437 0.7389627 0.5299277 0.7389627 0.3999739 0.6626257 0.6626257 0.7945437 0.5099265 0.6626257 0.9198342 0.8545757 0.0734853 0.0000000 0.7945437 0.8864954 
t11        0.7126442 0.8864954 0.8239592 0.9198342 0.8864954 1.1586745 0.9198342 0.2603971 0.7389627 0.8239592 0.8239592 0.7662384 0.9198342 1.1132061 0.7945437 0.7662384 0.7662384 0.7945437 0.0000000 0.0958750 
t10        0.7662384 1.0703373 0.9198342 0.9198342 0.8864954 1.2588231 1.0703373 0.2463781 0.8239592 0.8545757 0.8864954 0.8239592 0.9547243 1.1586745 0.9198342 0.8545757 0.8545757 0.8864954 0.0958750 0.0000000 
