20
t14        0.0000000 1.6785349 1.5901977 9.0000000 1.6785349 3.2381161 2.4141569 3.2381161 2.1983953 2.7182557 9.0000000 1.6785349 1.8942965 1.8942965 2.1983953 1.6785349 1.7786835 1.7786835 1.6785349 1.6785349 
t10        1.6785349 0.0000000 1.0297869 0.4904449 0.5504769 1.3744361 0.8545757 2.4141569 1.5111773 2.7182557 3.2381161 1.7786835 1.2070784 0.7389627 0.6626257 1.3744361 0.7126442 0.6388142 1.4396946 1.4396946 
t7         1.5901977 1.0297869 0.0000000 0.7126442 0.5716050 0.5099265 1.1586745 1.2070784 0.5933457 1.2070784 1.2070784 0.9913169 0.3347153 0.5933457 0.5504769 0.5933457 1.2588231 1.2070784 0.5099265 0.5099265 
t15        9.0000000 0.4904449 0.7126442 0.0000000 0.2746833 1.0703373 0.5099265 1.2588231 0.9913169 1.7786835 2.0310377 1.3144041 1.0703373 0.3831192 0.3505054 1.0297869 0.6626257 0.5504769 0.9913169 0.9913169 
t20        1.6785349 0.5504769 0.5716050 0.2746833 0.0000000 0.9198342 0.7126442 1.5901977 0.9547243 1.6785349 1.6785349 1.1586745 0.9198342 0.5099265 0.4529370 1.0297869 0.7389627 0.6626257 0.9913169 0.9913169 
t3         3.2381161 1.3744361 0.5099265 1.0703373 0.9198342 0.0000000 1.5111773 1.4396946 0.3347153 0.7945437 0.9547243 0.6157354 0.6388142 1.0703373 0.9913169 0.8545757 1.4396946 1.4396946 0.8545757 0.8545757 
t12        2.4141569 0.8545757 1.1586745 0.5099265 0.7126442 1.5111773 0.0000000 1.5111773 1.8942965 2.1983953 9.0000000 2.7182557 1.7786835 0.7945437 0.7389627 1.1132061 1.1586745 0.9547243 1.1586745 1.1586745 
t2         3.2381161 2.4141569 1.2070784 1.2588231 1.5901977 1.4396946 1.5111773 0.0000000 1.5111773 2.0310377 9.0000000 1.8942965 1.4396946 1.3144041 1.3144041 1.7786835 1.8942965 1.8942965 1.7786835 1.7786835 
t13        2.1983953 1.5111773 0.5933457 0.9913169 0.9547243 0.3347153 1.8942965 1.5111773 0.0000000 0.7389627 0.8239592 0.6626257 0.7662384 1.1132061 1.0703373 1.1586745 1.7786835 1.8942965 1.1586745 1.1586745 
t6         2.7182557 2.7182557 1.2070784 1.7786835 1.6785349 0.7945437 2.1983953 2.0310377 0.7389627 0.0000000 0.9913169 0.8545757 0.8545757 1.5111773 1.5901977 1.8942965 9.0000000 9.0000000 1.7786835 1.7786835 
t17        9.0000000 3.2381161 1.2070784 2.0310377 1.6785349 0.9547243 9.0000000 9.0000000 0.8239592 0.9913169 0.0000000 0.6157354 1.2588231 2.0310377 1.8942965 1.4396946 2.4141569 2.1983953 1.7786835 1.7786835 
t1         1.6785349 1.7786835 0.9913169 1.3144041 1.1586745 0.6157354 2.7182557 1.8942965 0.6626257 0.8545757 0.6157354 0.0000000 0.9547243 1.8942965 1.7786835 1.3744361 1.8942965 1.8942965 1.5111773 1.5111773 
t5         1.8942965 1.2070784 0.3347153 1.0703373 0.9198342 0.6388142 1.7786835 1.4396946 0.7662384 0.8545757 1.2588231 0.9547243 0.0000000 0.7945437 0.7662384 0.6157354 1.2588231 1.3144041 0.5716050 0.5716050 
t4         1.8942965 0.7389627 0.5933457 0.3831192 0.5099265 1.0703373 0.7945437 1.3144041 1.1132061 1.5111773 2.0310377 1.8942965 0.7945437 0.0000000 0.0411062 0.8545757 0.7945437 0.7126442 0.8239592 0.8239592 
t19        2.1983953 0.6626257 0.5504769 0.3505054 0.4529370 0.9913169 0.7389627 1.3144041 1.0703373 1.5901977 1.8942965 1.7786835 0.7662384 0.0411062 0.0000000 0.7945437 0.7126442 0.6388142 0.7662384 0.7662384 
t11        1.6785349 1.3744361 0.5933457 1.0297869 1.0297869 0.8545757 1.1132061 1.7786835 1.1586745 1.8942965 1.4396946 1.3744361 0.6157354 0.8545757 0.7945437 0.0000000 1.1586745 1.2070784 0.0411062 0.0411062 
t9         1.7786835 0.7126442 1.2588231 0.6626257 0.7389627 1.4396946 1.1586745 1.8942965 1.7786835 9.0000000 2.4141569 1.8942965 1.2588231 0.7945437 0.7126442 1.1586745 0.0000000 0.0517447 1.2070784 1.2070784 
t8         1.7786835 0.6388142 1.2070784 0.5504769 0.6626257 1.4396946 0.9547243 1.8942965 1.8942965 9.0000000 2.1983953 1.8942965 1.3144041 0.7126442 0.6388142 1.2070784 0.0517447 0.0000000 1.2588231 1.2588231 
t16        1.6785349 1.4396946 0.5099265 0.9913169 0.9913169 0.8545757 1.1586745 1.7786835 1.1586745 1.7786835 1.7786835 1.5111773 0.5716050 0.8239592 0.7662384 0.0411062 1.2070784 1.2588231 0.0000000 0.0000010 
t18        1.6785349 1.4396946 0.5099265 0.9913169 0.9913169 0.8545757 1.1586745 1.7786835 1.1586745 1.7786835 1.7786835 1.5111773 0.5716050 0.8239592 0.7662384 0.0411062 1.2070784 1.2588231 0.0000010 0.0000000 
