20
t1         0.0000000 1.5901977 1.7786835 1.3144041 1.5111773 1.4396946 1.3744361 1.2070784 1.5901977 1.3744361 1.8942965 1.2588231 1.4396946 1.8942965 3.2381161 2.1983953 1.5111773 1.5111773 1.7786835 1.7786835 
t11        1.5901977 0.0000000 1.1132061 1.0703373 1.3744361 1.0297869 0.9198342 0.7389627 0.9547243 0.9198342 1.2070784 1.3144041 1.4396946 1.7786835 0.9913169 0.9913169 1.3144041 1.3744361 1.3144041 1.3144041 
t13        1.7786835 1.1132061 0.0000000 1.1132061 1.5111773 1.0703373 0.9198342 0.9913169 1.0297869 1.1132061 0.7389627 0.6157354 0.6626257 0.6626257 1.5111773 0.9913169 1.3144041 1.2070784 0.5299277 0.5299277 
t4         1.3144041 1.0703373 1.1132061 0.0000000 0.8545757 0.8239592 0.5716050 0.9913169 1.7786835 1.5111773 1.2070784 1.0703373 1.3144041 1.0703373 1.1586745 0.8864954 1.0297869 1.0297869 1.0703373 1.0703373 
t12        1.5111773 1.3744361 1.5111773 0.8545757 0.0000000 0.5933457 0.5099265 1.2070784 1.7786835 2.1983953 1.3744361 1.3744361 1.7786835 1.6785349 1.6785349 1.3144041 1.7786835 1.6785349 1.1586745 1.1586745 
t6         1.4396946 1.0297869 1.0703373 0.8239592 0.5933457 0.0000000 0.3347153 0.9198342 1.1132061 1.2588231 1.0297869 1.1132061 1.2070784 1.2070784 1.3144041 1.3144041 1.3744361 1.5111773 1.2588231 1.2588231 
t9         1.3744361 0.9198342 0.9198342 0.5716050 0.5099265 0.3347153 0.0000000 0.7126442 1.1132061 1.2588231 1.0703373 0.9547243 0.9198342 1.0297869 1.0703373 0.9198342 1.0297869 1.1132061 0.9913169 0.9913169 
t3         1.2070784 0.7389627 0.9913169 0.9913169 1.2070784 0.9198342 0.7126442 0.0000000 0.6626257 0.8545757 1.0703373 0.8864954 0.9198342 0.9913169 0.7126442 0.4714565 1.1132061 1.1132061 0.8864954 0.8864954 
t7         1.5901977 0.9547243 1.0297869 1.7786835 1.7786835 1.1132061 1.1132061 0.6626257 0.0000000 0.4529370 1.4396946 1.3144041 1.4396946 1.5901977 0.8545757 0.7662384 1.3744361 1.4396946 1.3144041 1.3144041 
t15        1.3744361 0.9198342 1.1132061 1.5111773 2.1983953 1.2588231 1.2588231 0.8545757 0.4529370 0.0000000 1.3744361 1.4396946 1.3144041 1.8942965 1.2070784 1.1132061 1.4396946 1.6785349 1.6785349 1.6785349 
t18        1.8942965 1.2070784 0.7389627 1.2070784 1.3744361 1.0297869 1.0703373 1.0703373 1.4396946 1.3744361 0.0000000 0.8545757 0.9913169 0.9198342 1.2588231 1.0297869 1.2588231 1.2070784 0.3999739 0.3999739 
t19        1.2588231 1.3144041 0.6157354 1.0703373 1.3744361 1.1132061 0.9547243 0.8864954 1.3144041 1.4396946 0.8545757 0.0000000 0.2746833 0.3347153 1.4396946 1.0703373 1.1586745 1.0703373 0.7126442 0.7126442 
t8         1.4396946 1.4396946 0.6626257 1.3144041 1.7786835 1.2070784 0.9198342 0.9198342 1.4396946 1.3144041 0.9913169 0.2746833 0.0000000 0.3831192 1.7786835 1.3744361 1.3144041 1.2070784 0.7389627 0.7389627 
t10        1.8942965 1.7786835 0.6626257 1.0703373 1.6785349 1.2070784 1.0297869 0.9913169 1.5901977 1.8942965 0.9198342 0.3347153 0.3831192 0.0000000 1.6785349 1.2070784 1.5111773 1.4396946 0.7662384 0.7662384 
t5         3.2381161 0.9913169 1.5111773 1.1586745 1.6785349 1.3144041 1.0703373 0.7126442 0.8545757 1.2070784 1.2588231 1.4396946 1.7786835 1.6785349 0.0000000 0.5299277 1.7786835 1.6785349 1.5901977 1.5901977 
t20        2.1983953 0.9913169 0.9913169 0.8864954 1.3144041 1.3144041 0.9198342 0.4714565 0.7662384 1.1132061 1.0297869 1.0703373 1.3744361 1.2070784 0.5299277 0.0000000 1.3744361 1.3744361 1.1586745 1.1586745 
t2         1.5111773 1.3144041 1.3144041 1.0297869 1.7786835 1.3744361 1.0297869 1.1132061 1.3744361 1.4396946 1.2588231 1.1586745 1.3144041 1.5111773 1.7786835 1.3744361 0.0000000 0.0845966 1.3744361 1.3744361 
t17        1.5111773 1.3744361 1.2070784 1.0297869 1.6785349 1.5111773 1.1132061 1.1132061 1.4396946 1.6785349 1.2070784 1.0703373 1.2070784 1.4396946 1.6785349 1.3744361 0.0845966 0.0000000 1.2588231 1.2588231 
t16        1.7786835 1.3144041 0.5299277 1.0703373 1.1586745 1.2588231 0.9913169 0.8864954 1.3144041 1.6785349 0.3999739 0.7126442 0.7389627 0.7662384 1.5901977 1.1586745 1.3744361 1.2588231 0.0000000 0.0000010 
t14        1.7786835 1.3144041 0.5299277 1.0703373 1.1586745 1.2588231 0.9913169 0.8864954 1.3144041 1.6785349 0.3999739 0.7126442 0.7389627 0.7662384 1.5901977 1.1586745 1.3744361 1.2588231 0.0000010 0.0000000 
