20
t2         0.0000000 2.0310377 2.0310377 1.2070784 1.8942965 1.7786835 1.3144041 1.6785349 1.5901977 3.2381161 2.4141569 2.4141569 1.8942965 1.2588231 1.8942965 2.7182557 1.8942965 1.5901977 1.8942965 1.8942965 
t15        2.0310377 0.0000000 9.0000000 2.1983953 9.0000000 2.1983953 1.8942965 9.0000000 2.1983953 9.0000000 9.0000000 9.0000000 9.0000000 9.0000000 9.0000000 2.7182557 3.2381161 9.0000000 9.0000000 9.0000000 
t1         2.0310377 9.0000000 0.0000000 0.9913169 1.5111773 9.0000000 2.1983953 1.3144041 0.9913169 1.1132061 1.1586745 1.3744361 1.0703373 1.5901977 2.0310377 1.2070784 1.0703373 1.0297869 1.7786835 2.0310377 
t14        1.2070784 2.1983953 0.9913169 0.0000000 0.9547243 1.4396946 1.0703373 0.9198342 0.4714565 0.8239592 0.8239592 1.0297869 0.7126442 1.5111773 1.7786835 0.5299277 0.6626257 0.5299277 0.3347153 0.3505054 
t4         1.8942965 9.0000000 1.5111773 0.9547243 0.0000000 2.7182557 0.8864954 1.1586745 0.7389627 0.8239592 0.7662384 1.1586745 0.9913169 1.3744361 1.4396946 1.0703373 0.9198342 0.9913169 0.9198342 0.9547243 
t7         1.7786835 2.1983953 9.0000000 1.4396946 2.7182557 0.0000000 2.1983953 1.6785349 2.0310377 2.7182557 2.0310377 9.0000000 9.0000000 2.0310377 1.8942965 1.6785349 1.8942965 1.7786835 1.5111773 1.5901977 
t18        1.3144041 1.8942965 2.1983953 1.0703373 0.8864954 2.1983953 0.0000000 0.7389627 0.6626257 0.6872180 0.7389627 1.1132061 0.9913169 1.3744361 1.8942965 1.3144041 0.9547243 0.9913169 1.2588231 1.3144041 
t20        1.6785349 9.0000000 1.3144041 0.9198342 1.1586745 1.6785349 0.7389627 0.0000000 0.8864954 0.7945437 0.8239592 1.1586745 1.0297869 1.8942965 1.7786835 1.3744361 1.3144041 1.2588231 1.2588231 1.3144041 
t19        1.5901977 2.1983953 0.9913169 0.4714565 0.7389627 2.0310377 0.6626257 0.8864954 0.0000000 0.4714565 0.4904449 0.6157354 0.4529370 1.3144041 1.3744361 0.7662384 0.5933457 0.6157354 0.7945437 0.7945437 
t17        3.2381161 9.0000000 1.1132061 0.8239592 0.8239592 2.7182557 0.6872180 0.7945437 0.4714565 0.0000000 0.1927838 1.0703373 0.7126442 1.4396946 1.3144041 1.3144041 0.8239592 0.9198342 1.1586745 1.3744361 
t16        2.4141569 9.0000000 1.1586745 0.8239592 0.7662384 2.0310377 0.7389627 0.8239592 0.4904449 0.1927838 0.0000000 1.0297869 0.7126442 1.4396946 1.4396946 1.3744361 0.7662384 0.8864954 1.1132061 1.3144041 
t10        2.4141569 9.0000000 1.3744361 1.0297869 1.1586745 9.0000000 1.1132061 1.1586745 0.6157354 1.0703373 1.0297869 0.0000000 0.7945437 1.7786835 1.8942965 1.5901977 1.0703373 0.8864954 1.2070784 1.2588231 
t13        1.8942965 9.0000000 1.0703373 0.7126442 0.9913169 9.0000000 0.9913169 1.0297869 0.4529370 0.7126442 0.7126442 0.7945437 0.0000000 2.0310377 1.6785349 1.2070784 0.7662384 0.6872180 1.2070784 1.2588231 
t11        1.2588231 9.0000000 1.5901977 1.5111773 1.3744361 2.0310377 1.3744361 1.8942965 1.3144041 1.4396946 1.4396946 1.7786835 2.0310377 0.0000000 0.3192509 1.7786835 1.3144041 1.1586745 1.8942965 2.1983953 
t8         1.8942965 9.0000000 2.0310377 1.7786835 1.4396946 1.8942965 1.8942965 1.7786835 1.3744361 1.3144041 1.4396946 1.8942965 1.6785349 0.3192509 0.0000000 1.5111773 1.5111773 1.4396946 2.1983953 2.7182557 
t9         2.7182557 2.7182557 1.2070784 0.5299277 1.0703373 1.6785349 1.3144041 1.3744361 0.7662384 1.3144041 1.3744361 1.5901977 1.2070784 1.7786835 1.5111773 0.0000000 1.1132061 1.1586745 0.5299277 0.5299277 
t6         1.8942965 3.2381161 1.0703373 0.6626257 0.9198342 1.8942965 0.9547243 1.3144041 0.5933457 0.8239592 0.7662384 1.0703373 0.7662384 1.3144041 1.5111773 1.1132061 0.0000000 0.1927838 1.0297869 1.0297869 
t3         1.5901977 9.0000000 1.0297869 0.5299277 0.9913169 1.7786835 0.9913169 1.2588231 0.6157354 0.9198342 0.8864954 0.8864954 0.6872180 1.1586745 1.4396946 1.1586745 0.1927838 0.0000000 0.9547243 0.9198342 
t12        1.8942965 9.0000000 1.7786835 0.3347153 0.9198342 1.5111773 1.2588231 1.2588231 0.7945437 1.1586745 1.1132061 1.2070784 1.2070784 1.8942965 2.1983953 0.5299277 1.0297869 0.9547243 0.0000000 0.0411062 
t5         1.8942965 9.0000000 2.0310377 0.3505054 0.9547243 1.5901977 1.3144041 1.3144041 0.7945437 1.3744361 1.3144041 1.2588231 1.2588231 2.1983953 2.7182557 0.5299277 1.0297869 0.9198342 0.0411062 0.0000000 
