20
t8         0.0000000 9.0000000 1.6785349 2.7182557 1.4396946 2.1983953 1.2070784 9.0000000 1.7786835 2.4141569 2.4141569 1.7786835 1.7786835 1.8942965 2.4141569 2.7182557 2.0310377 2.1983953 0.9913169 0.9913169 
t6         9.0000000 0.0000000 9.0000000 3.2381161 9.0000000 9.0000000 3.2381161 3.2381161 9.0000000 3.2381161 9.0000000 9.0000000 2.7182557 9.0000000 1.7786835 2.7182557 3.2381161 9.0000000 9.0000000 9.0000000 
t9         1.6785349 9.0000000 0.0000000 2.1983953 2.0310377 1.8942965 1.5111773 1.2588231 1.7786835 9.0000000 1.8942965 2.0310377 3.2381161 3.2381161 9.0000000 9.0000000 9.0000000 9.0000000 2.0310377 2.0310377 
t19        2.7182557 3.2381161 2.1983953 0.0000000 1.4396946 1.6785349 1.2588231 3.2381161 1.5901977 2.1983953 2.4141569 9.0000000 1.7786835 2.7182557 9.0000000 1.6785349 1.6785349 1.7786835 1.1132061 1.1132061 
t14        1.4396946 9.0000000 2.0310377 1.4396946 0.0000000 1.5111773 1.1132061 1.5901977 1.1132061 1.8942965 1.2588231 2.7182557 2.1983953 9.0000000 9.0000000 9.0000000 1.3744361 1.3144041 1.0703373 1.0703373 
t7         2.1983953 9.0000000 1.8942965 1.6785349 1.5111773 0.0000000 1.4396946 1.5901977 1.2070784 1.3744361 1.7786835 2.0310377 2.7182557 9.0000000 3.2381161 9.0000000 1.5901977 1.5901977 1.4396946 1.4396946 
t16        1.2070784 3.2381161 1.5111773 1.2588231 1.1132061 1.4396946 0.0000000 1.8942965 0.8239592 1.5901977 1.8942965 2.7182557 1.5111773 1.6785349 2.0310377 1.8942965 1.5901977 1.5901977 0.6872180 0.6872180 
t4         9.0000000 3.2381161 1.2588231 3.2381161 1.5901977 1.5901977 1.8942965 0.0000000 1.0297869 1.3744361 1.2070784 2.1983953 2.1983953 9.0000000 9.0000000 2.0310377 1.5901977 1.6785349 1.4396946 1.4396946 
t2         1.7786835 9.0000000 1.7786835 1.5901977 1.1132061 1.2070784 0.8239592 1.0297869 0.0000000 1.5111773 2.0310377 2.4141569 2.1983953 2.4141569 9.0000000 3.2381161 1.3144041 1.2588231 0.8545757 0.8545757 
t17        2.4141569 3.2381161 9.0000000 2.1983953 1.8942965 1.3744361 1.5901977 1.3744361 1.5111773 0.0000000 0.4904449 0.7126442 9.0000000 9.0000000 2.0310377 0.7945437 0.5504769 0.5299277 1.5111773 1.5111773 
t5         2.4141569 9.0000000 1.8942965 2.4141569 1.2588231 1.7786835 1.8942965 1.2070784 2.0310377 0.4904449 0.0000000 0.7389627 9.0000000 9.0000000 2.7182557 1.0297869 0.6872180 0.6626257 1.3744361 1.3744361 
t15        1.7786835 9.0000000 2.0310377 9.0000000 2.7182557 2.0310377 2.7182557 2.1983953 2.4141569 0.7126442 0.7389627 0.0000000 9.0000000 2.4141569 3.2381161 1.2588231 0.9198342 0.8864954 2.1983953 2.1983953 
t18        1.7786835 2.7182557 3.2381161 1.7786835 2.1983953 2.7182557 1.5111773 2.1983953 2.1983953 9.0000000 9.0000000 9.0000000 0.0000000 0.2892469 9.0000000 9.0000000 2.7182557 3.2381161 1.7786835 1.7786835 
t13        1.8942965 9.0000000 3.2381161 2.7182557 9.0000000 9.0000000 1.6785349 9.0000000 2.4141569 9.0000000 9.0000000 2.4141569 0.2892469 0.0000000 2.1983953 2.7182557 2.4141569 3.2381161 2.1983953 2.1983953 
t1         2.4141569 1.7786835 9.0000000 9.0000000 9.0000000 3.2381161 2.0310377 9.0000000 9.0000000 2.0310377 2.7182557 3.2381161 9.0000000 2.1983953 0.0000000 1.2588231 1.4396946 1.5901977 9.0000000 9.0000000 
t10        2.7182557 2.7182557 9.0000000 1.6785349 9.0000000 9.0000000 1.8942965 2.0310377 3.2381161 0.7945437 1.0297869 1.2588231 9.0000000 2.7182557 1.2588231 0.0000000 0.6157354 0.6388142 1.8942965 1.8942965 
t11        2.0310377 3.2381161 9.0000000 1.6785349 1.3744361 1.5901977 1.5901977 1.5901977 1.3144041 0.5504769 0.6872180 0.9198342 2.7182557 2.4141569 1.4396946 0.6157354 0.0000000 0.0202715 1.0297869 1.0297869 
t12        2.1983953 9.0000000 9.0000000 1.7786835 1.3144041 1.5901977 1.5901977 1.6785349 1.2588231 0.5299277 0.6626257 0.8864954 3.2381161 3.2381161 1.5901977 0.6388142 0.0202715 0.0000000 1.0297869 1.0297869 
t20        0.9913169 9.0000000 2.0310377 1.1132061 1.0703373 1.4396946 0.6872180 1.4396946 0.8545757 1.5111773 1.3744361 2.1983953 1.7786835 2.1983953 9.0000000 1.8942965 1.0297869 1.0297869 0.0000000 0.0000010 
t3         0.9913169 9.0000000 2.0310377 1.1132061 1.0703373 1.4396946 0.6872180 1.4396946 0.8545757 1.5111773 1.3744361 2.1983953 1.7786835 2.1983953 9.0000000 1.8942965 1.0297869 1.0297869 0.0000010 0.0000000 
