20
t12        0.0000000 0.8545757 0.7662384 0.7662384 0.8239592 0.8545757 0.9198342 0.6388142 0.7945437 0.7389627 0.6626257 0.6388142 0.6388142 0.9198342 0.9198342 0.6626257 0.7126442 0.5933457 0.6157354 0.6388142 
t2         0.8545757 0.0000000 0.5299277 0.5504769 0.5099265 0.6388142 0.6626257 0.5099265 0.5504769 0.5716050 0.5933457 0.6157354 0.5299277 0.9547243 0.9547243 0.5504769 0.5299277 0.5716050 0.5716050 0.5716050 
t8         0.7662384 0.5299277 0.0000000 0.6157354 0.5299277 0.5933457 0.5504769 0.3831192 0.4714565 0.4904449 0.4714565 0.5716050 0.4714565 0.8864954 0.8864954 0.4529370 0.4348639 0.4904449 0.4529370 0.4714565 
t1         0.7662384 0.5504769 0.6157354 0.0000000 0.6626257 0.6157354 0.5716050 0.4714565 0.5099265 0.4529370 0.3831192 0.4348639 0.3831192 0.9547243 0.9547243 0.5504769 0.5504769 0.5716050 0.5933457 0.5933457 
t20        0.8239592 0.5099265 0.5299277 0.6626257 0.0000000 0.3831192 0.6872180 0.4904449 0.5299277 0.6157354 0.5504769 0.6157354 0.4714565 0.8239592 0.8239592 0.5099265 0.5716050 0.5099265 0.5299277 0.5099265 
t18        0.8545757 0.6388142 0.5933457 0.6157354 0.3831192 0.0000000 0.6872180 0.5504769 0.6388142 0.5099265 0.5099265 0.5099265 0.4529370 0.7662384 0.7662384 0.5299277 0.5716050 0.5716050 0.5933457 0.5716050 
t6         0.9198342 0.6626257 0.5504769 0.5716050 0.6872180 0.6872180 0.0000000 0.5716050 0.6388142 0.6388142 0.5716050 0.5504769 0.5299277 1.1132061 1.1132061 0.2463781 0.2892469 0.5504769 0.5716050 0.5716050 
t19        0.6388142 0.5099265 0.3831192 0.4714565 0.4904449 0.5504769 0.5716050 0.0000000 0.2326162 0.3999739 0.2892469 0.3666350 0.2892469 0.7389627 0.7389627 0.4714565 0.4904449 0.3999739 0.3999739 0.3999739 
t9         0.7945437 0.5504769 0.4714565 0.5099265 0.5299277 0.6388142 0.6388142 0.2326162 0.0000000 0.3666350 0.3347153 0.4172160 0.3347153 0.9547243 0.9547243 0.5504769 0.5716050 0.4348639 0.3999739 0.3999739 
t3         0.7389627 0.5716050 0.4904449 0.4529370 0.6157354 0.5099265 0.6388142 0.3999739 0.3666350 0.0000000 0.2326162 0.2603971 0.2191023 0.9547243 0.9547243 0.5716050 0.5716050 0.4172160 0.3831192 0.3831192 
t16        0.6626257 0.5933457 0.4714565 0.3831192 0.5504769 0.5099265 0.5716050 0.2892469 0.3347153 0.2326162 0.0000000 0.1673577 0.0958750 0.7945437 0.7945437 0.4172160 0.4529370 0.3192509 0.3192509 0.3192509 
t4         0.6388142 0.6157354 0.5716050 0.4348639 0.6157354 0.5099265 0.5504769 0.3666350 0.4172160 0.2603971 0.1673577 0.0000000 0.0958750 0.8545757 0.8545757 0.4348639 0.4529370 0.3347153 0.3505054 0.3505054 
t17        0.6388142 0.5299277 0.4714565 0.3831192 0.4714565 0.4529370 0.5299277 0.2892469 0.3347153 0.2191023 0.0958750 0.0958750 0.0000000 0.6626257 0.6626257 0.4172160 0.4348639 0.2746833 0.2746833 0.2746833 
t5         0.9198342 0.9547243 0.8864954 0.9547243 0.8239592 0.7662384 1.1132061 0.7389627 0.9547243 0.9547243 0.7945437 0.8545757 0.6626257 0.0000000 0.0000010 0.9547243 0.9913169 0.6872180 0.7126442 0.7389627 
t10        0.9198342 0.9547243 0.8864954 0.9547243 0.8239592 0.7662384 1.1132061 0.7389627 0.9547243 0.9547243 0.7945437 0.8545757 0.6626257 0.0000010 0.0000000 0.9547243 0.9913169 0.6872180 0.7126442 0.7389627 
t15        0.6626257 0.5504769 0.4529370 0.5504769 0.5099265 0.5299277 0.2463781 0.4714565 0.5504769 0.5716050 0.4172160 0.4348639 0.4172160 0.9547243 0.9547243 0.0000000 0.0625362 0.4172160 0.4529370 0.4348639 
t11        0.7126442 0.5299277 0.4348639 0.5504769 0.5716050 0.5716050 0.2892469 0.4904449 0.5716050 0.5716050 0.4529370 0.4529370 0.4348639 0.9913169 0.9913169 0.0625362 0.0000000 0.4904449 0.5099265 0.5099265 
t13        0.5933457 0.5716050 0.4904449 0.5716050 0.5099265 0.5716050 0.5504769 0.3999739 0.4348639 0.4172160 0.3192509 0.3347153 0.2746833 0.6872180 0.6872180 0.4172160 0.4904449 0.0000000 0.0517447 0.0411062 
t7         0.6157354 0.5716050 0.4529370 0.5933457 0.5299277 0.5933457 0.5716050 0.3999739 0.3999739 0.3831192 0.3192509 0.3505054 0.2746833 0.7126442 0.7126442 0.4529370 0.5099265 0.0517447 0.0000000 0.0100673 
t14        0.6388142 0.5716050 0.4714565 0.5933457 0.5099265 0.5716050 0.5716050 0.3999739 0.3999739 0.3831192 0.3192509 0.3505054 0.2746833 0.7389627 0.7389627 0.4348639 0.5099265 0.0411062 0.0100673 0.0000000 
