20
t15        0.0000000 1.1132061 1.8942965 1.5111773 3.2381161 1.3144041 1.2070784 2.0310377 1.3744361 1.0703373 1.3744361 1.3144041 1.3744361 1.4396946 1.1132061 1.0703373 1.4396946 1.3144041 1.1132061 1.1132061 
t19        1.1132061 0.0000000 1.1586745 0.4529370 1.0297869 0.6157354 0.8545757 0.7389627 1.1132061 0.6872180 0.8239592 0.8239592 0.6626257 0.7126442 0.4714565 0.3347153 0.8864954 0.8864954 0.7945437 0.7945437 
t8         1.8942965 1.1586745 0.0000000 1.2588231 9.0000000 1.6785349 9.0000000 2.0310377 1.6785349 1.0297869 1.5111773 1.5901977 1.7786835 1.8942965 1.2588231 1.2070784 1.8942965 1.8942965 3.2381161 3.2381161 
t11        1.5111773 0.4529370 1.2588231 0.0000000 1.0297869 0.9198342 1.2588231 1.0297869 2.0310377 1.0297869 1.0297869 1.0297869 0.9198342 0.9547243 0.5504769 0.3666350 1.0297869 1.1132061 1.0297869 1.0297869 
t5         3.2381161 1.0297869 9.0000000 1.0297869 0.0000000 1.4396946 1.5901977 1.4396946 9.0000000 2.4141569 1.7786835 2.1983953 1.3144041 1.3744361 1.0703373 0.9198342 1.8942965 1.6785349 1.3744361 1.3744361 
t9         1.3144041 0.6157354 1.6785349 0.9198342 1.4396946 0.0000000 0.6872180 0.3347153 1.0703373 0.7126442 0.8239592 0.7126442 0.1799630 0.2603971 1.0703373 0.8545757 0.7389627 0.7389627 0.6872180 0.6872180 
t12        1.2070784 0.8545757 9.0000000 1.2588231 1.5901977 0.6872180 0.0000000 0.9198342 1.5111773 0.9547243 0.4904449 0.5504769 0.7126442 0.7662384 1.1132061 1.2070784 0.2463781 0.2746833 0.3831192 0.3831192 
t4         2.0310377 0.7389627 2.0310377 1.0297869 1.4396946 0.3347153 0.9198342 0.0000000 1.2070784 0.9547243 0.8545757 0.7662384 0.3192509 0.3666350 0.9913169 0.9547243 0.9198342 0.9198342 0.9198342 0.9198342 
t17        1.3744361 1.1132061 1.6785349 2.0310377 9.0000000 1.0703373 1.5111773 1.2070784 0.0000000 0.4714565 1.7786835 1.2588231 1.1132061 1.1586745 2.0310377 1.3144041 1.5901977 1.6785349 1.3144041 1.3144041 
t7         1.0703373 0.6872180 1.0297869 1.0297869 2.4141569 0.7126442 0.9547243 0.9547243 0.4714565 0.0000000 0.8864954 0.9547243 0.7945437 0.7662384 1.1132061 0.9198342 0.8545757 0.8545757 0.8864954 0.8864954 
t3         1.3744361 0.8239592 1.5111773 1.0297869 1.7786835 0.8239592 0.4904449 0.8545757 1.7786835 0.8864954 0.0000000 0.3831192 0.8545757 0.9198342 0.9547243 1.0297869 0.5933457 0.5716050 0.5716050 0.5716050 
t2         1.3144041 0.8239592 1.5901977 1.0297869 2.1983953 0.7126442 0.5504769 0.7662384 1.2588231 0.9547243 0.3831192 0.0000000 0.7389627 0.7945437 0.9547243 1.0703373 0.5504769 0.5716050 0.5933457 0.5933457 
t13        1.3744361 0.6626257 1.7786835 0.9198342 1.3144041 0.1799630 0.7126442 0.3192509 1.1132061 0.7945437 0.8545757 0.7389627 0.0000000 0.0734853 0.9198342 0.8864954 0.7126442 0.7126442 0.6626257 0.6626257 
t6         1.4396946 0.7126442 1.8942965 0.9547243 1.3744361 0.2603971 0.7662384 0.3666350 1.1586745 0.7662384 0.9198342 0.7945437 0.0734853 0.0000000 0.9547243 0.9198342 0.7662384 0.7662384 0.7662384 0.7662384 
t20        1.1132061 0.4714565 1.2588231 0.5504769 1.0703373 1.0703373 1.1132061 0.9913169 2.0310377 1.1132061 0.9547243 0.9547243 0.9198342 0.9547243 0.0000000 0.1673577 1.1586745 1.1132061 0.9913169 0.9913169 
t14        1.0703373 0.3347153 1.2070784 0.3666350 0.9198342 0.8545757 1.2070784 0.9547243 1.3144041 0.9198342 1.0297869 1.0703373 0.8864954 0.9198342 0.1673577 0.0000000 1.2070784 1.3144041 1.0297869 1.0297869 
t1         1.4396946 0.8864954 1.8942965 1.0297869 1.8942965 0.7389627 0.2463781 0.9198342 1.5901977 0.8545757 0.5933457 0.5504769 0.7126442 0.7662384 1.1586745 1.2070784 0.0000000 0.0411062 0.3666350 0.3666350 
t18        1.3144041 0.8864954 1.8942965 1.1132061 1.6785349 0.7389627 0.2746833 0.9198342 1.6785349 0.8545757 0.5716050 0.5716050 0.7126442 0.7662384 1.1132061 1.3144041 0.0411062 0.0000000 0.3505054 0.3505054 
t10        1.1132061 0.7945437 3.2381161 1.0297869 1.3744361 0.6872180 0.3831192 0.9198342 1.3144041 0.8864954 0.5716050 0.5933457 0.6626257 0.7662384 0.9913169 1.0297869 0.3666350 0.3505054 0.0000000 0.0000010 
t16        1.1132061 0.7945437 3.2381161 1.0297869 1.3744361 0.6872180 0.3831192 0.9198342 1.3144041 0.8864954 0.5716050 0.5933457 0.6626257 0.7662384 0.9913169 1.0297869 0.3666350 0.3505054 0.0000010 0.0000000 
