20
t17        0.0000000 2.7182557 9.0000000 2.1983953 2.7182557 3.2381161 2.4141569 9.0000000 9.0000000 9.0000000 2.7182557 9.0000000 9.0000000 9.0000000 3.2381161 2.1983953 9.0000000 9.0000000 9.0000000 9.0000000 
t6         2.7182557 0.0000000 9.0000000 1.6785349 2.0310377 9.0000000 9.0000000 9.0000000 1.6785349 1.6785349 2.0310377 1.7786835 2.0310377 1.8942965 2.7182557 2.4141569 1.7786835 1.7786835 3.2381161 9.0000000 
t18        9.0000000 9.0000000 0.0000000 2.0310377 9.0000000 2.7182557 9.0000000 9.0000000 2.7182557 9.0000000 2.7182557 9.0000000 9.0000000 9.0000000 9.0000000 9.0000000 9.0000000 9.0000000 9.0000000 2.7182557 
t12        2.1983953 1.6785349 2.0310377 0.0000000 1.6785349 2.4141569 9.0000000 9.0000000 0.7389627 1.1586745 2.7182557 2.1983953 2.4141569 9.0000000 1.6785349 1.7786835 1.0703373 0.9913169 1.4396946 1.2588231 
t13        2.7182557 2.0310377 9.0000000 1.6785349 0.0000000 3.2381161 9.0000000 2.0310377 1.4396946 1.5111773 1.1132061 0.9547243 9.0000000 9.0000000 0.9913169 1.1132061 1.8942965 1.5901977 1.3144041 1.2070784 
t3         3.2381161 9.0000000 2.7182557 2.4141569 3.2381161 0.0000000 0.5716050 0.4714565 2.7182557 9.0000000 9.0000000 9.0000000 1.7786835 9.0000000 3.2381161 2.4141569 1.7786835 1.7786835 9.0000000 2.7182557 
t10        2.4141569 9.0000000 9.0000000 9.0000000 9.0000000 0.5716050 0.0000000 0.4714565 9.0000000 9.0000000 2.4141569 2.0310377 9.0000000 9.0000000 9.0000000 9.0000000 2.7182557 2.1983953 3.2381161 2.1983953 
t20        9.0000000 9.0000000 9.0000000 9.0000000 2.0310377 0.4714565 0.4714565 0.0000000 2.4141569 1.8942965 3.2381161 1.8942965 9.0000000 9.0000000 9.0000000 3.2381161 9.0000000 1.7786835 2.1983953 1.7786835 
t19        9.0000000 1.6785349 2.7182557 0.7389627 1.4396946 2.7182557 9.0000000 2.4141569 0.0000000 0.4348639 1.6785349 1.3744361 3.2381161 2.7182557 1.4396946 1.6785349 0.2603971 0.3347153 1.4396946 1.5111773 
t4         9.0000000 1.6785349 9.0000000 1.1586745 1.5111773 9.0000000 9.0000000 1.8942965 0.4348639 0.0000000 1.7786835 2.0310377 2.0310377 9.0000000 1.3744361 1.5111773 0.5299277 0.5933457 1.7786835 1.7786835 
t7         2.7182557 2.0310377 2.7182557 2.7182557 1.1132061 9.0000000 2.4141569 3.2381161 1.6785349 1.7786835 0.0000000 0.2892469 9.0000000 9.0000000 1.2588231 1.5901977 1.8942965 2.4141569 1.6785349 1.5111773 
t16        9.0000000 1.7786835 9.0000000 2.1983953 0.9547243 9.0000000 2.0310377 1.8942965 1.3744361 2.0310377 0.2892469 0.0000000 9.0000000 9.0000000 1.4396946 1.5901977 1.7786835 1.8942965 1.6785349 1.6785349 
t15        9.0000000 2.0310377 9.0000000 2.4141569 9.0000000 1.7786835 9.0000000 9.0000000 3.2381161 2.0310377 9.0000000 9.0000000 0.0000000 1.3144041 9.0000000 9.0000000 9.0000000 9.0000000 9.0000000 9.0000000 
t8         9.0000000 1.8942965 9.0000000 9.0000000 9.0000000 9.0000000 9.0000000 9.0000000 2.7182557 9.0000000 9.0000000 9.0000000 1.3144041 0.0000000 2.4141569 2.4141569 3.2381161 2.7182557 2.7182557 2.4141569 
t11        3.2381161 2.7182557 9.0000000 1.6785349 0.9913169 3.2381161 9.0000000 9.0000000 1.4396946 1.3744361 1.2588231 1.4396946 9.0000000 2.4141569 0.0000000 0.2058276 1.4396946 1.3144041 1.3744361 1.1586745 
t14        2.1983953 2.4141569 9.0000000 1.7786835 1.1132061 2.4141569 9.0000000 3.2381161 1.6785349 1.5111773 1.5901977 1.5901977 9.0000000 2.4141569 0.2058276 0.0000000 1.7786835 1.8942965 1.6785349 1.4396946 
t9         9.0000000 1.7786835 9.0000000 1.0703373 1.8942965 1.7786835 2.7182557 9.0000000 0.2603971 0.5299277 1.8942965 1.7786835 9.0000000 3.2381161 1.4396946 1.7786835 0.0000000 0.2191023 1.6785349 1.8942965 
t5         9.0000000 1.7786835 9.0000000 0.9913169 1.5901977 1.7786835 2.1983953 1.7786835 0.3347153 0.5933457 2.4141569 1.8942965 9.0000000 2.7182557 1.3144041 1.8942965 0.2191023 0.0000000 1.5111773 1.7786835 
t1         9.0000000 3.2381161 9.0000000 1.4396946 1.3144041 9.0000000 3.2381161 2.1983953 1.4396946 1.7786835 1.6785349 1.6785349 9.0000000 2.7182557 1.3744361 1.6785349 1.6785349 1.5111773 0.0000000 0.0845966 
t2         9.0000000 9.0000000 2.7182557 1.2588231 1.2070784 2.7182557 2.1983953 1.7786835 1.5111773 1.7786835 1.5111773 1.6785349 9.0000000 2.4141569 1.1586745 1.4396946 1.8942965 1.7786835 0.0845966 0.0000000 
