20
t8         0.0000000 0.8864954 0.5299277 0.4714565 0.5716050 0.5933457 0.5504769 0.5504769 0.6388142 0.6872180 0.6388142 0.6872180 0.6626257 0.6388142 0.5933457 0.6388142 0.6626257 0.6626257 0.5716050 0.5716050 
t15        0.8864954 0.0000000 0.4348639 0.3999739 0.4714565 0.4714565 0.4714565 0.4529370 0.4904449 0.5504769 0.5504769 0.5933457 0.5299277 0.4904449 0.5504769 0.5099265 0.5099265 0.5504769 0.4714565 0.4904449 
t18        0.5299277 0.4348639 0.0000000 0.0734853 0.0845966 0.0845966 0.1073256 0.0845966 0.1307650 0.1673577 0.1189538 0.1799630 0.1673577 0.1307650 0.1073256 0.1073256 0.1189538 0.1427653 0.0306165 0.0411062 
t13        0.4714565 0.3999739 0.0734853 0.0000000 0.0734853 0.1073256 0.1189538 0.1073256 0.1427653 0.1799630 0.1549607 0.2191023 0.1799630 0.1427653 0.1307650 0.1427653 0.1549607 0.1799630 0.0845966 0.0958750 
t2         0.5716050 0.4714565 0.0845966 0.0734853 0.0000000 0.1189538 0.1307650 0.1189538 0.1549607 0.1927838 0.1673577 0.2326162 0.1799630 0.1549607 0.1549607 0.1549607 0.1673577 0.1927838 0.0734853 0.0845966 
t12        0.5933457 0.4714565 0.0845966 0.1073256 0.1189538 0.0000000 0.0845966 0.0845966 0.0845966 0.1189538 0.1673577 0.1927838 0.1189538 0.0845966 0.1549607 0.1549607 0.1673577 0.1927838 0.0958750 0.1073256 
t1         0.5504769 0.4714565 0.1073256 0.1189538 0.1307650 0.0845966 0.0000000 0.0625362 0.1073256 0.1427653 0.2058276 0.2603971 0.1549607 0.1073256 0.1927838 0.1927838 0.2058276 0.2191023 0.1307650 0.1427653 
t4         0.5504769 0.4529370 0.0845966 0.1073256 0.1189538 0.0845966 0.0625362 0.0000000 0.0958750 0.1427653 0.1799630 0.2326162 0.1549607 0.1073256 0.1673577 0.1673577 0.1799630 0.2058276 0.1073256 0.1189538 
t9         0.6388142 0.4904449 0.1307650 0.1427653 0.1549607 0.0845966 0.1073256 0.0958750 0.0000000 0.0517447 0.2191023 0.2603971 0.0625362 0.0202715 0.2058276 0.2058276 0.2191023 0.2463781 0.1307650 0.1427653 
t16        0.6872180 0.5504769 0.1673577 0.1799630 0.1927838 0.1189538 0.1427653 0.1427653 0.0517447 0.0000000 0.2463781 0.3040988 0.0958750 0.0517447 0.2463781 0.2463781 0.2603971 0.2892469 0.1673577 0.1549607 
t10        0.6388142 0.5504769 0.1189538 0.1549607 0.1673577 0.1673577 0.2058276 0.1799630 0.2191023 0.2463781 0.0000000 0.0958750 0.2326162 0.2191023 0.0517447 0.0625362 0.0411062 0.0734853 0.1307650 0.1427653 
t19        0.6872180 0.5933457 0.1799630 0.2191023 0.2326162 0.1927838 0.2603971 0.2326162 0.2603971 0.3040988 0.0958750 0.0000000 0.3040988 0.2603971 0.1073256 0.1189538 0.0958750 0.1307650 0.1927838 0.2058276 
t11        0.6626257 0.5299277 0.1673577 0.1799630 0.1799630 0.1189538 0.1549607 0.1549607 0.0625362 0.0958750 0.2326162 0.3040988 0.0000000 0.0625362 0.2463781 0.2463781 0.2463781 0.2892469 0.1673577 0.1799630 
t14        0.6388142 0.4904449 0.1307650 0.1427653 0.1549607 0.0845966 0.1073256 0.1073256 0.0202715 0.0517447 0.2191023 0.2603971 0.0625362 0.0000000 0.2058276 0.2058276 0.2191023 0.2326162 0.1307650 0.1427653 
t7         0.5933457 0.5504769 0.1073256 0.1307650 0.1549607 0.1549607 0.1927838 0.1673577 0.2058276 0.2463781 0.0517447 0.1073256 0.2463781 0.2058276 0.0000000 0.0517447 0.0517447 0.0845966 0.1189538 0.1307650 
t17        0.6388142 0.5099265 0.1073256 0.1427653 0.1549607 0.1549607 0.1927838 0.1673577 0.2058276 0.2463781 0.0625362 0.1189538 0.2463781 0.2058276 0.0517447 0.0000000 0.0625362 0.0958750 0.1189538 0.1307650 
t5         0.6626257 0.5099265 0.1189538 0.1549607 0.1673577 0.1673577 0.2058276 0.1799630 0.2191023 0.2603971 0.0411062 0.0958750 0.2463781 0.2191023 0.0517447 0.0625362 0.0000000 0.0734853 0.1307650 0.1427653 
t6         0.6626257 0.5504769 0.1427653 0.1799630 0.1927838 0.1927838 0.2191023 0.2058276 0.2463781 0.2892469 0.0734853 0.1307650 0.2892469 0.2326162 0.0845966 0.0958750 0.0734853 0.0000000 0.1549607 0.1673577 
t20        0.5716050 0.4714565 0.0306165 0.0845966 0.0734853 0.0958750 0.1307650 0.1073256 0.1307650 0.1673577 0.1307650 0.1927838 0.1673577 0.1307650 0.1189538 0.1189538 0.1307650 0.1549607 0.0000000 0.0100673 
t3         0.5716050 0.4904449 0.0411062 0.0958750 0.0845966 0.1073256 0.1427653 0.1189538 0.1427653 0.1549607 0.1427653 0.2058276 0.1799630 0.1427653 0.1307650 0.1307650 0.1427653 0.1673577 0.0100673 0.0000000 
