20
t1         0.0000000 1.7786835 0.7389627 1.2588231 1.0703373 1.0703373 0.4904449 0.6157354 1.2070784 0.4714565 1.1586745 0.5933457 1.3744361 1.3744361 0.5504769 0.7945437 0.7389627 0.9913169 0.6872180 0.7126442 
t4         1.7786835 0.0000000 1.3144041 1.7786835 1.6785349 1.1132061 0.9913169 1.4396946 1.8942965 1.4396946 1.4396946 1.5111773 9.0000000 1.5111773 1.2588231 1.4396946 1.3744361 1.7786835 1.3144041 1.3744361 
t10        0.7389627 1.3144041 0.0000000 0.7945437 0.6157354 1.1132061 0.5504769 0.5504769 0.7945437 0.5504769 0.6157354 0.4529370 0.8864954 1.0703373 0.3347153 0.5099265 0.7126442 0.9913169 0.4348639 0.4348639 
t13        1.2588231 1.7786835 0.7945437 0.0000000 1.3744361 1.2588231 1.1586745 1.2070784 1.2588231 1.1132061 0.8864954 0.9198342 1.3144041 1.5111773 0.9198342 1.2588231 1.0297869 1.3144041 1.0297869 1.0297869 
t5         1.0703373 1.6785349 0.6157354 1.3744361 0.0000000 1.2070784 0.8239592 0.6157354 0.9198342 0.7945437 0.7945437 0.5716050 1.3744361 1.2070784 0.3831192 0.4348639 0.9547243 1.3144041 0.3999739 0.4172160 
t14        1.0703373 1.1132061 1.1132061 1.2588231 1.2070784 0.0000000 0.5299277 0.7389627 0.9547243 1.0297869 1.5111773 1.0703373 2.1983953 1.7786835 0.8864954 1.2588231 1.1132061 1.0703373 0.9198342 1.0703373 
t2         0.4904449 0.9913169 0.5504769 1.1586745 0.8239592 0.5299277 0.0000000 0.3192509 0.6872180 0.6157354 0.9913169 0.6388142 1.5901977 1.2588231 0.5099265 0.7389627 0.8545757 0.9547243 0.6157354 0.6157354 
t18        0.6157354 1.4396946 0.5504769 1.2070784 0.6157354 0.7389627 0.3192509 0.0000000 0.4172160 0.5299277 0.8864954 0.6626257 1.3744361 1.0703373 0.4714565 0.5933457 0.7662384 0.9547243 0.5716050 0.5716050 
t3         1.2070784 1.8942965 0.7945437 1.2588231 0.9198342 0.9547243 0.6872180 0.4172160 0.0000000 1.0297869 1.1132061 0.9547243 1.8942965 1.5111773 0.7662384 0.8545757 1.1586745 1.4396946 0.8864954 0.8864954 
t19        0.4714565 1.4396946 0.5504769 1.1132061 0.7945437 1.0297869 0.6157354 0.5299277 1.0297869 0.0000000 0.8864954 0.5504769 1.3744361 1.5901977 0.4714565 0.6388142 0.5504769 0.8545757 0.5933457 0.5716050 
t17        1.1586745 1.4396946 0.6157354 0.8864954 0.7945437 1.5111773 0.9913169 0.8864954 1.1132061 0.8864954 0.0000000 0.7126442 0.4529370 0.7126442 0.5716050 0.6872180 0.9198342 1.3144041 0.5504769 0.6157354 
t8         0.5933457 1.5111773 0.4529370 0.9198342 0.5716050 1.0703373 0.6388142 0.6626257 0.9547243 0.5504769 0.7126442 0.0000000 1.1586745 1.3744361 0.1073256 0.2746833 0.8864954 1.2588231 0.1927838 0.2191023 
t7         1.3744361 9.0000000 0.8864954 1.3144041 1.3744361 2.1983953 1.5901977 1.3744361 1.8942965 1.3744361 0.4529370 1.1586745 0.0000000 0.6388142 0.9547243 1.0297869 1.3144041 2.0310377 0.8239592 0.9913169 
t15        1.3744361 1.5111773 1.0703373 1.5111773 1.2070784 1.7786835 1.2588231 1.0703373 1.5111773 1.5901977 0.7126442 1.3744361 0.6388142 0.0000000 1.0297869 1.0703373 1.2070784 1.6785349 1.0703373 1.0703373 
t16        0.5504769 1.2588231 0.3347153 0.9198342 0.3831192 0.8864954 0.5099265 0.4714565 0.7662384 0.4714565 0.5716050 0.1073256 0.9547243 1.0297869 0.0000000 0.1549607 0.6626257 1.0297869 0.0734853 0.1073256 
t11        0.7945437 1.4396946 0.5099265 1.2588231 0.4348639 1.2588231 0.7389627 0.5933457 0.8545757 0.6388142 0.6872180 0.2746833 1.0297869 1.0703373 0.1549607 0.0000000 0.8864954 1.2070784 0.1427653 0.1549607 
t6         0.7389627 1.3744361 0.7126442 1.0297869 0.9547243 1.1132061 0.8545757 0.7662384 1.1586745 0.5504769 0.9198342 0.8864954 1.3144041 1.2070784 0.6626257 0.8864954 0.0000000 0.3505054 0.7662384 0.7126442 
t12        0.9913169 1.7786835 0.9913169 1.3144041 1.3144041 1.0703373 0.9547243 0.9547243 1.4396946 0.8545757 1.3144041 1.2588231 2.0310377 1.6785349 1.0297869 1.2070784 0.3505054 0.0000000 1.1586745 1.1586745 
t20        0.6872180 1.3144041 0.4348639 1.0297869 0.3999739 0.9198342 0.6157354 0.5716050 0.8864954 0.5933457 0.5504769 0.1927838 0.8239592 1.0703373 0.0734853 0.1427653 0.7662384 1.1586745 0.0000000 0.0958750 
t9         0.7126442 1.3744361 0.4348639 1.0297869 0.4172160 1.0703373 0.6157354 0.5716050 0.8864954 0.5716050 0.6157354 0.2191023 0.9913169 1.0703373 0.1073256 0.1549607 0.7126442 1.1586745 0.0958750 0.0000000 
