20
t1         0.0000000 2.0310377 9.0000000 1.8942965 2.4141569 2.0310377 2.7182557 9.0000000 2.4141569 9.0000000 9.0000000 2.1983953 3.2381161 3.2381161 2.1983953 1.7786835 2.4141569 2.4141569 3.2381161 2.7182557 
t15        2.0310377 0.0000000 1.8942965 2.1983953 1.2070784 1.2588231 1.3744361 0.8864954 1.2588231 1.1132061 1.1586745 0.9198342 0.9198342 1.5901977 2.7182557 1.5901977 1.5901977 1.5901977 1.7786835 1.6785349 
t4         9.0000000 1.8942965 0.0000000 1.7786835 0.9198342 9.0000000 2.7182557 1.1132061 0.9547243 1.1586745 0.9913169 9.0000000 3.2381161 0.8545757 1.5111773 1.3144041 0.6388142 0.6157354 0.6872180 0.6872180 
t6         1.8942965 2.1983953 1.7786835 0.0000000 1.5111773 9.0000000 3.2381161 1.6785349 1.5901977 2.0310377 3.2381161 9.0000000 2.1983953 0.8545757 1.7786835 1.8942965 0.9198342 0.9198342 1.0703373 1.0703373 
t19        2.4141569 1.2070784 0.9198342 1.5111773 0.0000000 1.3744361 1.1132061 0.3347153 0.8239592 0.4904449 0.5933457 1.6785349 1.8942965 1.1132061 1.1132061 1.0297869 1.2588231 1.2588231 1.2588231 1.2588231 
t7         2.0310377 1.2588231 9.0000000 9.0000000 1.3744361 0.0000000 0.3666350 1.6785349 1.5901977 1.8942965 1.5111773 0.8545757 0.6388142 2.1983953 2.0310377 1.8942965 2.4141569 2.4141569 1.8942965 2.0310377 
t16        2.7182557 1.3744361 2.7182557 3.2381161 1.1132061 0.3666350 0.0000000 1.5111773 1.7786835 1.5901977 1.5111773 1.0703373 0.9198342 2.4141569 3.2381161 2.1983953 2.7182557 2.7182557 2.0310377 2.0310377 
t20        9.0000000 0.8864954 1.1132061 1.6785349 0.3347153 1.6785349 1.5111773 0.0000000 0.6388142 0.2463781 0.4348639 1.5111773 9.0000000 1.2588231 0.8864954 0.8864954 1.3144041 1.3144041 1.3744361 1.4396946 
t8         2.4141569 1.2588231 0.9547243 1.5901977 0.8239592 1.5901977 1.7786835 0.6388142 0.0000000 0.7662384 1.2588231 1.8942965 2.7182557 0.9913169 0.3347153 0.2463781 1.1132061 1.0703373 1.2070784 1.2588231 
t9         9.0000000 1.1132061 1.1586745 2.0310377 0.4904449 1.8942965 1.5901977 0.2463781 0.7662384 0.0000000 0.5299277 2.0310377 3.2381161 1.3744361 1.2070784 0.9913169 1.6785349 1.6785349 1.6785349 1.7786835 
t13        9.0000000 1.1586745 0.9913169 3.2381161 0.5933457 1.5111773 1.5111773 0.4348639 1.2588231 0.5299277 0.0000000 1.6785349 9.0000000 1.3744361 2.0310377 1.8942965 1.6785349 1.6785349 1.5901977 1.7786835 
t18        2.1983953 0.9198342 9.0000000 9.0000000 1.6785349 0.8545757 1.0703373 1.5111773 1.8942965 2.0310377 1.6785349 0.0000000 0.6157354 1.7786835 2.7182557 3.2381161 2.7182557 2.7182557 2.0310377 2.7182557 
t12        3.2381161 0.9198342 3.2381161 2.1983953 1.8942965 0.6388142 0.9198342 9.0000000 2.7182557 3.2381161 9.0000000 0.6157354 0.0000000 1.6785349 3.2381161 2.4141569 2.4141569 2.1983953 1.8942965 1.8942965 
t3         3.2381161 1.5901977 0.8545757 0.8545757 1.1132061 2.1983953 2.4141569 1.2588231 0.9913169 1.3744361 1.3744361 1.7786835 1.6785349 0.0000000 1.1586745 1.5111773 0.3999739 0.3831192 0.5099265 0.4904449 
t14        2.1983953 2.7182557 1.5111773 1.7786835 1.1132061 2.0310377 3.2381161 0.8864954 0.3347153 1.2070784 2.0310377 2.7182557 3.2381161 1.1586745 0.0000000 0.2463781 1.2588231 1.2070784 1.4396946 1.4396946 
t5         1.7786835 1.5901977 1.3144041 1.8942965 1.0297869 1.8942965 2.1983953 0.8864954 0.2463781 0.9913169 1.8942965 3.2381161 2.4141569 1.5111773 0.2463781 0.0000000 1.2588231 1.2588231 1.5901977 1.4396946 
t10        2.4141569 1.5901977 0.6388142 0.9198342 1.2588231 2.4141569 2.7182557 1.3144041 1.1132061 1.6785349 1.6785349 2.7182557 2.4141569 0.3999739 1.2588231 1.2588231 0.0000000 0.0100673 0.1189538 0.1073256 
t11        2.4141569 1.5901977 0.6157354 0.9198342 1.2588231 2.4141569 2.7182557 1.3144041 1.0703373 1.6785349 1.6785349 2.7182557 2.1983953 0.3831192 1.2070784 1.2588231 0.0100673 0.0000000 0.1073256 0.0958750 
t2         3.2381161 1.7786835 0.6872180 1.0703373 1.2588231 1.8942965 2.0310377 1.3744361 1.2070784 1.6785349 1.5901977 2.0310377 1.8942965 0.5099265 1.4396946 1.5901977 0.1189538 0.1073256 0.0000000 0.0306165 
t17        2.7182557 1.6785349 0.6872180 1.0703373 1.2588231 2.0310377 2.0310377 1.4396946 1.2588231 1.7786835 1.7786835 2.7182557 1.8942965 0.4904449 1.4396946 1.4396946 0.1073256 0.0958750 0.0306165 0.0000000 
