20
t13        0.0000000 1.1586745 2.4141569 3.2381161 1.5111773 1.4396946 1.5901977 1.6785349 2.1983953 1.5111773 1.7786835 1.7786835 1.7786835 1.8942965 1.3744361 1.3144041 1.3744361 1.4396946 1.8942965 1.6785349 
t2         1.1586745 0.0000000 2.0310377 1.3144041 1.5901977 1.5111773 1.4396946 2.7182557 2.7182557 1.8942965 1.5901977 3.2381161 1.3744361 1.7786835 2.0310377 1.5901977 1.6785349 1.8942965 1.6785349 1.3744361 
t4         2.4141569 2.0310377 0.0000000 1.4396946 9.0000000 1.2588231 1.2070784 1.5901977 1.5111773 2.1983953 9.0000000 1.8942965 1.5111773 1.4396946 2.1983953 2.1983953 2.1983953 2.4141569 2.4141569 1.6785349 
t7         3.2381161 1.3144041 1.4396946 0.0000000 1.2070784 2.1983953 1.5111773 2.4141569 1.5901977 1.5901977 2.7182557 1.8942965 1.2070784 1.4396946 2.4141569 2.4141569 3.2381161 2.0310377 3.2381161 1.8942965 
t6         1.5111773 1.5901977 9.0000000 1.2070784 0.0000000 9.0000000 1.2070784 2.4141569 1.7786835 9.0000000 2.1983953 1.7786835 1.1586745 1.6785349 9.0000000 9.0000000 3.2381161 3.2381161 2.1983953 1.8942965 
t16        1.4396946 1.5111773 1.2588231 2.1983953 9.0000000 0.0000000 1.4396946 0.9547243 1.1132061 0.4529370 1.6785349 1.3744361 1.2588231 1.4396946 0.6872180 0.6626257 0.9913169 0.9547243 0.6626257 0.6872180 
t20        1.5901977 1.4396946 1.2070784 1.5111773 1.2070784 1.4396946 0.0000000 2.0310377 1.4396946 1.6785349 2.4141569 2.4141569 0.5099265 0.6872180 1.7786835 1.5111773 1.8942965 1.5901977 1.6785349 1.8942965 
t18        1.6785349 2.7182557 1.5901977 2.4141569 2.4141569 0.9547243 2.0310377 0.0000000 0.6157354 0.8545757 2.7182557 3.2381161 1.3744361 1.8942965 1.2070784 0.9547243 1.8942965 1.5901977 1.2588231 1.1132061 
t8         2.1983953 2.7182557 1.5111773 1.5901977 1.7786835 1.1132061 1.4396946 0.6157354 0.0000000 1.0703373 2.1983953 2.0310377 1.2070784 1.5901977 0.9547243 1.1586745 1.4396946 1.7786835 1.2070784 1.2070784 
t9         1.5111773 1.8942965 2.1983953 1.5901977 9.0000000 0.4529370 1.6785349 0.8545757 1.0703373 0.0000000 1.3144041 1.2070784 1.2588231 1.6785349 0.4714565 0.4172160 0.6626257 0.6626257 0.4348639 0.4348639 
t5         1.7786835 1.5901977 9.0000000 2.7182557 2.1983953 1.6785349 2.4141569 2.7182557 2.1983953 1.3144041 0.0000000 0.5933457 1.5901977 2.1983953 1.6785349 2.4141569 1.8942965 1.6785349 1.4396946 1.8942965 
t1         1.7786835 3.2381161 1.8942965 1.8942965 1.7786835 1.3744361 2.4141569 3.2381161 2.0310377 1.2070784 0.5933457 0.0000000 1.3144041 1.4396946 1.2070784 2.0310377 1.6785349 1.5111773 1.5901977 1.2070784 
t19        1.7786835 1.3744361 1.5111773 1.2070784 1.1586745 1.2588231 0.5099265 1.3744361 1.2070784 1.2588231 1.5901977 1.3144041 0.0000000 0.4714565 1.5111773 1.3744361 1.8942965 1.7786835 1.5901977 1.3144041 
t12        1.8942965 1.7786835 1.4396946 1.4396946 1.6785349 1.4396946 0.6872180 1.8942965 1.5901977 1.6785349 2.1983953 1.4396946 0.4714565 0.0000000 2.7182557 1.5111773 1.8942965 9.0000000 2.1983953 2.0310377 
t11        1.3744361 2.0310377 2.1983953 2.4141569 9.0000000 0.6872180 1.7786835 1.2070784 0.9547243 0.4714565 1.6785349 1.2070784 1.5111773 2.7182557 0.0000000 0.4348639 0.8864954 1.0703373 0.5716050 0.4529370 
t15        1.3144041 1.5901977 2.1983953 2.4141569 9.0000000 0.6626257 1.5111773 0.9547243 1.1586745 0.4172160 2.4141569 2.0310377 1.3744361 1.5111773 0.4348639 0.0000000 0.9198342 0.9547243 0.4904449 0.4904449 
t14        1.3744361 1.6785349 2.1983953 3.2381161 3.2381161 0.9913169 1.8942965 1.8942965 1.4396946 0.6626257 1.8942965 1.6785349 1.8942965 1.8942965 0.8864954 0.9198342 0.0000000 0.5299277 0.6388142 0.9198342 
t17        1.4396946 1.8942965 2.4141569 2.0310377 3.2381161 0.9547243 1.5901977 1.5901977 1.7786835 0.6626257 1.6785349 1.5111773 1.7786835 9.0000000 1.0703373 0.9547243 0.5299277 0.0000000 0.6388142 0.8864954 
t3         1.8942965 1.6785349 2.4141569 3.2381161 2.1983953 0.6626257 1.6785349 1.2588231 1.2070784 0.4348639 1.4396946 1.5901977 1.5901977 2.1983953 0.5716050 0.4904449 0.6388142 0.6388142 0.0000000 0.3831192 
t10        1.6785349 1.3744361 1.6785349 1.8942965 1.8942965 0.6872180 1.8942965 1.1132061 1.2070784 0.4348639 1.8942965 1.2070784 1.3144041 2.0310377 0.4529370 0.4904449 0.9198342 0.8864954 0.3831192 0.0000000 
