20
t4         0.0000000 9.0000000 9.0000000 9.0000000 9.0000000 3.2381161 3.2381161 9.0000000 9.0000000 3.2381161 2.7182557 1.5111773 9.0000000 9.0000000 9.0000000 9.0000000 9.0000000 2.4141569 9.0000000 9.0000000 
t19        9.0000000 0.0000000 1.4396946 1.8942965 1.8942965 1.7786835 1.6785349 2.0310377 1.5111773 9.0000000 1.6785349 9.0000000 1.7786835 9.0000000 9.0000000 1.7786835 2.0310377 2.4141569 1.6785349 1.6785349 
t11        9.0000000 1.4396946 0.0000000 0.4348639 1.4396946 1.3744361 1.5111773 0.6626257 0.8545757 0.9198342 0.6157354 1.4396946 0.4714565 0.8239592 0.7945437 0.5299277 1.5111773 1.3744361 0.6388142 0.6388142 
t8         9.0000000 1.8942965 0.4348639 0.0000000 1.3144041 1.5111773 1.6785349 0.8864954 1.1586745 0.9547243 0.7389627 1.3744361 0.5299277 0.9547243 0.7945437 0.6388142 1.4396946 1.2070784 0.6872180 0.6872180 
t2         9.0000000 1.8942965 1.4396946 1.3144041 0.0000000 1.1586745 0.3999739 1.7786835 2.1983953 1.8942965 1.5901977 2.4141569 1.8942965 2.0310377 1.3744361 1.8942965 1.6785349 3.2381161 2.7182557 2.7182557 
t1         3.2381161 1.7786835 1.3744361 1.5111773 1.1586745 0.0000000 1.0297869 9.0000000 2.1983953 2.7182557 1.7786835 2.0310377 1.3744361 2.7182557 2.0310377 1.2070784 2.4141569 2.7182557 1.2070784 1.2070784 
t15        3.2381161 1.6785349 1.5111773 1.6785349 0.3999739 1.0297869 0.0000000 1.8942965 2.4141569 2.7182557 2.4141569 9.0000000 1.6785349 2.1983953 1.5901977 1.6785349 2.7182557 9.0000000 1.8942965 1.8942965 
t7         9.0000000 2.0310377 0.6626257 0.8864954 1.7786835 9.0000000 1.8942965 0.0000000 1.0703373 0.9913169 1.1132061 3.2381161 0.7126442 0.6626257 0.4348639 0.7389627 1.5111773 1.2588231 0.8545757 0.8545757 
t5         9.0000000 1.5111773 0.8545757 1.1586745 2.1983953 2.1983953 2.4141569 1.0703373 0.0000000 0.7126442 0.5933457 1.6785349 0.6157354 1.1132061 0.8864954 0.6872180 1.2588231 1.3744361 0.7945437 0.7945437 
t6         3.2381161 9.0000000 0.9198342 0.9547243 1.8942965 2.7182557 2.7182557 0.9913169 0.7126442 0.0000000 0.6388142 1.8942965 0.7126442 1.1586745 0.9547243 0.6388142 1.6785349 1.5111773 0.8545757 0.8545757 
t3         2.7182557 1.6785349 0.6157354 0.7389627 1.5901977 1.7786835 2.4141569 1.1132061 0.5933457 0.6388142 0.0000000 0.9547243 0.4348639 0.9198342 0.7945437 0.5299277 1.5901977 1.5111773 0.5933457 0.5933457 
t9         1.5111773 9.0000000 1.4396946 1.3744361 2.4141569 2.0310377 9.0000000 3.2381161 1.6785349 1.8942965 0.9547243 0.0000000 0.9913169 2.7182557 1.8942965 1.2070784 9.0000000 2.1983953 1.2588231 1.2588231 
t14        9.0000000 1.7786835 0.4714565 0.5299277 1.8942965 1.3744361 1.6785349 0.7126442 0.6157354 0.7126442 0.4348639 0.9913169 0.0000000 0.7389627 0.5299277 0.0958750 1.4396946 1.2070784 0.1673577 0.1673577 
t17        9.0000000 9.0000000 0.8239592 0.9547243 2.0310377 2.7182557 2.1983953 0.6626257 1.1132061 1.1586745 0.9198342 2.7182557 0.7389627 0.0000000 0.4529370 0.7662384 1.3744361 1.5111773 0.9547243 0.9547243 
t18        9.0000000 9.0000000 0.7945437 0.7945437 1.3744361 2.0310377 1.5901977 0.4348639 0.8864954 0.9547243 0.7945437 1.8942965 0.5299277 0.4529370 0.0000000 0.5933457 1.6785349 1.3744361 0.7389627 0.7389627 
t12        9.0000000 1.7786835 0.5299277 0.6388142 1.8942965 1.2070784 1.6785349 0.7389627 0.6872180 0.6388142 0.5299277 1.2070784 0.0958750 0.7662384 0.5933457 0.0000000 1.3744361 1.2070784 0.1673577 0.1673577 
t20        9.0000000 2.0310377 1.5111773 1.4396946 1.6785349 2.4141569 2.7182557 1.5111773 1.2588231 1.6785349 1.5901977 9.0000000 1.4396946 1.3744361 1.6785349 1.3744361 0.0000000 0.2058276 1.6785349 1.6785349 
t13        2.4141569 2.4141569 1.3744361 1.2070784 3.2381161 2.7182557 9.0000000 1.2588231 1.3744361 1.5111773 1.5111773 2.1983953 1.2070784 1.5111773 1.3744361 1.2070784 0.2058276 0.0000000 1.4396946 1.4396946 
t10        9.0000000 1.6785349 0.6388142 0.6872180 2.7182557 1.2070784 1.8942965 0.8545757 0.7945437 0.8545757 0.5933457 1.2588231 0.1673577 0.9547243 0.7389627 0.1673577 1.6785349 1.4396946 0.0000000 0.0000010 
t16        9.0000000 1.6785349 0.6388142 0.6872180 2.7182557 1.2070784 1.8942965 0.8545757 0.7945437 0.8545757 0.5933457 1.2588231 0.1673577 0.9547243 0.7389627 0.1673577 1.6785349 1.4396946 0.0000010 0.0000000 
