20
t3         0.0000000 1.4396946 1.8942965 2.1983953 1.5111773 1.1132061 1.5901977 1.5111773 1.4396946 1.3744361 1.3744361 1.3744361 1.7786835 1.5111773 1.3744361 1.3744361 2.7182557 2.1983953 1.3144041 2.0310377 
t14        1.4396946 0.0000000 1.2070784 1.2588231 1.6785349 1.6785349 1.5901977 1.2588231 1.8942965 1.1586745 1.4396946 1.3144041 2.7182557 1.5901977 2.0310377 2.0310377 1.3744361 0.9547243 2.0310377 1.5901977 
t2         1.8942965 1.2070784 0.0000000 1.6785349 1.7786835 2.4141569 1.8942965 2.0310377 1.8942965 1.8942965 2.1983953 1.6785349 3.2381161 2.4141569 2.0310377 1.5901977 1.8942965 2.4141569 2.4141569 3.2381161 
t10        2.1983953 1.2588231 1.6785349 0.0000000 0.8239592 0.9198342 1.1586745 1.2588231 1.3744361 1.1586745 1.6785349 2.4141569 1.0703373 1.3744361 1.7786835 1.4396946 1.4396946 1.4396946 1.1586745 1.1586745 
t20        1.5111773 1.6785349 1.7786835 0.8239592 0.0000000 0.8239592 2.1983953 1.7786835 1.6785349 1.4396946 2.1983953 2.0310377 1.3744361 2.0310377 9.0000000 2.0310377 1.5111773 1.6785349 1.7786835 1.5901977 
t13        1.1132061 1.6785349 2.4141569 0.9198342 0.8239592 0.0000000 1.4396946 1.6785349 1.7786835 1.7786835 1.3744361 1.5111773 1.3144041 1.7786835 2.0310377 1.7786835 2.1983953 3.2381161 1.4396946 1.5901977 
t18        1.5901977 1.5901977 1.8942965 1.1586745 2.1983953 1.4396946 0.0000000 1.2588231 0.7662384 1.1132061 1.2588231 1.5901977 0.9198342 0.8545757 0.9547243 0.8545757 1.2070784 1.1586745 0.7389627 0.8864954 
t9         1.5111773 1.2588231 2.0310377 1.2588231 1.7786835 1.6785349 1.2588231 0.0000000 1.3144041 1.5111773 1.2070784 1.4396946 1.6785349 1.4396946 1.7786835 1.3744361 0.7389627 0.6872180 1.3744361 1.6785349 
t6         1.4396946 1.8942965 1.8942965 1.3744361 1.6785349 1.7786835 0.7662384 1.3144041 0.0000000 0.4529370 0.8864954 1.3744361 1.1586745 1.2070784 0.8239592 0.7945437 1.2588231 1.1586745 0.6626257 0.7126442 
t7         1.3744361 1.1586745 1.8942965 1.1586745 1.4396946 1.7786835 1.1132061 1.5111773 0.4529370 0.0000000 1.1132061 1.3744361 1.2588231 1.1586745 1.1132061 1.0297869 1.4396946 1.2588231 0.8864954 1.0703373 
t11        1.3744361 1.4396946 2.1983953 1.6785349 2.1983953 1.3744361 1.2588231 1.2070784 0.8864954 1.1132061 0.0000000 0.3999739 1.4396946 1.5901977 1.0703373 1.1586745 1.8942965 1.7786835 0.9913169 1.2070784 
t8         1.3744361 1.3144041 1.6785349 2.4141569 2.0310377 1.5111773 1.5901977 1.4396946 1.3744361 1.3744361 0.3999739 0.0000000 1.7786835 1.6785349 1.2588231 1.0703373 2.0310377 1.7786835 0.9913169 1.2588231 
t12        1.7786835 2.7182557 3.2381161 1.0703373 1.3744361 1.3144041 0.9198342 1.6785349 1.1586745 1.2588231 1.4396946 1.7786835 0.0000000 0.3040988 0.5504769 0.5099265 3.2381161 9.0000000 0.7945437 1.0703373 
t19        1.5111773 1.5901977 2.4141569 1.3744361 2.0310377 1.7786835 0.8545757 1.4396946 1.2070784 1.1586745 1.5901977 1.6785349 0.3040988 0.0000000 0.5716050 0.5716050 9.0000000 9.0000000 1.0703373 1.3744361 
t5         1.3744361 2.0310377 2.0310377 1.7786835 9.0000000 2.0310377 0.9547243 1.7786835 0.8239592 1.1132061 1.0703373 1.2588231 0.5504769 0.5716050 0.0000000 0.2463781 2.0310377 2.1983953 0.8864954 1.0703373 
t1         1.3744361 2.0310377 1.5901977 1.4396946 2.0310377 1.7786835 0.8545757 1.3744361 0.7945437 1.0297869 1.1586745 1.0703373 0.5099265 0.5716050 0.2463781 0.0000000 1.5111773 1.6785349 0.8864954 1.1132061 
t15        2.7182557 1.3744361 1.8942965 1.4396946 1.5111773 2.1983953 1.2070784 0.7389627 1.2588231 1.4396946 1.8942965 2.0310377 3.2381161 9.0000000 2.0310377 1.5111773 0.0000000 0.1799630 1.1586745 0.9913169 
t4         2.1983953 0.9547243 2.4141569 1.4396946 1.6785349 3.2381161 1.1586745 0.6872180 1.1586745 1.2588231 1.7786835 1.7786835 9.0000000 9.0000000 2.1983953 1.6785349 0.1799630 0.0000000 1.3744361 1.2070784 
t17        1.3144041 2.0310377 2.4141569 1.1586745 1.7786835 1.4396946 0.7389627 1.3744361 0.6626257 0.8864954 0.9913169 0.9913169 0.7945437 1.0703373 0.8864954 0.8864954 1.1586745 1.3744361 0.0000000 0.1799630 
t16        2.0310377 1.5901977 3.2381161 1.1586745 1.5901977 1.5901977 0.8864954 1.6785349 0.7126442 1.0703373 1.2070784 1.2588231 1.0703373 1.3744361 1.0703373 1.1132061 0.9913169 1.2070784 0.1799630 0.0000000 
