20
t14        0.0000000 0.3831192 0.4714565 0.9547243 0.2603971 0.2326162 0.5299277 0.2746833 0.6157354 0.3999739 0.4714565 0.3666350 0.3040988 0.3831192 0.3505054 0.5099265 0.3347153 0.5099265 0.4529370 0.4714565 
t13        0.3831192 0.0000000 0.6157354 1.2588231 0.4904449 0.4529370 0.7945437 0.5504769 0.8239592 0.6872180 0.6157354 0.6388142 0.5716050 0.6626257 0.6388142 0.6626257 0.5099265 0.7389627 0.6157354 0.6872180 
t3         0.4714565 0.6157354 0.0000000 1.1132061 0.5299277 0.5504769 0.6626257 0.5933457 1.1132061 0.8239592 0.7662384 0.7945437 0.7126442 0.6388142 0.5933457 0.7126442 0.6388142 0.7662384 0.7662384 0.7662384 
t15        0.9547243 1.2588231 1.1132061 0.0000000 1.0297869 0.9547243 1.1586745 0.9913169 1.4396946 1.0297869 1.1586745 1.1586745 1.0703373 1.0703373 1.2070784 1.3744361 1.2070784 1.3744361 1.5111773 1.3744361 
t5         0.2603971 0.4904449 0.5299277 1.0297869 0.0000000 0.2603971 0.5504769 0.3347153 0.8239592 0.6872180 0.7126442 0.6388142 0.5504769 0.5504769 0.3999739 0.6626257 0.4904449 0.6872180 0.6626257 0.6626257 
t16        0.2326162 0.4529370 0.5504769 0.9547243 0.2603971 0.0000000 0.6388142 0.3666350 0.7662384 0.5716050 0.6157354 0.6157354 0.5299277 0.4529370 0.4348639 0.6626257 0.4904449 0.6626257 0.5504769 0.5716050 
t11        0.5299277 0.7945437 0.6626257 1.1586745 0.5504769 0.6388142 0.0000000 0.4172160 0.9198342 0.8864954 0.7945437 0.7945437 0.7126442 0.5299277 0.5099265 0.9913169 0.7389627 0.8239592 0.8545757 0.8239592 
t1         0.2746833 0.5504769 0.5933457 0.9913169 0.3347153 0.3666350 0.4172160 0.0000000 0.8239592 0.6872180 0.6872180 0.5504769 0.5299277 0.2892469 0.2746833 0.7126442 0.5099265 0.7662384 0.7126442 0.7389627 
t4         0.6157354 0.8239592 1.1132061 1.4396946 0.8239592 0.7662384 0.9198342 0.8239592 0.0000000 0.2746833 0.3040988 0.6157354 0.5933457 0.7945437 0.7945437 0.6157354 0.5099265 0.3831192 0.3347153 0.3040988 
t12        0.3999739 0.6872180 0.8239592 1.0297869 0.6872180 0.5716050 0.8864954 0.6872180 0.2746833 0.0000000 0.1927838 0.4904449 0.4172160 0.5716050 0.6388142 0.5099265 0.3999739 0.2603971 0.2191023 0.1927838 
t6         0.4714565 0.6157354 0.7662384 1.1586745 0.7126442 0.6157354 0.7945437 0.6872180 0.3040988 0.1927838 0.0000000 0.5933457 0.5099265 0.6157354 0.6872180 0.5933457 0.4529370 0.2892469 0.2603971 0.2326162 
t17        0.3666350 0.6388142 0.7945437 1.1586745 0.6388142 0.6157354 0.7945437 0.5504769 0.6157354 0.4904449 0.5933457 0.0000000 0.0411062 0.6388142 0.6626257 0.5504769 0.4172160 0.6388142 0.5716050 0.5933457 
t18        0.3040988 0.5716050 0.7126442 1.0703373 0.5504769 0.5299277 0.7126442 0.5299277 0.5933457 0.4172160 0.5099265 0.0411062 0.0000000 0.5933457 0.5933457 0.4904449 0.3666350 0.5504769 0.4904449 0.5099265 
t7         0.3831192 0.6626257 0.6388142 1.0703373 0.5504769 0.4529370 0.5299277 0.2892469 0.7945437 0.5716050 0.6157354 0.6388142 0.5933457 0.0000000 0.1673577 0.7945437 0.5933457 0.6157354 0.5933457 0.5933457 
t9         0.3505054 0.6388142 0.5933457 1.2070784 0.3999739 0.4348639 0.5099265 0.2746833 0.7945437 0.6388142 0.6872180 0.6626257 0.5933457 0.1673577 0.0000000 0.7389627 0.5504769 0.5716050 0.5504769 0.5716050 
t2         0.5099265 0.6626257 0.7126442 1.3744361 0.6626257 0.6626257 0.9913169 0.7126442 0.6157354 0.5099265 0.5933457 0.5504769 0.4904449 0.7945437 0.7389627 0.0000000 0.1927838 0.5716050 0.5299277 0.4714565 
t19        0.3347153 0.5099265 0.6388142 1.2070784 0.4904449 0.4904449 0.7389627 0.5099265 0.5099265 0.3999739 0.4529370 0.4172160 0.3666350 0.5933457 0.5504769 0.1927838 0.0000000 0.4529370 0.4714565 0.4172160 
t10        0.5099265 0.7389627 0.7662384 1.3744361 0.6872180 0.6626257 0.8239592 0.7662384 0.3831192 0.2603971 0.2892469 0.6388142 0.5504769 0.6157354 0.5716050 0.5716050 0.4529370 0.0000000 0.1189538 0.0958750 
t20        0.4529370 0.6157354 0.7662384 1.5111773 0.6626257 0.5504769 0.8545757 0.7126442 0.3347153 0.2191023 0.2603971 0.5716050 0.4904449 0.5933457 0.5504769 0.5299277 0.4714565 0.1189538 0.0000000 0.0517447 
t8         0.4714565 0.6872180 0.7662384 1.3744361 0.6626257 0.5716050 0.8239592 0.7389627 0.3040988 0.1927838 0.2326162 0.5933457 0.5099265 0.5933457 0.5716050 0.4714565 0.4172160 0.0958750 0.0517447 0.0000000 
