20
t4         0.0000000 0.9198342 1.0297869 0.9547243 0.9547243 1.0297869 0.9198342 1.1586745 1.1586745 1.3144041 0.9547243 1.2588231 1.1586745 1.0703373 1.1586745 1.1586745 1.2588231 1.4396946 1.2070784 1.4396946 
t13        0.9198342 0.0000000 0.5099265 0.7389627 0.7945437 0.6872180 0.6157354 0.6872180 0.8239592 0.7945437 0.8864954 0.8545757 0.8239592 0.9913169 1.0297869 1.0703373 0.8239592 0.8545757 1.0297869 1.0703373 
t16        1.0297869 0.5099265 0.0000000 0.6872180 0.7126442 0.7945437 0.6626257 0.5933457 0.9198342 0.6626257 0.6626257 0.7389627 0.7945437 0.7126442 0.7662384 1.0297869 0.8864954 0.8864954 1.0703373 0.9547243 
t19        0.9547243 0.7389627 0.6872180 0.0000000 1.3144041 0.7389627 0.7945437 0.7945437 0.9547243 0.9547243 0.9913169 1.2588231 1.2070784 1.0297869 0.9913169 1.5111773 1.0703373 1.1132061 1.2070784 1.2588231 
t20        0.9547243 0.7945437 0.7126442 1.3144041 0.0000000 0.9913169 0.7126442 0.7389627 0.9547243 0.8545757 0.8864954 0.9547243 0.9547243 0.8239592 0.8545757 1.1132061 0.9198342 0.9547243 1.3744361 1.2588231 
t10        1.0297869 0.6872180 0.7945437 0.7389627 0.9913169 0.0000000 0.7662384 0.8864954 0.8545757 0.8239592 0.7389627 1.1132061 0.9913169 0.7389627 0.7945437 1.1132061 0.9913169 0.9547243 0.9547243 0.8864954 
t12        0.9198342 0.6157354 0.6626257 0.7945437 0.7126442 0.7662384 0.0000000 0.5933457 0.7126442 0.5504769 0.7662384 1.1132061 0.9913169 1.0297869 1.0703373 1.0297869 0.8864954 0.7662384 1.2070784 1.0703373 
t1         1.1586745 0.6872180 0.5933457 0.7945437 0.7389627 0.8864954 0.5933457 0.0000000 0.8239592 0.7662384 0.9547243 1.0703373 0.8864954 0.9547243 1.1132061 1.2588231 0.8545757 0.7662384 1.5901977 1.4396946 
t14        1.1586745 0.8239592 0.9198342 0.9547243 0.9547243 0.8545757 0.7126442 0.8239592 0.0000000 0.4529370 0.9913169 1.2070784 1.2588231 1.1132061 1.1132061 1.3144041 1.5111773 1.2588231 1.2070784 1.2070784 
t6         1.3144041 0.7945437 0.6626257 0.9547243 0.8545757 0.8239592 0.5504769 0.7662384 0.4529370 0.0000000 0.7126442 0.9547243 0.9913169 0.7662384 0.7126442 1.2588231 1.1132061 0.9913169 1.3144041 1.1586745 
t5         0.9547243 0.8864954 0.6626257 0.9913169 0.8864954 0.7389627 0.7662384 0.9547243 0.9913169 0.7126442 0.0000000 0.3347153 0.2463781 0.4172160 0.4172160 1.2588231 1.2070784 0.9547243 1.5111773 1.2588231 
t17        1.2588231 0.8545757 0.7389627 1.2588231 0.9547243 1.1132061 1.1132061 1.0703373 1.2070784 0.9547243 0.3347153 0.0000000 0.2326162 0.5504769 0.5504769 1.6785349 1.1132061 0.9913169 1.8942965 1.7786835 
t7         1.1586745 0.8239592 0.7945437 1.2070784 0.9547243 0.9913169 0.9913169 0.8864954 1.2588231 0.9913169 0.2463781 0.2326162 0.0000000 0.3666350 0.4172160 1.3144041 1.2070784 0.9913169 1.5111773 1.3744361 
t3         1.0703373 0.9913169 0.7126442 1.0297869 0.8239592 0.7389627 1.0297869 0.9547243 1.1132061 0.7662384 0.4172160 0.5504769 0.3666350 0.0000000 0.1549607 1.2070784 1.2588231 1.0297869 1.2070784 1.2588231 
t9         1.1586745 1.0297869 0.7662384 0.9913169 0.8545757 0.7945437 1.0703373 1.1132061 1.1132061 0.7126442 0.4172160 0.5504769 0.4172160 0.1549607 0.0000000 1.1132061 1.2070784 1.1132061 1.0703373 1.1132061 
t2         1.1586745 1.0703373 1.0297869 1.5111773 1.1132061 1.1132061 1.0297869 1.2588231 1.3144041 1.2588231 1.2588231 1.6785349 1.3144041 1.2070784 1.1132061 0.0000000 1.3144041 1.3144041 0.1189538 0.1073256 
t15        1.2588231 0.8239592 0.8864954 1.0703373 0.9198342 0.9913169 0.8864954 0.8545757 1.5111773 1.1132061 1.2070784 1.1132061 1.2070784 1.2588231 1.2070784 1.3144041 0.0000000 0.1427653 1.4396946 1.3744361 
t8         1.4396946 0.8545757 0.8864954 1.1132061 0.9547243 0.9547243 0.7662384 0.7662384 1.2588231 0.9913169 0.9547243 0.9913169 0.9913169 1.0297869 1.1132061 1.3144041 0.1427653 0.0000000 1.5111773 1.3744361 
t18        1.2070784 1.0297869 1.0703373 1.2070784 1.3744361 0.9547243 1.2070784 1.5901977 1.2070784 1.3144041 1.5111773 1.8942965 1.5111773 1.2070784 1.0703373 0.1189538 1.4396946 1.5111773 0.0000000 0.0517447 
t11        1.4396946 1.0703373 0.9547243 1.2588231 1.2588231 0.8864954 1.0703373 1.4396946 1.2070784 1.1586745 1.2588231 1.7786835 1.3744361 1.2588231 1.1132061 0.1073256 1.3744361 1.3744361 0.0517447 0.0000000 
