20
t4         0.0000000 0.7126442 0.7662384 0.5933457 0.6388142 0.7126442 0.5504769 0.7945437 0.8239592 0.5299277 0.6388142 0.7389627 0.7389627 0.6157354 0.7662384 0.7662384 0.6872180 0.7389627 0.6626257 0.7662384 
t9         0.7126442 0.0000000 0.9198342 0.7945437 0.8545757 0.8545757 0.5504769 0.9913169 1.2070784 0.5299277 0.6388142 0.9913169 0.8864954 1.0297869 1.0297869 0.9198342 0.9198342 0.9547243 0.9198342 0.9547243 
t17        0.7662384 0.9198342 0.0000000 0.7126442 0.8864954 0.7662384 1.0297869 0.8864954 0.8239592 0.9913169 0.9198342 0.7389627 0.5099265 0.4714565 0.6388142 0.7126442 0.9198342 0.9198342 0.9913169 1.1132061 
t20        0.5933457 0.7945437 0.7126442 0.0000000 0.8864954 0.8239592 0.7945437 0.8545757 0.8864954 0.8545757 0.8864954 0.7945437 0.6626257 0.6872180 0.7662384 0.8864954 0.2892469 0.3192509 0.8545757 0.9547243 
t7         0.6388142 0.8545757 0.8864954 0.8864954 0.0000000 0.2746833 0.7389627 0.4904449 0.6388142 0.7945437 0.8239592 0.2603971 0.7662384 0.8545757 0.3347153 0.3040988 0.7126442 0.7945437 0.8545757 0.8545757 
t14        0.7126442 0.8545757 0.7662384 0.8239592 0.2746833 0.0000000 0.7945437 0.6388142 0.7389627 0.8239592 0.7662384 0.3192509 0.7126442 0.7126442 0.3347153 0.2892469 0.7945437 0.8239592 0.7945437 0.8545757 
t6         0.5504769 0.5504769 1.0297869 0.7945437 0.7389627 0.7945437 0.0000000 0.7945437 0.9547243 0.1799630 0.2463781 0.7662384 1.1132061 0.9913169 0.7126442 0.7389627 0.6626257 0.7126442 0.6157354 0.6157354 
t3         0.7945437 0.9913169 0.8864954 0.8545757 0.4904449 0.6388142 0.7945437 0.0000000 0.2326162 0.7662384 0.8545757 0.4714565 0.6626257 0.7945437 0.5299277 0.5099265 0.6626257 0.7126442 0.8545757 0.9913169 
t15        0.8239592 1.2070784 0.8239592 0.8864954 0.6388142 0.7389627 0.9547243 0.2326162 0.0000000 0.8864954 0.9913169 0.5299277 0.6872180 0.7945437 0.5933457 0.6157354 0.7945437 0.8545757 1.0297869 1.1586745 
t11        0.5299277 0.5299277 0.9913169 0.8545757 0.7945437 0.8239592 0.1799630 0.7662384 0.8864954 0.0000000 0.1673577 0.8864954 1.1132061 0.8864954 0.8545757 0.8864954 0.7126442 0.7662384 0.7945437 0.8239592 
t1         0.6388142 0.6388142 0.9198342 0.8864954 0.8239592 0.7662384 0.2463781 0.8545757 0.9913169 0.1673577 0.0000000 0.8239592 1.2588231 1.0297869 0.8239592 0.8545757 0.7389627 0.7945437 0.7389627 0.7662384 
t19        0.7389627 0.9913169 0.7389627 0.7945437 0.2603971 0.3192509 0.7662384 0.4714565 0.5299277 0.8864954 0.8239592 0.0000000 0.6626257 0.7389627 0.2191023 0.1549607 0.6157354 0.6388142 0.8545757 0.9198342 
t10        0.7389627 0.8864954 0.5099265 0.6626257 0.7662384 0.7126442 1.1132061 0.6626257 0.6872180 1.1132061 1.2588231 0.6626257 0.0000000 0.1799630 0.5504769 0.5933457 0.7662384 0.8239592 0.8864954 1.0297869 
t13        0.6157354 1.0297869 0.4714565 0.6872180 0.8545757 0.7126442 0.9913169 0.7945437 0.7945437 0.8864954 1.0297869 0.7389627 0.1799630 0.0000000 0.5716050 0.6872180 0.7945437 0.8239592 0.8545757 1.0297869 
t5         0.7662384 1.0297869 0.6388142 0.7662384 0.3347153 0.3347153 0.7126442 0.5299277 0.5933457 0.8545757 0.8239592 0.2191023 0.5504769 0.5716050 0.0000000 0.1799630 0.5933457 0.6157354 0.8864954 0.9547243 
t18        0.7662384 0.9198342 0.7126442 0.8864954 0.3040988 0.2892469 0.7389627 0.5099265 0.6157354 0.8864954 0.8545757 0.1549607 0.5933457 0.6872180 0.1799630 0.0000000 0.6388142 0.6626257 0.7945437 0.8864954 
t16        0.6872180 0.9198342 0.9198342 0.2892469 0.7126442 0.7945437 0.6626257 0.6626257 0.7945437 0.7126442 0.7389627 0.6157354 0.7662384 0.7945437 0.5933457 0.6388142 0.0000000 0.0411062 0.7662384 0.8545757 
t2         0.7389627 0.9547243 0.9198342 0.3192509 0.7945437 0.8239592 0.7126442 0.7126442 0.8545757 0.7662384 0.7945437 0.6388142 0.8239592 0.8239592 0.6157354 0.6626257 0.0411062 0.0000000 0.7126442 0.7945437 
t12        0.6626257 0.9198342 0.9913169 0.8545757 0.8545757 0.7945437 0.6157354 0.8545757 1.0297869 0.7945437 0.7389627 0.8545757 0.8864954 0.8545757 0.8864954 0.7945437 0.7662384 0.7126442 0.0000000 0.0734853 
t8         0.7662384 0.9547243 1.1132061 0.9547243 0.8545757 0.8545757 0.6157354 0.9913169 1.1586745 0.8239592 0.7662384 0.9198342 1.0297869 1.0297869 0.9547243 0.8864954 0.8545757 0.7945437 0.0734853 0.0000000 
