20
t12        0.0000000 1.3144041 0.8545757 0.7389627 0.8545757 0.9547243 0.8864954 0.7945437 1.1586745 1.0703373 0.8864954 1.1132061 0.7662384 0.7662384 1.2070784 1.3144041 0.9547243 1.1132061 1.3144041 1.4396946 
t18        1.3144041 0.0000000 1.3744361 1.4396946 1.1132061 1.1132061 1.6785349 1.8942965 1.2588231 1.5111773 1.1586745 2.0310377 1.0703373 1.1132061 1.0703373 1.0297869 1.7786835 1.5901977 1.2588231 1.2588231 
t17        0.8545757 1.3744361 0.0000000 0.2892469 0.8239592 0.8239592 0.5099265 0.4348639 0.8239592 1.0297869 0.8239592 1.3144041 0.9547243 0.9198342 0.7945437 0.7945437 0.9913169 1.2588231 0.9547243 0.9913169 
t6         0.7389627 1.4396946 0.2892469 0.0000000 0.5504769 0.6626257 0.3347153 0.2463781 0.7389627 0.8239592 0.6157354 1.0703373 0.6626257 0.6157354 0.6157354 0.6626257 0.7662384 0.9913169 0.7662384 0.7945437 
t2         0.8545757 1.1132061 0.8239592 0.5504769 0.0000000 0.4529370 0.6626257 0.6388142 0.5504769 0.4529370 0.5099265 1.0703373 0.4172160 0.3999739 0.4904449 0.5716050 0.8545757 1.0703373 0.6157354 0.6626257 
t20        0.9547243 1.1132061 0.8239592 0.6626257 0.4529370 0.0000000 0.7126442 0.7945437 0.7126442 0.5933457 0.5716050 1.0297869 0.4904449 0.4904449 0.5933457 0.6388142 0.8545757 0.9913169 0.7945437 0.8239592 
t10        0.8864954 1.6785349 0.5099265 0.3347153 0.6626257 0.7126442 0.0000000 0.3505054 0.6872180 0.9547243 0.7126442 1.3144041 0.8239592 0.7389627 0.6626257 0.7389627 1.0703373 1.2070784 0.6872180 0.6388142 
t7         0.7945437 1.8942965 0.4348639 0.2463781 0.6388142 0.7945437 0.3505054 0.0000000 0.8864954 0.8864954 0.8239592 1.2070784 0.8239592 0.7945437 0.8545757 0.8864954 0.8545757 1.0703373 0.9198342 0.9547243 
t13        1.1586745 1.2588231 0.8239592 0.7389627 0.5504769 0.7126442 0.6872180 0.8864954 0.0000000 0.8545757 0.7945437 1.2070784 0.7126442 0.5933457 0.2892469 0.3040988 1.0297869 1.2070784 0.1307650 0.1799630 
t11        1.0703373 1.5111773 1.0297869 0.8239592 0.4529370 0.5933457 0.9547243 0.8864954 0.8545757 0.0000000 0.3347153 1.3144041 0.5716050 0.6626257 0.7662384 0.8239592 1.0297869 1.4396946 0.8239592 0.7945437 
t16        0.8864954 1.1586745 0.8239592 0.6157354 0.5099265 0.5716050 0.7126442 0.8239592 0.7945437 0.3347153 0.0000000 1.1586745 0.5933457 0.6388142 0.6872180 0.7389627 0.9198342 1.2588231 0.7662384 0.7945437 
t14        1.1132061 2.0310377 1.3144041 1.0703373 1.0703373 1.0297869 1.3144041 1.2070784 1.2070784 1.3144041 1.1586745 0.0000000 0.9913169 0.9913169 1.3744361 1.3744361 0.2058276 0.2326162 1.4396946 1.7786835 
t8         0.7662384 1.0703373 0.9547243 0.6626257 0.4172160 0.4904449 0.8239592 0.8239592 0.7126442 0.5716050 0.5933457 0.9913169 0.0000000 0.0958750 0.6626257 0.6626257 0.9547243 1.1132061 0.7945437 0.9198342 
t5         0.7662384 1.1132061 0.9198342 0.6157354 0.3999739 0.4904449 0.7389627 0.7945437 0.5933457 0.6626257 0.6388142 0.9913169 0.0958750 0.0000000 0.5716050 0.5716050 0.9547243 1.1132061 0.6872180 0.7662384 
t1         1.2070784 1.0703373 0.7945437 0.6157354 0.4904449 0.5933457 0.6626257 0.8545757 0.2892469 0.7662384 0.6872180 1.3744361 0.6626257 0.5716050 0.0000000 0.0845966 1.0297869 1.2070784 0.2892469 0.3505054 
t15        1.3144041 1.0297869 0.7945437 0.6626257 0.5716050 0.6388142 0.7389627 0.8864954 0.3040988 0.8239592 0.7389627 1.3744361 0.6626257 0.5716050 0.0845966 0.0000000 1.1132061 1.3144041 0.3505054 0.4172160 
t9         0.9547243 1.7786835 0.9913169 0.7662384 0.8545757 0.8545757 1.0703373 0.8545757 1.0297869 1.0297869 0.9198342 0.2058276 0.9547243 0.9547243 1.0297869 1.1132061 0.0000000 0.1307650 1.1132061 1.3744361 
t3         1.1132061 1.5901977 1.2588231 0.9913169 1.0703373 0.9913169 1.2070784 1.0703373 1.2070784 1.4396946 1.2588231 0.2326162 1.1132061 1.1132061 1.2070784 1.3144041 0.1307650 0.0000000 1.3144041 1.4396946 
t4         1.3144041 1.2588231 0.9547243 0.7662384 0.6157354 0.7945437 0.6872180 0.9198342 0.1307650 0.8239592 0.7662384 1.4396946 0.7945437 0.6872180 0.2892469 0.3505054 1.1132061 1.3144041 0.0000000 0.0958750 
t19        1.4396946 1.2588231 0.9913169 0.7945437 0.6626257 0.8239592 0.6388142 0.9547243 0.1799630 0.7945437 0.7945437 1.7786835 0.9198342 0.7662384 0.3505054 0.4172160 1.3744361 1.4396946 0.0958750 0.0000000 
