20
t9         0.0000000 0.9547243 1.1586745 2.0310377 0.8545757 1.1586745 0.8864954 1.2070784 0.8239592 0.9913169 1.2588231 0.7389627 0.8239592 1.3744361 1.3144041 1.3144041 1.1586745 1.2588231 0.8239592 1.1132061 
t8         0.9547243 0.0000000 1.0297869 2.7182557 0.9547243 0.7945437 0.7662384 1.1586745 0.9913169 1.1132061 0.9913169 1.0297869 0.7662384 1.3144041 1.4396946 1.0703373 1.0703373 1.1132061 1.2070784 1.6785349 
t1         1.1586745 1.0297869 0.0000000 9.0000000 0.9913169 1.0297869 0.8239592 1.3744361 1.0297869 0.9547243 1.8942965 1.0297869 0.8545757 1.5901977 1.7786835 1.0297869 1.1586745 1.1586745 0.7389627 1.1586745 
t5         2.0310377 2.7182557 9.0000000 0.0000000 0.8545757 1.6785349 1.8942965 1.0703373 3.2381161 2.7182557 1.4396946 1.3144041 1.2588231 1.4396946 0.9198342 1.3744361 1.2070784 1.2588231 2.1983953 2.0310377 
t20        0.8545757 0.9547243 0.9913169 0.8545757 0.0000000 1.1132061 1.0703373 0.4348639 0.9547243 1.1132061 0.7662384 0.7126442 0.6872180 0.9913169 0.7945437 0.6388142 0.3999739 0.4172160 0.8545757 1.1132061 
t19        1.1586745 0.7945437 1.0297869 1.6785349 1.1132061 0.0000000 0.3505054 0.9198342 1.1132061 1.1586745 0.9198342 1.0297869 0.8239592 1.3744361 1.1132061 1.4396946 1.1586745 1.1586745 0.9198342 1.3144041 
t12        0.8864954 0.7662384 0.8239592 1.8942965 1.0703373 0.3505054 0.0000000 0.7945437 0.9547243 0.8864954 1.0297869 0.9198342 0.7389627 1.1132061 1.2588231 1.1586745 1.0297869 1.0297869 0.7945437 1.2588231 
t6         1.2070784 1.1586745 1.3744361 1.0703373 0.4348639 0.9198342 0.7945437 0.0000000 1.1132061 1.3744361 0.8864954 0.7945437 0.7662384 1.1586745 0.9547243 0.6388142 0.3505054 0.3505054 0.9913169 1.3744361 
t16        0.8239592 0.9913169 1.0297869 3.2381161 0.9547243 1.1132061 0.9547243 1.1132061 0.0000000 0.3347153 1.3144041 0.9913169 1.0703373 1.3744361 1.5111773 1.3744361 1.3744361 1.1132061 1.0703373 1.5111773 
t15        0.9913169 1.1132061 0.9547243 2.7182557 1.1132061 1.1586745 0.8864954 1.3744361 0.3347153 0.0000000 1.2070784 0.7945437 0.7945437 1.3744361 1.3744361 1.1586745 1.4396946 1.1132061 1.0703373 1.3744361 
t11        1.2588231 0.9913169 1.8942965 1.4396946 0.7662384 0.9198342 1.0297869 0.8864954 1.3144041 1.2070784 0.0000000 0.9198342 0.6626257 0.5099265 0.3505054 1.4396946 0.9547243 0.8545757 1.2070784 1.3144041 
t7         0.7389627 1.0297869 1.0297869 1.3144041 0.7126442 1.0297869 0.9198342 0.7945437 0.9913169 0.7945437 0.9198342 0.0000000 0.3192509 1.1586745 0.8864954 0.9198342 0.8545757 0.8545757 0.8545757 1.0703373 
t2         0.8239592 0.7662384 0.8545757 1.2588231 0.6872180 0.8239592 0.7389627 0.7662384 1.0703373 0.7945437 0.6626257 0.3192509 0.0000000 0.8864954 0.7126442 0.9198342 0.7662384 0.7945437 0.8545757 0.9547243 
t18        1.3744361 1.3144041 1.5901977 1.4396946 0.9913169 1.3744361 1.1132061 1.1586745 1.3744361 1.3744361 0.5099265 1.1586745 0.8864954 0.0000000 0.4348639 1.5901977 1.4396946 1.2070784 1.2070784 1.2070784 
t4         1.3144041 1.4396946 1.7786835 0.9198342 0.7945437 1.1132061 1.2588231 0.9547243 1.5111773 1.3744361 0.3505054 0.8864954 0.7126442 0.4348639 0.0000000 1.3744361 0.9913169 0.8545757 1.1132061 1.2070784 
t14        1.3144041 1.0703373 1.0297869 1.3744361 0.6388142 1.4396946 1.1586745 0.6388142 1.3744361 1.1586745 1.4396946 0.9198342 0.9198342 1.5901977 1.3744361 0.0000000 0.4172160 0.4348639 1.1132061 1.3144041 
t10        1.1586745 1.0703373 1.1586745 1.2070784 0.3999739 1.1586745 1.0297869 0.3505054 1.3744361 1.4396946 0.9547243 0.8545757 0.7662384 1.4396946 0.9913169 0.4172160 0.0000000 0.0958750 0.9913169 1.2588231 
t3         1.2588231 1.1132061 1.1586745 1.2588231 0.4172160 1.1586745 1.0297869 0.3505054 1.1132061 1.1132061 0.8545757 0.8545757 0.7945437 1.2070784 0.8545757 0.4348639 0.0958750 0.0000000 1.0703373 1.3744361 
t13        0.8239592 1.2070784 0.7389627 2.1983953 0.8545757 0.9198342 0.7945437 0.9913169 1.0703373 1.0703373 1.2070784 0.8545757 0.8545757 1.2070784 1.1132061 1.1132061 0.9913169 1.0703373 0.0000000 0.3347153 
t17        1.1132061 1.6785349 1.1586745 2.0310377 1.1132061 1.3144041 1.2588231 1.3744361 1.5111773 1.3744361 1.3144041 1.0703373 0.9547243 1.2070784 1.2070784 1.3144041 1.2588231 1.3744361 0.3347153 0.0000000 
