20
t7         0.0000000 9.0000000 1.7786835 1.3144041 2.4141569 1.5901977 1.4396946 1.5111773 1.5901977 1.7786835 1.1586745 1.3744361 1.3744361 0.9913169 1.1132061 1.2588231 1.3744361 1.0703373 1.7786835 1.7786835 
t20        9.0000000 0.0000000 1.3744361 9.0000000 9.0000000 9.0000000 9.0000000 2.4141569 9.0000000 9.0000000 9.0000000 2.4141569 9.0000000 9.0000000 9.0000000 9.0000000 2.1983953 2.7182557 1.7786835 1.7786835 
t15        1.7786835 1.3744361 0.0000000 1.8942965 2.7182557 1.7786835 1.5901977 2.0310377 1.6785349 2.1983953 1.3744361 2.1983953 3.2381161 9.0000000 1.4396946 1.4396946 1.7786835 1.4396946 1.8942965 1.8942965 
t18        1.3144041 9.0000000 1.8942965 0.0000000 2.1983953 0.8864954 0.5933457 0.8239592 0.8239592 0.9547243 0.7389627 0.7945437 1.7786835 2.4141569 0.3831192 0.2892469 1.1586745 0.7389627 1.2588231 1.2588231 
t11        2.4141569 9.0000000 2.7182557 2.1983953 0.0000000 0.9913169 2.7182557 2.4141569 2.1983953 1.5901977 0.9198342 1.2588231 9.0000000 9.0000000 2.4141569 3.2381161 1.4396946 1.3144041 9.0000000 9.0000000 
t6         1.5901977 9.0000000 1.7786835 0.8864954 0.9913169 0.0000000 0.8239592 1.1586745 1.2588231 1.0297869 0.3505054 0.6872180 3.2381161 9.0000000 0.7945437 0.7662384 0.9198342 0.7662384 1.2070784 1.2070784 
t10        1.4396946 9.0000000 1.5901977 0.5933457 2.7182557 0.8239592 0.0000000 0.5933457 0.4172160 1.0703373 0.8864954 1.0703373 1.5111773 2.7182557 0.5716050 0.4904449 1.3744361 1.0703373 1.3744361 1.3744361 
t5         1.5111773 2.4141569 2.0310377 0.8239592 2.4141569 1.1586745 0.5933457 0.0000000 0.5933457 1.4396946 1.1586745 1.3744361 1.5901977 2.7182557 0.8864954 0.6872180 1.8942965 1.2070784 0.9913169 0.9913169 
t8         1.5901977 9.0000000 1.6785349 0.8239592 2.1983953 1.2588231 0.4172160 0.5933457 0.0000000 1.6785349 0.9913169 1.2070784 2.1983953 9.0000000 0.7945437 0.6388142 1.7786835 1.2588231 1.4396946 1.4396946 
t4         1.7786835 9.0000000 2.1983953 0.9547243 1.5901977 1.0297869 1.0703373 1.4396946 1.6785349 0.0000000 1.3744361 1.5901977 1.4396946 9.0000000 1.3744361 1.0703373 0.7662384 0.7389627 1.7786835 1.7786835 
t19        1.1586745 9.0000000 1.3744361 0.7389627 0.9198342 0.3505054 0.8864954 1.1586745 0.9913169 1.3744361 0.0000000 0.3666350 2.4141569 2.7182557 0.6872180 0.6388142 0.8545757 0.5933457 1.1132061 1.1132061 
t12        1.3744361 2.4141569 2.1983953 0.7945437 1.2588231 0.6872180 1.0703373 1.3744361 1.2070784 1.5901977 0.3666350 0.0000000 9.0000000 9.0000000 0.8864954 0.9198342 0.9547243 0.7662384 1.8942965 1.8942965 
t16        1.3744361 9.0000000 3.2381161 1.7786835 9.0000000 3.2381161 1.5111773 1.5901977 2.1983953 1.4396946 2.4141569 9.0000000 0.0000000 1.0297869 1.6785349 1.3744361 9.0000000 2.7182557 2.7182557 2.7182557 
t14        0.9913169 9.0000000 9.0000000 2.4141569 9.0000000 9.0000000 2.7182557 2.7182557 9.0000000 9.0000000 2.7182557 9.0000000 1.0297869 0.0000000 2.4141569 2.0310377 9.0000000 9.0000000 3.2381161 3.2381161 
t17        1.1132061 9.0000000 1.4396946 0.3831192 2.4141569 0.7945437 0.5716050 0.8864954 0.7945437 1.3744361 0.6872180 0.8864954 1.6785349 2.4141569 0.0000000 0.1799630 0.9547243 0.6626257 0.9913169 0.9913169 
t3         1.2588231 9.0000000 1.4396946 0.2892469 3.2381161 0.7662384 0.4904449 0.6872180 0.6388142 1.0703373 0.6388142 0.9198342 1.3744361 2.0310377 0.1799630 0.0000000 0.9198342 0.6157354 0.9547243 0.9547243 
t9         1.3744361 2.1983953 1.7786835 1.1586745 1.4396946 0.9198342 1.3744361 1.8942965 1.7786835 0.7662384 0.8545757 0.9547243 9.0000000 9.0000000 0.9547243 0.9198342 0.0000000 0.2326162 1.6785349 1.6785349 
t2         1.0703373 2.7182557 1.4396946 0.7389627 1.3144041 0.7662384 1.0703373 1.2070784 1.2588231 0.7389627 0.5933457 0.7662384 2.7182557 9.0000000 0.6626257 0.6157354 0.2326162 0.0000000 1.7786835 1.7786835 
t13        1.7786835 1.7786835 1.8942965 1.2588231 9.0000000 1.2070784 1.3744361 0.9913169 1.4396946 1.7786835 1.1132061 1.8942965 2.7182557 3.2381161 0.9913169 0.9547243 1.6785349 1.7786835 0.0000000 0.0000010 
t1         1.7786835 1.7786835 1.8942965 1.2588231 9.0000000 1.2070784 1.3744361 0.9913169 1.4396946 1.7786835 1.1132061 1.8942965 2.7182557 3.2381161 0.9913169 0.9547243 1.6785349 1.7786835 0.0000010 0.0000000 
