20
t18        0.0000000 1.7786835 9.0000000 2.4141569 9.0000000 3.2381161 1.8942965 1.5111773 9.0000000 1.7786835 9.0000000 3.2381161 9.0000000 9.0000000 9.0000000 2.1983953 1.8942965 3.2381161 9.0000000 9.0000000 
t13        1.7786835 0.0000000 9.0000000 1.7786835 2.1983953 1.3744361 0.4348639 0.4904449 0.9547243 1.1586745 1.0703373 1.5901977 2.4141569 2.7182557 1.7786835 0.7389627 0.7662384 0.8239592 0.9198342 0.8864954 
t6         9.0000000 9.0000000 0.0000000 1.4396946 9.0000000 2.7182557 1.5901977 1.6785349 2.4141569 9.0000000 9.0000000 9.0000000 2.7182557 3.2381161 2.1983953 1.8942965 2.0310377 2.4141569 2.0310377 2.0310377 
t10        2.4141569 1.7786835 1.4396946 0.0000000 9.0000000 1.7786835 1.3144041 1.1132061 1.3144041 1.3744361 1.2070784 9.0000000 9.0000000 9.0000000 9.0000000 0.9547243 0.9547243 1.1586745 1.1586745 1.1586745 
t19        9.0000000 2.1983953 9.0000000 9.0000000 0.0000000 2.7182557 1.5111773 1.5901977 2.1983953 3.2381161 1.7786835 0.3505054 0.4529370 0.8239592 0.5716050 1.3744361 1.5111773 2.0310377 2.1983953 2.0310377 
t8         3.2381161 1.3744361 2.7182557 1.7786835 2.7182557 0.0000000 0.7662384 1.0703373 0.6872180 0.9913169 0.7126442 2.1983953 1.8942965 9.0000000 1.6785349 0.5504769 0.5933457 0.9547243 0.7945437 0.7945437 
t9         1.8942965 0.4348639 1.5901977 1.3144041 1.5111773 0.7662384 0.0000000 0.2746833 0.7389627 0.7662384 0.6872180 1.1586745 1.5111773 2.1983953 1.7786835 0.4714565 0.4904449 0.8239592 0.7945437 0.7662384 
t20        1.5111773 0.4904449 1.6785349 1.1132061 1.5901977 1.0703373 0.2746833 0.0000000 0.8864954 0.9547243 0.7662384 1.3744361 1.7786835 9.0000000 2.7182557 0.5504769 0.5716050 0.8545757 0.9547243 0.9198342 
t2         9.0000000 0.9547243 2.4141569 1.3144041 2.1983953 0.6872180 0.7389627 0.8864954 0.0000000 0.4714565 0.3347153 2.1983953 2.4141569 1.7786835 1.5901977 0.3192509 0.3505054 0.5299277 0.4172160 0.3999739 
t4         1.7786835 1.1586745 9.0000000 1.3744361 3.2381161 0.9913169 0.7662384 0.9547243 0.4714565 0.0000000 0.5299277 2.1983953 9.0000000 1.6785349 1.7786835 0.5299277 0.5299277 0.6626257 0.6626257 0.6157354 
t1         9.0000000 1.0703373 9.0000000 1.2070784 1.7786835 0.7126442 0.6872180 0.7662384 0.3347153 0.5299277 0.0000000 1.5901977 2.0310377 1.5901977 1.7786835 0.2892469 0.3347153 0.5504769 0.4714565 0.4348639 
t16        3.2381161 1.5901977 9.0000000 9.0000000 0.3505054 2.1983953 1.1586745 1.3744361 2.1983953 2.1983953 1.5901977 0.0000000 0.2603971 0.6872180 0.4529370 1.3744361 1.4396946 1.5901977 1.7786835 1.6785349 
t12        9.0000000 2.4141569 2.7182557 9.0000000 0.4529370 1.8942965 1.5111773 1.7786835 2.4141569 9.0000000 2.0310377 0.2603971 0.0000000 0.7126442 0.4714565 1.5901977 1.6785349 1.8942965 1.8942965 1.7786835 
t15        9.0000000 2.7182557 3.2381161 9.0000000 0.8239592 9.0000000 2.1983953 9.0000000 1.7786835 1.6785349 1.5901977 0.6872180 0.7126442 0.0000000 0.4529370 1.7786835 1.5901977 1.6785349 1.8942965 1.6785349 
t5         9.0000000 1.7786835 2.1983953 9.0000000 0.5716050 1.6785349 1.7786835 2.7182557 1.5901977 1.7786835 1.7786835 0.4529370 0.4714565 0.4529370 0.0000000 1.1586745 1.1586745 1.4396946 1.5901977 1.4396946 
t14        2.1983953 0.7389627 1.8942965 0.9547243 1.3744361 0.5504769 0.4714565 0.5504769 0.3192509 0.5299277 0.2892469 1.3744361 1.5901977 1.7786835 1.1586745 0.0000000 0.0625362 0.4348639 0.3999739 0.3831192 
t7         1.8942965 0.7662384 2.0310377 0.9547243 1.5111773 0.5933457 0.4904449 0.5716050 0.3505054 0.5299277 0.3347153 1.4396946 1.6785349 1.5901977 1.1586745 0.0625362 0.0000000 0.4529370 0.4172160 0.3999739 
t17        3.2381161 0.8239592 2.4141569 1.1586745 2.0310377 0.9547243 0.8239592 0.8545757 0.5299277 0.6626257 0.5504769 1.5901977 1.8942965 1.6785349 1.4396946 0.4348639 0.4529370 0.0000000 0.1189538 0.0958750 
t11        9.0000000 0.9198342 2.0310377 1.1586745 2.1983953 0.7945437 0.7945437 0.9547243 0.4172160 0.6626257 0.4714565 1.7786835 1.8942965 1.8942965 1.5901977 0.3999739 0.4172160 0.1189538 0.0000000 0.0202715 
t3         9.0000000 0.8864954 2.0310377 1.1586745 2.0310377 0.7945437 0.7662384 0.9198342 0.3999739 0.6157354 0.4348639 1.6785349 1.7786835 1.6785349 1.4396946 0.3831192 0.3999739 0.0958750 0.0202715 0.0000000 
