20
t19        0.0000000 0.3192509 0.4172160 0.6626257 0.3040988 0.3347153 0.4714565 0.5716050 0.3831192 0.3666350 1.6785349 1.3744361 0.5933457 0.5099265 0.3831192 0.3666350 0.3347153 0.3040988 0.3505054 0.3666350 
t4         0.3192509 0.0000000 0.1927838 0.3505054 0.3666350 0.4172160 0.6388142 0.6872180 0.5299277 0.4348639 1.3744361 1.2588231 0.4172160 0.3505054 0.3040988 0.2892469 0.3999739 0.3666350 0.2746833 0.2892469 
t14        0.4172160 0.1927838 0.0000000 0.4529370 0.4348639 0.5099265 0.5716050 0.5716050 0.6157354 0.5099265 1.6785349 1.5111773 0.4348639 0.3831192 0.3347153 0.3192509 0.5099265 0.4714565 0.3040988 0.3192509 
t13        0.6626257 0.3505054 0.4529370 0.0000000 0.6626257 0.7126442 0.9198342 0.9913169 0.7389627 0.6626257 3.2381161 2.7182557 0.6388142 0.6157354 0.6157354 0.6157354 0.7126442 0.6626257 0.5933457 0.5933457 
t3         0.3040988 0.3666350 0.4348639 0.6626257 0.0000000 0.1549607 0.5716050 0.6157354 0.3666350 0.2058276 2.1983953 1.8942965 0.6626257 0.5716050 0.3831192 0.3666350 0.1427653 0.1189538 0.3505054 0.3666350 
t6         0.3347153 0.4172160 0.5099265 0.7126442 0.1549607 0.0000000 0.6157354 0.6872180 0.3040988 0.1799630 2.4141569 2.0310377 0.6626257 0.5933457 0.3999739 0.3831192 0.1427653 0.1189538 0.3666350 0.3831192 
t8         0.4714565 0.6388142 0.5716050 0.9198342 0.5716050 0.6157354 0.0000000 0.2191023 0.6626257 0.6626257 2.7182557 2.0310377 0.8545757 0.7662384 0.6388142 0.6626257 0.6626257 0.6388142 0.6388142 0.6388142 
t18        0.5716050 0.6872180 0.5716050 0.9913169 0.6157354 0.6872180 0.2191023 0.0000000 0.7389627 0.7126442 9.0000000 2.7182557 0.8545757 0.7662384 0.7126442 0.6872180 0.7389627 0.6872180 0.6626257 0.6626257 
t9         0.3831192 0.5299277 0.6157354 0.7389627 0.3666350 0.3040988 0.6626257 0.7389627 0.0000000 0.1927838 9.0000000 9.0000000 0.9198342 0.7945437 0.6626257 0.6388142 0.3192509 0.3040988 0.6157354 0.6388142 
t1         0.3666350 0.4348639 0.5099265 0.6626257 0.2058276 0.1799630 0.6626257 0.7126442 0.1927838 0.0000000 2.7182557 2.1983953 0.7389627 0.6626257 0.4714565 0.4714565 0.1927838 0.1673577 0.4529370 0.4714565 
t16        1.6785349 1.3744361 1.6785349 3.2381161 2.1983953 2.4141569 2.7182557 9.0000000 9.0000000 2.7182557 0.0000000 0.0958750 1.7786835 1.6785349 1.5901977 1.6785349 2.1983953 1.8942965 1.5901977 1.5901977 
t17        1.3744361 1.2588231 1.5111773 2.7182557 1.8942965 2.0310377 2.0310377 2.7182557 9.0000000 2.1983953 0.0958750 0.0000000 1.8942965 1.7786835 1.5111773 1.5901977 2.0310377 1.7786835 1.5111773 1.5111773 
t2         0.5933457 0.4172160 0.4348639 0.6388142 0.6626257 0.6626257 0.8545757 0.8545757 0.9198342 0.7389627 1.7786835 1.8942965 0.0000000 0.0517447 0.2326162 0.2326162 0.7389627 0.6872180 0.2191023 0.2326162 
t7         0.5099265 0.3505054 0.3831192 0.6157354 0.5716050 0.5933457 0.7662384 0.7662384 0.7945437 0.6626257 1.6785349 1.7786835 0.0517447 0.0000000 0.1927838 0.1799630 0.6388142 0.5933457 0.1673577 0.1799630 
t10        0.3831192 0.3040988 0.3347153 0.6157354 0.3831192 0.3999739 0.6388142 0.7126442 0.6626257 0.4714565 1.5901977 1.5111773 0.2326162 0.1927838 0.0000000 0.0306165 0.4172160 0.3999739 0.0202715 0.0306165 
t11        0.3666350 0.2892469 0.3192509 0.6157354 0.3666350 0.3831192 0.6626257 0.6872180 0.6388142 0.4714565 1.6785349 1.5901977 0.2326162 0.1799630 0.0306165 0.0000000 0.4172160 0.3831192 0.0100673 0.0202715 
t20        0.3347153 0.3999739 0.5099265 0.7126442 0.1427653 0.1427653 0.6626257 0.7389627 0.3192509 0.1927838 2.1983953 2.0310377 0.7389627 0.6388142 0.4172160 0.4172160 0.0000000 0.0202715 0.3999739 0.4172160 
t5         0.3040988 0.3666350 0.4714565 0.6626257 0.1189538 0.1189538 0.6388142 0.6872180 0.3040988 0.1673577 1.8942965 1.7786835 0.6872180 0.5933457 0.3999739 0.3831192 0.0202715 0.0000000 0.3666350 0.3831192 
t15        0.3505054 0.2746833 0.3040988 0.5933457 0.3505054 0.3666350 0.6388142 0.6626257 0.6157354 0.4529370 1.5901977 1.5111773 0.2191023 0.1673577 0.0202715 0.0100673 0.3999739 0.3666350 0.0000000 0.0100673 
t12        0.3666350 0.2892469 0.3192509 0.5933457 0.3666350 0.3831192 0.6388142 0.6626257 0.6388142 0.4714565 1.5901977 1.5111773 0.2326162 0.1799630 0.0306165 0.0202715 0.4172160 0.3831192 0.0100673 0.0000000 
