20
t4         0.0000000 0.4348639 1.1132061 1.3744361 0.7662384 0.7126442 0.7945437 0.5716050 0.7126442 9.0000000 1.6785349 1.1132061 0.7945437 1.6785349 2.0310377 0.5716050 0.5504769 0.5299277 0.9913169 0.8545757 
t10        0.4348639 0.0000000 1.3144041 1.2070784 0.9198342 1.0297869 1.4396946 0.7662384 0.8239592 3.2381161 1.6785349 1.7786835 0.9913169 2.7182557 1.3744361 0.7389627 0.6626257 0.7389627 1.0703373 1.0703373 
t9         1.1132061 1.3144041 0.0000000 1.3744361 1.2588231 1.3144041 1.5901977 1.1586745 1.3144041 2.0310377 0.8545757 1.4396946 1.0703373 0.8239592 1.1132061 1.0703373 0.9913169 1.1586745 0.4714565 0.4172160 
t13        1.3744361 1.2070784 1.3744361 0.0000000 0.7389627 1.1586745 1.3744361 1.0297869 1.1586745 2.7182557 1.5111773 2.1983953 1.4396946 2.4141569 1.7786835 1.3744361 1.2588231 1.3144041 1.3744361 1.5111773 
t6         0.7662384 0.9198342 1.2588231 0.7389627 0.0000000 1.0297869 1.6785349 0.6872180 0.6872180 2.4141569 1.3744361 1.5111773 0.9547243 2.4141569 3.2381161 0.9547243 0.9198342 0.8239592 0.9913169 1.0703373 
t11        0.7126442 1.0297869 1.3144041 1.1586745 1.0297869 0.0000000 0.5504769 0.5299277 0.4529370 2.4141569 1.5111773 1.0703373 0.6872180 3.2381161 9.0000000 0.7662384 0.7945437 0.7126442 1.2070784 1.0703373 
t14        0.7945437 1.4396946 1.5901977 1.3744361 1.6785349 0.5504769 0.0000000 0.9547243 0.9198342 2.4141569 2.4141569 2.1983953 0.9198342 1.7786835 9.0000000 0.9198342 1.0297869 1.0297869 1.8942965 1.5901977 
t20        0.5716050 0.7662384 1.1586745 1.0297869 0.6872180 0.5299277 0.9547243 0.0000000 0.3347153 2.1983953 1.6785349 0.9913169 0.5504769 3.2381161 2.0310377 0.7662384 0.7945437 0.7662384 0.9913169 0.9198342 
t15        0.7126442 0.8239592 1.3144041 1.1586745 0.6872180 0.4529370 0.9198342 0.3347153 0.0000000 1.8942965 1.8942965 1.0703373 0.7662384 2.0310377 1.7786835 0.8239592 0.7945437 0.7389627 1.0297869 0.9913169 
t5         9.0000000 3.2381161 2.0310377 2.7182557 2.4141569 2.4141569 2.4141569 2.1983953 1.8942965 0.0000000 1.2070784 9.0000000 2.4141569 2.1983953 9.0000000 2.4141569 2.1983953 2.1983953 1.3744361 1.6785349 
t2         1.6785349 1.6785349 0.8545757 1.5111773 1.3744361 1.5111773 2.4141569 1.6785349 1.8942965 1.2070784 0.0000000 1.8942965 1.5901977 1.5111773 1.6785349 1.5901977 1.5901977 1.8942965 0.5099265 0.5299277 
t8         1.1132061 1.7786835 1.4396946 2.1983953 1.5111773 1.0703373 2.1983953 0.9913169 1.0703373 9.0000000 1.8942965 0.0000000 0.6872180 9.0000000 9.0000000 1.5111773 1.3744361 1.3744361 1.1132061 1.1132061 
t19        0.7945437 0.9913169 1.0703373 1.4396946 0.9547243 0.6872180 0.9198342 0.5504769 0.7662384 2.4141569 1.5901977 0.6872180 0.0000000 1.7786835 2.7182557 0.7126442 0.7389627 0.7389627 1.0297869 0.9547243 
t3         1.6785349 2.7182557 0.8239592 2.4141569 2.4141569 3.2381161 1.7786835 3.2381161 2.0310377 2.1983953 1.5111773 9.0000000 1.7786835 0.0000000 0.4348639 2.0310377 1.6785349 1.8942965 1.2070784 1.1132061 
t18        2.0310377 1.3744361 1.1132061 1.7786835 3.2381161 9.0000000 9.0000000 2.0310377 1.7786835 9.0000000 1.6785349 9.0000000 2.7182557 0.4348639 0.0000000 9.0000000 2.1983953 3.2381161 1.2588231 1.1586745 
t17        0.5716050 0.7389627 1.0703373 1.3744361 0.9547243 0.7662384 0.9198342 0.7662384 0.8239592 2.4141569 1.5901977 1.5111773 0.7126442 2.0310377 9.0000000 0.0000000 0.0625362 0.0845966 1.2070784 1.1132061 
t16        0.5504769 0.6626257 0.9913169 1.2588231 0.9198342 0.7945437 1.0297869 0.7945437 0.7945437 2.1983953 1.5901977 1.3744361 0.7389627 1.6785349 2.1983953 0.0625362 0.0000000 0.0845966 1.1586745 1.0297869 
t7         0.5299277 0.7389627 1.1586745 1.3144041 0.8239592 0.7126442 1.0297869 0.7662384 0.7389627 2.1983953 1.8942965 1.3744361 0.7389627 1.8942965 3.2381161 0.0845966 0.0845966 0.0000000 1.3144041 1.1586745 
t12        0.9913169 1.0703373 0.4714565 1.3744361 0.9913169 1.2070784 1.8942965 0.9913169 1.0297869 1.3744361 0.5099265 1.1132061 1.0297869 1.2070784 1.2588231 1.2070784 1.1586745 1.3144041 0.0000000 0.0411062 
t1         0.8545757 1.0703373 0.4172160 1.5111773 1.0703373 1.0703373 1.5901977 0.9198342 0.9913169 1.6785349 0.5299277 1.1132061 0.9547243 1.1132061 1.1586745 1.1132061 1.0297869 1.1586745 0.0411062 0.0000000 
