20
t15        0.0000000 1.4396946 0.9913169 1.2588231 1.3144041 1.2070784 1.3744361 0.8545757 1.2588231 0.9198342 1.2070784 1.2588231 1.3144041 1.1132061 0.7945437 0.8864954 1.1132061 1.3144041 1.5901977 1.5901977 
t14        1.4396946 0.0000000 0.6626257 1.6785349 1.2070784 1.1132061 1.2070784 1.0703373 1.2588231 0.8864954 0.9198342 1.1586745 1.0703373 1.2588231 0.7126442 0.6626257 1.5901977 1.5901977 1.6785349 1.5901977 
t3         0.9913169 0.6626257 0.0000000 1.6785349 0.8545757 0.9913169 1.4396946 0.7945437 0.9198342 0.4904449 0.7126442 0.8864954 0.6872180 1.0703373 0.5299277 0.4172160 0.9913169 0.9913169 1.0297869 1.0297869 
t18        1.2588231 1.6785349 1.6785349 0.0000000 1.5111773 1.8942965 2.7182557 1.3144041 9.0000000 1.0703373 1.5111773 9.0000000 1.5901977 1.4396946 1.4396946 1.5901977 9.0000000 2.4141569 2.4141569 2.4141569 
t11        1.3144041 1.2070784 0.8545757 1.5111773 0.0000000 1.0297869 1.5111773 0.9547243 2.1983953 0.8545757 0.9547243 0.9913169 1.4396946 1.3144041 0.9913169 0.9547243 1.7786835 2.0310377 1.1586745 1.1586745 
t5         1.2070784 1.1132061 0.9913169 1.8942965 1.0297869 0.0000000 1.3744361 0.9198342 1.5111773 1.0703373 1.3744361 1.3744361 1.5111773 1.1586745 1.1132061 1.0297869 1.5111773 1.6785349 2.1983953 2.1983953 
t16        1.3744361 1.2070784 1.4396946 2.7182557 1.5111773 1.3744361 0.0000000 0.9913169 1.7786835 1.4396946 1.3144041 1.5111773 1.8942965 1.5111773 1.2588231 1.2588231 2.4141569 9.0000000 1.3744361 1.3144041 
t10        0.8545757 1.0703373 0.7945437 1.3144041 0.9547243 0.9198342 0.9913169 0.0000000 1.3744361 0.9913169 1.1586745 1.3744361 1.0297869 1.1586745 0.8239592 0.8239592 1.3144041 1.3144041 0.9913169 0.9913169 
t7         1.2588231 1.2588231 0.9198342 9.0000000 2.1983953 1.5111773 1.7786835 1.3744361 0.0000000 1.3744361 1.0703373 1.4396946 1.3744361 1.0297869 0.9198342 0.7662384 1.2070784 1.5901977 1.8942965 2.0310377 
t4         0.9198342 0.8864954 0.4904449 1.0703373 0.8545757 1.0703373 1.4396946 0.9913169 1.3744361 0.0000000 0.8239592 0.9913169 0.4904449 0.8239592 0.7126442 0.5716050 1.1132061 1.2588231 1.1132061 1.1132061 
t12        1.2070784 0.9198342 0.7126442 1.5111773 0.9547243 1.3744361 1.3144041 1.1586745 1.0703373 0.8239592 0.0000000 0.9198342 0.8864954 0.9913169 0.5716050 0.5299277 1.2588231 1.3744361 1.3144041 1.3144041 
t17        1.2588231 1.1586745 0.8864954 9.0000000 0.9913169 1.3744361 1.5111773 1.3744361 1.4396946 0.9913169 0.9198342 0.0000000 1.4396946 1.3144041 0.7662384 0.6388142 1.6785349 2.1983953 2.0310377 2.0310377 
t20        1.3144041 1.0703373 0.6872180 1.5901977 1.4396946 1.5111773 1.8942965 1.0297869 1.3744361 0.4904449 0.8864954 1.4396946 0.0000000 0.4529370 0.7662384 0.7662384 1.2588231 1.2070784 1.1586745 1.1586745 
t6         1.1132061 1.2588231 1.0703373 1.4396946 1.3144041 1.1586745 1.5111773 1.1586745 1.0297869 0.8239592 0.9913169 1.3144041 0.4529370 0.0000000 0.7662384 0.7945437 1.6785349 1.5111773 1.5901977 1.5901977 
t19        0.7945437 0.7126442 0.5299277 1.4396946 0.9913169 1.1132061 1.2588231 0.8239592 0.9198342 0.7126442 0.5716050 0.7662384 0.7662384 0.7662384 0.0000000 0.1427653 1.7786835 1.6785349 1.1586745 1.2070784 
t8         0.8864954 0.6626257 0.4172160 1.5901977 0.9547243 1.0297869 1.2588231 0.8239592 0.7662384 0.5716050 0.5299277 0.6388142 0.7662384 0.7945437 0.1427653 0.0000000 1.2070784 1.2588231 1.1586745 1.2070784 
t13        1.1132061 1.5901977 0.9913169 9.0000000 1.7786835 1.5111773 2.4141569 1.3144041 1.2070784 1.1132061 1.2588231 1.6785349 1.2588231 1.6785349 1.7786835 1.2070784 0.0000000 0.1307650 2.1983953 2.1983953 
t9         1.3144041 1.5901977 0.9913169 2.4141569 2.0310377 1.6785349 9.0000000 1.3144041 1.5901977 1.2588231 1.3744361 2.1983953 1.2070784 1.5111773 1.6785349 1.2588231 0.1307650 0.0000000 1.6785349 1.6785349 
t1         1.5901977 1.6785349 1.0297869 2.4141569 1.1586745 2.1983953 1.3744361 0.9913169 1.8942965 1.1132061 1.3144041 2.0310377 1.1586745 1.5901977 1.1586745 1.1586745 2.1983953 1.6785349 0.0000000 0.0100673 
t2         1.5901977 1.5901977 1.0297869 2.4141569 1.1586745 2.1983953 1.3144041 0.9913169 2.0310377 1.1132061 1.3144041 2.0310377 1.1586745 1.5901977 1.2070784 1.2070784 2.1983953 1.6785349 0.0100673 0.0000000 
