20
t2         0.0000000 1.1586745 0.8545757 1.3744361 0.7945437 0.9198342 0.8239592 1.1586745 1.2070784 1.3744361 1.2588231 1.0703373 1.4396946 1.1586745 1.5901977 1.3144041 1.4396946 1.2588231 0.9198342 0.9198342 
t9         1.1586745 0.0000000 0.7662384 1.1132061 0.7126442 0.7126442 0.9913169 0.9913169 0.9547243 1.0297869 0.9198342 0.9198342 1.5111773 1.2588231 1.3744361 1.2070784 1.3744361 1.3744361 1.2588231 1.2070784 
t20        0.8545757 0.7662384 0.0000000 0.9913169 0.4529370 0.7126442 0.7389627 0.8545757 0.8864954 0.8864954 0.8864954 0.7662384 1.2070784 1.0703373 1.3744361 1.1586745 1.2070784 1.2070784 0.7126442 0.7389627 
t5         1.3744361 1.1132061 0.9913169 0.0000000 0.8545757 1.2588231 0.9198342 0.4348639 1.0297869 0.9913169 0.4714565 0.5716050 1.3744361 1.2070784 0.6157354 0.6157354 1.5111773 1.3744361 1.0703373 1.0703373 
t10        0.7945437 0.7126442 0.4529370 0.8545757 0.0000000 0.4172160 0.7126442 0.7662384 0.7126442 0.8239592 0.6626257 0.6157354 0.9198342 0.7389627 0.9913169 0.7945437 1.1586745 1.1132061 0.7662384 0.7662384 
t18        0.9198342 0.7126442 0.7126442 1.2588231 0.4172160 0.0000000 0.8239592 0.9547243 0.6388142 0.7662384 0.8864954 0.8545757 1.5901977 1.2070784 1.2588231 0.9913169 1.0297869 0.9913169 0.8864954 0.9198342 
t13        0.8239592 0.9913169 0.7389627 0.9198342 0.7126442 0.8239592 0.0000000 0.7389627 0.6388142 0.7389627 0.8545757 0.7945437 1.3744361 1.5111773 0.9547243 0.7945437 1.1586745 1.0297869 0.3192509 0.3192509 
t19        1.1586745 0.9913169 0.8545757 0.4348639 0.7662384 0.9547243 0.7389627 0.0000000 0.9547243 1.0297869 0.2892469 0.2892469 1.3744361 1.3144041 0.3505054 0.3192509 1.0297869 0.9913169 0.8545757 0.8239592 
t3         1.2070784 0.9547243 0.8864954 1.0297869 0.7126442 0.6388142 0.6388142 0.9547243 0.0000000 0.3666350 0.9913169 0.7945437 1.4396946 1.0703373 1.2588231 0.9547243 0.9913169 0.9547243 0.9547243 0.9547243 
t4         1.3744361 1.0297869 0.8864954 0.9913169 0.8239592 0.7662384 0.7389627 1.0297869 0.3666350 0.0000000 1.2070784 0.9913169 1.3744361 1.2070784 1.5901977 1.1586745 0.9913169 1.0297869 0.8545757 0.8545757 
t15        1.2588231 0.9198342 0.8864954 0.4714565 0.6626257 0.8864954 0.8545757 0.2892469 0.9913169 1.2070784 0.0000000 0.2603971 1.3744361 1.3144041 0.3505054 0.3347153 1.0703373 1.0703373 1.0297869 1.0297869 
t11        1.0703373 0.9198342 0.7662384 0.5716050 0.6157354 0.8545757 0.7945437 0.2892469 0.7945437 0.9913169 0.2603971 0.0000000 1.5111773 1.3744361 0.4714565 0.4172160 1.1132061 1.0703373 0.9913169 0.9913169 
t6         1.4396946 1.5111773 1.2070784 1.3744361 0.9198342 1.5901977 1.3744361 1.3744361 1.4396946 1.3744361 1.3744361 1.5111773 0.0000000 0.3192509 1.8942965 1.7786835 1.6785349 1.8942965 1.7786835 1.7786835 
t16        1.1586745 1.2588231 1.0703373 1.2070784 0.7389627 1.2070784 1.5111773 1.3144041 1.0703373 1.2070784 1.3144041 1.3744361 0.3192509 0.0000000 1.6785349 1.5901977 2.1983953 2.4141569 1.7786835 1.7786835 
t17        1.5901977 1.3744361 1.3744361 0.6157354 0.9913169 1.2588231 0.9547243 0.3505054 1.2588231 1.5901977 0.3505054 0.4714565 1.8942965 1.6785349 0.0000000 0.1073256 1.2070784 1.1132061 1.2070784 1.2070784 
t12        1.3144041 1.2070784 1.1586745 0.6157354 0.7945437 0.9913169 0.7945437 0.3192509 0.9547243 1.1586745 0.3347153 0.4172160 1.7786835 1.5901977 0.1073256 0.0000000 0.9913169 0.9547243 1.1586745 1.1586745 
t8         1.4396946 1.3744361 1.2070784 1.5111773 1.1586745 1.0297869 1.1586745 1.0297869 0.9913169 0.9913169 1.0703373 1.1132061 1.6785349 2.1983953 1.2070784 0.9913169 0.0000000 0.0625362 1.2588231 1.2070784 
t1         1.2588231 1.3744361 1.2070784 1.3744361 1.1132061 0.9913169 1.0297869 0.9913169 0.9547243 1.0297869 1.0703373 1.0703373 1.8942965 2.4141569 1.1132061 0.9547243 0.0625362 0.0000000 1.1132061 1.1586745 
t7         0.9198342 1.2588231 0.7126442 1.0703373 0.7662384 0.8864954 0.3192509 0.8545757 0.9547243 0.8545757 1.0297869 0.9913169 1.7786835 1.7786835 1.2070784 1.1586745 1.2588231 1.1132061 0.0000000 0.0100673 
t14        0.9198342 1.2070784 0.7389627 1.0703373 0.7662384 0.9198342 0.3192509 0.8239592 0.9547243 0.8545757 1.0297869 0.9913169 1.7786835 1.7786835 1.2070784 1.1586745 1.2070784 1.1586745 0.0100673 0.0000000 
