20
t16        0.0000000 0.5299277 1.8942965 0.3999739 0.4714565 0.5504769 0.7389627 0.8545757 0.7126442 0.8545757 0.4348639 0.5716050 0.5504769 0.7389627 0.7662384 0.5933457 0.5299277 0.6157354 0.6388142 0.6388142 
t2         0.5299277 0.0000000 1.2588231 0.3999739 0.3999739 0.6626257 0.8239592 0.6157354 0.2746833 0.5099265 0.1307650 0.7389627 0.1927838 0.3505054 0.4529370 0.2603971 0.2326162 0.7662384 0.7945437 0.8239592 
t6         1.8942965 1.2588231 0.0000000 1.1586745 1.5901977 1.2588231 1.2588231 1.4396946 1.2588231 2.0310377 1.1586745 1.3144041 1.6785349 2.1983953 2.4141569 1.7786835 1.7786835 1.3744361 1.3744361 1.4396946 
t20        0.3999739 0.3999739 1.1586745 0.0000000 0.4172160 0.4904449 0.7389627 0.8239592 0.5299277 0.7389627 0.3347153 0.5299277 0.5099265 0.7389627 0.7389627 0.5299277 0.4714565 0.5504769 0.5716050 0.5933457 
t11        0.4714565 0.3999739 1.5901977 0.4172160 0.0000000 0.5099265 0.7662384 0.8545757 0.4904449 0.6626257 0.4172160 0.5299277 0.5299277 0.6626257 0.7389627 0.6157354 0.5099265 0.5716050 0.5933457 0.6157354 
t5         0.5504769 0.6626257 1.2588231 0.4904449 0.5099265 0.0000000 0.2463781 0.8545757 0.6626257 0.9913169 0.5504769 0.0958750 0.7389627 0.7662384 0.7945437 0.7945437 0.7389627 0.1427653 0.1427653 0.1549607 
t13        0.7389627 0.8239592 1.2588231 0.7389627 0.7662384 0.2463781 0.0000000 0.9198342 0.6872180 0.9547243 0.7126442 0.2746833 0.8864954 0.7662384 0.8545757 1.0297869 0.8545757 0.3192509 0.3347153 0.3192509 
t14        0.8545757 0.6157354 1.4396946 0.8239592 0.8545757 0.8545757 0.9198342 0.0000000 0.4529370 1.0703373 0.6157354 0.8864954 0.5716050 0.5716050 0.5933457 0.5933457 0.6157354 0.9198342 0.9547243 0.9913169 
t15        0.7126442 0.2746833 1.2588231 0.5299277 0.4904449 0.6626257 0.6872180 0.4529370 0.0000000 0.7126442 0.3040988 0.7126442 0.3040988 0.3040988 0.3192509 0.3999739 0.3347153 0.7126442 0.7389627 0.7662384 
t9         0.8545757 0.5099265 2.0310377 0.7389627 0.6626257 0.9913169 0.9547243 1.0703373 0.7126442 0.0000000 0.4172160 1.1132061 0.5716050 0.7389627 0.8545757 0.7126442 0.5504769 1.1586745 1.2070784 1.1586745 
t12        0.4348639 0.1307650 1.1586745 0.3347153 0.4172160 0.5504769 0.7126442 0.6157354 0.3040988 0.4172160 0.0000000 0.6157354 0.2191023 0.4172160 0.5099265 0.3040988 0.2603971 0.6388142 0.6626257 0.6872180 
t18        0.5716050 0.7389627 1.3144041 0.5299277 0.5299277 0.0958750 0.2746833 0.8864954 0.7126442 1.1132061 0.6157354 0.0000000 0.7945437 0.7389627 0.7945437 0.8545757 0.7662384 0.0411062 0.0411062 0.0517447 
t4         0.5504769 0.1927838 1.6785349 0.5099265 0.5299277 0.7389627 0.8864954 0.5716050 0.3040988 0.5716050 0.2191023 0.7945437 0.0000000 0.4348639 0.5504769 0.1307650 0.0845966 0.8239592 0.8545757 0.8864954 
t17        0.7389627 0.3505054 2.1983953 0.7389627 0.6626257 0.7662384 0.7662384 0.5716050 0.3040988 0.7389627 0.4172160 0.7389627 0.4348639 0.0000000 0.1073256 0.5504769 0.4904449 0.7662384 0.7945437 0.7945437 
t1         0.7662384 0.4529370 2.4141569 0.7389627 0.7389627 0.7945437 0.8545757 0.5933457 0.3192509 0.8545757 0.5099265 0.7945437 0.5504769 0.1073256 0.0000000 0.6388142 0.6157354 0.8239592 0.8545757 0.8545757 
t10        0.5933457 0.2603971 1.7786835 0.5299277 0.6157354 0.7945437 1.0297869 0.5933457 0.3999739 0.7126442 0.3040988 0.8545757 0.1307650 0.5504769 0.6388142 0.0000000 0.1189538 0.9198342 0.9198342 0.9547243 
t19        0.5299277 0.2326162 1.7786835 0.4714565 0.5099265 0.7389627 0.8545757 0.6157354 0.3347153 0.5504769 0.2603971 0.7662384 0.0845966 0.4904449 0.6157354 0.1189538 0.0000000 0.7945437 0.8239592 0.8545757 
t7         0.6157354 0.7662384 1.3744361 0.5504769 0.5716050 0.1427653 0.3192509 0.9198342 0.7126442 1.1586745 0.6388142 0.0411062 0.8239592 0.7662384 0.8239592 0.9198342 0.7945437 0.0000000 0.0202715 0.0306165 
t3         0.6388142 0.7945437 1.3744361 0.5716050 0.5933457 0.1427653 0.3347153 0.9547243 0.7389627 1.2070784 0.6626257 0.0411062 0.8545757 0.7945437 0.8545757 0.9198342 0.8239592 0.0202715 0.0000000 0.0306165 
t8         0.6388142 0.8239592 1.4396946 0.5933457 0.6157354 0.1549607 0.3192509 0.9913169 0.7662384 1.1586745 0.6872180 0.0517447 0.8864954 0.7945437 0.8545757 0.9547243 0.8545757 0.0306165 0.0306165 0.0000000 
