20
t16        0.0000000 0.9198342 1.7786835 1.8942965 9.0000000 1.2588231 0.6872180 2.7182557 2.4141569 1.3144041 0.9198342 0.6626257 1.3744361 1.3744361 1.4396946 1.5901977 1.5901977 1.1132061 1.1586745 1.1586745 
t9         0.9198342 0.0000000 1.8942965 1.6785349 1.8942965 2.0310377 1.4396946 3.2381161 9.0000000 2.1983953 1.5901977 1.2588231 9.0000000 1.6785349 1.6785349 1.5901977 1.5901977 3.2381161 2.0310377 1.7786835 
t3         1.7786835 1.8942965 0.0000000 9.0000000 9.0000000 1.8942965 1.6785349 3.2381161 9.0000000 2.0310377 9.0000000 2.1983953 9.0000000 3.2381161 9.0000000 2.0310377 2.1983953 9.0000000 9.0000000 9.0000000 
t4         1.8942965 1.6785349 9.0000000 0.0000000 2.1983953 2.1983953 1.1586745 1.5111773 2.1983953 1.5901977 2.0310377 1.2070784 2.0310377 1.8942965 2.0310377 1.6785349 1.6785349 1.5111773 1.6785349 1.8942965 
t10        9.0000000 1.8942965 9.0000000 2.1983953 0.0000000 1.4396946 1.4396946 1.0703373 2.4141569 1.3144041 1.5111773 1.8942965 1.0297869 1.3144041 0.8239592 1.3744361 1.2588231 1.1132061 0.8864954 0.9913169 
t17        1.2588231 2.0310377 1.8942965 2.1983953 1.4396946 0.0000000 1.2070784 1.2070784 0.9547243 0.4172160 1.5111773 1.3144041 1.1586745 1.5111773 0.9547243 1.4396946 1.3744361 1.0703373 1.2588231 1.6785349 
t7         0.6872180 1.4396946 1.6785349 1.1586745 1.4396946 1.2070784 0.0000000 1.3144041 3.2381161 1.3744361 0.6388142 0.3831192 1.2588231 1.2588231 0.9547243 1.0703373 1.0297869 0.7662384 0.9547243 0.9913169 
t11        2.7182557 3.2381161 3.2381161 1.5111773 1.0703373 1.2070784 1.3144041 0.0000000 1.3144041 1.2070784 2.1983953 1.5111773 0.9198342 0.7389627 0.5716050 1.2588231 1.4396946 0.7662384 0.7389627 0.7389627 
t5         2.4141569 9.0000000 9.0000000 2.1983953 2.4141569 0.9547243 3.2381161 1.3144041 0.0000000 0.7662384 2.1983953 2.4141569 2.4141569 2.7182557 1.8942965 1.4396946 1.2070784 2.1983953 3.2381161 9.0000000 
t18        1.3144041 2.1983953 2.0310377 1.5901977 1.3144041 0.4172160 1.3744361 1.2070784 0.7662384 0.0000000 1.3144041 1.6785349 1.1132061 1.8942965 1.0297869 1.3144041 1.3744361 1.2070784 1.1586745 1.3144041 
t1         0.9198342 1.5901977 9.0000000 2.0310377 1.5111773 1.5111773 0.6388142 2.1983953 2.1983953 1.3144041 0.0000000 0.4714565 1.3144041 1.5111773 1.1132061 1.1586745 1.1132061 1.1132061 1.2070784 1.0703373 
t13        0.6626257 1.2588231 2.1983953 1.2070784 1.8942965 1.3144041 0.3831192 1.5111773 2.4141569 1.6785349 0.4714565 0.0000000 1.1586745 1.3144041 1.1586745 1.1586745 0.9913169 0.8545757 1.0297869 1.0703373 
t8         1.3744361 9.0000000 9.0000000 2.0310377 1.0297869 1.1586745 1.2588231 0.9198342 2.4141569 1.1132061 1.3144041 1.1586745 0.0000000 0.5933457 0.4348639 1.1586745 1.4396946 0.5504769 0.5504769 0.6157354 
t15        1.3744361 1.6785349 3.2381161 1.8942965 1.3144041 1.5111773 1.2588231 0.7389627 2.7182557 1.8942965 1.5111773 1.3144041 0.5933457 0.0000000 0.3831192 1.2070784 1.5901977 0.5716050 0.5504769 0.5504769 
t20        1.4396946 1.6785349 9.0000000 2.0310377 0.8239592 0.9547243 0.9547243 0.5716050 1.8942965 1.0297869 1.1132061 1.1586745 0.4348639 0.3831192 0.0000000 1.0703373 1.0703373 0.3040988 0.3040988 0.3347153 
t6         1.5901977 1.5901977 2.0310377 1.6785349 1.3744361 1.4396946 1.0703373 1.2588231 1.4396946 1.3144041 1.1586745 1.1586745 1.1586745 1.2070784 1.0703373 0.0000000 0.2191023 1.0297869 1.3144041 1.0703373 
t19        1.5901977 1.5901977 2.1983953 1.6785349 1.2588231 1.3744361 1.0297869 1.4396946 1.2070784 1.3744361 1.1132061 0.9913169 1.4396946 1.5901977 1.0703373 0.2191023 0.0000000 1.1586745 1.3144041 1.1586745 
t14        1.1132061 3.2381161 9.0000000 1.5111773 1.1132061 1.0703373 0.7662384 0.7662384 2.1983953 1.2070784 1.1132061 0.8545757 0.5504769 0.5716050 0.3040988 1.0297869 1.1586745 0.0000000 0.2746833 0.3347153 
t2         1.1586745 2.0310377 9.0000000 1.6785349 0.8864954 1.2588231 0.9547243 0.7389627 3.2381161 1.1586745 1.2070784 1.0297869 0.5504769 0.5504769 0.3040988 1.3144041 1.3144041 0.2746833 0.0000000 0.1427653 
t12        1.1586745 1.7786835 9.0000000 1.8942965 0.9913169 1.6785349 0.9913169 0.7389627 9.0000000 1.3144041 1.0703373 1.0703373 0.6157354 0.5504769 0.3347153 1.0703373 1.1586745 0.3347153 0.1427653 0.0000000 
