20
t9         0.0000000 0.5504769 1.1132061 0.9198342 1.3144041 2.4141569 1.3744361 0.9913169 1.0703373 0.8545757 0.8864954 1.8942965 2.0310377 1.2588231 1.5901977 1.2070784 0.9547243 1.0703373 0.8545757 0.8545757 
t3         0.5504769 0.0000000 0.9198342 1.1586745 1.1586745 2.0310377 1.3144041 1.1586745 1.0703373 0.7389627 1.1586745 1.4396946 1.4396946 1.2070784 1.6785349 1.6785349 0.9913169 1.2070784 0.6388142 0.6388142 
t11        1.1132061 0.9198342 0.0000000 1.7786835 0.5504769 0.9198342 2.7182557 0.9913169 1.2588231 1.2588231 1.0297869 0.8239592 1.1586745 0.6872180 0.7945437 1.5901977 1.0297869 0.9913169 1.1132061 1.0297869 
t19        0.9198342 1.1586745 1.7786835 0.0000000 1.8942965 3.2381161 1.4396946 1.6785349 1.4396946 1.2588231 0.6626257 1.7786835 1.8942965 2.1983953 2.4141569 0.9547243 0.6872180 0.7389627 1.5901977 1.6785349 
t18        1.3144041 1.1586745 0.5504769 1.8942965 0.0000000 0.8545757 1.5901977 1.2070784 1.3744361 1.3144041 1.5111773 0.8864954 1.0703373 0.7126442 0.9913169 2.4141569 1.3144041 1.4396946 1.2588231 1.2070784 
t4         2.4141569 2.0310377 0.9198342 3.2381161 0.8545757 0.0000000 2.0310377 1.7786835 1.5901977 1.7786835 1.5111773 1.2588231 1.5111773 1.2588231 1.2588231 1.8942965 1.8942965 1.8942965 2.0310377 2.0310377 
t15        1.3744361 1.3144041 2.7182557 1.4396946 1.5901977 2.0310377 0.0000000 0.6872180 0.7945437 1.0297869 1.5111773 1.5901977 1.6785349 2.1983953 3.2381161 1.1132061 1.3744361 1.5901977 0.9547243 0.9198342 
t14        0.9913169 1.1586745 0.9913169 1.6785349 1.2070784 1.7786835 0.6872180 0.0000000 0.3831192 1.3744361 1.3144041 1.5111773 1.8942965 1.3144041 1.3144041 1.2588231 1.5901977 1.5111773 1.1586745 1.0703373 
t6         1.0703373 1.0703373 1.2588231 1.4396946 1.3744361 1.5901977 0.7945437 0.3831192 0.0000000 1.2588231 1.3144041 1.4396946 2.7182557 1.3744361 1.5901977 1.1132061 1.4396946 1.2588231 1.2070784 1.1132061 
t2         0.8545757 0.7389627 1.2588231 1.2588231 1.3144041 1.7786835 1.0297869 1.3744361 1.2588231 0.0000000 1.1586745 1.5111773 1.5901977 1.4396946 1.7786835 1.4396946 1.0297869 1.1586745 0.3192509 0.3040988 
t12        0.8864954 1.1586745 1.0297869 0.6626257 1.5111773 1.5111773 1.5111773 1.3144041 1.3144041 1.1586745 0.0000000 1.6785349 1.8942965 1.1132061 1.3744361 0.5504769 0.2058276 0.3040988 1.2588231 1.2070784 
t16        1.8942965 1.4396946 0.8239592 1.7786835 0.8864954 1.2588231 1.5901977 1.5111773 1.4396946 1.5111773 1.6785349 0.0000000 0.6388142 1.0297869 0.9547243 1.5901977 1.4396946 1.5111773 1.4396946 1.4396946 
t1         2.0310377 1.4396946 1.1586745 1.8942965 1.0703373 1.5111773 1.6785349 1.8942965 2.7182557 1.5901977 1.8942965 0.6388142 0.0000000 1.2588231 1.1586745 2.4141569 1.5901977 1.5901977 1.7786835 1.7786835 
t10        1.2588231 1.2070784 0.6872180 2.1983953 0.7126442 1.2588231 2.1983953 1.3144041 1.3744361 1.4396946 1.1132061 1.0297869 1.2588231 0.0000000 0.6388142 1.7786835 1.2588231 1.3144041 1.4396946 1.3744361 
t5         1.5901977 1.6785349 0.7945437 2.4141569 0.9913169 1.2588231 3.2381161 1.3144041 1.5901977 1.7786835 1.3744361 0.9547243 1.1586745 0.6388142 0.0000000 2.1983953 1.4396946 1.3144041 2.0310377 1.8942965 
t8         1.2070784 1.6785349 1.5901977 0.9547243 2.4141569 1.8942965 1.1132061 1.2588231 1.1132061 1.4396946 0.5504769 1.5901977 2.4141569 1.7786835 2.1983953 0.0000000 0.3999739 0.4714565 1.1586745 1.1586745 
t20        0.9547243 0.9913169 1.0297869 0.6872180 1.3144041 1.8942965 1.3744361 1.5901977 1.4396946 1.0297869 0.2058276 1.4396946 1.5901977 1.2588231 1.4396946 0.3999739 0.0000000 0.1427653 1.1132061 1.0703373 
t7         1.0703373 1.2070784 0.9913169 0.7389627 1.4396946 1.8942965 1.5901977 1.5111773 1.2588231 1.1586745 0.3040988 1.5111773 1.5901977 1.3144041 1.3144041 0.4714565 0.1427653 0.0000000 1.1586745 1.1132061 
t13        0.8545757 0.6388142 1.1132061 1.5901977 1.2588231 2.0310377 0.9547243 1.1586745 1.2070784 0.3192509 1.2588231 1.4396946 1.7786835 1.4396946 2.0310377 1.1586745 1.1132061 1.1586745 0.0000000 0.0202715 
t17        0.8545757 0.6388142 1.0297869 1.6785349 1.2070784 2.0310377 0.9198342 1.0703373 1.1132061 0.3040988 1.2070784 1.4396946 1.7786835 1.3744361 1.8942965 1.1586745 1.0703373 1.1132061 0.0202715 0.0000000 
