20
t15        0.0000000 1.7786835 1.2070784 1.5901977 2.1983953 1.3744361 1.3744361 1.3744361 3.2381161 1.3744361 1.3144041 1.3144041 1.5901977 1.3744361 9.0000000 1.5901977 1.8942965 1.7786835 1.6785349 1.6785349 
t3         1.7786835 0.0000000 0.8239592 1.0703373 1.3744361 1.4396946 1.7786835 1.0703373 1.5901977 0.9547243 1.5111773 1.2588231 1.0297869 0.7945437 1.4396946 0.9913169 1.5901977 1.3144041 1.4396946 1.2588231 
t6         1.2070784 0.8239592 0.0000000 0.7126442 1.1586745 0.7389627 0.9198342 0.7945437 1.1132061 0.7389627 0.8864954 0.5299277 0.9913169 0.7126442 0.9913169 0.8545757 0.9913169 1.1586745 0.9547243 0.9198342 
t9         1.5901977 1.0703373 0.7126442 0.0000000 1.5111773 0.9547243 1.2070784 0.8864954 1.3144041 1.0703373 1.0703373 0.6872180 1.4396946 1.2070784 1.2070784 0.8864954 1.1586745 1.3144041 1.0297869 0.9913169 
t7         2.1983953 1.3744361 1.1586745 1.5111773 0.0000000 1.4396946 1.3744361 1.3744361 1.5111773 1.5901977 2.4141569 1.2588231 1.3144041 1.5901977 2.1983953 1.6785349 1.5111773 1.5901977 1.6785349 1.5111773 
t1         1.3744361 1.4396946 0.7389627 0.9547243 1.4396946 0.0000000 0.6626257 1.1132061 1.3144041 1.8942965 1.0703373 0.9198342 1.6785349 1.3144041 0.9913169 1.5111773 1.2588231 1.3144041 1.4396946 1.4396946 
t8         1.3744361 1.7786835 0.9198342 1.2070784 1.3744361 0.6626257 0.0000000 1.1586745 1.5901977 2.1983953 1.1586745 0.9547243 2.0310377 1.5111773 2.1983953 1.7786835 1.7786835 1.5901977 2.0310377 1.8942965 
t19        1.3744361 1.0703373 0.7945437 0.8864954 1.3744361 1.1132061 1.1586745 0.0000000 1.1132061 1.6785349 1.1586745 0.8545757 1.7786835 1.5111773 1.3144041 1.6785349 1.5111773 1.4396946 1.7786835 1.8942965 
t16        3.2381161 1.5901977 1.1132061 1.3144041 1.5111773 1.3144041 1.5901977 1.1132061 0.0000000 1.8942965 2.0310377 1.4396946 2.4141569 2.4141569 2.0310377 1.5111773 1.6785349 2.4141569 1.6785349 1.5901977 
t5         1.3744361 0.9547243 0.7389627 1.0703373 1.5901977 1.8942965 2.1983953 1.6785349 1.8942965 0.0000000 1.2588231 1.0703373 0.5933457 0.4172160 1.3144041 0.6388142 1.5111773 2.4141569 0.8864954 0.7945437 
t2         1.3144041 1.5111773 0.8864954 1.0703373 2.4141569 1.0703373 1.1586745 1.1586745 2.0310377 1.2588231 0.0000000 0.5099265 1.7786835 1.1586745 1.3144041 1.4396946 1.5901977 1.0703373 1.5111773 1.3744361 
t11        1.3144041 1.2588231 0.5299277 0.6872180 1.2588231 0.9198342 0.9547243 0.8545757 1.4396946 1.0703373 0.5099265 0.0000000 1.3744361 1.0703373 1.3744361 0.8864954 1.2588231 1.5111773 0.9913169 0.9913169 
t20        1.5901977 1.0297869 0.9913169 1.4396946 1.3144041 1.6785349 2.0310377 1.7786835 2.4141569 0.5933457 1.7786835 1.3744361 0.0000000 0.2326162 1.4396946 0.3999739 2.0310377 2.7182557 0.6388142 0.5504769 
t13        1.3744361 0.7945437 0.7126442 1.2070784 1.5901977 1.3144041 1.5111773 1.5111773 2.4141569 0.4172160 1.1586745 1.0703373 0.2326162 0.0000000 1.5901977 0.3347153 1.7786835 1.5111773 0.5504769 0.4714565 
t17        9.0000000 1.4396946 0.9913169 1.2070784 2.1983953 0.9913169 2.1983953 1.3144041 2.0310377 1.3144041 1.3144041 1.3744361 1.4396946 1.5901977 0.0000000 1.4396946 0.5933457 0.6388142 1.2070784 1.3144041 
t12        1.5901977 0.9913169 0.8545757 0.8864954 1.6785349 1.5111773 1.7786835 1.6785349 1.5111773 0.6388142 1.4396946 0.8864954 0.3999739 0.3347153 1.4396946 0.0000000 2.7182557 2.4141569 0.2463781 0.1799630 
t18        1.8942965 1.5901977 0.9913169 1.1586745 1.5111773 1.2588231 1.7786835 1.5111773 1.6785349 1.5111773 1.5901977 1.2588231 2.0310377 1.7786835 0.5933457 2.7182557 0.0000000 0.4172160 1.7786835 2.0310377 
t14        1.7786835 1.3144041 1.1586745 1.3144041 1.5901977 1.3144041 1.5901977 1.4396946 2.4141569 2.4141569 1.0703373 1.5111773 2.7182557 1.5111773 0.6388142 2.4141569 0.4172160 0.0000000 1.5901977 1.8942965 
t4         1.6785349 1.4396946 0.9547243 1.0297869 1.6785349 1.4396946 2.0310377 1.7786835 1.6785349 0.8864954 1.5111773 0.9913169 0.6388142 0.5504769 1.2070784 0.2463781 1.7786835 1.5901977 0.0000000 0.0845966 
t10        1.6785349 1.2588231 0.9198342 0.9913169 1.5111773 1.4396946 1.8942965 1.8942965 1.5901977 0.7945437 1.3744361 0.9913169 0.5504769 0.4714565 1.3144041 0.1799630 2.0310377 1.8942965 0.0845966 0.0000000 
