20
t17        0.0000000 1.3144041 1.3744361 2.1983953 1.8942965 2.1983953 1.5111773 2.7182557 1.1132061 1.3144041 1.5111773 1.3744361 1.3144041 1.6785349 0.8864954 0.7945437 1.5901977 1.4396946 1.3144041 1.2588231 
t3         1.3144041 0.0000000 1.2588231 2.4141569 2.1983953 2.7182557 2.0310377 9.0000000 0.8545757 0.8864954 1.2588231 1.2070784 1.0703373 1.1132061 1.2070784 1.2588231 1.8942965 1.8942965 1.3744361 1.3744361 
t15        1.3744361 1.2588231 0.0000000 2.4141569 1.7786835 1.8942965 0.8864954 1.0703373 0.6626257 0.9547243 1.6785349 1.7786835 1.2588231 1.3144041 1.0703373 1.0703373 1.1586745 1.2588231 1.2588231 1.2070784 
t2         2.1983953 2.4141569 2.4141569 0.0000000 0.7389627 0.8239592 2.7182557 2.7182557 1.4396946 1.4396946 1.6785349 1.3144041 1.6785349 2.1983953 1.6785349 1.5901977 2.7182557 3.2381161 1.7786835 2.0310377 
t18        1.8942965 2.1983953 1.7786835 0.7389627 0.0000000 0.5299277 2.0310377 2.1983953 1.2588231 1.1132061 1.3144041 1.2070784 1.5901977 1.5901977 1.1132061 1.2588231 9.0000000 9.0000000 1.6785349 1.8942965 
t11        2.1983953 2.7182557 1.8942965 0.8239592 0.5299277 0.0000000 1.6785349 1.8942965 1.3144041 1.2588231 1.8942965 1.5901977 1.3744361 2.0310377 1.1586745 1.5111773 9.0000000 9.0000000 1.2588231 1.3144041 
t10        1.5111773 2.0310377 0.8864954 2.7182557 2.0310377 1.6785349 0.0000000 0.3192509 1.1132061 1.3144041 1.6785349 1.8942965 1.2070784 1.5111773 1.1586745 1.2588231 1.6785349 1.8942965 2.7182557 2.1983953 
t8         2.7182557 9.0000000 1.0703373 2.7182557 2.1983953 1.8942965 0.3192509 0.0000000 1.3744361 1.6785349 1.8942965 2.4141569 1.1132061 1.2588231 1.5111773 1.5901977 2.0310377 1.7786835 2.4141569 2.0310377 
t16        1.1132061 0.8545757 0.6626257 1.4396946 1.2588231 1.3144041 1.1132061 1.3744361 0.0000000 0.3347153 1.1132061 1.0703373 0.6157354 0.7662384 0.7945437 0.8239592 1.4396946 1.2588231 0.4529370 0.4172160 
t7         1.3144041 0.8864954 0.9547243 1.4396946 1.1132061 1.2588231 1.3144041 1.6785349 0.3347153 0.0000000 1.1132061 0.8864954 0.7389627 0.9913169 0.7126442 0.7662384 1.6785349 1.5111773 0.5716050 0.5716050 
t5         1.5111773 1.2588231 1.6785349 1.6785349 1.3144041 1.8942965 1.6785349 1.8942965 1.1132061 1.1132061 0.0000000 0.1673577 1.2070784 1.6785349 1.1586745 1.0703373 2.1983953 2.0310377 1.2588231 1.3144041 
t4         1.3744361 1.2070784 1.7786835 1.3144041 1.2070784 1.5901977 1.8942965 2.4141569 1.0703373 0.8864954 0.1673577 0.0000000 1.1132061 1.3144041 1.1586745 1.0703373 1.6785349 1.8942965 1.0297869 1.0703373 
t6         1.3144041 1.0703373 1.2588231 1.6785349 1.5901977 1.3744361 1.2070784 1.1132061 0.6157354 0.7389627 1.2070784 1.1132061 0.0000000 0.3666350 1.1586745 1.0297869 3.2381161 2.1983953 0.8239592 0.7945437 
t1         1.6785349 1.1132061 1.3144041 2.1983953 1.5901977 2.0310377 1.5111773 1.2588231 0.7662384 0.9913169 1.6785349 1.3144041 0.3666350 0.0000000 1.5111773 1.3744361 1.7786835 1.4396946 0.7945437 0.7945437 
t12        0.8864954 1.2070784 1.0703373 1.6785349 1.1132061 1.1586745 1.1586745 1.5111773 0.7945437 0.7126442 1.1586745 1.1586745 1.1586745 1.5111773 0.0000000 0.0734853 1.7786835 1.5111773 1.3144041 1.3744361 
t13        0.7945437 1.2588231 1.0703373 1.5901977 1.2588231 1.5111773 1.2588231 1.5901977 0.8239592 0.7662384 1.0703373 1.0703373 1.0297869 1.3744361 0.0734853 0.0000000 1.8942965 1.5901977 1.1586745 1.2070784 
t20        1.5901977 1.8942965 1.1586745 2.7182557 9.0000000 9.0000000 1.6785349 2.0310377 1.4396946 1.6785349 2.1983953 1.6785349 3.2381161 1.7786835 1.7786835 1.8942965 0.0000000 0.2191023 3.2381161 3.2381161 
t9         1.4396946 1.8942965 1.2588231 3.2381161 9.0000000 9.0000000 1.8942965 1.7786835 1.2588231 1.5111773 2.0310377 1.8942965 2.1983953 1.4396946 1.5111773 1.5901977 0.2191023 0.0000000 2.0310377 2.0310377 
t14        1.3144041 1.3744361 1.2588231 1.7786835 1.6785349 1.2588231 2.7182557 2.4141569 0.4529370 0.5716050 1.2588231 1.0297869 0.8239592 0.7945437 1.3144041 1.1586745 3.2381161 2.0310377 0.0000000 0.0411062 
t19        1.2588231 1.3744361 1.2070784 2.0310377 1.8942965 1.3144041 2.1983953 2.0310377 0.4172160 0.5716050 1.3144041 1.0703373 0.7945437 0.7945437 1.3744361 1.2070784 3.2381161 2.0310377 0.0411062 0.0000000 
