20
t11        0.0000000 0.5504769 0.4714565 0.4904449 0.4529370 0.7126442 0.7945437 0.7389627 0.7126442 0.6872180 0.7662384 0.8545757 0.8864954 0.7662384 0.4529370 0.4348639 0.6872180 0.6872180 1.0703373 1.0703373 
t16        0.5504769 0.0000000 0.3999739 0.4529370 0.7126442 0.7945437 0.7126442 0.7126442 0.8545757 0.7945437 0.7945437 0.8864954 0.6872180 0.7389627 0.7389627 0.7126442 0.8545757 0.8239592 1.3144041 1.3144041 
t3         0.4714565 0.3999739 0.0000000 0.4348639 0.5716050 0.6872180 0.7945437 0.7662384 0.6157354 0.7662384 0.7389627 0.8545757 0.7126442 0.7389627 0.7126442 0.6388142 0.6872180 0.6388142 1.1586745 1.1586745 
t17        0.4904449 0.4529370 0.4348639 0.0000000 0.6626257 0.6872180 0.7389627 0.7389627 0.6872180 0.7126442 0.7389627 0.8239592 0.8239592 0.7126442 0.7662384 0.7126442 0.7662384 0.7945437 1.5111773 1.5111773 
t8         0.4529370 0.7126442 0.5716050 0.6626257 0.0000000 0.8239592 0.8239592 0.8864954 0.9913169 0.7389627 0.8864954 1.0703373 0.9547243 0.8545757 0.2746833 0.2463781 0.9198342 0.8864954 1.4396946 1.4396946 
t4         0.7126442 0.7945437 0.6872180 0.6872180 0.8239592 0.0000000 0.6388142 0.6157354 0.3999739 0.3666350 0.5933457 0.6388142 0.6157354 0.5716050 0.9198342 0.8239592 0.3192509 0.2892469 1.6785349 1.6785349 
t19        0.7945437 0.7126442 0.7945437 0.7389627 0.8239592 0.6388142 0.0000000 0.2191023 0.6626257 0.6157354 0.3831192 0.3192509 0.3040988 0.2892469 0.9198342 0.8239592 0.7945437 0.7662384 1.7786835 1.7786835 
t5         0.7389627 0.7126442 0.7662384 0.7389627 0.8864954 0.6157354 0.2191023 0.0000000 0.6626257 0.5933457 0.2892469 0.3040988 0.2463781 0.2746833 0.8545757 0.7945437 0.6872180 0.6626257 1.7786835 1.7786835 
t15        0.7126442 0.8545757 0.6157354 0.6872180 0.9913169 0.3999739 0.6626257 0.6626257 0.0000000 0.4172160 0.6872180 0.6388142 0.7126442 0.6872180 0.9913169 0.8864954 0.3192509 0.3040988 2.0310377 2.0310377 
t13        0.6872180 0.7945437 0.7662384 0.7126442 0.7389627 0.3666350 0.6157354 0.5933457 0.4172160 0.0000000 0.7389627 0.7662384 0.6626257 0.6388142 0.7945437 0.6626257 0.3040988 0.3040988 1.7786835 1.7786835 
t10        0.7662384 0.7945437 0.7389627 0.7389627 0.8864954 0.5933457 0.3831192 0.2892469 0.6872180 0.7389627 0.0000000 0.1307650 0.3192509 0.3192509 0.8864954 0.9198342 0.7126442 0.6872180 2.1983953 2.1983953 
t6         0.8545757 0.8864954 0.8545757 0.8239592 1.0703373 0.6388142 0.3192509 0.3040988 0.6388142 0.7662384 0.1307650 0.0000000 0.3831192 0.3999739 1.1132061 1.1132061 0.7662384 0.7126442 1.8942965 1.8942965 
t9         0.8864954 0.6872180 0.7126442 0.8239592 0.9547243 0.6157354 0.3040988 0.2463781 0.7126442 0.6626257 0.3192509 0.3831192 0.0000000 0.1189538 0.9547243 0.8545757 0.7126442 0.6626257 1.8942965 1.8942965 
t14        0.7662384 0.7389627 0.7389627 0.7126442 0.8545757 0.5716050 0.2892469 0.2746833 0.6872180 0.6388142 0.3192509 0.3999739 0.1189538 0.0000000 0.8545757 0.7662384 0.6872180 0.6388142 1.5901977 1.5901977 
t7         0.4529370 0.7389627 0.7126442 0.7662384 0.2746833 0.9198342 0.9198342 0.8545757 0.9913169 0.7945437 0.8864954 1.1132061 0.9547243 0.8545757 0.0000000 0.0517447 0.8545757 0.7945437 1.5111773 1.5111773 
t20        0.4348639 0.7126442 0.6388142 0.7126442 0.2463781 0.8239592 0.8239592 0.7945437 0.8864954 0.6626257 0.9198342 1.1132061 0.8545757 0.7662384 0.0517447 0.0000000 0.7389627 0.7126442 1.5111773 1.5111773 
t2         0.6872180 0.8545757 0.6872180 0.7662384 0.9198342 0.3192509 0.7945437 0.6872180 0.3192509 0.3040988 0.7126442 0.7662384 0.7126442 0.6872180 0.8545757 0.7389627 0.0000000 0.0411062 1.8942965 1.8942965 
t18        0.6872180 0.8239592 0.6388142 0.7945437 0.8864954 0.2892469 0.7662384 0.6626257 0.3040988 0.3040988 0.6872180 0.7126442 0.6626257 0.6388142 0.7945437 0.7126442 0.0411062 0.0000000 1.7786835 1.7786835 
t12        1.0703373 1.3144041 1.1586745 1.5111773 1.4396946 1.6785349 1.7786835 1.7786835 2.0310377 1.7786835 2.1983953 1.8942965 1.8942965 1.5901977 1.5111773 1.5111773 1.8942965 1.7786835 0.0000000 0.0100673 
t1         1.0703373 1.3144041 1.1586745 1.5111773 1.4396946 1.6785349 1.7786835 1.7786835 2.0310377 1.7786835 2.1983953 1.8942965 1.8942965 1.5901977 1.5111773 1.5111773 1.8942965 1.7786835 0.0100673 0.0000000 
