20
t3         0.0000000 9.0000000 2.1983953 1.5901977 1.5111773 1.5111773 0.9198342 0.9913169 2.1983953 1.3744361 1.7786835 1.1132061 1.2070784 9.0000000 1.5111773 1.2588231 1.0703373 1.1132061 1.5111773 1.6785349 
t13        9.0000000 0.0000000 2.1983953 9.0000000 1.5111773 2.1983953 9.0000000 9.0000000 9.0000000 9.0000000 9.0000000 9.0000000 9.0000000 9.0000000 1.8942965 2.7182557 9.0000000 9.0000000 9.0000000 9.0000000 
t17        2.1983953 2.1983953 0.0000000 1.3144041 1.5901977 1.8942965 1.5111773 1.2070784 2.4141569 1.6785349 9.0000000 1.0703373 1.2070784 3.2381161 1.7786835 2.4141569 1.5901977 1.5111773 1.5111773 1.5111773 
t2         1.5901977 9.0000000 1.3144041 0.0000000 1.5111773 3.2381161 0.9913169 0.9913169 2.1983953 0.7389627 9.0000000 1.0703373 1.0297869 2.1983953 2.1983953 1.0297869 0.9198342 1.0703373 0.8239592 0.8864954 
t6         1.5111773 1.5111773 1.5901977 1.5111773 0.0000000 1.8942965 1.1586745 1.2070784 2.7182557 0.9547243 1.7786835 1.1586745 1.1586745 2.0310377 1.4396946 1.5111773 1.2070784 1.1132061 1.3144041 1.3744361 
t8         1.5111773 2.1983953 1.8942965 3.2381161 1.8942965 0.0000000 1.7786835 1.2588231 9.0000000 1.5111773 9.0000000 1.5901977 1.8942965 1.3744361 0.2746833 3.2381161 1.3144041 1.3744361 3.2381161 2.7182557 
t15        0.9198342 9.0000000 1.5111773 0.9913169 1.1586745 1.7786835 0.0000000 0.3040988 1.5901977 0.6872180 1.6785349 0.4529370 0.4714565 9.0000000 1.4396946 0.7126442 0.3347153 0.4529370 0.6626257 0.6872180 
t7         0.9913169 9.0000000 1.2070784 0.9913169 1.2070784 1.2588231 0.3040988 0.0000000 1.5111773 0.5716050 1.6785349 0.2326162 0.2746833 1.6785349 1.0297869 0.5099265 0.2326162 0.3192509 0.7662384 0.7662384 
t9         2.1983953 9.0000000 2.4141569 2.1983953 2.7182557 9.0000000 1.5901977 1.5111773 0.0000000 1.5901977 9.0000000 1.7786835 1.8942965 9.0000000 9.0000000 1.4396946 1.5111773 1.5111773 1.5901977 1.7786835 
t18        1.3744361 9.0000000 1.6785349 0.7389627 0.9547243 1.5111773 0.6872180 0.5716050 1.5901977 0.0000000 1.8942965 0.6872180 0.7126442 2.1983953 1.3144041 0.7945437 0.6388142 0.6626257 0.8239592 0.8239592 
t12        1.7786835 9.0000000 9.0000000 9.0000000 1.7786835 9.0000000 1.6785349 1.6785349 9.0000000 1.8942965 0.0000000 1.5901977 1.5111773 2.0310377 2.7182557 2.7182557 2.1983953 2.4141569 2.4141569 2.1983953 
t11        1.1132061 9.0000000 1.0703373 1.0703373 1.1586745 1.5901977 0.4529370 0.2326162 1.7786835 0.6872180 1.5901977 0.0000000 0.1927838 2.7182557 1.2070784 0.5933457 0.2892469 0.3666350 0.8545757 0.8545757 
t5         1.2070784 9.0000000 1.2070784 1.0297869 1.1586745 1.8942965 0.4714565 0.2746833 1.8942965 0.7126442 1.5111773 0.1927838 0.0000000 2.1983953 1.2588231 0.6157354 0.3999739 0.4348639 0.7945437 0.7945437 
t20        9.0000000 9.0000000 3.2381161 2.1983953 2.0310377 1.3744361 9.0000000 1.6785349 9.0000000 2.1983953 2.0310377 2.7182557 2.1983953 0.0000000 1.5111773 2.7182557 2.7182557 2.0310377 9.0000000 9.0000000 
t16        1.5111773 1.8942965 1.7786835 2.1983953 1.4396946 0.2746833 1.4396946 1.0297869 9.0000000 1.3144041 2.7182557 1.2070784 1.2588231 1.5111773 0.0000000 2.0310377 1.2588231 1.1586745 9.0000000 9.0000000 
t14        1.2588231 2.7182557 2.4141569 1.0297869 1.5111773 3.2381161 0.7126442 0.5099265 1.4396946 0.7945437 2.7182557 0.5933457 0.6157354 2.7182557 2.0310377 0.0000000 0.5099265 0.6157354 0.7945437 0.7945437 
t19        1.0703373 9.0000000 1.5901977 0.9198342 1.2070784 1.3144041 0.3347153 0.2326162 1.5111773 0.6388142 2.1983953 0.2892469 0.3999739 2.7182557 1.2588231 0.5099265 0.0000000 0.2463781 0.7662384 0.7662384 
t10        1.1132061 9.0000000 1.5111773 1.0703373 1.1132061 1.3744361 0.4529370 0.3192509 1.5111773 0.6626257 2.4141569 0.3666350 0.4348639 2.0310377 1.1586745 0.6157354 0.2463781 0.0000000 0.8864954 0.8864954 
t1         1.5111773 9.0000000 1.5111773 0.8239592 1.3144041 3.2381161 0.6626257 0.7662384 1.5901977 0.8239592 2.4141569 0.8545757 0.7945437 9.0000000 9.0000000 0.7945437 0.7662384 0.8864954 0.0000000 0.0202715 
t4         1.6785349 9.0000000 1.5111773 0.8864954 1.3744361 2.7182557 0.6872180 0.7662384 1.7786835 0.8239592 2.1983953 0.8545757 0.7945437 9.0000000 9.0000000 0.7945437 0.7662384 0.8864954 0.0202715 0.0000000 
