20
t4         0.0000000 1.2070784 1.3144041 1.3144041 1.0297869 1.8942965 2.1983953 1.2070784 1.1132061 1.8942965 1.0297869 1.2070784 1.2588231 1.3144041 1.2070784 1.2588231 1.1586745 1.1586745 1.0297869 0.9198342 
t20        1.2070784 0.0000000 0.9547243 1.1586745 1.4396946 1.5901977 1.8942965 0.9547243 0.9547243 1.5111773 0.9913169 0.9547243 0.8864954 1.2070784 1.2070784 1.1132061 0.9198342 0.8864954 0.9547243 0.9198342 
t2         1.3144041 0.9547243 0.0000000 1.1132061 1.2588231 1.1132061 9.0000000 0.8545757 0.7662384 1.7786835 0.9198342 0.8239592 0.8545757 0.9198342 0.9198342 0.9547243 0.9547243 0.9198342 0.8239592 0.7389627 
t18        1.3144041 1.1586745 1.1132061 0.0000000 1.0297869 0.9547243 2.1983953 1.0703373 1.3744361 2.0310377 1.6785349 1.1586745 1.2070784 1.2588231 1.3144041 1.3144041 1.1586745 0.9913169 0.9198342 0.7662384 
t17        1.0297869 1.4396946 1.2588231 1.0297869 0.0000000 1.4396946 2.0310377 1.4396946 1.3744361 2.7182557 1.2070784 1.0297869 1.0703373 1.2588231 1.2588231 1.3744361 1.0703373 1.0297869 1.0297869 0.9198342 
t10        1.8942965 1.5901977 1.1132061 0.9547243 1.4396946 0.0000000 2.0310377 1.3144041 1.0703373 9.0000000 1.1586745 1.0703373 1.0297869 1.1132061 1.3144041 1.3144041 1.1132061 1.0703373 0.8864954 0.9547243 
t3         2.1983953 1.8942965 9.0000000 2.1983953 2.0310377 2.0310377 0.0000000 2.1983953 2.7182557 9.0000000 9.0000000 2.4141569 2.1983953 9.0000000 9.0000000 9.0000000 2.7182557 9.0000000 2.4141569 2.4141569 
t19        1.2070784 0.9547243 0.8545757 1.0703373 1.4396946 1.3144041 2.1983953 0.0000000 0.5299277 1.8942965 0.6626257 0.5504769 0.6872180 1.1586745 1.1586745 1.3144041 0.9198342 0.9547243 0.8864954 0.8239592 
t14        1.1132061 0.9547243 0.7662384 1.3744361 1.3744361 1.0703373 2.7182557 0.5299277 0.0000000 1.2588231 0.4348639 0.4904449 0.4348639 0.8864954 0.9913169 1.1132061 0.7945437 0.7126442 0.7389627 0.6872180 
t16        1.8942965 1.5111773 1.7786835 2.0310377 2.7182557 9.0000000 9.0000000 1.8942965 1.2588231 0.0000000 1.2588231 1.1132061 0.9198342 1.3744361 1.2588231 1.5901977 1.1586745 1.1132061 1.2070784 1.1586745 
t9         1.0297869 0.9913169 0.9198342 1.6785349 1.2070784 1.1586745 9.0000000 0.6626257 0.4348639 1.2588231 0.0000000 0.5299277 0.4714565 0.9913169 1.0297869 1.1132061 0.8545757 0.8239592 0.8239592 0.7389627 
t13        1.2070784 0.9547243 0.8239592 1.1586745 1.0297869 1.0703373 2.4141569 0.5504769 0.4904449 1.1132061 0.5299277 0.0000000 0.3192509 0.7945437 0.7389627 0.8545757 0.6157354 0.5504769 0.6872180 0.6388142 
t7         1.2588231 0.8864954 0.8545757 1.2070784 1.0703373 1.0297869 2.1983953 0.6872180 0.4348639 0.9198342 0.4714565 0.3192509 0.0000000 0.8864954 0.9547243 1.1132061 0.7945437 0.7126442 0.7389627 0.7389627 
t1         1.3144041 1.2070784 0.9198342 1.2588231 1.2588231 1.1132061 9.0000000 1.1586745 0.8864954 1.3744361 0.9913169 0.7945437 0.8864954 0.0000000 0.1307650 0.2191023 0.7389627 0.7389627 0.5716050 0.5504769 
t6         1.2070784 1.2070784 0.9198342 1.3144041 1.2588231 1.3144041 9.0000000 1.1586745 0.9913169 1.2588231 1.0297869 0.7389627 0.9547243 0.1307650 0.0000000 0.2058276 0.7389627 0.7389627 0.6388142 0.6157354 
t12        1.2588231 1.1132061 0.9547243 1.3144041 1.3744361 1.3144041 9.0000000 1.3144041 1.1132061 1.5901977 1.1132061 0.8545757 1.1132061 0.2191023 0.2058276 0.0000000 0.8545757 0.8239592 0.7126442 0.6388142 
t8         1.1586745 0.9198342 0.9547243 1.1586745 1.0703373 1.1132061 2.7182557 0.9198342 0.7945437 1.1586745 0.8545757 0.6157354 0.7945437 0.7389627 0.7389627 0.8545757 0.0000000 0.0734853 0.3666350 0.3347153 
t11        1.1586745 0.8864954 0.9198342 0.9913169 1.0297869 1.0703373 9.0000000 0.9547243 0.7126442 1.1132061 0.8239592 0.5504769 0.7126442 0.7389627 0.7389627 0.8239592 0.0734853 0.0000000 0.3666350 0.3347153 
t15        1.0297869 0.9547243 0.8239592 0.9198342 1.0297869 0.8864954 2.4141569 0.8864954 0.7389627 1.2070784 0.8239592 0.6872180 0.7389627 0.5716050 0.6388142 0.7126442 0.3666350 0.3666350 0.0000000 0.0517447 
t5         0.9198342 0.9198342 0.7389627 0.7662384 0.9198342 0.9547243 2.4141569 0.8239592 0.6872180 1.1586745 0.7389627 0.6388142 0.7389627 0.5504769 0.6157354 0.6388142 0.3347153 0.3347153 0.0517447 0.0000000 
