20
t8         0.0000000 9.0000000 2.7182557 3.2381161 1.8942965 1.8942965 2.7182557 2.1983953 2.4141569 3.2381161 9.0000000 3.2381161 9.0000000 9.0000000 9.0000000 9.0000000 2.4141569 2.4141569 9.0000000 9.0000000 
t16        9.0000000 0.0000000 1.0297869 0.7389627 9.0000000 1.5901977 1.5901977 1.5901977 1.3144041 1.5111773 2.1983953 1.6785349 1.6785349 1.8942965 1.5111773 1.2070784 1.8942965 2.0310377 2.1983953 2.0310377 
t2         2.7182557 1.0297869 0.0000000 1.1132061 2.4141569 2.4141569 1.7786835 2.1983953 2.4141569 3.2381161 2.0310377 2.1983953 2.7182557 2.0310377 1.7786835 1.7786835 2.0310377 2.1983953 9.0000000 9.0000000 
t15        3.2381161 0.7389627 1.1132061 0.0000000 2.0310377 0.5933457 1.1132061 0.6157354 0.7389627 0.9913169 1.2588231 1.0297869 1.2070784 1.1132061 1.2070784 1.0297869 0.9198342 0.9547243 3.2381161 3.2381161 
t4         1.8942965 9.0000000 2.4141569 2.0310377 0.0000000 9.0000000 0.7662384 9.0000000 1.3744361 2.1983953 0.9198342 1.0703373 2.4141569 2.4141569 1.6785349 1.4396946 9.0000000 9.0000000 2.4141569 2.7182557 
t9         1.8942965 1.5901977 2.4141569 0.5933457 9.0000000 0.0000000 1.6785349 0.1189538 1.4396946 2.4141569 1.6785349 1.5901977 2.1983953 1.5111773 3.2381161 2.4141569 0.3666350 0.3666350 2.4141569 2.7182557 
t5         2.7182557 1.5901977 1.7786835 1.1132061 0.7662384 1.6785349 0.0000000 1.5111773 1.5901977 1.7786835 0.5933457 0.5299277 1.6785349 1.5111773 2.1983953 1.4396946 2.1983953 2.4141569 9.0000000 9.0000000 
t17        2.1983953 1.5901977 2.1983953 0.6157354 9.0000000 0.1189538 1.5111773 0.0000000 1.5111773 2.0310377 1.6785349 1.5901977 2.7182557 1.7786835 2.0310377 1.7786835 0.3831192 0.3831192 2.7182557 3.2381161 
t6         2.4141569 1.3144041 2.4141569 0.7389627 1.3744361 1.4396946 1.5901977 1.5111773 0.0000000 0.3192509 2.1983953 2.4141569 0.9198342 0.9913169 0.8239592 0.6872180 2.1983953 2.4141569 1.8942965 2.0310377 
t19        3.2381161 1.5111773 3.2381161 0.9913169 2.1983953 2.4141569 1.7786835 2.0310377 0.3192509 0.0000000 1.5901977 1.5901977 1.1586745 1.3744361 1.0297869 0.8864954 9.0000000 9.0000000 1.7786835 1.8942965 
t14        9.0000000 2.1983953 2.0310377 1.2588231 0.9198342 1.6785349 0.5933457 1.6785349 2.1983953 1.5901977 0.0000000 0.1673577 2.0310377 2.0310377 9.0000000 9.0000000 1.6785349 1.5901977 9.0000000 9.0000000 
t20        3.2381161 1.6785349 2.1983953 1.0297869 1.0703373 1.5901977 0.5299277 1.5901977 2.4141569 1.5901977 0.1673577 0.0000000 2.0310377 1.5901977 9.0000000 3.2381161 1.5901977 1.5111773 2.7182557 3.2381161 
t3         9.0000000 1.6785349 2.7182557 1.2070784 2.4141569 2.1983953 1.6785349 2.7182557 0.9198342 1.1586745 2.0310377 2.0310377 0.0000000 0.1799630 1.5901977 1.4396946 9.0000000 9.0000000 2.4141569 2.1983953 
t10        9.0000000 1.8942965 2.0310377 1.1132061 2.4141569 1.5111773 1.5111773 1.7786835 0.9913169 1.3744361 2.0310377 1.5901977 0.1799630 0.0000000 1.3144041 1.2588231 2.4141569 2.7182557 2.1983953 2.0310377 
t13        9.0000000 1.5111773 1.7786835 1.2070784 1.6785349 3.2381161 2.1983953 2.0310377 0.8239592 1.0297869 9.0000000 9.0000000 1.5901977 1.3144041 0.0000000 0.1073256 9.0000000 9.0000000 1.8942965 1.7786835 
t12        9.0000000 1.2070784 1.7786835 1.0297869 1.4396946 2.4141569 1.4396946 1.7786835 0.6872180 0.8864954 9.0000000 3.2381161 1.4396946 1.2588231 0.1073256 0.0000000 9.0000000 9.0000000 1.7786835 1.8942965 
t11        2.4141569 1.8942965 2.0310377 0.9198342 9.0000000 0.3666350 2.1983953 0.3831192 2.1983953 9.0000000 1.6785349 1.5901977 9.0000000 2.4141569 9.0000000 9.0000000 0.0000000 0.0202715 3.2381161 9.0000000 
t18        2.4141569 2.0310377 2.1983953 0.9547243 9.0000000 0.3666350 2.4141569 0.3831192 2.4141569 9.0000000 1.5901977 1.5111773 9.0000000 2.7182557 9.0000000 9.0000000 0.0202715 0.0000000 3.2381161 9.0000000 
t1         9.0000000 2.1983953 9.0000000 3.2381161 2.4141569 2.4141569 9.0000000 2.7182557 1.8942965 1.7786835 9.0000000 2.7182557 2.4141569 2.1983953 1.8942965 1.7786835 3.2381161 3.2381161 0.0000000 0.0306165 
t7         9.0000000 2.0310377 9.0000000 3.2381161 2.7182557 2.7182557 9.0000000 3.2381161 2.0310377 1.8942965 9.0000000 3.2381161 2.1983953 2.0310377 1.7786835 1.8942965 9.0000000 9.0000000 0.0306165 0.0000000 
