20
t2         0.0000000 1.7786835 1.1586745 0.8864954 0.8545757 0.7945437 1.2070784 0.8239592 1.1586745 0.9547243 0.8545757 1.5901977 0.8545757 1.0703373 1.2070784 1.4396946 1.7786835 2.0310377 1.8942965 1.5901977 
t1         1.7786835 0.0000000 0.9913169 0.9198342 0.8864954 0.9198342 1.4396946 0.9198342 1.8942965 1.2070784 0.9913169 1.7786835 1.1132061 0.9547243 1.3744361 2.4141569 1.7786835 1.6785349 0.5933457 0.6157354 
t10        1.1586745 0.9913169 0.0000000 0.5933457 0.5716050 0.4172160 0.8239592 0.6626257 1.2588231 0.5504769 0.5099265 1.1586745 0.8545757 0.8239592 0.8545757 1.1586745 1.5111773 1.5901977 0.9913169 0.9198342 
t20        0.8864954 0.9198342 0.5933457 0.0000000 0.3831192 0.2603971 0.8545757 0.5299277 1.0297869 0.3347153 0.3040988 0.9198342 0.7662384 0.8239592 0.9913169 1.0297869 1.5111773 1.5901977 0.9198342 0.8239592 
t15        0.8545757 0.8864954 0.5716050 0.3831192 0.0000000 0.3831192 0.3831192 0.1799630 0.9913169 0.4172160 0.4172160 0.8864954 0.5716050 0.5504769 0.8864954 1.2070784 1.1586745 1.2070784 0.9198342 0.8545757 
t11        0.7945437 0.9198342 0.4172160 0.2603971 0.3831192 0.0000000 0.7389627 0.4714565 1.0297869 0.1927838 0.1427653 0.9913169 0.7662384 0.7126442 0.8239592 1.1132061 1.4396946 1.5111773 0.8545757 0.8239592 
t6         1.2070784 1.4396946 0.8239592 0.8545757 0.3831192 0.7389627 0.0000000 0.4348639 1.2588231 0.7126442 0.8545757 1.2588231 0.8864954 0.8864954 1.0297869 1.2070784 1.5901977 1.5901977 1.2588231 1.2588231 
t17        0.8239592 0.9198342 0.6626257 0.5299277 0.1799630 0.4714565 0.4348639 0.0000000 0.9547243 0.5933457 0.5299277 0.9198342 0.6388142 0.6157354 0.8864954 1.2588231 1.0297869 1.1586745 0.9913169 0.9913169 
t5         1.1586745 1.8942965 1.2588231 1.0297869 0.9913169 1.0297869 1.2588231 0.9547243 0.0000000 1.0703373 1.0297869 1.3744361 0.9547243 0.9547243 0.4172160 0.5716050 1.5901977 1.7786835 0.9547243 0.9913169 
t4         0.9547243 1.2070784 0.5504769 0.3347153 0.4172160 0.1927838 0.7126442 0.5933457 1.0703373 0.0000000 0.1307650 0.9913169 0.8239592 0.7945437 1.0297869 1.1132061 1.5901977 1.6785349 0.9913169 1.0297869 
t3         0.8545757 0.9913169 0.5099265 0.3040988 0.4172160 0.1427653 0.8545757 0.5299277 1.0297869 0.1307650 0.0000000 1.0703373 0.8239592 0.6872180 0.8239592 1.2070784 1.3744361 1.5111773 0.9547243 0.9913169 
t12        1.5901977 1.7786835 1.1586745 0.9198342 0.8864954 0.9913169 1.2588231 0.9198342 1.3744361 0.9913169 1.0703373 0.0000000 0.6626257 0.8864954 1.0703373 0.8545757 1.4396946 1.8942965 1.2588231 1.1586745 
t9         0.8545757 1.1132061 0.8545757 0.7662384 0.5716050 0.7662384 0.8864954 0.6388142 0.9547243 0.8239592 0.8239592 0.6626257 0.0000000 0.3831192 0.8545757 1.0297869 1.2070784 1.5111773 0.9198342 0.8864954 
t14        1.0703373 0.9547243 0.8239592 0.8239592 0.5504769 0.7126442 0.8864954 0.6157354 0.9547243 0.7945437 0.6872180 0.8864954 0.3831192 0.0000000 0.8545757 1.2070784 1.2588231 1.5111773 0.8239592 0.8864954 
t7         1.2070784 1.3744361 0.8545757 0.9913169 0.8864954 0.8239592 1.0297869 0.8864954 0.4172160 1.0297869 0.8239592 1.0703373 0.8545757 0.8545757 0.0000000 0.5716050 1.1586745 1.2588231 0.9547243 1.0703373 
t8         1.4396946 2.4141569 1.1586745 1.0297869 1.2070784 1.1132061 1.2070784 1.2588231 0.5716050 1.1132061 1.2070784 0.8545757 1.0297869 1.2070784 0.5716050 0.0000000 1.5901977 1.6785349 1.0703373 1.0297869 
t19        1.7786835 1.7786835 1.5111773 1.5111773 1.1586745 1.4396946 1.5901977 1.0297869 1.5901977 1.5901977 1.3744361 1.4396946 1.2070784 1.2588231 1.1586745 1.5901977 0.0000000 0.1799630 1.2070784 1.4396946 
t16        2.0310377 1.6785349 1.5901977 1.5901977 1.2070784 1.5111773 1.5901977 1.1586745 1.7786835 1.6785349 1.5111773 1.8942965 1.5111773 1.5111773 1.2588231 1.6785349 0.1799630 0.0000000 1.2070784 1.3144041 
t13        1.8942965 0.5933457 0.9913169 0.9198342 0.9198342 0.8545757 1.2588231 0.9913169 0.9547243 0.9913169 0.9547243 1.2588231 0.9198342 0.8239592 0.9547243 1.0703373 1.2070784 1.2070784 0.0000000 0.0958750 
t18        1.5901977 0.6157354 0.9198342 0.8239592 0.8545757 0.8239592 1.2588231 0.9913169 0.9913169 1.0297869 0.9913169 1.1586745 0.8864954 0.8864954 1.0703373 1.0297869 1.4396946 1.3144041 0.0958750 0.0000000 
