20
t1         0.0000000 1.5901977 1.0297869 0.5716050 1.1132061 0.8864954 0.5933457 0.7389627 2.4141569 2.4141569 0.7945437 0.9547243 0.9547243 0.9913169 0.8864954 1.5901977 0.9913169 0.8864954 1.8942965 2.0310377 
t19        1.5901977 0.0000000 2.1983953 1.5111773 2.7182557 1.1586745 1.3144041 1.4396946 9.0000000 9.0000000 1.6785349 1.3744361 1.2588231 1.3744361 1.4396946 1.8942965 9.0000000 9.0000000 2.4141569 2.7182557 
t5         1.0297869 2.1983953 0.0000000 1.2070784 1.0703373 0.9913169 1.0703373 1.1586745 2.1983953 1.7786835 1.5901977 1.7786835 1.5111773 0.9913169 1.0297869 2.4141569 1.2070784 1.1586745 1.7786835 1.6785349 
t12        0.5716050 1.5111773 1.2070784 0.0000000 0.9198342 0.7945437 0.5933457 0.6157354 2.0310377 1.7786835 0.2892469 0.3999739 0.3505054 1.1132061 1.0297869 1.5901977 0.8864954 0.8545757 1.8942965 2.1983953 
t15        1.1132061 2.7182557 1.0703373 0.9198342 0.0000000 0.7945437 0.6388142 0.7389627 2.7182557 1.7786835 1.2070784 1.2588231 1.2588231 1.3144041 1.3144041 1.8942965 1.1132061 1.0297869 2.0310377 1.8942965 
t11        0.8864954 1.1586745 0.9913169 0.7945437 0.7945437 0.0000000 0.3192509 0.5299277 2.4141569 2.0310377 1.0703373 1.0703373 0.8864954 0.9198342 0.9547243 1.5111773 1.3144041 1.3144041 1.5111773 1.5111773 
t17        0.5933457 1.3144041 1.0703373 0.5933457 0.6388142 0.3192509 0.0000000 0.2603971 1.6785349 1.5111773 0.8239592 0.8864954 0.8239592 0.8545757 0.9913169 1.6785349 1.0703373 1.0297869 1.4396946 1.4396946 
t8         0.7389627 1.4396946 1.1586745 0.6157354 0.7389627 0.5299277 0.2603971 0.0000000 1.7786835 1.5901977 0.7945437 0.9198342 0.8545757 1.1132061 1.2070784 1.6785349 1.0297869 0.9913169 1.3144041 1.3744361 
t4         2.4141569 9.0000000 2.1983953 2.0310377 2.7182557 2.4141569 1.6785349 1.7786835 0.0000000 1.0297869 2.0310377 1.7786835 2.1983953 1.5111773 1.4396946 9.0000000 3.2381161 9.0000000 9.0000000 9.0000000 
t3         2.4141569 9.0000000 1.7786835 1.7786835 1.7786835 2.0310377 1.5111773 1.5901977 1.0297869 0.0000000 1.7786835 2.1983953 1.8942965 9.0000000 3.2381161 9.0000000 9.0000000 9.0000000 9.0000000 9.0000000 
t16        0.7945437 1.6785349 1.5901977 0.2892469 1.2070784 1.0703373 0.8239592 0.7945437 2.0310377 1.7786835 0.0000000 0.4529370 0.4172160 1.4396946 1.1586745 2.7182557 1.0297869 1.0297869 2.1983953 2.7182557 
t7         0.9547243 1.3744361 1.7786835 0.3999739 1.2588231 1.0703373 0.8864954 0.9198342 1.7786835 2.1983953 0.4529370 0.0000000 0.2603971 1.2070784 1.1132061 1.7786835 1.2070784 1.1132061 1.7786835 2.0310377 
t13        0.9547243 1.2588231 1.5111773 0.3505054 1.2588231 0.8864954 0.8239592 0.8545757 2.1983953 1.8942965 0.4172160 0.2603971 0.0000000 1.3744361 1.1132061 1.6785349 1.0297869 1.0703373 2.0310377 2.1983953 
t9         0.9913169 1.3744361 0.9913169 1.1132061 1.3144041 0.9198342 0.8545757 1.1132061 1.5111773 9.0000000 1.4396946 1.2070784 1.3744361 0.0000000 0.1927838 0.5504769 1.5111773 1.5111773 2.1983953 2.0310377 
t6         0.8864954 1.4396946 1.0297869 1.0297869 1.3144041 0.9547243 0.9913169 1.2070784 1.4396946 3.2381161 1.1586745 1.1132061 1.1132061 0.1927838 0.0000000 0.5933457 1.4396946 1.4396946 1.5901977 1.5901977 
t14        1.5901977 1.8942965 2.4141569 1.5901977 1.8942965 1.5111773 1.6785349 1.6785349 9.0000000 9.0000000 2.7182557 1.7786835 1.6785349 0.5504769 0.5933457 0.0000000 2.7182557 2.1983953 1.6785349 1.5901977 
t10        0.9913169 9.0000000 1.2070784 0.8864954 1.1132061 1.3144041 1.0703373 1.0297869 3.2381161 9.0000000 1.0297869 1.2070784 1.0297869 1.5111773 1.4396946 2.7182557 0.0000000 0.0845966 1.1586745 1.1586745 
t20        0.8864954 9.0000000 1.1586745 0.8545757 1.0297869 1.3144041 1.0297869 0.9913169 9.0000000 9.0000000 1.0297869 1.1132061 1.0703373 1.5111773 1.4396946 2.1983953 0.0845966 0.0000000 1.1132061 1.1132061 
t18        1.8942965 2.4141569 1.7786835 1.8942965 2.0310377 1.5111773 1.4396946 1.3144041 9.0000000 9.0000000 2.1983953 1.7786835 2.0310377 2.1983953 1.5901977 1.6785349 1.1586745 1.1132061 0.0000000 0.0202715 
t2         2.0310377 2.7182557 1.6785349 2.1983953 1.8942965 1.5111773 1.4396946 1.3744361 9.0000000 9.0000000 2.7182557 2.0310377 2.1983953 2.0310377 1.5901977 1.5901977 1.1586745 1.1132061 0.0202715 0.0000000 
