20
t12        0.0000000 9.0000000 0.2463781 0.3999739 0.5299277 0.5504769 0.4714565 0.7126442 0.5504769 0.7662384 0.3347153 0.2463781 0.2892469 0.3831192 0.3347153 0.3505054 0.3347153 0.3505054 0.2058276 0.1549607 
t6         9.0000000 0.0000000 9.0000000 2.4141569 3.2381161 2.7182557 3.2381161 1.5901977 9.0000000 9.0000000 9.0000000 9.0000000 9.0000000 3.2381161 9.0000000 9.0000000 9.0000000 9.0000000 9.0000000 2.7182557 
t8         0.2463781 9.0000000 0.0000000 0.3831192 0.4714565 0.5099265 0.4714565 0.5933457 0.5504769 0.5716050 0.2746833 0.2058276 0.2603971 0.3505054 0.2463781 0.2746833 0.2463781 0.2603971 0.1549607 0.1189538 
t18        0.3999739 2.4141569 0.3831192 0.0000000 0.6157354 0.7126442 0.6388142 0.7389627 0.7389627 0.9913169 0.5716050 0.5099265 0.4904449 0.5716050 0.5099265 0.4904449 0.4904449 0.5299277 0.3666350 0.3040988 
t4         0.5299277 3.2381161 0.4714565 0.6157354 0.0000000 0.3347153 0.7945437 0.8864954 0.8864954 0.9198342 0.6626257 0.5716050 0.7126442 0.7662384 0.6626257 0.6872180 0.5099265 0.5716050 0.4529370 0.4348639 
t15        0.5504769 2.7182557 0.5099265 0.7126442 0.3347153 0.0000000 0.8864954 0.8239592 0.8239592 0.9547243 0.7945437 0.6388142 0.7662384 0.8239592 0.8239592 0.7945437 0.5933457 0.6157354 0.5504769 0.4904449 
t7         0.4714565 3.2381161 0.4714565 0.6388142 0.7945437 0.8864954 0.0000000 0.8239592 0.7945437 0.9547243 0.4172160 0.3505054 0.3831192 0.4348639 0.4348639 0.4529370 0.5504769 0.4904449 0.4172160 0.3666350 
t14        0.7126442 1.5901977 0.5933457 0.7389627 0.8864954 0.8239592 0.8239592 0.0000000 0.3999739 1.1132061 0.7662384 0.7662384 0.7662384 0.8864954 0.8239592 0.8239592 0.7389627 0.7945437 0.6388142 0.5933457 
t11        0.5504769 9.0000000 0.5504769 0.7389627 0.8864954 0.8239592 0.7945437 0.3999739 0.0000000 1.1586745 0.7126442 0.6626257 0.7126442 0.9198342 0.7662384 0.7945437 0.6626257 0.6872180 0.5716050 0.5099265 
t20        0.7662384 9.0000000 0.5716050 0.9913169 0.9198342 0.9547243 0.9547243 1.1132061 1.1586745 0.0000000 0.7662384 0.6872180 0.7662384 0.8864954 0.7126442 0.6872180 0.5716050 0.5933457 0.6157354 0.5933457 
t10        0.3347153 9.0000000 0.2746833 0.5716050 0.6626257 0.7945437 0.4172160 0.7662384 0.7126442 0.7662384 0.0000000 0.1673577 0.2191023 0.2892469 0.3192509 0.3347153 0.3347153 0.3505054 0.2892469 0.2603971 
t1         0.2463781 9.0000000 0.2058276 0.5099265 0.5716050 0.6388142 0.3505054 0.7662384 0.6626257 0.6872180 0.1673577 0.0000000 0.1673577 0.2326162 0.1927838 0.2058276 0.2603971 0.2892469 0.1927838 0.1549607 
t3         0.2892469 9.0000000 0.2603971 0.4904449 0.7126442 0.7662384 0.3831192 0.7662384 0.7126442 0.7662384 0.2191023 0.1673577 0.0000000 0.1549607 0.2892469 0.3040988 0.3666350 0.3831192 0.2746833 0.2191023 
t19        0.3831192 3.2381161 0.3505054 0.5716050 0.7662384 0.8239592 0.4348639 0.8864954 0.9198342 0.8864954 0.2892469 0.2326162 0.1549607 0.0000000 0.3347153 0.3347153 0.4714565 0.5099265 0.3505054 0.3040988 
t9         0.3347153 9.0000000 0.2463781 0.5099265 0.6626257 0.8239592 0.4348639 0.8239592 0.7662384 0.7126442 0.3192509 0.1927838 0.2892469 0.3347153 0.0000000 0.0517447 0.3505054 0.3831192 0.2463781 0.2191023 
t17        0.3505054 9.0000000 0.2746833 0.4904449 0.6872180 0.7945437 0.4529370 0.8239592 0.7945437 0.6872180 0.3347153 0.2058276 0.3040988 0.3347153 0.0517447 0.0000000 0.3347153 0.3505054 0.2463781 0.2326162 
t13        0.3347153 9.0000000 0.2463781 0.4904449 0.5099265 0.5933457 0.5504769 0.7389627 0.6626257 0.5716050 0.3347153 0.2603971 0.3666350 0.4714565 0.3505054 0.3347153 0.0000000 0.1073256 0.2463781 0.2058276 
t16        0.3505054 9.0000000 0.2603971 0.5299277 0.5716050 0.6157354 0.4904449 0.7945437 0.6872180 0.5933457 0.3505054 0.2892469 0.3831192 0.5099265 0.3831192 0.3505054 0.1073256 0.0000000 0.2463781 0.2191023 
t2         0.2058276 9.0000000 0.1549607 0.3666350 0.4529370 0.5504769 0.4172160 0.6388142 0.5716050 0.6157354 0.2892469 0.1927838 0.2746833 0.3505054 0.2463781 0.2463781 0.2463781 0.2463781 0.0000000 0.0734853 
t5         0.1549607 2.7182557 0.1189538 0.3040988 0.4348639 0.4904449 0.3666350 0.5933457 0.5099265 0.5933457 0.2603971 0.1549607 0.2191023 0.3040988 0.2191023 0.2326162 0.2058276 0.2191023 0.0734853 0.0000000 
