20
t18        0.0000000 1.8942965 2.4141569 1.7786835 1.4396946 0.9198342 1.4396946 1.3144041 1.3744361 1.2070784 1.5901977 1.5111773 1.2588231 1.1586745 1.2588231 1.4396946 2.0310377 2.1983953 1.2070784 1.2070784 
t6         1.8942965 0.0000000 1.0297869 1.6785349 0.7389627 0.7126442 0.8239592 1.3744361 2.1983953 1.6785349 0.8545757 0.7126442 1.4396946 1.5901977 1.5901977 1.4396946 1.3744361 1.2588231 2.1983953 2.1983953 
t17        2.4141569 1.0297869 0.0000000 1.8942965 0.7662384 0.7389627 0.7389627 1.0703373 1.3144041 1.2588231 0.7126442 0.7662384 1.2588231 1.2588231 1.5901977 1.2588231 1.5901977 1.5901977 1.6785349 1.6785349 
t3         1.7786835 1.6785349 1.8942965 0.0000000 1.3144041 1.4396946 2.0310377 0.6157354 0.5504769 0.5716050 2.7182557 1.6785349 0.6872180 0.6872180 0.5299277 0.5933457 1.5901977 1.5901977 0.6872180 0.6872180 
t16        1.4396946 0.7389627 0.7662384 1.3144041 0.0000000 0.7662384 1.0297869 1.5111773 1.7786835 1.3144041 0.4714565 0.4904449 1.1132061 1.1586745 1.5901977 1.2588231 1.5111773 1.5111773 2.4141569 2.4141569 
t11        0.9198342 0.7126442 0.7389627 1.4396946 0.7662384 0.0000000 0.3347153 1.0703373 1.4396946 1.2588231 0.7945437 0.8239592 1.1132061 1.2588231 1.4396946 1.3144041 1.7786835 1.5901977 1.2588231 1.2588231 
t2         1.4396946 0.8239592 0.7389627 2.0310377 1.0297869 0.3347153 0.0000000 1.3144041 1.7786835 2.1983953 0.9547243 1.0297869 1.1132061 1.1132061 1.5111773 1.4396946 1.8942965 1.7786835 2.1983953 2.1983953 
t9         1.3144041 1.3744361 1.0703373 0.6157354 1.5111773 1.0703373 1.3144041 0.0000000 0.3347153 0.5299277 2.0310377 1.4396946 0.7389627 0.6872180 0.5933457 0.6872180 2.0310377 2.0310377 0.6626257 0.6626257 
t5         1.3744361 2.1983953 1.3144041 0.5504769 1.7786835 1.4396946 1.7786835 0.3347153 0.0000000 0.5933457 1.7786835 1.5901977 0.8239592 0.8239592 0.5504769 0.6872180 1.8942965 1.5901977 0.7126442 0.7126442 
t13        1.2070784 1.6785349 1.2588231 0.5716050 1.3144041 1.2588231 2.1983953 0.5299277 0.5933457 0.0000000 1.8942965 1.4396946 0.6388142 0.5933457 0.6872180 0.6626257 1.2070784 1.2070784 0.2326162 0.2326162 
t14        1.5901977 0.8545757 0.7126442 2.7182557 0.4714565 0.7945437 0.9547243 2.0310377 1.7786835 1.8942965 0.0000000 0.3040988 1.2588231 1.4396946 1.8942965 1.5901977 1.5111773 1.4396946 3.2381161 3.2381161 
t7         1.5111773 0.7126442 0.7662384 1.6785349 0.4904449 0.8239592 1.0297869 1.4396946 1.5901977 1.4396946 0.3040988 0.0000000 1.3144041 1.3744361 1.3144041 1.1586745 1.3744361 1.2588231 1.8942965 1.8942965 
t19        1.2588231 1.4396946 1.2588231 0.6872180 1.1132061 1.1132061 1.1132061 0.7389627 0.8239592 0.6388142 1.2588231 1.3144041 0.0000000 0.2058276 0.6626257 0.6157354 1.2588231 1.2588231 0.7662384 0.7662384 
t4         1.1586745 1.5901977 1.2588231 0.6872180 1.1586745 1.2588231 1.1132061 0.6872180 0.8239592 0.5933457 1.4396946 1.3744361 0.2058276 0.0000000 0.4904449 0.6157354 1.2070784 1.2588231 0.6157354 0.6157354 
t10        1.2588231 1.5901977 1.5901977 0.5299277 1.5901977 1.4396946 1.5111773 0.5933457 0.5504769 0.6872180 1.8942965 1.3144041 0.6626257 0.4904449 0.0000000 0.2746833 1.1586745 1.0703373 0.7662384 0.7662384 
t20        1.4396946 1.4396946 1.2588231 0.5933457 1.2588231 1.3144041 1.4396946 0.6872180 0.6872180 0.6626257 1.5901977 1.1586745 0.6157354 0.6157354 0.2746833 0.0000000 1.3744361 1.3744361 0.9198342 0.9198342 
t8         2.0310377 1.3744361 1.5901977 1.5901977 1.5111773 1.7786835 1.8942965 2.0310377 1.8942965 1.2070784 1.5111773 1.3744361 1.2588231 1.2070784 1.1586745 1.3744361 0.0000000 0.0625362 1.0297869 1.0297869 
t12        2.1983953 1.2588231 1.5901977 1.5901977 1.5111773 1.5901977 1.7786835 2.0310377 1.5901977 1.2070784 1.4396946 1.2588231 1.2588231 1.2588231 1.0703373 1.3744361 0.0625362 0.0000000 1.0703373 1.0703373 
t15        1.2070784 2.1983953 1.6785349 0.6872180 2.4141569 1.2588231 2.1983953 0.6626257 0.7126442 0.2326162 3.2381161 1.8942965 0.7662384 0.6157354 0.7662384 0.9198342 1.0297869 1.0703373 0.0000000 0.0000010 
t1         1.2070784 2.1983953 1.6785349 0.6872180 2.4141569 1.2588231 2.1983953 0.6626257 0.7126442 0.2326162 3.2381161 1.8942965 0.7662384 0.6157354 0.7662384 0.9198342 1.0297869 1.0703373 0.0000010 0.0000000 
