20
t1         0.0000000 1.0703373 1.3744361 1.2588231 1.2588231 1.3144041 2.7182557 2.0310377 1.2070784 0.9913169 1.0297869 1.3144041 3.2381161 9.0000000 2.1983953 2.7182557 1.5111773 1.3744361 1.0297869 1.0297869 
t4         1.0703373 0.0000000 2.4141569 1.8942965 1.8942965 1.6785349 9.0000000 2.7182557 1.8942965 1.8942965 1.5901977 1.5111773 1.5111773 1.6785349 9.0000000 2.0310377 1.7786835 1.6785349 1.4396946 1.4396946 
t2         1.3744361 2.4141569 0.0000000 0.6872180 1.2588231 1.5111773 9.0000000 2.0310377 1.0703373 1.6785349 1.0703373 1.4396946 1.5901977 2.4141569 2.1983953 1.8942965 2.4141569 2.7182557 1.5111773 1.5111773 
t15        1.2588231 1.8942965 0.6872180 0.0000000 0.9547243 1.1586745 9.0000000 3.2381161 0.8545757 1.1586745 0.9198342 1.2588231 1.8942965 2.1983953 2.1983953 2.0310377 1.6785349 1.5901977 1.2070784 1.2070784 
t10        1.2588231 1.8942965 1.2588231 0.9547243 0.0000000 0.7945437 2.1983953 2.1983953 0.5716050 1.1132061 0.5933457 0.9198342 1.5111773 1.6785349 9.0000000 3.2381161 1.3744361 1.4396946 1.1132061 1.1132061 
t13        1.3144041 1.6785349 1.5111773 1.1586745 0.7945437 0.0000000 1.0297869 1.6785349 0.9913169 1.2070784 0.8864954 1.1586745 9.0000000 9.0000000 9.0000000 1.8942965 1.3144041 1.3144041 1.2588231 1.2588231 
t17        2.7182557 9.0000000 9.0000000 9.0000000 2.1983953 1.0297869 0.0000000 9.0000000 3.2381161 1.7786835 2.4141569 2.7182557 3.2381161 9.0000000 9.0000000 3.2381161 2.7182557 3.2381161 2.0310377 2.0310377 
t7         2.0310377 2.7182557 2.0310377 3.2381161 2.1983953 1.6785349 9.0000000 0.0000000 2.1983953 1.2070784 2.4141569 3.2381161 3.2381161 9.0000000 0.5299277 0.4172160 1.6785349 1.7786835 1.3144041 1.3144041 
t11        1.2070784 1.8942965 1.0703373 0.8545757 0.5716050 0.9913169 3.2381161 2.1983953 0.0000000 0.9198342 0.3999739 0.8545757 2.1983953 1.8942965 3.2381161 9.0000000 1.3744361 1.3144041 0.9913169 0.9913169 
t16        0.9913169 1.8942965 1.6785349 1.1586745 1.1132061 1.2070784 1.7786835 1.2070784 0.9198342 0.0000000 0.8239592 1.1586745 2.4141569 3.2381161 1.6785349 1.7786835 1.5111773 1.5111773 0.2058276 0.2058276 
t3         1.0297869 1.5901977 1.0703373 0.9198342 0.5933457 0.8864954 2.4141569 2.4141569 0.3999739 0.8239592 0.0000000 0.6872180 2.1983953 2.0310377 9.0000000 9.0000000 1.0703373 1.1132061 0.9547243 0.9547243 
t12        1.3144041 1.5111773 1.4396946 1.2588231 0.9198342 1.1586745 2.7182557 3.2381161 0.8545757 1.1586745 0.6872180 0.0000000 1.7786835 1.8942965 9.0000000 2.4141569 2.0310377 1.6785349 1.3144041 1.3144041 
t8         3.2381161 1.5111773 1.5901977 1.8942965 1.5111773 9.0000000 3.2381161 3.2381161 2.1983953 2.4141569 2.1983953 1.7786835 0.0000000 0.2463781 9.0000000 2.0310377 9.0000000 9.0000000 2.4141569 2.4141569 
t9         9.0000000 1.6785349 2.4141569 2.1983953 1.6785349 9.0000000 9.0000000 9.0000000 1.8942965 3.2381161 2.0310377 1.8942965 0.2463781 0.0000000 9.0000000 3.2381161 9.0000000 9.0000000 2.0310377 2.0310377 
t18        2.1983953 9.0000000 2.1983953 2.1983953 9.0000000 9.0000000 9.0000000 0.5299277 3.2381161 1.6785349 9.0000000 9.0000000 9.0000000 9.0000000 0.0000000 0.2892469 1.4396946 1.5901977 1.5901977 1.5901977 
t5         2.7182557 2.0310377 1.8942965 2.0310377 3.2381161 1.8942965 3.2381161 0.4172160 9.0000000 1.7786835 9.0000000 2.4141569 2.0310377 3.2381161 0.2892469 0.0000000 1.5111773 1.6785349 1.5901977 1.5901977 
t14        1.5111773 1.7786835 2.4141569 1.6785349 1.3744361 1.3144041 2.7182557 1.6785349 1.3744361 1.5111773 1.0703373 2.0310377 9.0000000 9.0000000 1.4396946 1.5111773 0.0000000 0.0517447 1.5901977 1.5901977 
t20        1.3744361 1.6785349 2.7182557 1.5901977 1.4396946 1.3144041 3.2381161 1.7786835 1.3144041 1.5111773 1.1132061 1.6785349 9.0000000 9.0000000 1.5901977 1.6785349 0.0517447 0.0000000 1.6785349 1.6785349 
t19        1.0297869 1.4396946 1.5111773 1.2070784 1.1132061 1.2588231 2.0310377 1.3144041 0.9913169 0.2058276 0.9547243 1.3144041 2.4141569 2.0310377 1.5901977 1.5901977 1.5901977 1.6785349 0.0000000 0.0000010 
t6         1.0297869 1.4396946 1.5111773 1.2070784 1.1132061 1.2588231 2.0310377 1.3144041 0.9913169 0.2058276 0.9547243 1.3144041 2.4141569 2.0310377 1.5901977 1.5901977 1.5901977 1.6785349 0.0000010 0.0000000 
