20
t19        0.0000000 0.9198342 0.7126442 1.0703373 1.3744361 1.0297869 0.8864954 1.0703373 0.9547243 0.9198342 1.2070784 1.2588231 0.8239592 0.9913169 1.0703373 0.9547243 0.8864954 0.9547243 0.5933457 0.6157354 
t11        0.9198342 0.0000000 0.5933457 0.6872180 0.9198342 0.7389627 0.6626257 0.7389627 0.7662384 0.7945437 0.7945437 0.7945437 0.6157354 0.7126442 0.6872180 0.6388142 0.6626257 0.6872180 0.6388142 0.6157354 
t12        0.7126442 0.5933457 0.0000000 0.5933457 0.8239592 0.5716050 0.5716050 0.5716050 0.5299277 0.3999739 0.5933457 0.7126442 0.5299277 0.5504769 0.4172160 0.4904449 0.5099265 0.4529370 0.1799630 0.1927838 
t13        1.0703373 0.6872180 0.5933457 0.0000000 0.9198342 0.7389627 0.7126442 0.6626257 0.7945437 0.6388142 0.6872180 0.7945437 0.5933457 0.6626257 0.5716050 0.6157354 0.6626257 0.5504769 0.5504769 0.5716050 
t16        1.3744361 0.9198342 0.8239592 0.9198342 0.0000000 0.5716050 0.6388142 1.1132061 0.9913169 0.7389627 1.2588231 0.6872180 0.5099265 1.0703373 1.0703373 0.9198342 1.0297869 0.8545757 0.6157354 0.5933457 
t10        1.0297869 0.7389627 0.5716050 0.7389627 0.5716050 0.0000000 0.3999739 0.7662384 0.8239592 0.5933457 0.7389627 0.7389627 0.4348639 0.7126442 0.6626257 0.5504769 0.5933457 0.5504769 0.5933457 0.5933457 
t2         0.8864954 0.6626257 0.5716050 0.7126442 0.6388142 0.3999739 0.0000000 0.7945437 0.7389627 0.7126442 0.7945437 0.6626257 0.3347153 0.7389627 0.6872180 0.6388142 0.6157354 0.6157354 0.5716050 0.5716050 
t1         1.0703373 0.7389627 0.5716050 0.6626257 1.1132061 0.7662384 0.7945437 0.0000000 0.7126442 0.6626257 0.3666350 0.8864954 0.6872180 0.2892469 0.2463781 0.5299277 0.5299277 0.4904449 0.6157354 0.6388142 
t9         0.9547243 0.7662384 0.5299277 0.7945437 0.9913169 0.8239592 0.7389627 0.7126442 0.0000000 0.4172160 0.6626257 0.7662384 0.6157354 0.6388142 0.6157354 0.3666350 0.3831192 0.3831192 0.5933457 0.5933457 
t3         0.9198342 0.7945437 0.3999739 0.6388142 0.7389627 0.5933457 0.7126442 0.6626257 0.4172160 0.0000000 0.6626257 0.7662384 0.5099265 0.6157354 0.5504769 0.2892469 0.3192509 0.2603971 0.3831192 0.3999739 
t15        1.2070784 0.7945437 0.5933457 0.6872180 1.2588231 0.7389627 0.7945437 0.3666350 0.6626257 0.6626257 0.0000000 1.0297869 0.8239592 0.2326162 0.2191023 0.5504769 0.5933457 0.5299277 0.7126442 0.7389627 
t18        1.2588231 0.7945437 0.7126442 0.7945437 0.6872180 0.7389627 0.6626257 0.8864954 0.7662384 0.7662384 1.0297869 0.0000000 0.3192509 0.9198342 0.9547243 0.7389627 0.8239592 0.7945437 0.6872180 0.6626257 
t14        0.8239592 0.6157354 0.5299277 0.5933457 0.5099265 0.4348639 0.3347153 0.6872180 0.6157354 0.5099265 0.8239592 0.3192509 0.0000000 0.6872180 0.7126442 0.5933457 0.6157354 0.5716050 0.4529370 0.4529370 
t5         0.9913169 0.7126442 0.5504769 0.6626257 1.0703373 0.7126442 0.7389627 0.2892469 0.6388142 0.6157354 0.2326162 0.9198342 0.6872180 0.0000000 0.1427653 0.5716050 0.5716050 0.5099265 0.6157354 0.6157354 
t6         1.0703373 0.6872180 0.4172160 0.5716050 1.0703373 0.6626257 0.6872180 0.2463781 0.6157354 0.5504769 0.2191023 0.9547243 0.7126442 0.1427653 0.0000000 0.4904449 0.5099265 0.4348639 0.5299277 0.5504769 
t4         0.9547243 0.6388142 0.4904449 0.6157354 0.9198342 0.5504769 0.6388142 0.5299277 0.3666350 0.2892469 0.5504769 0.7389627 0.5933457 0.5716050 0.4904449 0.0000000 0.1073256 0.0845966 0.4714565 0.4904449 
t7         0.8864954 0.6626257 0.5099265 0.6626257 1.0297869 0.5933457 0.6157354 0.5299277 0.3831192 0.3192509 0.5933457 0.8239592 0.6157354 0.5716050 0.5099265 0.1073256 0.0000000 0.0958750 0.5099265 0.5299277 
t20        0.9547243 0.6872180 0.4529370 0.5504769 0.8545757 0.5504769 0.6157354 0.4904449 0.3831192 0.2603971 0.5299277 0.7945437 0.5716050 0.5099265 0.4348639 0.0845966 0.0958750 0.0000000 0.4529370 0.4714565 
t17        0.5933457 0.6388142 0.1799630 0.5504769 0.6157354 0.5933457 0.5716050 0.6157354 0.5933457 0.3831192 0.7126442 0.6872180 0.4529370 0.6157354 0.5299277 0.4714565 0.5099265 0.4529370 0.0000000 0.0100673 
t8         0.6157354 0.6157354 0.1927838 0.5716050 0.5933457 0.5933457 0.5716050 0.6388142 0.5933457 0.3999739 0.7389627 0.6626257 0.4529370 0.6157354 0.5504769 0.4904449 0.5299277 0.4714565 0.0100673 0.0000000 
