20
t20        0.0000000 0.5716050 0.7389627 0.5933457 0.5504769 0.5504769 0.7945437 0.6388142 0.5933457 0.5933457 0.7945437 0.7945437 0.6626257 0.5933457 0.6626257 0.6626257 0.6157354 0.6157354 0.6157354 0.6388142 
t17        0.5716050 0.0000000 0.6626257 0.5504769 0.6157354 0.6626257 0.7126442 0.3505054 0.3040988 0.3040988 0.6626257 0.7945437 0.3666350 0.3347153 0.6157354 0.6388142 0.5933457 0.5716050 0.5716050 0.5933457 
t10        0.7389627 0.6626257 0.0000000 0.4172160 0.7126442 0.7662384 0.4714565 0.7126442 0.6872180 0.7126442 0.4172160 0.4529370 0.5933457 0.5716050 0.6157354 0.6157354 0.5716050 0.5504769 0.5504769 0.5716050 
t11        0.5933457 0.5504769 0.4172160 0.0000000 0.6157354 0.6157354 0.3666350 0.7389627 0.6626257 0.6388142 0.3347153 0.3831192 0.6626257 0.6157354 0.3192509 0.3505054 0.3040988 0.2892469 0.2892469 0.3040988 
t8         0.5504769 0.6157354 0.7126442 0.6157354 0.0000000 0.3999739 0.6872180 0.6872180 0.6157354 0.5716050 0.6388142 0.5933457 0.5716050 0.5716050 0.6626257 0.5933457 0.5504769 0.5933457 0.5933457 0.6157354 
t6         0.5504769 0.6626257 0.7662384 0.6157354 0.3999739 0.0000000 0.6872180 0.6872180 0.5933457 0.5299277 0.7662384 0.6872180 0.6626257 0.5933457 0.7389627 0.6872180 0.6872180 0.6872180 0.6872180 0.7126442 
t15        0.7945437 0.7126442 0.4714565 0.3666350 0.6872180 0.6872180 0.0000000 0.7945437 0.7126442 0.6626257 0.3831192 0.3347153 0.6626257 0.6388142 0.4714565 0.4348639 0.4714565 0.4529370 0.4529370 0.4714565 
t5         0.6388142 0.3505054 0.7126442 0.7389627 0.6872180 0.6872180 0.7945437 0.0000000 0.2058276 0.2058276 0.8239592 0.8545757 0.3347153 0.3505054 0.9198342 0.9198342 0.8545757 0.8545757 0.8545757 0.8864954 
t19        0.5933457 0.3040988 0.6872180 0.6626257 0.6157354 0.5933457 0.7126442 0.2058276 0.0000000 0.0517447 0.7126442 0.8239592 0.2463781 0.2463781 0.8239592 0.8239592 0.7662384 0.7662384 0.7662384 0.7945437 
t2         0.5933457 0.3040988 0.7126442 0.6388142 0.5716050 0.5299277 0.6626257 0.2058276 0.0517447 0.0000000 0.6872180 0.7945437 0.2603971 0.2463781 0.7945437 0.7945437 0.7389627 0.7389627 0.7389627 0.7662384 
t13        0.7945437 0.6626257 0.4172160 0.3347153 0.6388142 0.7662384 0.3831192 0.8239592 0.7126442 0.6872180 0.0000000 0.2058276 0.6388142 0.6872180 0.4529370 0.4904449 0.4904449 0.4348639 0.4348639 0.4348639 
t1         0.7945437 0.7945437 0.4529370 0.3831192 0.5933457 0.6872180 0.3347153 0.8545757 0.8239592 0.7945437 0.2058276 0.0000000 0.6872180 0.6626257 0.4904449 0.4714565 0.4904449 0.4348639 0.4348639 0.4529370 
t3         0.6626257 0.3666350 0.5933457 0.6626257 0.5716050 0.6626257 0.6626257 0.3347153 0.2463781 0.2603971 0.6388142 0.6872180 0.0000000 0.1073256 0.7389627 0.7126442 0.6626257 0.6872180 0.6872180 0.7126442 
t4         0.5933457 0.3347153 0.5716050 0.6157354 0.5716050 0.5933457 0.6388142 0.3505054 0.2463781 0.2463781 0.6872180 0.6626257 0.1073256 0.0000000 0.6872180 0.6872180 0.6388142 0.6388142 0.6388142 0.6626257 
t7         0.6626257 0.6157354 0.6157354 0.3192509 0.6626257 0.7389627 0.4714565 0.9198342 0.8239592 0.7945437 0.4529370 0.4904449 0.7389627 0.6872180 0.0000000 0.0734853 0.0625362 0.0411062 0.0411062 0.0517447 
t12        0.6626257 0.6388142 0.6157354 0.3505054 0.5933457 0.6872180 0.4348639 0.9198342 0.8239592 0.7945437 0.4904449 0.4714565 0.7126442 0.6872180 0.0734853 0.0000000 0.0306165 0.0517447 0.0517447 0.0625362 
t14        0.6157354 0.5933457 0.5716050 0.3040988 0.5504769 0.6872180 0.4714565 0.8545757 0.7662384 0.7389627 0.4904449 0.4904449 0.6626257 0.6388142 0.0625362 0.0306165 0.0000000 0.0411062 0.0411062 0.0517447 
t16        0.6157354 0.5716050 0.5504769 0.2892469 0.5933457 0.6872180 0.4529370 0.8545757 0.7662384 0.7389627 0.4348639 0.4348639 0.6872180 0.6388142 0.0411062 0.0517447 0.0411062 0.0000000 0.0000010 0.0100673 
t18        0.6157354 0.5716050 0.5504769 0.2892469 0.5933457 0.6872180 0.4529370 0.8545757 0.7662384 0.7389627 0.4348639 0.4348639 0.6872180 0.6388142 0.0411062 0.0517447 0.0411062 0.0000010 0.0000000 0.0100673 
t9         0.6388142 0.5933457 0.5716050 0.3040988 0.6157354 0.7126442 0.4714565 0.8864954 0.7945437 0.7662384 0.4348639 0.4529370 0.7126442 0.6626257 0.0517447 0.0625362 0.0517447 0.0100673 0.0100673 0.0000000 
