20
t6         0.0000000 9.0000000 9.0000000 1.3744361 1.3144041 1.8942965 1.5111773 1.4396946 2.1983953 1.6785349 2.7182557 1.6785349 2.4141569 1.7786835 1.7786835 1.7786835 2.1983953 2.4141569 2.0310377 1.3744361 
t3         9.0000000 0.0000000 1.7786835 1.6785349 1.2070784 9.0000000 2.7182557 9.0000000 2.7182557 1.3744361 1.7786835 9.0000000 2.0310377 1.8942965 2.7182557 2.7182557 9.0000000 9.0000000 9.0000000 2.4141569 
t20        9.0000000 1.7786835 0.0000000 1.0703373 0.7662384 0.5099265 0.6626257 0.7945437 0.7945437 1.0703373 1.5901977 0.8545757 1.3744361 1.2070784 0.6626257 0.6388142 1.0703373 0.6872180 0.9198342 0.7126442 
t13        1.3744361 1.6785349 1.0703373 0.0000000 0.5933457 1.0297869 0.8864954 1.0297869 1.7786835 0.9547243 1.0703373 1.3144041 1.3144041 1.2588231 1.5111773 1.5111773 1.4396946 1.6785349 1.3744361 1.2588231 
t19        1.3144041 1.2070784 0.7662384 0.5933457 0.0000000 0.9547243 1.0297869 1.1132061 1.1132061 0.6388142 0.9198342 1.3144041 1.3144041 1.3144041 1.1586745 1.0703373 0.9913169 0.9913169 1.1132061 1.0703373 
t8         1.8942965 9.0000000 0.5099265 1.0297869 0.9547243 0.0000000 0.3040988 0.4904449 0.7126442 1.4396946 1.6785349 0.6157354 1.1132061 0.9547243 0.5504769 0.3666350 0.8864954 0.8239592 0.5504769 0.4714565 
t14        1.5111773 2.7182557 0.6626257 0.8864954 1.0297869 0.3040988 0.0000000 0.6388142 0.7945437 1.6785349 1.8942965 0.6157354 1.3744361 0.9913169 0.6388142 0.4529370 1.1586745 1.0297869 0.7945437 0.6157354 
t2         1.4396946 9.0000000 0.7945437 1.0297869 1.1132061 0.4904449 0.6388142 0.0000000 0.7945437 1.5111773 1.6785349 0.6872180 1.1586745 1.0297869 0.6388142 0.4904449 1.4396946 1.3744361 0.9198342 0.7945437 
t18        2.1983953 2.7182557 0.7945437 1.7786835 1.1132061 0.7126442 0.7945437 0.7945437 0.0000000 1.2588231 1.5901977 0.8864954 1.2588231 1.0297869 0.8545757 0.7662384 1.0703373 0.8545757 0.5504769 0.5504769 
t11        1.6785349 1.3744361 1.0703373 0.9547243 0.6388142 1.4396946 1.6785349 1.5111773 1.2588231 0.0000000 0.4904449 1.6785349 1.2588231 1.0703373 1.3744361 1.2588231 1.3144041 1.2588231 1.6785349 1.1132061 
t4         2.7182557 1.7786835 1.5901977 1.0703373 0.9198342 1.6785349 1.8942965 1.6785349 1.5901977 0.4904449 0.0000000 1.7786835 1.1132061 1.3744361 1.5901977 1.3744361 1.2070784 1.3744361 2.1983953 1.4396946 
t12        1.6785349 9.0000000 0.8545757 1.3144041 1.3144041 0.6157354 0.6157354 0.6872180 0.8864954 1.6785349 1.7786835 0.0000000 1.7786835 1.3744361 0.6388142 0.4348639 1.5111773 1.1586745 0.8545757 0.7389627 
t17        2.4141569 2.0310377 1.3744361 1.3144041 1.3144041 1.1132061 1.3744361 1.1586745 1.2588231 1.2588231 1.1132061 1.7786835 0.0000000 0.3831192 2.1983953 1.2070784 1.1586745 1.2070784 1.7786835 1.4396946 
t9         1.7786835 1.8942965 1.2070784 1.2588231 1.3144041 0.9547243 0.9913169 1.0297869 1.0297869 1.0703373 1.3744361 1.3744361 0.3831192 0.0000000 1.4396946 1.0703373 1.5901977 1.5111773 1.3744361 1.0703373 
t5         1.7786835 2.7182557 0.6626257 1.5111773 1.1586745 0.5504769 0.6388142 0.6388142 0.8545757 1.3744361 1.5901977 0.6388142 2.1983953 1.4396946 0.0000000 0.3666350 1.3144041 1.1586745 1.2588231 0.9547243 
t7         1.7786835 2.7182557 0.6388142 1.5111773 1.0703373 0.3666350 0.4529370 0.4904449 0.7662384 1.2588231 1.3744361 0.4348639 1.2070784 1.0703373 0.3666350 0.0000000 1.3744361 1.0703373 0.9547243 0.7389627 
t16        2.1983953 9.0000000 1.0703373 1.4396946 0.9913169 0.8864954 1.1586745 1.4396946 1.0703373 1.3144041 1.2070784 1.5111773 1.1586745 1.5901977 1.3144041 1.3744361 0.0000000 0.2603971 1.0703373 1.0703373 
t1         2.4141569 9.0000000 0.6872180 1.6785349 0.9913169 0.8239592 1.0297869 1.3744361 0.8545757 1.2588231 1.3744361 1.1586745 1.2070784 1.5111773 1.1586745 1.0703373 0.2603971 0.0000000 0.9547243 0.9913169 
t15        2.0310377 9.0000000 0.9198342 1.3744361 1.1132061 0.5504769 0.7945437 0.9198342 0.5504769 1.6785349 2.1983953 0.8545757 1.7786835 1.3744361 1.2588231 0.9547243 1.0703373 0.9547243 0.0000000 0.1927838 
t10        1.3744361 2.4141569 0.7126442 1.2588231 1.0703373 0.4714565 0.6157354 0.7945437 0.5504769 1.1132061 1.4396946 0.7389627 1.4396946 1.0703373 0.9547243 0.7389627 1.0703373 0.9913169 0.1927838 0.0000000 
