20
t9         0.0000000 1.4396946 1.4396946 1.1586745 1.2588231 1.8942965 1.2070784 2.0310377 1.2070784 1.6785349 1.8942965 3.2381161 9.0000000 1.5111773 1.4396946 1.6785349 1.5901977 1.1586745 1.1586745 1.2070784 
t20        1.4396946 0.0000000 0.8864954 1.0703373 0.6626257 1.3144041 0.9198342 1.1586745 1.0703373 0.9547243 1.3144041 0.7945437 0.7945437 0.8864954 0.8864954 1.0703373 1.1586745 0.9547243 0.8545757 0.8239592 
t15        1.4396946 0.8864954 0.0000000 0.9913169 0.7945437 1.5901977 0.9547243 1.1586745 1.3144041 1.4396946 1.5901977 1.1586745 1.1132061 0.7389627 0.7945437 1.3744361 1.3744361 0.9913169 1.1132061 1.0703373 
t11        1.1586745 1.0703373 0.9913169 0.0000000 0.7662384 1.5901977 0.8864954 1.4396946 1.1586745 1.2070784 1.3144041 0.7945437 0.7945437 0.7945437 0.7389627 1.1586745 1.0703373 0.7389627 0.6872180 0.7126442 
t16        1.2588231 0.6626257 0.7945437 0.7662384 0.0000000 0.9913169 0.3505054 0.8239592 0.7945437 1.0703373 0.9547243 0.6157354 0.7126442 0.5099265 0.5716050 0.5299277 0.5716050 0.6157354 0.5933457 0.5716050 
t18        1.8942965 1.3144041 1.5901977 1.5901977 0.9913169 0.0000000 1.1586745 0.8864954 0.8864954 0.8239592 0.9913169 1.1586745 1.4396946 1.0297869 0.9198342 1.3744361 1.5901977 1.4396946 1.3744361 1.3144041 
t14        1.2070784 0.9198342 0.9547243 0.8864954 0.3505054 1.1586745 0.0000000 0.9547243 0.7662384 1.3144041 1.1586745 0.7662384 0.7945437 0.7126442 0.6626257 0.6388142 0.6872180 0.7945437 0.6626257 0.6388142 
t7         2.0310377 1.1586745 1.1586745 1.4396946 0.8239592 0.8864954 0.9547243 0.0000000 0.5299277 0.8239592 0.8239592 0.9913169 1.0297869 0.9547243 1.1132061 1.3744361 1.1586745 1.4396946 1.1586745 1.1132061 
t19        1.2070784 1.0703373 1.3144041 1.1586745 0.7945437 0.8864954 0.7662384 0.5299277 0.0000000 0.7945437 0.8239592 0.9913169 1.2070784 0.8239592 0.8545757 1.2070784 1.4396946 1.3744361 1.1586745 1.1132061 
t8         1.6785349 0.9547243 1.4396946 1.2070784 1.0703373 0.8239592 1.3144041 0.8239592 0.7945437 0.0000000 0.3999739 1.0703373 1.1132061 0.9913169 0.9547243 1.6785349 1.7786835 1.2070784 1.0703373 1.0703373 
t5         1.8942965 1.3144041 1.5901977 1.3144041 0.9547243 0.9913169 1.1586745 0.8239592 0.8239592 0.3999739 0.0000000 1.3144041 1.5901977 1.1132061 1.1132061 1.5901977 1.6785349 1.5111773 1.2588231 1.2588231 
t2         3.2381161 0.7945437 1.1586745 0.7945437 0.6157354 1.1586745 0.7662384 0.9913169 0.9913169 1.0703373 1.3144041 0.0000000 0.3192509 0.7126442 0.7126442 0.7662384 0.7389627 0.7662384 0.6388142 0.6388142 
t3         9.0000000 0.7945437 1.1132061 0.7945437 0.7126442 1.4396946 0.7945437 1.0297869 1.2070784 1.1132061 1.5901977 0.3192509 0.0000000 0.7389627 0.7945437 0.9198342 0.7662384 0.8864954 0.7945437 0.7662384 
t6         1.5111773 0.8864954 0.7389627 0.7945437 0.5099265 1.0297869 0.7126442 0.9547243 0.8239592 0.9913169 1.1132061 0.7126442 0.7389627 0.0000000 0.1073256 0.8864954 0.9198342 0.7126442 0.6872180 0.6626257 
t13        1.4396946 0.8864954 0.7945437 0.7389627 0.5716050 0.9198342 0.6626257 1.1132061 0.8545757 0.9547243 1.1132061 0.7126442 0.7945437 0.1073256 0.0000000 0.9198342 0.9547243 0.8239592 0.7945437 0.7662384 
t4         1.6785349 1.0703373 1.3744361 1.1586745 0.5299277 1.3744361 0.6388142 1.3744361 1.2070784 1.6785349 1.5901977 0.7662384 0.9198342 0.8864954 0.9198342 0.0000000 0.2603971 0.7945437 0.7662384 0.7389627 
t1         1.5901977 1.1586745 1.3744361 1.0703373 0.5716050 1.5901977 0.6872180 1.1586745 1.4396946 1.7786835 1.6785349 0.7389627 0.7662384 0.9198342 0.9547243 0.2603971 0.0000000 0.9547243 0.9547243 0.9198342 
t12        1.1586745 0.9547243 0.9913169 0.7389627 0.6157354 1.4396946 0.7945437 1.4396946 1.3744361 1.2070784 1.5111773 0.7662384 0.8864954 0.7126442 0.8239592 0.7945437 0.9547243 0.0000000 0.1189538 0.1307650 
t10        1.1586745 0.8545757 1.1132061 0.6872180 0.5933457 1.3744361 0.6626257 1.1586745 1.1586745 1.0703373 1.2588231 0.6388142 0.7945437 0.6872180 0.7945437 0.7662384 0.9547243 0.1189538 0.0000000 0.0100673 
t17        1.2070784 0.8239592 1.0703373 0.7126442 0.5716050 1.3144041 0.6388142 1.1132061 1.1132061 1.0703373 1.2588231 0.6388142 0.7662384 0.6626257 0.7662384 0.7389627 0.9198342 0.1307650 0.0100673 0.0000000 
