20
t4         0.0000000 0.6626257 0.6872180 0.7126442 0.6388142 0.5933457 0.8239592 0.6388142 0.6626257 0.9913169 0.8864954 0.5933457 1.0297869 0.8864954 0.6388142 0.5504769 0.6872180 0.6388142 0.6388142 0.6157354 
t18        0.6626257 0.0000000 0.9913169 0.7945437 0.6157354 0.8864954 0.8864954 0.8239592 0.4348639 0.9913169 0.8239592 0.5099265 1.1132061 0.9547243 0.6872180 0.6626257 0.7945437 0.7662384 0.5299277 0.5299277 
t16        0.6872180 0.9913169 0.0000000 0.5716050 0.6872180 0.7389627 0.5504769 0.5099265 0.6388142 0.6157354 0.5933457 0.7126442 0.7389627 0.7126442 0.6388142 0.5299277 0.7389627 0.6872180 0.6626257 0.6872180 
t14        0.7126442 0.7945437 0.5716050 0.0000000 0.6626257 0.6872180 0.5099265 0.5099265 0.6157354 0.6157354 0.7389627 0.5716050 0.7662384 0.7389627 0.4904449 0.4529370 0.8545757 0.8239592 0.4904449 0.5099265 
t20        0.6388142 0.6157354 0.6872180 0.6626257 0.0000000 0.4172160 0.6157354 0.5504769 0.3831192 0.6872180 0.5716050 0.3831192 0.7126442 0.6388142 0.4904449 0.4348639 0.6626257 0.6388142 0.3831192 0.3999739 
t11        0.5933457 0.8864954 0.7389627 0.6872180 0.4172160 0.0000000 0.8239592 0.6626257 0.5099265 0.7389627 0.7945437 0.5716050 0.8545757 0.7662384 0.6872180 0.6157354 0.5504769 0.4904449 0.5099265 0.5299277 
t8         0.8239592 0.8864954 0.5504769 0.5099265 0.6157354 0.8239592 0.0000000 0.3505054 0.5716050 0.8239592 0.8239592 0.6388142 0.9913169 0.8864954 0.4714565 0.4529370 0.7945437 0.7662384 0.5933457 0.6157354 
t10        0.6388142 0.8239592 0.5099265 0.5099265 0.5504769 0.6626257 0.3505054 0.0000000 0.5716050 0.6872180 0.8239592 0.5504769 0.9198342 0.7945437 0.5716050 0.4714565 0.6157354 0.6388142 0.5299277 0.5504769 
t17        0.6626257 0.4348639 0.6388142 0.6157354 0.3831192 0.5099265 0.5716050 0.5716050 0.0000000 0.7126442 0.6157354 0.2746833 0.8239592 0.7389627 0.5933457 0.4904449 0.6157354 0.6157354 0.2603971 0.2746833 
t13        0.9913169 0.9913169 0.6157354 0.6157354 0.6872180 0.7389627 0.8239592 0.6872180 0.7126442 0.0000000 0.3192509 0.6872180 0.3040988 0.2892469 0.7662384 0.6626257 0.8239592 0.7389627 0.6626257 0.6626257 
t15        0.8864954 0.8239592 0.5933457 0.7389627 0.5716050 0.7945437 0.8239592 0.8239592 0.6157354 0.3192509 0.0000000 0.5933457 0.1799630 0.1427653 0.6872180 0.5933457 0.8545757 0.8239592 0.6157354 0.6157354 
t6         0.5933457 0.5099265 0.7126442 0.5716050 0.3831192 0.5716050 0.6388142 0.5504769 0.2746833 0.6872180 0.5933457 0.0000000 0.8239592 0.7389627 0.4714565 0.4172160 0.6626257 0.6388142 0.0958750 0.1073256 
t5         1.0297869 1.1132061 0.7389627 0.7662384 0.7126442 0.8545757 0.9913169 0.9198342 0.8239592 0.3040988 0.1799630 0.8239592 0.0000000 0.0734853 0.8545757 0.7662384 0.8545757 0.7945437 0.8239592 0.8239592 
t19        0.8864954 0.9547243 0.7126442 0.7389627 0.6388142 0.7662384 0.8864954 0.7945437 0.7389627 0.2892469 0.1427653 0.7389627 0.0734853 0.0000000 0.7945437 0.7126442 0.8239592 0.7662384 0.7389627 0.7389627 
t3         0.6388142 0.6872180 0.6388142 0.4904449 0.4904449 0.6872180 0.4714565 0.5716050 0.5933457 0.7662384 0.6872180 0.4714565 0.8545757 0.7945437 0.0000000 0.0517447 0.5933457 0.5504769 0.5099265 0.5299277 
t1         0.5504769 0.6626257 0.5299277 0.4529370 0.4348639 0.6157354 0.4529370 0.4714565 0.4904449 0.6626257 0.5933457 0.4172160 0.7662384 0.7126442 0.0517447 0.0000000 0.5504769 0.5099265 0.4348639 0.4529370 
t9         0.6872180 0.7945437 0.7389627 0.8545757 0.6626257 0.5504769 0.7945437 0.6157354 0.6157354 0.8239592 0.8545757 0.6626257 0.8545757 0.8239592 0.5933457 0.5504769 0.0000000 0.0411062 0.6388142 0.6157354 
t2         0.6388142 0.7662384 0.6872180 0.8239592 0.6388142 0.4904449 0.7662384 0.6388142 0.6157354 0.7389627 0.8239592 0.6388142 0.7945437 0.7662384 0.5504769 0.5099265 0.0411062 0.0000000 0.6157354 0.5933457 
t12        0.6388142 0.5299277 0.6626257 0.4904449 0.3831192 0.5099265 0.5933457 0.5299277 0.2603971 0.6626257 0.6157354 0.0958750 0.8239592 0.7389627 0.5099265 0.4348639 0.6388142 0.6157354 0.0000000 0.0100673 
t7         0.6157354 0.5299277 0.6872180 0.5099265 0.3999739 0.5299277 0.6157354 0.5504769 0.2746833 0.6626257 0.6157354 0.1073256 0.8239592 0.7389627 0.5299277 0.4529370 0.6157354 0.5933457 0.0100673 0.0000000 
