20
t19        0.0000000 0.6626257 0.9198342 0.9198342 1.1132061 1.1586745 1.0297869 0.8545757 0.7126442 0.6157354 0.6626257 1.0297869 0.9913169 0.9913169 1.0297869 1.0297869 0.8545757 0.8239592 1.2070784 1.2070784 
t13        0.6626257 0.0000000 0.8239592 0.9198342 1.0297869 0.9913169 1.1132061 0.8864954 0.4904449 0.6157354 0.5099265 0.8239592 0.9913169 0.8239592 0.8864954 0.9198342 0.7945437 0.7662384 0.9913169 0.9913169 
t11        0.9198342 0.8239592 0.0000000 1.1586745 1.2588231 1.0703373 1.0297869 0.2892469 0.5504769 0.6157354 0.4904449 1.2070784 1.2588231 1.2588231 1.0297869 1.1586745 0.2603971 0.2326162 1.0703373 1.0703373 
t2         0.9198342 0.9198342 1.1586745 0.0000000 0.2603971 0.4714565 0.5716050 0.9913169 0.7389627 0.7389627 0.6872180 0.2892469 0.3831192 0.4714565 0.5099265 0.5299277 0.9913169 0.9198342 0.4904449 0.4904449 
t9         1.1132061 1.0297869 1.2588231 0.2603971 0.0000000 0.5716050 0.5504769 0.9547243 0.7126442 0.7945437 0.7389627 0.4348639 0.5099265 0.5504769 0.5716050 0.5504769 1.0297869 0.9913169 0.5716050 0.5716050 
t15        1.1586745 0.9913169 1.0703373 0.4714565 0.5716050 0.0000000 0.3666350 0.7945437 0.7389627 0.7662384 0.7389627 0.5099265 0.4529370 0.4714565 0.4529370 0.4348639 0.8545757 0.8239592 0.4348639 0.4348639 
t14        1.0297869 1.1132061 1.0297869 0.5716050 0.5504769 0.3666350 0.0000000 0.8864954 0.7126442 0.7389627 0.7126442 0.5933457 0.6157354 0.3999739 0.3666350 0.3666350 0.9547243 0.8545757 0.5504769 0.5504769 
t6         0.8545757 0.8864954 0.2892469 0.9913169 0.9547243 0.7945437 0.8864954 0.0000000 0.6872180 0.7389627 0.5933457 0.9913169 1.0297869 0.8864954 0.8239592 0.7945437 0.1549607 0.1549607 0.9913169 0.9913169 
t3         0.7126442 0.4904449 0.5504769 0.7389627 0.7126442 0.7389627 0.7126442 0.6872180 0.0000000 0.2058276 0.1549607 0.6872180 0.7662384 0.6626257 0.5933457 0.6157354 0.7389627 0.6872180 0.8239592 0.8239592 
t20        0.6157354 0.6157354 0.6157354 0.7389627 0.7945437 0.7662384 0.7389627 0.7389627 0.2058276 0.0000000 0.1307650 0.7126442 0.7945437 0.6157354 0.5504769 0.5933457 0.6872180 0.6388142 0.7662384 0.7662384 
t4         0.6626257 0.5099265 0.4904449 0.6872180 0.7389627 0.7389627 0.7126442 0.5933457 0.1549607 0.1307650 0.0000000 0.6626257 0.7389627 0.6157354 0.5504769 0.5933457 0.5504769 0.5099265 0.7662384 0.7662384 
t1         1.0297869 0.8239592 1.2070784 0.2892469 0.4348639 0.5099265 0.5933457 0.9913169 0.6872180 0.7126442 0.6626257 0.0000000 0.0958750 0.5716050 0.5933457 0.5933457 1.0297869 0.9913169 0.5504769 0.5504769 
t10        0.9913169 0.9913169 1.2588231 0.3831192 0.5099265 0.4529370 0.6157354 1.0297869 0.7662384 0.7945437 0.7389627 0.0958750 0.0000000 0.6157354 0.6388142 0.6388142 1.1132061 1.0703373 0.6157354 0.6157354 
t5         0.9913169 0.8239592 1.2588231 0.4714565 0.5504769 0.4714565 0.3999739 0.8864954 0.6626257 0.6157354 0.6157354 0.5716050 0.6157354 0.0000000 0.0625362 0.0734853 0.9547243 0.8864954 0.5504769 0.5504769 
t17        1.0297869 0.8864954 1.0297869 0.5099265 0.5716050 0.4529370 0.3666350 0.8239592 0.5933457 0.5504769 0.5504769 0.5933457 0.6388142 0.0625362 0.0000000 0.0734853 0.8864954 0.8239592 0.5504769 0.5504769 
t12        1.0297869 0.9198342 1.1586745 0.5299277 0.5504769 0.4348639 0.3666350 0.7945437 0.6157354 0.5933457 0.5933457 0.5933457 0.6388142 0.0734853 0.0734853 0.0000000 0.8545757 0.7945437 0.5299277 0.5299277 
t16        0.8545757 0.7945437 0.2603971 0.9913169 1.0297869 0.8545757 0.9547243 0.1549607 0.7389627 0.6872180 0.5504769 1.0297869 1.1132061 0.9547243 0.8864954 0.8545757 0.0000000 0.0625362 0.9198342 0.9198342 
t18        0.8239592 0.7662384 0.2326162 0.9198342 0.9913169 0.8239592 0.8545757 0.1549607 0.6872180 0.6388142 0.5099265 0.9913169 1.0703373 0.8864954 0.8239592 0.7945437 0.0625362 0.0000000 0.9547243 0.9547243 
t8         1.2070784 0.9913169 1.0703373 0.4904449 0.5716050 0.4348639 0.5504769 0.9913169 0.8239592 0.7662384 0.7662384 0.5504769 0.6157354 0.5504769 0.5504769 0.5299277 0.9198342 0.9547243 0.0000000 0.0000010 
t7         1.2070784 0.9913169 1.0703373 0.4904449 0.5716050 0.4348639 0.5504769 0.9913169 0.8239592 0.7662384 0.7662384 0.5504769 0.6157354 0.5504769 0.5504769 0.5299277 0.9198342 0.9547243 0.0000010 0.0000000 
