20
t8         0.0000000 0.6872180 0.6872180 0.8864954 0.6626257 0.7389627 0.7662384 1.0297869 0.6157354 0.7126442 0.6872180 0.5933457 0.6388142 0.6157354 0.7126442 0.6157354 0.8864954 0.8864954 0.6872180 0.6626257 
t16        0.6872180 0.0000000 0.5504769 0.5504769 0.5933457 0.6626257 0.4529370 0.5933457 0.6157354 0.6626257 0.7126442 0.5099265 0.4348639 0.5504769 0.6157354 0.5933457 0.5504769 0.6157354 0.5299277 0.5099265 
t13        0.6872180 0.5504769 0.0000000 0.3505054 0.5933457 0.6388142 0.5299277 0.7126442 0.6388142 0.7945437 0.7389627 0.6157354 0.6388142 0.6157354 0.6626257 0.5716050 0.5716050 0.6388142 0.5933457 0.5716050 
t7         0.8864954 0.5504769 0.3505054 0.0000000 0.6157354 0.7389627 0.5933457 0.7126442 0.5716050 0.6872180 0.6157354 0.5099265 0.4714565 0.6157354 0.7126442 0.5933457 0.7662384 0.7662384 0.6157354 0.5933457 
t12        0.6626257 0.5933457 0.5933457 0.6157354 0.0000000 0.3347153 0.5504769 0.6626257 0.3040988 0.7945437 0.7662384 0.4904449 0.4714565 0.4348639 0.5504769 0.4529370 0.5504769 0.6157354 0.3347153 0.3192509 
t9         0.7389627 0.6626257 0.6388142 0.7389627 0.3347153 0.0000000 0.6157354 0.7945437 0.3999739 0.9547243 0.9198342 0.7945437 0.6872180 0.4529370 0.5716050 0.4529370 0.6872180 0.7389627 0.4348639 0.4172160 
t4         0.7662384 0.4529370 0.5299277 0.5933457 0.5504769 0.6157354 0.0000000 0.2326162 0.6626257 0.6626257 0.7126442 0.6157354 0.5504769 0.5299277 0.6388142 0.5099265 0.1927838 0.2463781 0.5933457 0.5716050 
t6         1.0297869 0.5933457 0.7126442 0.7126442 0.6626257 0.7945437 0.2326162 0.0000000 0.6626257 0.7662384 0.8239592 0.8239592 0.6626257 0.5716050 0.6626257 0.5716050 0.2191023 0.2746833 0.6626257 0.6872180 
t20        0.6157354 0.6157354 0.6388142 0.5716050 0.3040988 0.3999739 0.6626257 0.6626257 0.0000000 0.6872180 0.7389627 0.6388142 0.5933457 0.4714565 0.5933457 0.4904449 0.6157354 0.6626257 0.1549607 0.1427653 
t18        0.7126442 0.6626257 0.7945437 0.6872180 0.7945437 0.9547243 0.6626257 0.7662384 0.6872180 0.0000000 0.1427653 0.5716050 0.5504769 0.7389627 0.7389627 0.7662384 0.7126442 0.7662384 0.6388142 0.6157354 
t5         0.6872180 0.7126442 0.7389627 0.6157354 0.7662384 0.9198342 0.7126442 0.8239592 0.7389627 0.1427653 0.0000000 0.5716050 0.5716050 0.7662384 0.7662384 0.7945437 0.7945437 0.8545757 0.7389627 0.7126442 
t19        0.5933457 0.5099265 0.6157354 0.5099265 0.4904449 0.7945437 0.6157354 0.8239592 0.6388142 0.5716050 0.5716050 0.0000000 0.1073256 0.4904449 0.5099265 0.4714565 0.7945437 0.8239592 0.6626257 0.6388142 
t14        0.6388142 0.4348639 0.6388142 0.4714565 0.4714565 0.6872180 0.5504769 0.6626257 0.5933457 0.5504769 0.5716050 0.1073256 0.0000000 0.4172160 0.5299277 0.4348639 0.6872180 0.7126442 0.6157354 0.5933457 
t10        0.6157354 0.5504769 0.6157354 0.6157354 0.4348639 0.4529370 0.5299277 0.5716050 0.4714565 0.7389627 0.7662384 0.4904449 0.4172160 0.0000000 0.1799630 0.0734853 0.6157354 0.6157354 0.5299277 0.5099265 
t17        0.7126442 0.6157354 0.6626257 0.7126442 0.5504769 0.5716050 0.6388142 0.6626257 0.5933457 0.7389627 0.7662384 0.5099265 0.5299277 0.1799630 0.0000000 0.1427653 0.7389627 0.7389627 0.5933457 0.5716050 
t2         0.6157354 0.5933457 0.5716050 0.5933457 0.4529370 0.4529370 0.5099265 0.5716050 0.4904449 0.7662384 0.7945437 0.4714565 0.4348639 0.0734853 0.1427653 0.0000000 0.5933457 0.5933457 0.5299277 0.5099265 
t11        0.8864954 0.5504769 0.5716050 0.7662384 0.5504769 0.6872180 0.1927838 0.2191023 0.6157354 0.7126442 0.7945437 0.7945437 0.6872180 0.6157354 0.7389627 0.5933457 0.0000000 0.0411062 0.5299277 0.5099265 
t15        0.8864954 0.6157354 0.6388142 0.7662384 0.6157354 0.7389627 0.2463781 0.2746833 0.6626257 0.7662384 0.8545757 0.8239592 0.7126442 0.6157354 0.7389627 0.5933457 0.0411062 0.0000000 0.5504769 0.5299277 
t1         0.6872180 0.5299277 0.5933457 0.6157354 0.3347153 0.4348639 0.5933457 0.6626257 0.1549607 0.6388142 0.7389627 0.6626257 0.6157354 0.5299277 0.5933457 0.5299277 0.5299277 0.5504769 0.0000000 0.0100673 
t3         0.6626257 0.5099265 0.5716050 0.5933457 0.3192509 0.4172160 0.5716050 0.6872180 0.1427653 0.6157354 0.7126442 0.6388142 0.5933457 0.5099265 0.5716050 0.5099265 0.5099265 0.5299277 0.0100673 0.0000000 
