20
t4         0.0000000 0.6872180 0.7389627 0.8864954 0.4348639 0.9198342 1.3144041 0.2892469 0.4348639 0.4714565 1.5901977 0.7389627 0.7389627 0.3999739 0.4714565 0.4904449 0.5933457 0.5299277 0.3505054 0.3040988 
t13        0.6872180 0.0000000 1.4396946 1.5111773 0.8239592 1.6785349 1.6785349 0.7945437 1.0297869 1.1132061 1.8942965 1.2588231 1.3144041 0.7126442 0.6872180 1.1132061 1.0297869 1.0703373 1.0297869 0.9198342 
t2         0.7389627 1.4396946 0.0000000 2.0310377 0.9547243 0.9547243 1.4396946 0.9547243 1.0703373 1.2070784 1.2588231 1.1586745 1.2070784 1.0703373 1.1586745 1.2070784 0.7389627 0.6872180 1.1132061 1.0703373 
t5         0.8864954 1.5111773 2.0310377 0.0000000 1.4396946 1.7786835 1.5901977 0.8864954 1.1132061 0.8864954 9.0000000 1.5111773 1.3144041 1.3144041 1.4396946 0.9547243 1.6785349 1.4396946 0.9198342 0.8545757 
t14        0.4348639 0.8239592 0.9547243 1.4396946 0.0000000 1.2070784 1.3144041 0.5504769 0.7126442 0.8239592 1.4396946 1.1586745 1.1586745 0.5716050 0.6388142 0.8239592 0.9913169 0.9198342 0.6626257 0.6388142 
t15        0.9198342 1.6785349 0.9547243 1.7786835 1.2070784 0.0000000 1.7786835 1.2588231 1.2588231 1.5901977 1.6785349 1.0297869 1.1132061 1.2588231 1.5111773 1.0703373 1.0297869 0.9913169 1.0297869 0.9198342 
t16        1.3144041 1.6785349 1.4396946 1.5901977 1.3144041 1.7786835 0.0000000 1.2588231 1.5111773 1.1586745 1.2588231 1.6785349 1.5901977 1.4396946 1.5111773 1.7786835 1.5901977 1.3744361 1.4396946 1.3144041 
t7         0.2892469 0.7945437 0.9547243 0.8864954 0.5504769 1.2588231 1.2588231 0.0000000 0.4348639 0.3505054 1.4396946 1.0703373 0.7662384 0.4529370 0.5716050 0.4904449 0.6872180 0.6157354 0.4348639 0.3831192 
t18        0.4348639 1.0297869 1.0703373 1.1132061 0.7126442 1.2588231 1.5111773 0.4348639 0.0000000 0.5299277 2.7182557 1.1132061 0.9913169 0.6872180 0.6872180 0.7126442 0.8545757 0.8239592 0.5716050 0.5299277 
t10        0.4714565 1.1132061 1.2070784 0.8864954 0.8239592 1.5901977 1.1586745 0.3505054 0.5299277 0.0000000 1.7786835 1.0297869 0.8864954 0.7126442 0.6626257 0.6157354 1.0297869 0.8239592 0.5504769 0.4714565 
t3         1.5901977 1.8942965 1.2588231 9.0000000 1.4396946 1.6785349 1.2588231 1.4396946 2.7182557 1.7786835 0.0000000 2.7182557 9.0000000 1.4396946 2.0310377 2.1983953 0.9913169 1.0297869 3.2381161 1.8942965 
t1         0.7389627 1.2588231 1.1586745 1.5111773 1.1586745 1.0297869 1.6785349 1.0703373 1.1132061 1.0297869 2.7182557 0.0000000 0.3192509 0.9913169 1.0703373 1.0703373 1.3144041 1.1586745 0.8864954 0.7945437 
t9         0.7389627 1.3144041 1.2070784 1.3144041 1.1586745 1.1132061 1.5901977 0.7662384 0.9913169 0.8864954 9.0000000 0.3192509 0.0000000 0.9547243 1.0297869 0.9913169 1.3744361 1.2070784 0.9547243 0.8545757 
t20        0.3999739 0.7126442 1.0703373 1.3144041 0.5716050 1.2588231 1.4396946 0.4529370 0.6872180 0.7126442 1.4396946 0.9913169 0.9547243 0.0000000 0.2463781 0.6872180 0.7945437 0.7389627 0.5933457 0.5299277 
t8         0.4714565 0.6872180 1.1586745 1.4396946 0.6388142 1.5111773 1.5111773 0.5716050 0.6872180 0.6626257 2.0310377 1.0703373 1.0297869 0.2463781 0.0000000 0.7662384 0.7126442 0.7126442 0.6626257 0.6157354 
t17        0.4904449 1.1132061 1.2070784 0.9547243 0.8239592 1.0703373 1.7786835 0.4904449 0.7126442 0.6157354 2.1983953 1.0703373 0.9913169 0.6872180 0.7662384 0.0000000 0.9913169 0.8239592 0.1549607 0.1673577 
t6         0.5933457 1.0297869 0.7389627 1.6785349 0.9913169 1.0297869 1.5901977 0.6872180 0.8545757 1.0297869 0.9913169 1.3144041 1.3744361 0.7945437 0.7126442 0.9913169 0.0000000 0.1427653 0.8545757 0.7662384 
t12        0.5299277 1.0703373 0.6872180 1.4396946 0.9198342 0.9913169 1.3744361 0.6157354 0.8239592 0.8239592 1.0297869 1.1586745 1.2070784 0.7389627 0.7126442 0.8239592 0.1427653 0.0000000 0.7389627 0.6626257 
t11        0.3505054 1.0297869 1.1132061 0.9198342 0.6626257 1.0297869 1.4396946 0.4348639 0.5716050 0.5504769 3.2381161 0.8864954 0.9547243 0.5933457 0.6626257 0.1549607 0.8545757 0.7389627 0.0000000 0.0625362 
t19        0.3040988 0.9198342 1.0703373 0.8545757 0.6388142 0.9198342 1.3144041 0.3831192 0.5299277 0.4714565 1.8942965 0.7945437 0.8545757 0.5299277 0.6157354 0.1673577 0.7662384 0.6626257 0.0625362 0.0000000 
