20
t1         0.0000000 1.6785349 1.4396946 1.5111773 9.0000000 1.8942965 1.3744361 1.5901977 2.7182557 1.5111773 2.4141569 9.0000000 9.0000000 1.2588231 1.5111773 1.5901977 1.8942965 9.0000000 1.3744361 1.3744361 
t19        1.6785349 0.0000000 1.2070784 0.7945437 9.0000000 0.9547243 1.0703373 1.2070784 2.0310377 1.2070784 2.0310377 2.4141569 9.0000000 0.8864954 1.1586745 1.0703373 0.8239592 0.9547243 0.9913169 0.9913169 
t10        1.4396946 1.2070784 0.0000000 0.8545757 1.5111773 0.7662384 0.6157354 1.2070784 1.6785349 1.0297869 2.0310377 9.0000000 1.8942965 0.8545757 1.6785349 1.8942965 0.5716050 0.5716050 0.8864954 0.8864954 
t13        1.5111773 0.7945437 0.8545757 0.0000000 1.5111773 0.9547243 0.6872180 1.1586745 1.8942965 0.6388142 1.5901977 3.2381161 9.0000000 0.4714565 1.2070784 1.2588231 0.7945437 0.7662384 0.4904449 0.4904449 
t14        9.0000000 9.0000000 1.5111773 1.5111773 0.0000000 1.8942965 2.4141569 3.2381161 9.0000000 1.5111773 2.7182557 2.1983953 2.7182557 1.6785349 2.1983953 2.4141569 3.2381161 2.7182557 1.8942965 1.8942965 
t8         1.8942965 0.9547243 0.7662384 0.9547243 1.8942965 0.0000000 0.5504769 1.3144041 2.7182557 1.1586745 3.2381161 2.7182557 9.0000000 1.0703373 1.5111773 1.3744361 0.6388142 0.7126442 1.0297869 1.0297869 
t12        1.3744361 1.0703373 0.6157354 0.6872180 2.4141569 0.5504769 0.0000000 1.0703373 1.8942965 0.8239592 1.7786835 9.0000000 9.0000000 0.8239592 1.4396946 1.5111773 0.5299277 0.7126442 0.7662384 0.7662384 
t3         1.5901977 1.2070784 1.2070784 1.1586745 3.2381161 1.3144041 1.0703373 0.0000000 3.2381161 0.9913169 1.6785349 9.0000000 9.0000000 0.9198342 1.5111773 1.5111773 1.0703373 1.1586745 0.8864954 0.8864954 
t5         2.7182557 2.0310377 1.6785349 1.8942965 9.0000000 2.7182557 1.8942965 3.2381161 0.0000000 2.7182557 9.0000000 9.0000000 9.0000000 1.5901977 9.0000000 9.0000000 1.8942965 2.4141569 1.8942965 1.8942965 
t17        1.5111773 1.2070784 1.0297869 0.6388142 1.5111773 1.1586745 0.8239592 0.9913169 2.7182557 0.0000000 0.7945437 9.0000000 2.0310377 0.5933457 1.5111773 1.6785349 1.2070784 1.3744361 0.5716050 0.5716050 
t11        2.4141569 2.0310377 2.0310377 1.5901977 2.7182557 3.2381161 1.7786835 1.6785349 9.0000000 0.7945437 0.0000000 9.0000000 2.4141569 1.2588231 2.7182557 2.0310377 3.2381161 2.7182557 1.2588231 1.2588231 
t18        9.0000000 2.4141569 9.0000000 3.2381161 2.1983953 2.7182557 9.0000000 9.0000000 9.0000000 9.0000000 9.0000000 0.0000000 1.2070784 1.8942965 1.2588231 1.3144041 1.5111773 1.5111773 2.0310377 2.0310377 
t4         9.0000000 9.0000000 1.8942965 9.0000000 2.7182557 9.0000000 9.0000000 9.0000000 9.0000000 2.0310377 2.4141569 1.2070784 0.0000000 1.7786835 1.5111773 1.6785349 2.7182557 2.0310377 1.6785349 1.6785349 
t15        1.2588231 0.8864954 0.8545757 0.4714565 1.6785349 1.0703373 0.8239592 0.9198342 1.5901977 0.5933457 1.2588231 1.8942965 1.7786835 0.0000000 1.0703373 0.9913169 0.8239592 0.9198342 0.2892469 0.2892469 
t2         1.5111773 1.1586745 1.6785349 1.2070784 2.1983953 1.5111773 1.4396946 1.5111773 9.0000000 1.5111773 2.7182557 1.2588231 1.5111773 1.0703373 0.0000000 0.0517447 1.1132061 1.0297869 1.0297869 1.0297869 
t7         1.5901977 1.0703373 1.8942965 1.2588231 2.4141569 1.3744361 1.5111773 1.5111773 9.0000000 1.6785349 2.0310377 1.3144041 1.6785349 0.9913169 0.0517447 0.0000000 1.1132061 1.0297869 0.9547243 0.9547243 
t16        1.8942965 0.8239592 0.5716050 0.7945437 3.2381161 0.6388142 0.5299277 1.0703373 1.8942965 1.2070784 3.2381161 1.5111773 2.7182557 0.8239592 1.1132061 1.1132061 0.0000000 0.2058276 0.7945437 0.7945437 
t20        9.0000000 0.9547243 0.5716050 0.7662384 2.7182557 0.7126442 0.7126442 1.1586745 2.4141569 1.3744361 2.7182557 1.5111773 2.0310377 0.9198342 1.0297869 1.0297869 0.2058276 0.0000000 0.7662384 0.7662384 
t9         1.3744361 0.9913169 0.8864954 0.4904449 1.8942965 1.0297869 0.7662384 0.8864954 1.8942965 0.5716050 1.2588231 2.0310377 1.6785349 0.2892469 1.0297869 0.9547243 0.7945437 0.7662384 0.0000000 0.0000010 
t6         1.3744361 0.9913169 0.8864954 0.4904449 1.8942965 1.0297869 0.7662384 0.8864954 1.8942965 0.5716050 1.2588231 2.0310377 1.6785349 0.2892469 1.0297869 0.9547243 0.7945437 0.7662384 0.0000010 0.0000000 
