20
t2         0.0000000 1.3144041 1.3144041 0.8864954 1.2070784 1.3744361 1.2588231 1.2070784 1.2588231 1.0703373 1.5111773 1.0297869 0.9547243 0.9913169 0.9913169 0.8545757 0.8864954 0.9198342 0.9547243 0.9547243 
t6         1.3144041 0.0000000 1.2070784 0.9913169 1.1132061 0.8239592 1.2070784 1.0703373 0.9913169 0.9198342 1.0703373 0.8864954 1.5111773 0.8864954 0.9198342 0.9547243 0.9198342 1.3744361 1.3144041 1.3144041 
t16        1.3144041 1.2070784 0.0000000 0.7945437 0.7662384 0.6626257 1.2588231 0.7126442 1.1586745 1.1132061 1.6785349 0.7389627 0.9913169 0.6388142 0.6626257 0.6388142 0.7389627 1.0297869 1.0703373 1.0703373 
t19        0.8864954 0.9913169 0.7945437 0.0000000 0.5716050 0.7126442 0.9547243 0.7945437 0.9547243 0.9198342 1.2588231 0.6872180 0.7662384 0.5933457 0.6157354 0.6388142 0.5933457 0.8239592 0.7662384 0.7662384 
t15        1.2070784 1.1132061 0.7662384 0.5716050 0.0000000 0.8239592 1.1586745 0.8239592 1.0703373 1.0703373 1.2588231 0.8239592 1.0297869 0.9198342 0.8864954 0.6157354 0.6157354 0.9913169 0.9547243 0.9547243 
t8         1.3744361 0.8239592 0.6626257 0.7126442 0.8239592 0.0000000 0.9547243 0.7126442 1.2070784 0.9547243 1.4396946 0.6626257 0.9547243 0.8239592 0.7945437 0.7126442 0.6157354 0.8545757 0.7945437 0.7945437 
t1         1.2588231 1.2070784 1.2588231 0.9547243 1.1586745 0.9547243 0.0000000 1.1586745 1.1586745 1.1132061 1.3744361 0.5716050 1.5111773 0.6388142 0.6388142 1.0297869 0.8239592 1.2070784 1.1586745 1.1586745 
t20        1.2070784 1.0703373 0.7126442 0.7945437 0.8239592 0.7126442 1.1586745 0.0000000 1.1132061 1.0297869 1.7786835 0.8545757 0.5299277 0.8239592 0.7389627 0.9547243 0.9913169 0.5099265 0.4714565 0.4714565 
t17        1.2588231 0.9913169 1.1586745 0.9547243 1.0703373 1.2070784 1.1586745 1.1132061 0.0000000 0.3999739 0.5299277 1.0297869 1.3744361 1.0297869 0.9547243 1.1586745 1.2070784 1.3744361 1.3744361 1.3744361 
t11        1.0703373 0.9198342 1.1132061 0.9198342 1.0703373 0.9547243 1.1132061 1.0297869 0.3999739 0.0000000 0.3192509 0.9547243 1.1586745 1.2070784 1.1586745 0.9547243 0.9547243 1.0703373 1.1132061 1.1132061 
t18        1.5111773 1.0703373 1.6785349 1.2588231 1.2588231 1.4396946 1.3744361 1.7786835 0.5299277 0.3192509 0.0000000 1.5901977 1.6785349 1.6785349 1.5111773 1.1586745 1.1586745 1.8942965 1.8942965 1.8942965 
t12        1.0297869 0.8864954 0.7389627 0.6872180 0.8239592 0.6626257 0.5716050 0.8545757 1.0297869 0.9547243 1.5901977 0.0000000 1.2588231 0.2058276 0.2058276 0.7945437 0.7126442 1.1586745 1.1132061 1.1132061 
t3         0.9547243 1.5111773 0.9913169 0.7662384 1.0297869 0.9547243 1.5111773 0.5299277 1.3744361 1.1586745 1.6785349 1.2588231 0.0000000 1.2588231 1.1132061 1.0297869 0.9913169 0.1549607 0.1549607 0.1549607 
t4         0.9913169 0.8864954 0.6388142 0.5933457 0.9198342 0.8239592 0.6388142 0.8239592 1.0297869 1.2070784 1.6785349 0.2058276 1.2588231 0.0000000 0.0517447 0.7662384 0.7662384 1.2070784 1.2070784 1.2070784 
t10        0.9913169 0.9198342 0.6626257 0.6157354 0.8864954 0.7945437 0.6388142 0.7389627 0.9547243 1.1586745 1.5111773 0.2058276 1.1132061 0.0517447 0.0000000 0.8239592 0.7945437 1.0703373 1.0703373 1.0703373 
t14        0.8545757 0.9547243 0.6388142 0.6388142 0.6157354 0.7126442 1.0297869 0.9547243 1.1586745 0.9547243 1.1586745 0.7945437 1.0297869 0.7662384 0.8239592 0.0000000 0.0734853 0.9547243 0.9198342 0.9198342 
t7         0.8864954 0.9198342 0.7389627 0.5933457 0.6157354 0.6157354 0.8239592 0.9913169 1.2070784 0.9547243 1.1586745 0.7126442 0.9913169 0.7662384 0.7945437 0.0734853 0.0000000 0.9198342 0.8864954 0.8864954 
t5         0.9198342 1.3744361 1.0297869 0.8239592 0.9913169 0.8545757 1.2070784 0.5099265 1.3744361 1.0703373 1.8942965 1.1586745 0.1549607 1.2070784 1.0703373 0.9547243 0.9198342 0.0000000 0.0202715 0.0202715 
t13        0.9547243 1.3144041 1.0703373 0.7662384 0.9547243 0.7945437 1.1586745 0.4714565 1.3744361 1.1132061 1.8942965 1.1132061 0.1549607 1.2070784 1.0703373 0.9198342 0.8864954 0.0202715 0.0000000 0.0000010 
t9         0.9547243 1.3144041 1.0703373 0.7662384 0.9547243 0.7945437 1.1586745 0.4714565 1.3744361 1.1132061 1.8942965 1.1132061 0.1549607 1.2070784 1.0703373 0.9198342 0.8864954 0.0202715 0.0000010 0.0000000 
