20
t12        0.0000000 1.4396946 1.8942965 9.0000000 9.0000000 1.8942965 1.0703373 1.2070784 1.7786835 0.8864954 0.9547243 1.3744361 0.9913169 1.0703373 1.5901977 1.1586745 1.0297869 2.0310377 1.7786835 1.5111773 
t8         1.4396946 0.0000000 1.6785349 0.9913169 1.4396946 0.4714565 0.8545757 1.2588231 1.1586745 1.3144041 1.1586745 2.0310377 1.8942965 0.9913169 1.5901977 1.4396946 1.2070784 0.9913169 0.9913169 1.1586745 
t13        1.8942965 1.6785349 0.0000000 1.4396946 3.2381161 1.5901977 2.0310377 2.4141569 1.8942965 1.3144041 1.0703373 1.6785349 2.0310377 1.8942965 9.0000000 1.3144041 1.3744361 2.0310377 1.8942965 2.0310377 
t16        9.0000000 0.9913169 1.4396946 0.0000000 1.7786835 0.8239592 2.4141569 2.0310377 0.7945437 1.4396946 1.2588231 2.0310377 3.2381161 2.7182557 9.0000000 1.5111773 1.3744361 0.7662384 0.7389627 0.7389627 
t17        9.0000000 1.4396946 3.2381161 1.7786835 0.0000000 1.0703373 9.0000000 9.0000000 2.1983953 2.1983953 2.1983953 2.0310377 3.2381161 9.0000000 9.0000000 9.0000000 3.2381161 1.7786835 1.7786835 1.3744361 
t18        1.8942965 0.4714565 1.5901977 0.8239592 1.0703373 0.0000000 1.4396946 1.7786835 1.2070784 1.7786835 1.1132061 2.4141569 1.8942965 1.5901977 2.7182557 1.3144041 1.1586745 0.9913169 0.9198342 0.9913169 
t1         1.0703373 0.8545757 2.0310377 2.4141569 9.0000000 1.4396946 0.0000000 0.3347153 1.8942965 0.5299277 0.6157354 1.1132061 1.0703373 0.3192509 0.6157354 0.7945437 0.7389627 2.7182557 2.4141569 3.2381161 
t15        1.2070784 1.2588231 2.4141569 2.0310377 9.0000000 1.7786835 0.3347153 0.0000000 1.5111773 0.6388142 0.8239592 1.0703373 1.3744361 0.3347153 0.6157354 0.9913169 0.8545757 2.1983953 2.0310377 2.4141569 
t9         1.7786835 1.1586745 1.8942965 0.7945437 2.1983953 1.2070784 1.8942965 1.5111773 0.0000000 1.6785349 1.4396946 2.1983953 9.0000000 2.0310377 2.4141569 2.1983953 2.0310377 0.5299277 0.5716050 0.6872180 
t2         0.8864954 1.3144041 1.3144041 1.4396946 2.1983953 1.7786835 0.5299277 0.6388142 1.6785349 0.0000000 0.4529370 0.3666350 0.5099265 0.6872180 0.9913169 0.7389627 0.5099265 2.1983953 1.7786835 1.7786835 
t5         0.9547243 1.1586745 1.0703373 1.2588231 2.1983953 1.1132061 0.6157354 0.8239592 1.4396946 0.4529370 0.0000000 0.8239592 0.8864954 0.7662384 1.3744361 0.4714565 0.3347153 1.7786835 1.6785349 1.5901977 
t19        1.3744361 2.0310377 1.6785349 2.0310377 2.0310377 2.4141569 1.1132061 1.0703373 2.1983953 0.3666350 0.8239592 0.0000000 0.3505054 1.1132061 1.2588231 1.0703373 0.8545757 2.7182557 2.4141569 2.4141569 
t10        0.9913169 1.8942965 2.0310377 3.2381161 3.2381161 1.8942965 1.0703373 1.3744361 9.0000000 0.5099265 0.8864954 0.3505054 0.0000000 1.2588231 1.2588231 1.1586745 0.9913169 2.1983953 2.1983953 2.0310377 
t3         1.0703373 0.9913169 1.8942965 2.7182557 9.0000000 1.5901977 0.3192509 0.3347153 2.0310377 0.6872180 0.7662384 1.1132061 1.2588231 0.0000000 0.4172160 0.8545757 0.8239592 2.7182557 2.4141569 3.2381161 
t7         1.5901977 1.5901977 9.0000000 9.0000000 9.0000000 2.7182557 0.6157354 0.6157354 2.4141569 0.9913169 1.3744361 1.2588231 1.2588231 0.4172160 0.0000000 1.1586745 1.2070784 2.1983953 2.7182557 3.2381161 
t20        1.1586745 1.4396946 1.3144041 1.5111773 9.0000000 1.3144041 0.7945437 0.9913169 2.1983953 0.7389627 0.4714565 1.0703373 1.1586745 0.8545757 1.1586745 0.0000000 0.2191023 3.2381161 2.7182557 2.7182557 
t4         1.0297869 1.2070784 1.3744361 1.3744361 3.2381161 1.1586745 0.7389627 0.8545757 2.0310377 0.5099265 0.3347153 0.8545757 0.9913169 0.8239592 1.2070784 0.2191023 0.0000000 2.4141569 2.1983953 1.7786835 
t6         2.0310377 0.9913169 2.0310377 0.7662384 1.7786835 0.9913169 2.7182557 2.1983953 0.5299277 2.1983953 1.7786835 2.7182557 2.1983953 2.7182557 2.1983953 3.2381161 2.4141569 0.0000000 0.0517447 0.1189538 
t11        1.7786835 0.9913169 1.8942965 0.7389627 1.7786835 0.9198342 2.4141569 2.0310377 0.5716050 1.7786835 1.6785349 2.4141569 2.1983953 2.4141569 2.7182557 2.7182557 2.1983953 0.0517447 0.0000000 0.1073256 
t14        1.5111773 1.1586745 2.0310377 0.7389627 1.3744361 0.9913169 3.2381161 2.4141569 0.6872180 1.7786835 1.5901977 2.4141569 2.0310377 3.2381161 3.2381161 2.7182557 1.7786835 0.1189538 0.1073256 0.0000000 
