20
t3         0.0000000 0.7126442 0.9547243 0.7126442 1.1586745 0.8545757 0.8864954 0.9198342 0.7945437 0.8239592 0.7662384 0.8864954 1.6785349 1.5111773 0.8864954 0.9198342 0.9198342 0.9198342 0.9198342 0.9913169 
t5         0.7126442 0.0000000 0.6388142 0.8239592 1.0297869 0.5716050 0.7126442 0.6388142 0.5504769 0.5933457 0.4529370 0.5504769 0.9198342 0.8864954 0.4529370 0.4904449 0.7945437 0.7662384 0.5716050 0.5933457 
t9         0.9547243 0.6388142 0.0000000 0.7126442 0.9913169 0.6872180 0.6388142 0.7389627 0.8545757 0.7126442 0.5299277 0.6157354 1.1132061 1.1132061 0.6157354 0.5933457 0.7662384 0.7389627 0.6872180 0.6388142 
t16        0.7126442 0.8239592 0.7126442 0.0000000 0.5299277 0.6872180 0.6157354 0.9198342 0.7662384 0.7662384 0.6388142 0.7389627 1.1132061 1.0297869 0.6626257 0.6157354 0.6157354 0.5716050 0.6626257 0.6626257 
t4         1.1586745 1.0297869 0.9913169 0.5299277 0.0000000 0.6388142 0.7945437 0.9913169 0.8239592 0.8239592 0.9198342 0.8864954 1.3744361 1.1586745 0.9547243 0.9547243 0.6388142 0.6388142 1.1132061 1.0297869 
t6         0.8545757 0.5716050 0.6872180 0.6872180 0.6388142 0.0000000 0.2603971 0.6388142 0.5099265 0.5299277 0.7126442 0.8239592 1.2070784 1.0297869 0.7662384 0.8239592 0.6388142 0.6157354 0.8545757 0.8864954 
t15        0.8864954 0.7126442 0.6388142 0.6157354 0.7945437 0.2603971 0.0000000 0.5299277 0.4172160 0.4348639 0.6388142 0.7662384 0.9547243 0.9198342 0.6872180 0.7389627 0.4904449 0.4529370 0.7389627 0.7662384 
t8         0.9198342 0.6388142 0.7389627 0.9198342 0.9913169 0.6388142 0.5299277 0.0000000 0.3505054 0.3831192 0.8239592 0.8864954 1.0297869 1.0297869 0.8239592 0.8239592 0.6157354 0.6157354 0.9913169 0.9913169 
t18        0.7945437 0.5504769 0.8545757 0.7662384 0.8239592 0.5099265 0.4172160 0.3505054 0.0000000 0.1427653 0.8239592 0.8545757 1.0297869 0.9913169 0.7389627 0.8239592 0.4714565 0.4714565 0.9198342 0.9198342 
t11        0.8239592 0.5933457 0.7126442 0.7662384 0.8239592 0.5299277 0.4348639 0.3831192 0.1427653 0.0000000 0.7389627 0.7126442 0.9913169 0.9547243 0.6157354 0.6626257 0.4348639 0.4348639 0.8239592 0.7945437 
t12        0.7662384 0.4529370 0.5299277 0.6388142 0.9198342 0.7126442 0.6388142 0.8239592 0.8239592 0.7389627 0.0000000 0.2746833 0.9547243 0.9547243 0.2191023 0.2463781 0.6872180 0.6388142 0.2463781 0.3040988 
t14        0.8864954 0.5504769 0.6157354 0.7389627 0.8864954 0.8239592 0.7662384 0.8864954 0.8545757 0.7126442 0.2746833 0.0000000 0.8864954 0.8239592 0.1799630 0.1799630 0.7126442 0.7126442 0.1927838 0.2191023 
t10        1.6785349 0.9198342 1.1132061 1.1132061 1.3744361 1.2070784 0.9547243 1.0297869 1.0297869 0.9913169 0.9547243 0.8864954 0.0000000 0.2603971 1.0297869 0.8239592 1.0297869 1.1132061 0.9913169 0.9547243 
t7         1.5111773 0.8864954 1.1132061 1.0297869 1.1586745 1.0297869 0.9198342 1.0297869 0.9913169 0.9547243 0.9547243 0.8239592 0.2603971 0.0000000 0.9913169 0.9913169 1.0297869 1.1132061 1.0297869 0.9913169 
t2         0.8864954 0.4529370 0.6157354 0.6626257 0.9547243 0.7662384 0.6872180 0.8239592 0.7389627 0.6157354 0.2191023 0.1799630 1.0297869 0.9913169 0.0000000 0.1073256 0.7389627 0.6872180 0.1799630 0.1799630 
t20        0.9198342 0.4904449 0.5933457 0.6157354 0.9547243 0.8239592 0.7389627 0.8239592 0.8239592 0.6626257 0.2463781 0.1799630 0.8239592 0.9913169 0.1073256 0.0000000 0.6872180 0.6388142 0.1307650 0.1307650 
t17        0.9198342 0.7945437 0.7662384 0.6157354 0.6388142 0.6388142 0.4904449 0.6157354 0.4714565 0.4348639 0.6872180 0.7126442 1.0297869 1.0297869 0.7389627 0.6872180 0.0000000 0.0411062 0.7662384 0.7389627 
t19        0.9198342 0.7662384 0.7389627 0.5716050 0.6388142 0.6157354 0.4529370 0.6157354 0.4714565 0.4348639 0.6388142 0.7126442 1.1132061 1.1132061 0.6872180 0.6388142 0.0411062 0.0000000 0.6872180 0.6626257 
t1         0.9198342 0.5716050 0.6872180 0.6626257 1.1132061 0.8545757 0.7389627 0.9913169 0.9198342 0.8239592 0.2463781 0.1927838 0.9913169 1.0297869 0.1799630 0.1307650 0.7662384 0.6872180 0.0000000 0.0625362 
t13        0.9913169 0.5933457 0.6388142 0.6626257 1.0297869 0.8864954 0.7662384 0.9913169 0.9198342 0.7945437 0.3040988 0.2191023 0.9547243 0.9913169 0.1799630 0.1307650 0.7389627 0.6626257 0.0625362 0.0000000 
