20
t2         0.0000000 0.2463781 0.2058276 0.2326162 0.1927838 0.1927838 0.3347153 0.1307650 0.1307650 0.3040988 0.2892469 0.5716050 0.2058276 0.2603971 0.2058276 0.2191023 0.2463781 0.2191023 0.2892469 0.2746833 
t9         0.2463781 0.0000000 0.2603971 0.3192509 0.3040988 0.3040988 0.1549607 0.2191023 0.2058276 0.0845966 0.0734853 0.6157354 0.3505054 0.0625362 0.0411062 0.0411062 0.0625362 0.0411062 0.1189538 0.1073256 
t18        0.2058276 0.2603971 0.0000000 0.1549607 0.1927838 0.1799630 0.3999739 0.1673577 0.1673577 0.3192509 0.3040988 0.3999739 0.2058276 0.3040988 0.2746833 0.2746833 0.2746833 0.2603971 0.3347153 0.3192509 
t14        0.2326162 0.3192509 0.1549607 0.0000000 0.1927838 0.2191023 0.3999739 0.2326162 0.2326162 0.3831192 0.3666350 0.4714565 0.2191023 0.3666350 0.3347153 0.3347153 0.3192509 0.3040988 0.3831192 0.3666350 
t5         0.1927838 0.3040988 0.1927838 0.1927838 0.0000000 0.0958750 0.4529370 0.1427653 0.1549607 0.3666350 0.3505054 0.3666350 0.1073256 0.3347153 0.3192509 0.3192509 0.3347153 0.3040988 0.3666350 0.3505054 
t19        0.1927838 0.3040988 0.1799630 0.2191023 0.0958750 0.0000000 0.4529370 0.1549607 0.1549607 0.3666350 0.3505054 0.3831192 0.1427653 0.3347153 0.3192509 0.3192509 0.3347153 0.3040988 0.3666350 0.3505054 
t7         0.3347153 0.1549607 0.3999739 0.3999739 0.4529370 0.4529370 0.0000000 0.3505054 0.3505054 0.2058276 0.1927838 0.7945437 0.4714565 0.1673577 0.1189538 0.1427653 0.1673577 0.1427653 0.2326162 0.2191023 
t15        0.1307650 0.2191023 0.1673577 0.2326162 0.1427653 0.1549607 0.3505054 0.0000000 0.0202715 0.2603971 0.2603971 0.4904449 0.2058276 0.2603971 0.2326162 0.2326162 0.2463781 0.2191023 0.2892469 0.2746833 
t1         0.1307650 0.2058276 0.1673577 0.2326162 0.1549607 0.1549607 0.3505054 0.0202715 0.0000000 0.2463781 0.2463781 0.4714565 0.2058276 0.2463781 0.2191023 0.2191023 0.2326162 0.2058276 0.2746833 0.2603971 
t16        0.3040988 0.0845966 0.3192509 0.3831192 0.3666350 0.3666350 0.2058276 0.2603971 0.2463781 0.0000000 0.0100673 0.6388142 0.4172160 0.1073256 0.0958750 0.0958750 0.1189538 0.0958750 0.1673577 0.1549607 
t17        0.2892469 0.0734853 0.3040988 0.3666350 0.3505054 0.3505054 0.1927838 0.2603971 0.2463781 0.0100673 0.0000000 0.6157354 0.3999739 0.0958750 0.0845966 0.0845966 0.1073256 0.0845966 0.1549607 0.1427653 
t12        0.5716050 0.6157354 0.3999739 0.4714565 0.3666350 0.3831192 0.7945437 0.4904449 0.4714565 0.6388142 0.6157354 0.0000000 0.3192509 0.6626257 0.6388142 0.6388142 0.6388142 0.6157354 0.6388142 0.6626257 
t8         0.2058276 0.3505054 0.2058276 0.2191023 0.1073256 0.1427653 0.4714565 0.2058276 0.2058276 0.4172160 0.3999739 0.3192509 0.0000000 0.3831192 0.3505054 0.3505054 0.3505054 0.3505054 0.4172160 0.3999739 
t6         0.2603971 0.0625362 0.3040988 0.3666350 0.3347153 0.3347153 0.1673577 0.2603971 0.2463781 0.1073256 0.0958750 0.6626257 0.3831192 0.0000000 0.0411062 0.0411062 0.0625362 0.0411062 0.1549607 0.1427653 
t11        0.2058276 0.0411062 0.2746833 0.3347153 0.3192509 0.3192509 0.1189538 0.2326162 0.2191023 0.0958750 0.0845966 0.6388142 0.3505054 0.0411062 0.0000000 0.0202715 0.0411062 0.0202715 0.1307650 0.1189538 
t10        0.2191023 0.0411062 0.2746833 0.3347153 0.3192509 0.3192509 0.1427653 0.2326162 0.2191023 0.0958750 0.0845966 0.6388142 0.3505054 0.0411062 0.0202715 0.0000000 0.0411062 0.0202715 0.1307650 0.1189538 
t13        0.2463781 0.0625362 0.2746833 0.3192509 0.3347153 0.3347153 0.1673577 0.2463781 0.2326162 0.1189538 0.1073256 0.6388142 0.3505054 0.0625362 0.0411062 0.0411062 0.0000000 0.0202715 0.1549607 0.1427653 
t4         0.2191023 0.0411062 0.2603971 0.3040988 0.3040988 0.3040988 0.1427653 0.2191023 0.2058276 0.0958750 0.0845966 0.6157354 0.3505054 0.0411062 0.0202715 0.0202715 0.0202715 0.0000000 0.1307650 0.1189538 
t20        0.2892469 0.1189538 0.3347153 0.3831192 0.3666350 0.3666350 0.2326162 0.2892469 0.2746833 0.1673577 0.1549607 0.6388142 0.4172160 0.1549607 0.1307650 0.1307650 0.1549607 0.1307650 0.0000000 0.0100673 
t3         0.2746833 0.1073256 0.3192509 0.3666350 0.3505054 0.3505054 0.2191023 0.2746833 0.2603971 0.1549607 0.1427653 0.6626257 0.3999739 0.1427653 0.1189538 0.1189538 0.1427653 0.1189538 0.0100673 0.0000000 
