20
t12        0.0000000 1.1586745 9.0000000 0.8864954 0.8239592 0.9913169 2.4141569 2.0310377 9.0000000 0.8239592 9.0000000 3.2381161 1.2588231 1.3744361 0.9198342 0.9198342 9.0000000 3.2381161 1.4396946 1.5901977 
t20        1.1586745 0.0000000 9.0000000 1.5901977 1.7786835 0.8864954 2.0310377 2.1983953 1.3744361 0.7945437 1.5901977 2.0310377 1.5111773 1.2070784 0.9198342 0.7945437 9.0000000 3.2381161 1.5111773 1.5901977 
t17        9.0000000 9.0000000 0.0000000 2.7182557 3.2381161 1.8942965 1.5111773 1.5111773 9.0000000 2.4141569 9.0000000 9.0000000 2.4141569 9.0000000 2.4141569 2.7182557 1.8942965 9.0000000 2.7182557 2.7182557 
t2         0.8864954 1.5901977 2.7182557 0.0000000 0.3666350 0.9547243 2.4141569 1.4396946 1.2070784 0.7945437 2.4141569 2.1983953 1.2070784 0.9913169 0.8545757 0.8239592 1.8942965 2.4141569 1.1586745 1.1132061 
t8         0.8239592 1.7786835 3.2381161 0.3666350 0.0000000 0.9547243 3.2381161 1.6785349 1.5111773 0.8864954 9.0000000 3.2381161 1.3744361 1.3744361 1.0297869 1.0297869 2.4141569 2.7182557 1.5111773 1.4396946 
t5         0.9913169 0.8864954 1.8942965 0.9547243 0.9547243 0.0000000 1.0703373 0.7945437 2.1983953 0.3505054 2.1983953 3.2381161 1.7786835 1.7786835 0.5716050 0.5504769 1.6785349 2.0310377 1.7786835 1.8942965 
t13        2.4141569 2.0310377 1.5111773 2.4141569 3.2381161 1.0703373 0.0000000 2.0310377 2.1983953 1.0297869 2.1983953 2.4141569 2.0310377 9.0000000 1.3144041 1.5111773 2.1983953 2.4141569 9.0000000 9.0000000 
t10        2.0310377 2.1983953 1.5111773 1.4396946 1.6785349 0.7945437 2.0310377 0.0000000 9.0000000 1.2070784 1.3744361 1.7786835 9.0000000 9.0000000 1.8942965 1.7786835 2.0310377 1.5901977 9.0000000 9.0000000 
t6         9.0000000 1.3744361 9.0000000 1.2070784 1.5111773 2.1983953 2.1983953 9.0000000 0.0000000 1.8942965 2.0310377 1.5901977 1.7786835 1.2070784 2.4141569 2.7182557 1.3744361 1.5111773 1.8942965 1.8942965 
t11        0.8239592 0.7945437 2.4141569 0.7945437 0.8864954 0.3505054 1.0297869 1.2070784 1.8942965 0.0000000 1.5901977 1.8942965 1.6785349 1.3144041 0.3831192 0.3666350 1.8942965 2.4141569 1.4396946 1.3144041 
t15        9.0000000 1.5901977 9.0000000 2.4141569 9.0000000 2.1983953 2.1983953 1.3744361 2.0310377 1.5901977 0.0000000 0.2058276 2.7182557 9.0000000 1.5901977 1.7786835 2.7182557 2.0310377 9.0000000 9.0000000 
t14        3.2381161 2.0310377 9.0000000 2.1983953 3.2381161 3.2381161 2.4141569 1.7786835 1.5901977 1.8942965 0.2058276 0.0000000 9.0000000 9.0000000 2.4141569 2.4141569 2.1983953 2.0310377 3.2381161 9.0000000 
t16        1.2588231 1.5111773 2.4141569 1.2070784 1.3744361 1.7786835 2.0310377 9.0000000 1.7786835 1.6785349 2.7182557 9.0000000 0.0000000 0.5504769 1.3144041 1.4396946 9.0000000 9.0000000 0.7126442 0.6626257 
t9         1.3744361 1.2070784 9.0000000 0.9913169 1.3744361 1.7786835 9.0000000 9.0000000 1.2070784 1.3144041 9.0000000 9.0000000 0.5504769 0.0000000 1.3744361 1.3744361 3.2381161 9.0000000 0.2191023 0.1673577 
t18        0.9198342 0.9198342 2.4141569 0.8545757 1.0297869 0.5716050 1.3144041 1.8942965 2.4141569 0.3831192 1.5901977 2.4141569 1.3144041 1.3744361 0.0000000 0.1073256 2.7182557 2.1983953 1.6785349 1.5901977 
t1         0.9198342 0.7945437 2.7182557 0.8239592 1.0297869 0.5504769 1.5111773 1.7786835 2.7182557 0.3666350 1.7786835 2.4141569 1.4396946 1.3744361 0.1073256 0.0000000 2.7182557 2.4141569 1.7786835 1.7786835 
t4         9.0000000 9.0000000 1.8942965 1.8942965 2.4141569 1.6785349 2.1983953 2.0310377 1.3744361 1.8942965 2.7182557 2.1983953 9.0000000 3.2381161 2.7182557 2.7182557 0.0000000 0.1799630 9.0000000 9.0000000 
t7         3.2381161 3.2381161 9.0000000 2.4141569 2.7182557 2.0310377 2.4141569 1.5901977 1.5111773 2.4141569 2.0310377 2.0310377 9.0000000 9.0000000 2.1983953 2.4141569 0.1799630 0.0000000 9.0000000 9.0000000 
t3         1.4396946 1.5111773 2.7182557 1.1586745 1.5111773 1.7786835 9.0000000 9.0000000 1.8942965 1.4396946 9.0000000 3.2381161 0.7126442 0.2191023 1.6785349 1.7786835 9.0000000 9.0000000 0.0000000 0.1073256 
t19        1.5901977 1.5901977 2.7182557 1.1132061 1.4396946 1.8942965 9.0000000 9.0000000 1.8942965 1.3144041 9.0000000 9.0000000 0.6626257 0.1673577 1.5901977 1.7786835 9.0000000 9.0000000 0.1073256 0.0000000 
