20
t4         0.0000000 0.4172160 0.5716050 0.8545757 0.8239592 0.3505054 0.7126442 0.4172160 0.5504769 0.4904449 0.4714565 0.9547243 0.8864954 0.4904449 0.5933457 0.5716050 0.7389627 0.7662384 0.5099265 0.5504769 
t20        0.4172160 0.0000000 0.3192509 0.9913169 0.7662384 0.2463781 0.5716050 0.2603971 0.4529370 0.2892469 0.2892469 0.9913169 0.7945437 0.4172160 0.4348639 0.4172160 0.4529370 0.4714565 0.2603971 0.2603971 
t10        0.5716050 0.3192509 0.0000000 0.9547243 1.0297869 0.4529370 0.5099265 0.3192509 0.6157354 0.3347153 0.3999739 1.6785349 1.2070784 0.5299277 0.5504769 0.5299277 0.5716050 0.5933457 0.2191023 0.2191023 
t3         0.8545757 0.9913169 0.9547243 0.0000000 1.2588231 0.8545757 1.2070784 1.2070784 1.7786835 1.2070784 1.5111773 2.4141569 1.6785349 1.6785349 2.1983953 2.0310377 1.2588231 1.3144041 0.9198342 0.9913169 
t1         0.8239592 0.7662384 1.0297869 1.2588231 0.0000000 0.6157354 1.2070784 0.8239592 1.1132061 0.9198342 0.8864954 1.6785349 1.2588231 0.9547243 1.1586745 1.0703373 1.0703373 1.1132061 0.7945437 0.8239592 
t15        0.3505054 0.2463781 0.4529370 0.8545757 0.6157354 0.0000000 0.5933457 0.3040988 0.5504769 0.3666350 0.3505054 0.9198342 0.7389627 0.4529370 0.5504769 0.5299277 0.5716050 0.5933457 0.3192509 0.3347153 
t18        0.7126442 0.5716050 0.5099265 1.2070784 1.2070784 0.5933457 0.0000000 0.6157354 0.7389627 0.5504769 0.6388142 1.3744361 1.1586745 0.7126442 0.7945437 0.7662384 0.9198342 0.9547243 0.3666350 0.3831192 
t16        0.4172160 0.2603971 0.3192509 1.2070784 0.8239592 0.3040988 0.6157354 0.0000000 0.4172160 0.2463781 0.2326162 1.0297869 0.9198342 0.4172160 0.3999739 0.3831192 0.4714565 0.4904449 0.3040988 0.3040988 
t14        0.5504769 0.4529370 0.6157354 1.7786835 1.1132061 0.5504769 0.7389627 0.4172160 0.0000000 0.4529370 0.3831192 1.4396946 1.1586745 0.5716050 0.4904449 0.4904449 0.5299277 0.5504769 0.5716050 0.5504769 
t6         0.4904449 0.2892469 0.3347153 1.2070784 0.9198342 0.3666350 0.5504769 0.2463781 0.4529370 0.0000000 0.1307650 1.2588231 0.9913169 0.3040988 0.3040988 0.2603971 0.3999739 0.4172160 0.3192509 0.3192509 
t12        0.4714565 0.2892469 0.3999739 1.5111773 0.8864954 0.3505054 0.6388142 0.2326162 0.3831192 0.1307650 0.0000000 1.2588231 1.0703373 0.2746833 0.2463781 0.2058276 0.3505054 0.3666350 0.3666350 0.3666350 
t19        0.9547243 0.9913169 1.6785349 2.4141569 1.6785349 0.9198342 1.3744361 1.0297869 1.4396946 1.2588231 1.2588231 0.0000000 0.2746833 1.2588231 1.4396946 1.5111773 1.4396946 1.5111773 1.1132061 1.2070784 
t2         0.8864954 0.7945437 1.2070784 1.6785349 1.2588231 0.7389627 1.1586745 0.9198342 1.1586745 0.9913169 1.0703373 0.2746833 0.0000000 1.0297869 1.2070784 1.2588231 1.2588231 1.3144041 0.9547243 0.9547243 
t8         0.4904449 0.4172160 0.5299277 1.6785349 0.9547243 0.4529370 0.7126442 0.4172160 0.5716050 0.3040988 0.2746833 1.2588231 1.0297869 0.0000000 0.2191023 0.2058276 0.5099265 0.5299277 0.4714565 0.4714565 
t9         0.5933457 0.4348639 0.5504769 2.1983953 1.1586745 0.5504769 0.7945437 0.3999739 0.4904449 0.3040988 0.2463781 1.4396946 1.2070784 0.2191023 0.0000000 0.0306165 0.4904449 0.4714565 0.4904449 0.4714565 
t17        0.5716050 0.4172160 0.5299277 2.0310377 1.0703373 0.5299277 0.7662384 0.3831192 0.4904449 0.2603971 0.2058276 1.5111773 1.2588231 0.2058276 0.0306165 0.0000000 0.4714565 0.4529370 0.4714565 0.4714565 
t7         0.7389627 0.4529370 0.5716050 1.2588231 1.0703373 0.5716050 0.9198342 0.4714565 0.5299277 0.3999739 0.3505054 1.4396946 1.2588231 0.5099265 0.4904449 0.4714565 0.0000000 0.0100673 0.5716050 0.5716050 
t13        0.7662384 0.4714565 0.5933457 1.3144041 1.1132061 0.5933457 0.9547243 0.4904449 0.5504769 0.4172160 0.3666350 1.5111773 1.3144041 0.5299277 0.4714565 0.4529370 0.0100673 0.0000000 0.5933457 0.5933457 
t11        0.5099265 0.2603971 0.2191023 0.9198342 0.7945437 0.3192509 0.3666350 0.3040988 0.5716050 0.3192509 0.3666350 1.1132061 0.9547243 0.4714565 0.4904449 0.4714565 0.5716050 0.5933457 0.0000000 0.0202715 
t5         0.5504769 0.2603971 0.2191023 0.9913169 0.8239592 0.3347153 0.3831192 0.3040988 0.5504769 0.3192509 0.3666350 1.2070784 0.9547243 0.4714565 0.4714565 0.4714565 0.5716050 0.5933457 0.0202715 0.0000000 
