20
t20        0.0000000 1.5901977 2.7182557 1.8942965 1.8942965 2.4141569 1.6785349 2.4141569 1.8942965 1.2588231 1.7786835 9.0000000 1.5111773 1.7786835 3.2381161 3.2381161 1.8942965 2.0310377 1.7786835 2.0310377 
t10        1.5901977 0.0000000 1.5111773 0.9913169 0.9913169 1.5901977 1.3744361 1.7786835 1.0703373 1.5901977 1.8942965 2.0310377 1.7786835 1.4396946 1.7786835 1.7786835 1.5111773 1.2070784 3.2381161 3.2381161 
t13        2.7182557 1.5111773 0.0000000 1.5111773 1.6785349 9.0000000 2.4141569 9.0000000 1.3144041 1.2588231 2.7182557 1.6785349 1.3144041 1.4396946 1.8942965 2.0310377 1.1132061 1.1132061 2.1983953 2.4141569 
t3         1.8942965 0.9913169 1.5111773 0.0000000 0.7389627 1.7786835 1.8942965 1.3744361 1.3744361 1.5901977 2.4141569 1.6785349 1.5901977 1.8942965 2.0310377 3.2381161 1.8942965 1.7786835 1.8942965 2.0310377 
t6         1.8942965 0.9913169 1.6785349 0.7389627 0.0000000 1.8942965 1.5111773 1.5111773 1.5111773 1.1132061 2.0310377 1.2588231 1.3144041 1.8942965 9.0000000 2.4141569 1.3744361 1.3744361 1.7786835 2.0310377 
t7         2.4141569 1.5901977 9.0000000 1.7786835 1.8942965 0.0000000 9.0000000 2.0310377 1.8942965 1.8942965 0.9198342 9.0000000 2.1983953 1.5111773 1.5901977 1.5111773 2.7182557 2.0310377 1.1586745 1.0703373 
t9         1.6785349 1.3744361 2.4141569 1.8942965 1.5111773 9.0000000 0.0000000 1.1586745 2.0310377 1.7786835 1.7786835 9.0000000 2.0310377 3.2381161 1.7786835 1.6785349 2.1983953 2.0310377 9.0000000 2.7182557 
t1         2.4141569 1.7786835 9.0000000 1.3744361 1.5111773 2.0310377 1.1586745 0.0000000 2.1983953 1.7786835 1.6785349 2.7182557 1.6785349 2.4141569 1.3744361 1.7786835 1.7786835 1.8942965 2.0310377 1.7786835 
t2         1.8942965 1.0703373 1.3144041 1.3744361 1.5111773 1.8942965 2.0310377 2.1983953 0.0000000 1.3744361 2.1983953 1.3144041 1.3744361 0.4529370 0.8239592 0.7945437 0.4714565 0.3192509 9.0000000 9.0000000 
t4         1.2588231 1.5901977 1.2588231 1.5901977 1.1132061 1.8942965 1.7786835 1.7786835 1.3744361 0.0000000 1.7786835 0.7662384 0.5933457 1.8942965 1.3744361 1.3144041 1.2588231 1.1586745 1.3744361 1.3144041 
t14        1.7786835 1.8942965 2.7182557 2.4141569 2.0310377 0.9198342 1.7786835 1.6785349 2.1983953 1.7786835 0.0000000 1.8942965 1.8942965 2.4141569 1.7786835 1.5901977 1.5901977 1.8942965 0.6388142 0.6157354 
t5         9.0000000 2.0310377 1.6785349 1.6785349 1.2588231 9.0000000 9.0000000 2.7182557 1.3144041 0.7662384 1.8942965 0.0000000 0.5299277 1.5111773 1.6785349 1.5111773 1.3144041 1.0703373 3.2381161 2.4141569 
t19        1.5111773 1.7786835 1.3144041 1.5901977 1.3144041 2.1983953 2.0310377 1.6785349 1.3744361 0.5933457 1.8942965 0.5299277 0.0000000 1.3744361 1.5901977 1.7786835 1.4396946 1.2070784 1.7786835 1.5901977 
t8         1.7786835 1.4396946 1.4396946 1.8942965 1.8942965 1.5111773 3.2381161 2.4141569 0.4529370 1.8942965 2.4141569 1.5111773 1.3744361 0.0000000 0.7389627 0.7389627 0.3040988 0.2191023 9.0000000 9.0000000 
t12        3.2381161 1.7786835 1.8942965 2.0310377 9.0000000 1.5901977 1.7786835 1.3744361 0.8239592 1.3744361 1.7786835 1.6785349 1.5901977 0.7389627 0.0000000 0.1673577 0.8239592 0.6388142 9.0000000 9.0000000 
t17        3.2381161 1.7786835 2.0310377 3.2381161 2.4141569 1.5111773 1.6785349 1.7786835 0.7945437 1.3144041 1.5901977 1.5111773 1.7786835 0.7389627 0.1673577 0.0000000 0.7945437 0.6388142 9.0000000 9.0000000 
t15        1.8942965 1.5111773 1.1132061 1.8942965 1.3744361 2.7182557 2.1983953 1.7786835 0.4714565 1.2588231 1.5901977 1.3144041 1.4396946 0.3040988 0.8239592 0.7945437 0.0000000 0.1073256 9.0000000 9.0000000 
t16        2.0310377 1.2070784 1.1132061 1.7786835 1.3744361 2.0310377 2.0310377 1.8942965 0.3192509 1.1586745 1.8942965 1.0703373 1.2070784 0.2191023 0.6388142 0.6388142 0.1073256 0.0000000 9.0000000 9.0000000 
t11        1.7786835 3.2381161 2.1983953 1.8942965 1.7786835 1.1586745 9.0000000 2.0310377 9.0000000 1.3744361 0.6388142 3.2381161 1.7786835 9.0000000 9.0000000 9.0000000 9.0000000 9.0000000 0.0000000 0.0845966 
t18        2.0310377 3.2381161 2.4141569 2.0310377 2.0310377 1.0703373 2.7182557 1.7786835 9.0000000 1.3144041 0.6157354 2.4141569 1.5901977 9.0000000 9.0000000 9.0000000 9.0000000 9.0000000 0.0845966 0.0000000 
