20
t10        0.0000000 0.1927838 0.2058276 0.2746833 1.0703373 0.7126442 0.3831192 0.4529370 0.5716050 0.3040988 0.2746833 0.7126442 0.8545757 0.5299277 0.5299277 0.5299277 0.4904449 0.5099265 0.5099265 0.5099265 
t7         0.1927838 0.0000000 0.1549607 0.1673577 0.7945437 0.7389627 0.3040988 0.4172160 0.4714565 0.2326162 0.1673577 0.6872180 0.6872180 0.3666350 0.4714565 0.4714565 0.4714565 0.4714565 0.3505054 0.3505054 
t14        0.2058276 0.1549607 0.0000000 0.1673577 0.9198342 0.7389627 0.1927838 0.2892469 0.4348639 0.2746833 0.2191023 0.6388142 0.7389627 0.4172160 0.3999739 0.3999739 0.3505054 0.3666350 0.3999739 0.3999739 
t16        0.2746833 0.1673577 0.1673577 0.0000000 0.8239592 0.6872180 0.2892469 0.3999739 0.5099265 0.2463781 0.2191023 0.8545757 0.8864954 0.3831192 0.4714565 0.4714565 0.4348639 0.4529370 0.3347153 0.3347153 
t18        1.0703373 0.7945437 0.9198342 0.8239592 0.0000000 1.2588231 1.2588231 1.1132061 1.4396946 1.1132061 0.9913169 1.5901977 1.3744361 1.2588231 1.3744361 1.4396946 1.0297869 1.3144041 1.0703373 1.0703373 
t15        0.7126442 0.7389627 0.7389627 0.6872180 1.2588231 0.0000000 0.9913169 1.2070784 1.2070784 0.7662384 0.7945437 1.6785349 1.4396946 1.0703373 1.2588231 1.2588231 1.1586745 1.1132061 1.1586745 1.1586745 
t17        0.3831192 0.3040988 0.1927838 0.2892469 1.2588231 0.9913169 0.0000000 0.2058276 0.5099265 0.3505054 0.3192509 0.7945437 0.8545757 0.4172160 0.4714565 0.4714565 0.3040988 0.2463781 0.4348639 0.4348639 
t9         0.4529370 0.4172160 0.2892469 0.3999739 1.1132061 1.2070784 0.2058276 0.0000000 0.6388142 0.4172160 0.3831192 0.8864954 0.9547243 0.4529370 0.5933457 0.5716050 0.1799630 0.1673577 0.4714565 0.4714565 
t11        0.5716050 0.4714565 0.4348639 0.5099265 1.4396946 1.2070784 0.5099265 0.6388142 0.0000000 0.5933457 0.5504769 0.5299277 0.7126442 0.6626257 0.0517447 0.0517447 0.7389627 0.7389627 0.5933457 0.5933457 
t19        0.3040988 0.2326162 0.2746833 0.2463781 1.1132061 0.7662384 0.3505054 0.4172160 0.5933457 0.0000000 0.1189538 0.7945437 1.0297869 0.3666350 0.5504769 0.5299277 0.5299277 0.5299277 0.3505054 0.3505054 
t8         0.2746833 0.1673577 0.2191023 0.2191023 0.9913169 0.7945437 0.3192509 0.3831192 0.5504769 0.1189538 0.0000000 0.7389627 0.8239592 0.3505054 0.5099265 0.5099265 0.4529370 0.4529370 0.3347153 0.3347153 
t13        0.7126442 0.6872180 0.6388142 0.8545757 1.5901977 1.6785349 0.7945437 0.8864954 0.5299277 0.7945437 0.7389627 0.0000000 0.3192509 0.9198342 0.5099265 0.4714565 1.1586745 1.2588231 0.9547243 0.9547243 
t1         0.8545757 0.6872180 0.7389627 0.8864954 1.3744361 1.4396946 0.8545757 0.9547243 0.7126442 1.0297869 0.8239592 0.3192509 0.0000000 1.0297869 0.7389627 0.6872180 1.0703373 1.0703373 1.0297869 1.0297869 
t4         0.5299277 0.3666350 0.4172160 0.3831192 1.2588231 1.0703373 0.4172160 0.4529370 0.6626257 0.3666350 0.3505054 0.9198342 1.0297869 0.0000000 0.6626257 0.6388142 0.5716050 0.5504769 0.0734853 0.0734853 
t3         0.5299277 0.4714565 0.3999739 0.4714565 1.3744361 1.2588231 0.4714565 0.5933457 0.0517447 0.5504769 0.5099265 0.5099265 0.7389627 0.6626257 0.0000000 0.0202715 0.6872180 0.6872180 0.5933457 0.5933457 
t6         0.5299277 0.4714565 0.3999739 0.4714565 1.4396946 1.2588231 0.4714565 0.5716050 0.0517447 0.5299277 0.5099265 0.4714565 0.6872180 0.6388142 0.0202715 0.0000000 0.6872180 0.6872180 0.5716050 0.5716050 
t2         0.4904449 0.4714565 0.3505054 0.4348639 1.0297869 1.1586745 0.3040988 0.1799630 0.7389627 0.5299277 0.4529370 1.1586745 1.0703373 0.5716050 0.6872180 0.6872180 0.0000000 0.1073256 0.5933457 0.5933457 
t5         0.5099265 0.4714565 0.3666350 0.4529370 1.3144041 1.1132061 0.2463781 0.1673577 0.7389627 0.5299277 0.4529370 1.2588231 1.0703373 0.5504769 0.6872180 0.6872180 0.1073256 0.0000000 0.5716050 0.5716050 
t20        0.5099265 0.3505054 0.3999739 0.3347153 1.0703373 1.1586745 0.4348639 0.4714565 0.5933457 0.3505054 0.3347153 0.9547243 1.0297869 0.0734853 0.5933457 0.5716050 0.5933457 0.5716050 0.0000000 0.0000010 
t12        0.5099265 0.3505054 0.3999739 0.3347153 1.0703373 1.1586745 0.4348639 0.4714565 0.5933457 0.3505054 0.3347153 0.9547243 1.0297869 0.0734853 0.5933457 0.5716050 0.5933457 0.5716050 0.0000010 0.0000000 
