20
t15        0.0000000 0.9913169 1.3744361 1.3144041 1.1132061 1.8942965 1.2070784 1.0703373 1.3144041 1.2588231 1.3144041 1.2588231 1.1132061 0.9913169 1.2588231 1.5901977 0.8239592 0.7945437 0.7945437 0.7389627 
t2         0.9913169 0.0000000 2.0310377 1.5901977 1.3144041 2.4141569 1.3144041 1.3744361 1.6785349 1.4396946 1.5111773 1.0297869 1.0297869 2.7182557 1.2588231 1.2070784 1.3144041 1.3744361 1.8942965 1.8942965 
t19        1.3744361 2.0310377 0.0000000 1.3744361 1.1586745 1.6785349 1.4396946 1.5111773 1.6785349 1.2070784 1.3144041 1.5111773 1.3144041 1.5111773 1.5901977 1.5111773 1.0297869 0.9913169 1.3744361 1.3144041 
t13        1.3144041 1.5901977 1.3744361 0.0000000 1.2588231 1.2070784 1.2588231 1.2070784 1.0703373 1.5111773 1.4396946 1.3144041 1.1586745 0.9913169 1.3144041 1.6785349 0.9198342 0.8864954 1.1132061 0.9913169 
t11        1.1132061 1.3144041 1.1586745 1.2588231 0.0000000 1.4396946 1.0703373 1.2588231 1.5901977 0.9547243 1.1132061 0.5504769 0.5716050 1.0297869 0.6157354 0.6872180 0.8545757 0.8545757 1.0297869 0.9913169 
t20        1.8942965 2.4141569 1.6785349 1.2070784 1.4396946 0.0000000 1.3144041 2.0310377 0.5099265 0.6626257 0.5099265 1.5111773 1.3144041 1.5901977 1.5901977 2.0310377 1.2070784 1.4396946 1.7786835 2.0310377 
t12        1.2070784 1.3144041 1.4396946 1.2588231 1.0703373 1.3144041 0.0000000 0.5933457 1.4396946 1.3144041 1.3744361 0.8239592 0.9198342 1.1586745 0.8239592 0.9198342 1.0703373 1.2588231 1.2588231 1.1132061 
t3         1.0703373 1.3744361 1.5111773 1.2070784 1.2588231 2.0310377 0.5933457 0.0000000 1.3744361 1.5111773 1.5111773 0.7945437 1.0703373 0.9913169 1.0703373 1.2070784 1.3744361 1.5111773 0.7945437 0.7662384 
t1         1.3144041 1.6785349 1.6785349 1.0703373 1.5901977 0.5099265 1.4396946 1.3744361 0.0000000 0.5933457 0.4348639 1.5901977 1.5111773 1.6785349 1.2070784 1.4396946 1.0297869 1.2588231 1.3744361 1.5111773 
t7         1.2588231 1.4396946 1.2070784 1.5111773 0.9547243 0.6626257 1.3144041 1.5111773 0.5933457 0.0000000 0.3999739 1.2588231 0.8239592 1.2070784 1.0703373 1.1132061 1.0703373 1.0703373 1.1586745 1.2588231 
t8         1.3144041 1.5111773 1.3144041 1.4396946 1.1132061 0.5099265 1.3744361 1.5111773 0.4348639 0.3999739 0.0000000 1.2588231 1.0703373 1.4396946 1.3144041 1.3144041 0.9913169 0.9913169 1.3144041 1.3144041 
t14        1.2588231 1.0297869 1.5111773 1.3144041 0.5504769 1.5111773 0.8239592 0.7945437 1.5901977 1.2588231 1.2588231 0.0000000 0.2892469 0.9913169 0.6872180 0.5933457 0.9547243 1.0297869 1.0703373 1.0703373 
t17        1.1132061 1.0297869 1.3144041 1.1586745 0.5716050 1.3144041 0.9198342 1.0703373 1.5111773 0.8239592 1.0703373 0.2892469 0.0000000 1.1132061 0.5299277 0.4714565 0.9198342 1.0297869 1.3744361 1.3144041 
t4         0.9913169 2.7182557 1.5111773 0.9913169 1.0297869 1.5901977 1.1586745 0.9913169 1.6785349 1.2070784 1.4396946 0.9913169 1.1132061 0.0000000 0.8239592 1.0297869 0.9547243 0.9547243 0.2191023 0.2058276 
t5         1.2588231 1.2588231 1.5901977 1.3144041 0.6157354 1.5901977 0.8239592 1.0703373 1.2070784 1.0703373 1.3144041 0.6872180 0.5299277 0.8239592 0.0000000 0.2191023 0.9198342 1.0703373 1.1132061 1.0703373 
t10        1.5901977 1.2070784 1.5111773 1.6785349 0.6872180 2.0310377 0.9198342 1.2070784 1.4396946 1.1132061 1.3144041 0.5933457 0.4714565 1.0297869 0.2191023 0.0000000 0.8545757 0.9198342 1.2070784 1.1586745 
t6         0.8239592 1.3144041 1.0297869 0.9198342 0.8545757 1.2070784 1.0703373 1.3744361 1.0297869 1.0703373 0.9913169 0.9547243 0.9198342 0.9547243 0.9198342 0.8545757 0.0000000 0.1073256 0.9913169 0.9547243 
t18        0.7945437 1.3744361 0.9913169 0.8864954 0.8545757 1.4396946 1.2588231 1.5111773 1.2588231 1.0703373 0.9913169 1.0297869 1.0297869 0.9547243 1.0703373 0.9198342 0.1073256 0.0000000 0.9547243 0.9198342 
t9         0.7945437 1.8942965 1.3744361 1.1132061 1.0297869 1.7786835 1.2588231 0.7945437 1.3744361 1.1586745 1.3144041 1.0703373 1.3744361 0.2191023 1.1132061 1.2070784 0.9913169 0.9547243 0.0000000 0.0306165 
t16        0.7389627 1.8942965 1.3144041 0.9913169 0.9913169 2.0310377 1.1132061 0.7662384 1.5111773 1.2588231 1.3144041 1.0703373 1.3144041 0.2058276 1.0703373 1.1586745 0.9547243 0.9198342 0.0306165 0.0000000 
