20
t6         0.0000000 2.4141569 1.2588231 0.9913169 0.7945437 0.9198342 1.0297869 1.0297869 1.2070784 1.0703373 1.1586745 1.3744361 1.4396946 1.4396946 0.8545757 0.9547243 1.0297869 1.0297869 1.1132061 1.1132061 
t14        2.4141569 0.0000000 1.3144041 1.2070784 1.1132061 1.3144041 1.3744361 1.1132061 1.2070784 1.3744361 1.2588231 1.6785349 1.5111773 1.6785349 1.4396946 1.5901977 1.2070784 1.2070784 1.5901977 1.5901977 
t20        1.2588231 1.3144041 0.0000000 0.4714565 0.5299277 0.7662384 0.7662384 0.6157354 0.5504769 0.7389627 0.7662384 0.8864954 0.8545757 0.8239592 0.6872180 0.6872180 0.7945437 0.7945437 0.7389627 0.7389627 
t18        0.9913169 1.2070784 0.4714565 0.0000000 0.1927838 0.5933457 0.4172160 0.3831192 0.3040988 0.5716050 0.5099265 0.7389627 0.6626257 0.5504769 0.4348639 0.4904449 0.5504769 0.5504769 0.4714565 0.4714565 
t5         0.7945437 1.1132061 0.5299277 0.1927838 0.0000000 0.5716050 0.4348639 0.3831192 0.3831192 0.4714565 0.4904449 0.7389627 0.6388142 0.6388142 0.4348639 0.4529370 0.5299277 0.5299277 0.4529370 0.4529370 
t2         0.9198342 1.3144041 0.7662384 0.5933457 0.5716050 0.0000000 0.6157354 0.6388142 0.6388142 0.6157354 0.6388142 0.8864954 0.7945437 0.7945437 0.4529370 0.6157354 0.7389627 0.7389627 0.6157354 0.6157354 
t7         1.0297869 1.3744361 0.7662384 0.4172160 0.4348639 0.6157354 0.0000000 0.4904449 0.4348639 0.5504769 0.5299277 0.6872180 0.6872180 0.5716050 0.4714565 0.4714565 0.5504769 0.5504769 0.4529370 0.4529370 
t1         1.0297869 1.1132061 0.6157354 0.3831192 0.3831192 0.6388142 0.4904449 0.0000000 0.2191023 0.6157354 0.4904449 0.8545757 0.6157354 0.5299277 0.4714565 0.4904449 0.6157354 0.6157354 0.4714565 0.4714565 
t8         1.2070784 1.2070784 0.5504769 0.3040988 0.3831192 0.6388142 0.4348639 0.2191023 0.0000000 0.5716050 0.4529370 0.7126442 0.6157354 0.4904449 0.4714565 0.5299277 0.5504769 0.5504769 0.4172160 0.4172160 
t9         1.0703373 1.3744361 0.7389627 0.5716050 0.4714565 0.6157354 0.5504769 0.6157354 0.5716050 0.0000000 0.2463781 0.3831192 0.3999739 0.3999739 0.3666350 0.4172160 0.5933457 0.5933457 0.2603971 0.2603971 
t11        1.1586745 1.2588231 0.7662384 0.5099265 0.4904449 0.6388142 0.5299277 0.4904449 0.4529370 0.2463781 0.0000000 0.3831192 0.3831192 0.3831192 0.3192509 0.3999739 0.5299277 0.5299277 0.2463781 0.2463781 
t10        1.3744361 1.6785349 0.8864954 0.7389627 0.7389627 0.8864954 0.6872180 0.8545757 0.7126442 0.3831192 0.3831192 0.0000000 0.5299277 0.4714565 0.5716050 0.6157354 0.7126442 0.7126442 0.3666350 0.3666350 
t15        1.4396946 1.5111773 0.8545757 0.6626257 0.6388142 0.7945437 0.6872180 0.6157354 0.6157354 0.3999739 0.3831192 0.5299277 0.0000000 0.3831192 0.3999739 0.5099265 0.6872180 0.6872180 0.2463781 0.2463781 
t17        1.4396946 1.6785349 0.8239592 0.5504769 0.6388142 0.7945437 0.5716050 0.5299277 0.4904449 0.3999739 0.3831192 0.4714565 0.3831192 0.0000000 0.3999739 0.4529370 0.7389627 0.7389627 0.1427653 0.1427653 
t16        0.8545757 1.4396946 0.6872180 0.4348639 0.4348639 0.4529370 0.4714565 0.4714565 0.4714565 0.3666350 0.3192509 0.5716050 0.3999739 0.3999739 0.0000000 0.1307650 0.5504769 0.5504769 0.2746833 0.2746833 
t3         0.9547243 1.5901977 0.6872180 0.4904449 0.4529370 0.6157354 0.4714565 0.4904449 0.5299277 0.4172160 0.3999739 0.6157354 0.5099265 0.4529370 0.1307650 0.0000000 0.6388142 0.6388142 0.3347153 0.3347153 
t13        1.0297869 1.2070784 0.7945437 0.5504769 0.5299277 0.7389627 0.5504769 0.6157354 0.5504769 0.5933457 0.5299277 0.7126442 0.6872180 0.7389627 0.5504769 0.6388142 0.0000000 0.0000010 0.5299277 0.5299277 
t4         1.0297869 1.2070784 0.7945437 0.5504769 0.5299277 0.7389627 0.5504769 0.6157354 0.5504769 0.5933457 0.5299277 0.7126442 0.6872180 0.7389627 0.5504769 0.6388142 0.0000010 0.0000000 0.5299277 0.5299277 
t19        1.1132061 1.5901977 0.7389627 0.4714565 0.4529370 0.6157354 0.4529370 0.4714565 0.4172160 0.2603971 0.2463781 0.3666350 0.2463781 0.1427653 0.2746833 0.3347153 0.5299277 0.5299277 0.0000000 0.0000010 
t12        1.1132061 1.5901977 0.7389627 0.4714565 0.4529370 0.6157354 0.4529370 0.4714565 0.4172160 0.2603971 0.2463781 0.3666350 0.2463781 0.1427653 0.2746833 0.3347153 0.5299277 0.5299277 0.0000010 0.0000000 
