20
t4         0.0000000 1.2588231 0.5716050 0.5716050 1.1132061 1.5901977 1.2588231 1.1132061 1.1586745 0.9547243 1.2070784 1.5901977 1.2070784 0.9198342 0.8864954 0.9547243 0.9547243 0.9547243 1.2588231 1.2588231 
t17        1.2588231 0.0000000 0.8239592 0.8864954 0.7389627 1.0703373 1.0703373 1.0297869 0.7662384 0.8545757 0.9198342 1.5111773 1.0297869 1.0297869 0.9547243 1.0297869 1.1132061 1.1132061 0.9913169 0.9913169 
t5         0.5716050 0.8239592 0.0000000 0.2892469 0.6626257 0.9198342 0.7945437 0.7662384 0.6388142 0.5933457 0.5933457 0.9198342 0.7945437 0.5716050 0.5299277 0.8864954 0.8864954 0.7945437 0.7945437 0.7945437 
t1         0.5716050 0.8864954 0.2892469 0.0000000 0.9198342 1.0297869 1.0703373 0.8545757 0.7126442 0.5716050 0.6626257 0.9913169 1.0297869 0.6872180 0.6157354 0.9913169 1.0703373 1.0297869 1.0297869 1.0297869 
t10        1.1132061 0.7389627 0.6626257 0.9198342 0.0000000 0.4348639 0.6872180 0.5099265 0.7126442 0.7389627 0.3347153 0.5504769 0.5716050 0.7662384 0.8239592 0.5099265 0.5099265 0.4714565 0.4529370 0.4529370 
t18        1.5901977 1.0703373 0.9198342 1.0297869 0.4348639 0.0000000 1.3144041 0.9198342 0.9547243 0.9547243 0.7389627 0.8864954 1.0297869 1.2588231 1.3144041 0.9913169 0.9198342 0.8864954 0.8545757 0.8545757 
t6         1.2588231 1.0703373 0.7945437 1.0703373 0.6872180 1.3144041 0.0000000 0.3505054 0.8545757 0.7945437 0.5933457 0.8239592 0.5933457 0.9198342 0.9547243 0.2746833 0.3347153 0.2746833 0.4904449 0.4904449 
t14        1.1132061 1.0297869 0.7662384 0.8545757 0.5099265 0.9198342 0.3505054 0.0000000 0.6872180 0.6388142 0.5099265 0.7945437 0.4714565 0.8239592 0.8239592 0.2058276 0.2326162 0.1927838 0.3831192 0.3831192 
t15        1.1586745 0.7662384 0.6388142 0.7126442 0.7126442 0.9547243 0.8545757 0.6872180 0.0000000 0.1549607 0.7662384 0.8864954 0.7945437 0.6157354 0.6157354 0.8239592 0.8864954 0.8239592 0.7389627 0.7389627 
t16        0.9547243 0.8545757 0.5933457 0.5716050 0.7389627 0.9547243 0.7945437 0.6388142 0.1549607 0.0000000 0.7126442 0.7662384 0.7662384 0.5933457 0.5933457 0.8239592 0.8864954 0.7945437 0.7126442 0.7126442 
t7         1.2070784 0.9198342 0.5933457 0.6626257 0.3347153 0.7389627 0.5933457 0.5099265 0.7662384 0.7126442 0.0000000 0.3040988 0.5299277 0.6872180 0.7126442 0.4904449 0.5299277 0.4529370 0.3999739 0.3999739 
t8         1.5901977 1.5111773 0.9198342 0.9913169 0.5504769 0.8864954 0.8239592 0.7945437 0.8864954 0.7662384 0.3040988 0.0000000 0.7945437 0.7945437 0.8239592 0.7662384 0.7662384 0.7126442 0.6157354 0.6157354 
t9         1.2070784 1.0297869 0.7945437 1.0297869 0.5716050 1.0297869 0.5933457 0.4714565 0.7945437 0.7662384 0.5299277 0.7945437 0.0000000 0.8864954 0.8864954 0.4904449 0.5504769 0.4714565 0.1073256 0.1073256 
t11        0.9198342 1.0297869 0.5716050 0.6872180 0.7662384 1.2588231 0.9198342 0.8239592 0.6157354 0.5933457 0.6872180 0.7945437 0.8864954 0.0000000 0.0625362 0.8239592 0.8239592 0.8239592 0.9198342 0.9198342 
t19        0.8864954 0.9547243 0.5299277 0.6157354 0.8239592 1.3144041 0.9547243 0.8239592 0.6157354 0.5933457 0.7126442 0.8239592 0.8864954 0.0625362 0.0000000 0.8545757 0.8545757 0.8545757 0.8864954 0.8864954 
t20        0.9547243 1.0297869 0.8864954 0.9913169 0.5099265 0.9913169 0.2746833 0.2058276 0.8239592 0.8239592 0.4904449 0.7662384 0.4904449 0.8239592 0.8545757 0.0000000 0.0517447 0.0306165 0.4172160 0.4172160 
t12        0.9547243 1.1132061 0.8864954 1.0703373 0.5099265 0.9198342 0.3347153 0.2326162 0.8864954 0.8864954 0.5299277 0.7662384 0.5504769 0.8239592 0.8545757 0.0517447 0.0000000 0.0411062 0.4714565 0.4714565 
t13        0.9547243 1.1132061 0.7945437 1.0297869 0.4714565 0.8864954 0.2746833 0.1927838 0.8239592 0.7945437 0.4529370 0.7126442 0.4714565 0.8239592 0.8545757 0.0306165 0.0411062 0.0000000 0.3999739 0.3999739 
t3         1.2588231 0.9913169 0.7945437 1.0297869 0.4529370 0.8545757 0.4904449 0.3831192 0.7389627 0.7126442 0.3999739 0.6157354 0.1073256 0.9198342 0.8864954 0.4172160 0.4714565 0.3999739 0.0000000 0.0000010 
t2         1.2588231 0.9913169 0.7945437 1.0297869 0.4529370 0.8545757 0.4904449 0.3831192 0.7389627 0.7126442 0.3999739 0.6157354 0.1073256 0.9198342 0.8864954 0.4172160 0.4714565 0.3999739 0.0000010 0.0000000 
