20
t2         0.0000000 1.7786835 0.7126442 0.9547243 0.7389627 0.2326162 0.9913169 1.3144041 0.9547243 0.8864954 1.0703373 1.3144041 0.4172160 0.3999739 0.5299277 0.3505054 0.3999739 0.4172160 0.4904449 0.4714565 
t18        1.7786835 0.0000000 2.4141569 9.0000000 1.6785349 1.4396946 9.0000000 9.0000000 1.7786835 1.5901977 9.0000000 9.0000000 1.5111773 1.5111773 2.0310377 2.7182557 1.6785349 1.7786835 1.7786835 1.6785349 
t1         0.7126442 2.4141569 0.0000000 0.6626257 1.3744361 0.8545757 0.5299277 0.9198342 1.5111773 1.4396946 1.4396946 1.3144041 0.9913169 1.0297869 1.2588231 1.0297869 0.8239592 0.8864954 0.9913169 0.9547243 
t3         0.9547243 9.0000000 0.6626257 0.0000000 1.5901977 1.1586745 0.6626257 0.7945437 1.6785349 1.5901977 1.6785349 1.3744361 1.2588231 1.2070784 1.2588231 1.0297869 1.2070784 1.1132061 1.1586745 1.1586745 
t6         0.7389627 1.6785349 1.3744361 1.5901977 0.0000000 0.6388142 1.8942965 2.4141569 0.2326162 0.1673577 0.3666350 0.5099265 0.8864954 0.9198342 0.9913169 0.7662384 0.9198342 0.9547243 0.8239592 0.8239592 
t4         0.2326162 1.4396946 0.8545757 1.1586745 0.6388142 0.0000000 1.1586745 1.3144041 0.7126442 0.7662384 0.8545757 1.1586745 0.2058276 0.2191023 0.5933457 0.3999739 0.1799630 0.1927838 0.4348639 0.3999739 
t9         0.9913169 9.0000000 0.5299277 0.6626257 1.8942965 1.1586745 0.0000000 0.5716050 2.4141569 1.5901977 1.5111773 1.6785349 1.5901977 1.5111773 1.6785349 1.4396946 1.3144041 1.2588231 1.4396946 1.5111773 
t19        1.3144041 9.0000000 0.9198342 0.7945437 2.4141569 1.3144041 0.5716050 0.0000000 2.1983953 1.7786835 1.5901977 2.0310377 1.5111773 1.5901977 1.5901977 1.3144041 1.3144041 1.2588231 1.6785349 1.5901977 
t12        0.9547243 1.7786835 1.5111773 1.6785349 0.2326162 0.7126442 2.4141569 2.1983953 0.0000000 0.2326162 0.4529370 0.6626257 0.9198342 1.0297869 1.1586745 0.9198342 0.9913169 1.0297869 0.8864954 0.8864954 
t10        0.8864954 1.5901977 1.4396946 1.5901977 0.1673577 0.7662384 1.5901977 1.7786835 0.2326162 0.0000000 0.4172160 0.6157354 0.9547243 0.9547243 1.2070784 1.0297869 1.0703373 1.0703373 0.9913169 0.9913169 
t14        1.0703373 9.0000000 1.4396946 1.6785349 0.3666350 0.8545757 1.5111773 1.5901977 0.4529370 0.4172160 0.0000000 0.4529370 1.1132061 1.2588231 1.3744361 1.0703373 1.1132061 1.2588231 1.0703373 1.0297869 
t20        1.3144041 9.0000000 1.3144041 1.3744361 0.5099265 1.1586745 1.6785349 2.0310377 0.6626257 0.6157354 0.4529370 0.0000000 1.5111773 1.7786835 1.3744361 1.1586745 1.2588231 1.4396946 1.2588231 1.3144041 
t7         0.4172160 1.5111773 0.9913169 1.2588231 0.8864954 0.2058276 1.5901977 1.5111773 0.9198342 0.9547243 1.1132061 1.5111773 0.0000000 0.1673577 0.6626257 0.4904449 0.2326162 0.2463781 0.6157354 0.5933457 
t15        0.3999739 1.5111773 1.0297869 1.2070784 0.9198342 0.2191023 1.5111773 1.5901977 1.0297869 0.9547243 1.2588231 1.7786835 0.1673577 0.0000000 0.6626257 0.5299277 0.2463781 0.2603971 0.6157354 0.5933457 
t13        0.5299277 2.0310377 1.2588231 1.2588231 0.9913169 0.5933457 1.6785349 1.5901977 1.1586745 1.2070784 1.3744361 1.3744361 0.6626257 0.6626257 0.0000000 0.1189538 0.7662384 0.8545757 0.7945437 0.7389627 
t5         0.3505054 2.7182557 1.0297869 1.0297869 0.7662384 0.3999739 1.4396946 1.3144041 0.9198342 1.0297869 1.0703373 1.1586745 0.4904449 0.5299277 0.1189538 0.0000000 0.5504769 0.6157354 0.5933457 0.5716050 
t8         0.3999739 1.6785349 0.8239592 1.2070784 0.9198342 0.1799630 1.3144041 1.3144041 0.9913169 1.0703373 1.1132061 1.2588231 0.2326162 0.2463781 0.7662384 0.5504769 0.0000000 0.0958750 0.6157354 0.5933457 
t16        0.4172160 1.7786835 0.8864954 1.1132061 0.9547243 0.1927838 1.2588231 1.2588231 1.0297869 1.0703373 1.2588231 1.4396946 0.2463781 0.2603971 0.8545757 0.6157354 0.0958750 0.0000000 0.5933457 0.5716050 
t17        0.4904449 1.7786835 0.9913169 1.1586745 0.8239592 0.4348639 1.4396946 1.6785349 0.8864954 0.9913169 1.0703373 1.2588231 0.6157354 0.6157354 0.7945437 0.5933457 0.6157354 0.5933457 0.0000000 0.0411062 
t11        0.4714565 1.6785349 0.9547243 1.1586745 0.8239592 0.3999739 1.5111773 1.5901977 0.8864954 0.9913169 1.0297869 1.3144041 0.5933457 0.5933457 0.7389627 0.5716050 0.5933457 0.5716050 0.0411062 0.0000000 
