20
t2         0.0000000 9.0000000 9.0000000 1.8942965 2.7182557 9.0000000 2.7182557 2.0310377 2.4141569 2.7182557 2.0310377 9.0000000 2.7182557 3.2381161 9.0000000 9.0000000 1.8942965 2.0310377 9.0000000 9.0000000 
t6         9.0000000 0.0000000 0.9198342 1.5111773 1.2070784 2.7182557 1.8942965 1.2588231 1.7786835 1.6785349 1.1132061 1.3144041 1.5111773 1.1586745 2.7182557 9.0000000 1.6785349 1.5901977 1.5111773 1.5111773 
t16        9.0000000 0.9198342 0.0000000 1.8942965 0.5933457 1.3144041 1.7786835 0.6388142 1.3144041 1.3144041 0.7945437 0.8545757 1.4396946 1.3144041 2.0310377 2.7182557 1.1586745 1.1132061 1.2588231 1.2588231 
t12        1.8942965 1.5111773 1.8942965 0.0000000 2.1983953 1.5111773 1.5111773 3.2381161 1.3744361 1.3744361 1.6785349 1.7786835 3.2381161 2.0310377 2.1983953 3.2381161 9.0000000 9.0000000 1.5901977 1.5901977 
t1         2.7182557 1.2070784 0.5933457 2.1983953 0.0000000 1.3144041 1.5111773 0.1673577 1.2070784 1.3144041 0.5099265 0.3505054 1.4396946 1.1132061 1.8942965 2.4141569 0.8239592 0.7945437 1.2588231 1.2588231 
t9         9.0000000 2.7182557 1.3144041 1.5111773 1.3144041 0.0000000 0.4714565 1.3144041 0.7389627 0.7389627 1.8942965 1.3744361 1.3744361 1.2588231 1.3744361 1.4396946 1.8942965 1.7786835 0.8545757 0.8545757 
t4         2.7182557 1.8942965 1.7786835 1.5111773 1.5111773 0.4714565 0.0000000 1.5111773 1.0703373 1.1132061 3.2381161 1.5901977 1.7786835 1.5111773 1.4396946 1.5111773 9.0000000 9.0000000 0.8239592 0.8239592 
t17        2.0310377 1.2588231 0.6388142 3.2381161 0.1673577 1.3144041 1.5111773 0.0000000 1.3144041 1.4396946 0.4529370 0.3666350 1.4396946 1.1586745 2.1983953 2.7182557 0.6388142 0.6626257 1.4396946 1.4396946 
t7         2.4141569 1.7786835 1.3144041 1.3744361 1.2070784 0.7389627 1.0703373 1.3144041 0.0000000 0.0306165 2.1983953 1.3744361 1.4396946 1.4396946 0.8545757 0.8239592 1.8942965 1.7786835 0.4904449 0.4904449 
t10        2.7182557 1.6785349 1.3144041 1.3744361 1.3144041 0.7389627 1.1132061 1.4396946 0.0306165 0.0000000 2.4141569 1.4396946 1.3744361 1.5111773 0.8864954 0.8239592 2.0310377 1.8942965 0.5299277 0.5299277 
t14        2.0310377 1.1132061 0.7945437 1.6785349 0.5099265 1.8942965 3.2381161 0.4529370 2.1983953 2.4141569 0.0000000 0.6626257 1.7786835 1.5901977 9.0000000 9.0000000 1.0297869 0.9547243 9.0000000 9.0000000 
t20        9.0000000 1.3144041 0.8545757 1.7786835 0.3505054 1.3744361 1.5901977 0.3666350 1.3744361 1.4396946 0.6626257 0.0000000 1.1586745 0.9547243 1.7786835 2.7182557 0.9198342 0.8545757 1.5901977 1.5901977 
t11        2.7182557 1.5111773 1.4396946 3.2381161 1.4396946 1.3744361 1.7786835 1.4396946 1.4396946 1.3744361 1.7786835 1.1586745 0.0000000 0.3040988 1.5901977 1.8942965 1.8942965 2.1983953 1.1586745 1.1586745 
t5         3.2381161 1.1586745 1.3144041 2.0310377 1.1132061 1.2588231 1.5111773 1.1586745 1.4396946 1.5111773 1.5901977 0.9547243 0.3040988 0.0000000 1.5901977 2.0310377 1.5901977 1.5111773 1.1586745 1.1586745 
t8         9.0000000 2.7182557 2.0310377 2.1983953 1.8942965 1.3744361 1.4396946 2.1983953 0.8545757 0.8864954 9.0000000 1.7786835 1.5901977 1.5901977 0.0000000 0.2603971 3.2381161 3.2381161 0.8239592 0.8239592 
t13        9.0000000 9.0000000 2.7182557 3.2381161 2.4141569 1.4396946 1.5111773 2.7182557 0.8239592 0.8239592 9.0000000 2.7182557 1.8942965 2.0310377 0.2603971 0.0000000 2.4141569 3.2381161 0.7662384 0.7662384 
t15        1.8942965 1.6785349 1.1586745 9.0000000 0.8239592 1.8942965 9.0000000 0.6388142 1.8942965 2.0310377 1.0297869 0.9198342 1.8942965 1.5901977 3.2381161 2.4141569 0.0000000 0.0306165 1.8942965 1.8942965 
t18        2.0310377 1.5901977 1.1132061 9.0000000 0.7945437 1.7786835 9.0000000 0.6626257 1.7786835 1.8942965 0.9547243 0.8545757 2.1983953 1.5111773 3.2381161 3.2381161 0.0306165 0.0000000 1.8942965 1.8942965 
t3         9.0000000 1.5111773 1.2588231 1.5901977 1.2588231 0.8545757 0.8239592 1.4396946 0.4904449 0.5299277 9.0000000 1.5901977 1.1586745 1.1586745 0.8239592 0.7662384 1.8942965 1.8942965 0.0000000 0.0000010 
t19        9.0000000 1.5111773 1.2588231 1.5901977 1.2588231 0.8545757 0.8239592 1.4396946 0.4904449 0.5299277 9.0000000 1.5901977 1.1586745 1.1586745 0.8239592 0.7662384 1.8942965 1.8942965 0.0000010 0.0000000 
