20
t9         0.0000000 0.2603971 0.2892469 0.1549607 0.2746833 0.2463781 0.2603971 0.2191023 0.2603971 0.1549607 0.5099265 0.5299277 0.9198342 0.7945437 0.8239592 0.8239592 0.2463781 0.1673577 0.1427653 0.1673577 
t19        0.2603971 0.0000000 0.4714565 0.3040988 0.3347153 0.3666350 0.3505054 0.3347153 0.4348639 0.2463781 0.6388142 0.6626257 1.0703373 0.8864954 0.8864954 0.8864954 0.3347153 0.2603971 0.2892469 0.3192509 
t11        0.2892469 0.4714565 0.0000000 0.2326162 0.4172160 0.3347153 0.2892469 0.2326162 0.3192509 0.2892469 0.5099265 0.5933457 0.7389627 0.6388142 0.7126442 0.6872180 0.3831192 0.2892469 0.2191023 0.2463781 
t6         0.1549607 0.3040988 0.2326162 0.0000000 0.2892469 0.2191023 0.2191023 0.1673577 0.2463781 0.2058276 0.4714565 0.5099265 0.9913169 0.8545757 0.7945437 0.7945437 0.3347153 0.2191023 0.0411062 0.0625362 
t7         0.2746833 0.3347153 0.4172160 0.2892469 0.0000000 0.3831192 0.3999739 0.3505054 0.3999739 0.1927838 0.6872180 0.7389627 0.8864954 0.8239592 0.8864954 0.9198342 0.3505054 0.2326162 0.2892469 0.3040988 
t17        0.2463781 0.3666350 0.3347153 0.2191023 0.3831192 0.0000000 0.0845966 0.2746833 0.3040988 0.2463781 0.5299277 0.5716050 1.0297869 0.8864954 0.8239592 0.7945437 0.3347153 0.2603971 0.2058276 0.2326162 
t12        0.2603971 0.3505054 0.2892469 0.2191023 0.3999739 0.0845966 0.0000000 0.2746833 0.2892469 0.2603971 0.5504769 0.5933457 0.9198342 0.8239592 0.8545757 0.8239592 0.3666350 0.2603971 0.2058276 0.2326162 
t4         0.2191023 0.3347153 0.2326162 0.1673577 0.3505054 0.2746833 0.2746833 0.0000000 0.2463781 0.2603971 0.4714565 0.5299277 0.8864954 0.8545757 0.8864954 0.8545757 0.3831192 0.2746833 0.1549607 0.1799630 
t3         0.2603971 0.4348639 0.3192509 0.2463781 0.3999739 0.3040988 0.2892469 0.2463781 0.0000000 0.2892469 0.5933457 0.6388142 0.8864954 0.8864954 0.8864954 0.8545757 0.3999739 0.2892469 0.2326162 0.2603971 
t1         0.1549607 0.2463781 0.2892469 0.2058276 0.1927838 0.2463781 0.2603971 0.2603971 0.2892469 0.0000000 0.5299277 0.5716050 0.8545757 0.7662384 0.7389627 0.7389627 0.1427653 0.0517447 0.1927838 0.2058276 
t15        0.5099265 0.6388142 0.5099265 0.4714565 0.6872180 0.5299277 0.5504769 0.4714565 0.5933457 0.5299277 0.0000000 0.0625362 0.9913169 0.9198342 0.8864954 0.8545757 0.5504769 0.4904449 0.4348639 0.4714565 
t5         0.5299277 0.6626257 0.5933457 0.5099265 0.7389627 0.5716050 0.5933457 0.5299277 0.6388142 0.5716050 0.0625362 0.0000000 1.2070784 1.1586745 1.1132061 1.0703373 0.5933457 0.5299277 0.4714565 0.5099265 
t13        0.9198342 1.0703373 0.7389627 0.9913169 0.8864954 1.0297869 0.9198342 0.8864954 0.8864954 0.8545757 0.9913169 1.2070784 0.0000000 0.1307650 0.4172160 0.3831192 0.9547243 0.8864954 0.9547243 0.9913169 
t18        0.7945437 0.8864954 0.6388142 0.8545757 0.8239592 0.8864954 0.8239592 0.8545757 0.8864954 0.7662384 0.9198342 1.1586745 0.1307650 0.0000000 0.2892469 0.2603971 0.8239592 0.7662384 0.8239592 0.8545757 
t14        0.8239592 0.8864954 0.7126442 0.7945437 0.8864954 0.8239592 0.8545757 0.8864954 0.8864954 0.7389627 0.8864954 1.1132061 0.4172160 0.2892469 0.0000000 0.0517447 0.8239592 0.8545757 0.7945437 0.8239592 
t16        0.8239592 0.8864954 0.6872180 0.7945437 0.9198342 0.7945437 0.8239592 0.8545757 0.8545757 0.7389627 0.8545757 1.0703373 0.3831192 0.2603971 0.0517447 0.0000000 0.8239592 0.8545757 0.7662384 0.7945437 
t8         0.2463781 0.3347153 0.3831192 0.3347153 0.3505054 0.3347153 0.3666350 0.3831192 0.3999739 0.1427653 0.5504769 0.5933457 0.9547243 0.8239592 0.8239592 0.8239592 0.0000000 0.1073256 0.3192509 0.3347153 
t2         0.1673577 0.2603971 0.2892469 0.2191023 0.2326162 0.2603971 0.2603971 0.2746833 0.2892469 0.0517447 0.4904449 0.5299277 0.8864954 0.7662384 0.8545757 0.8545757 0.1073256 0.0000000 0.2058276 0.2191023 
t20        0.1427653 0.2892469 0.2191023 0.0411062 0.2892469 0.2058276 0.2058276 0.1549607 0.2326162 0.1927838 0.4348639 0.4714565 0.9547243 0.8239592 0.7945437 0.7662384 0.3192509 0.2058276 0.0000000 0.0202715 
t10        0.1673577 0.3192509 0.2463781 0.0625362 0.3040988 0.2326162 0.2326162 0.1799630 0.2603971 0.2058276 0.4714565 0.5099265 0.9913169 0.8545757 0.8239592 0.7945437 0.3347153 0.2191023 0.0202715 0.0000000 
