20
t12        0.0000000 1.5111773 0.7945437 1.3744361 1.7786835 1.5901977 1.2070784 2.0310377 0.7126442 1.2588231 0.7945437 0.9913169 1.2070784 0.5933457 0.5504769 0.5099265 0.6626257 0.6157354 1.3744361 1.2070784 
t13        1.5111773 0.0000000 1.1132061 2.0310377 2.7182557 2.4141569 1.7786835 3.2381161 1.5111773 1.5111773 2.0310377 1.5901977 2.1983953 1.5111773 1.4396946 1.5111773 1.2588231 1.6785349 1.6785349 1.7786835 
t20        0.7945437 1.1132061 0.0000000 1.2588231 3.2381161 1.5901977 1.3744361 9.0000000 1.2070784 1.3744361 1.2070784 0.5099265 0.6157354 1.2588231 0.9913169 0.9547243 1.3144041 1.3744361 3.2381161 2.7182557 
t1         1.3744361 2.0310377 1.2588231 0.0000000 9.0000000 1.1586745 9.0000000 9.0000000 2.0310377 2.7182557 1.6785349 1.7786835 2.7182557 2.1983953 1.6785349 1.6785349 1.5901977 1.8942965 0.8545757 0.8239592 
t17        1.7786835 2.7182557 3.2381161 9.0000000 0.0000000 2.1983953 0.9198342 1.3144041 2.7182557 2.1983953 1.3744361 3.2381161 9.0000000 1.7786835 2.4141569 2.1983953 1.7786835 1.7786835 9.0000000 9.0000000 
t15        1.5901977 2.4141569 1.5901977 1.1586745 2.1983953 0.0000000 2.0310377 2.7182557 9.0000000 2.7182557 2.7182557 9.0000000 9.0000000 9.0000000 2.4141569 3.2381161 9.0000000 9.0000000 0.9547243 0.9913169 
t19        1.2070784 1.7786835 1.3744361 9.0000000 0.9198342 2.0310377 0.0000000 0.7662384 1.5901977 9.0000000 2.4141569 1.8942965 1.7786835 1.4396946 2.4141569 2.0310377 1.5111773 1.4396946 9.0000000 9.0000000 
t14        2.0310377 3.2381161 9.0000000 9.0000000 1.3144041 2.7182557 0.7662384 0.0000000 2.1983953 9.0000000 9.0000000 9.0000000 9.0000000 2.4141569 3.2381161 2.7182557 2.7182557 2.4141569 9.0000000 9.0000000 
t7         0.7126442 1.5111773 1.2070784 2.0310377 2.7182557 9.0000000 1.5901977 2.1983953 0.0000000 1.4396946 0.6388142 2.0310377 1.5111773 0.5099265 0.6157354 0.5504769 0.5716050 0.6157354 9.0000000 9.0000000 
t4         1.2588231 1.5111773 1.3744361 2.7182557 2.1983953 2.7182557 9.0000000 9.0000000 1.4396946 0.0000000 1.1586745 1.4396946 2.1983953 1.3144041 1.0703373 1.2070784 1.2588231 1.2588231 2.0310377 2.1983953 
t5         0.7945437 2.0310377 1.2070784 1.6785349 1.3744361 2.7182557 2.4141569 9.0000000 0.6388142 1.1586745 0.0000000 1.7786835 1.5901977 0.4904449 0.5099265 0.4714565 0.5716050 0.5299277 3.2381161 2.4141569 
t6         0.9913169 1.5901977 0.5099265 1.7786835 3.2381161 9.0000000 1.8942965 9.0000000 2.0310377 1.4396946 1.7786835 0.0000000 0.5099265 2.0310377 1.5901977 1.3744361 2.0310377 1.5901977 3.2381161 2.7182557 
t18        1.2070784 2.1983953 0.6157354 2.7182557 9.0000000 9.0000000 1.7786835 9.0000000 1.5111773 2.1983953 1.5901977 0.5099265 0.0000000 1.6785349 1.4396946 1.4396946 1.5901977 1.4396946 9.0000000 9.0000000 
t9         0.5933457 1.5111773 1.2588231 2.1983953 1.7786835 9.0000000 1.4396946 2.4141569 0.5099265 1.3144041 0.4904449 2.0310377 1.6785349 0.0000000 0.4348639 0.2892469 0.2326162 0.2603971 9.0000000 9.0000000 
t10        0.5504769 1.4396946 0.9913169 1.6785349 2.4141569 2.4141569 2.4141569 3.2381161 0.6157354 1.0703373 0.5099265 1.5901977 1.4396946 0.4348639 0.0000000 0.2603971 0.5504769 0.5099265 9.0000000 2.4141569 
t16        0.5099265 1.5111773 0.9547243 1.6785349 2.1983953 3.2381161 2.0310377 2.7182557 0.5504769 1.2070784 0.4714565 1.3744361 1.4396946 0.2892469 0.2603971 0.0000000 0.4714565 0.4348639 9.0000000 9.0000000 
t3         0.6626257 1.2588231 1.3144041 1.5901977 1.7786835 9.0000000 1.5111773 2.7182557 0.5716050 1.2588231 0.5716050 2.0310377 1.5901977 0.2326162 0.5504769 0.4714565 0.0000000 0.1307650 9.0000000 9.0000000 
t2         0.6157354 1.6785349 1.3744361 1.8942965 1.7786835 9.0000000 1.4396946 2.4141569 0.6157354 1.2588231 0.5299277 1.5901977 1.4396946 0.2603971 0.5099265 0.4348639 0.1307650 0.0000000 9.0000000 9.0000000 
t11        1.3744361 1.6785349 3.2381161 0.8545757 9.0000000 0.9547243 9.0000000 9.0000000 9.0000000 2.0310377 3.2381161 3.2381161 9.0000000 9.0000000 9.0000000 9.0000000 9.0000000 9.0000000 0.0000000 0.0958750 
t8         1.2070784 1.7786835 2.7182557 0.8239592 9.0000000 0.9913169 9.0000000 9.0000000 9.0000000 2.1983953 2.4141569 2.7182557 9.0000000 9.0000000 2.4141569 9.0000000 9.0000000 9.0000000 0.0958750 0.0000000 
