20
t6         0.0000000 1.7786835 1.7786835 1.7786835 1.5111773 1.6785349 2.4141569 3.2381161 9.0000000 9.0000000 9.0000000 9.0000000 9.0000000 9.0000000 1.7786835 9.0000000 9.0000000 9.0000000 9.0000000 9.0000000 
t5         1.7786835 0.0000000 9.0000000 2.1983953 3.2381161 9.0000000 9.0000000 9.0000000 9.0000000 9.0000000 2.1983953 2.0310377 1.6785349 1.5901977 1.4396946 1.3744361 9.0000000 9.0000000 1.6785349 1.6785349 
t20        1.7786835 9.0000000 0.0000000 1.3744361 1.4396946 1.5901977 2.1983953 1.6785349 1.4396946 2.0310377 3.2381161 9.0000000 9.0000000 2.4141569 1.8942965 1.5901977 1.8942965 1.6785349 2.7182557 2.7182557 
t1         1.7786835 2.1983953 1.3744361 0.0000000 1.3744361 2.0310377 1.5901977 9.0000000 1.5111773 3.2381161 9.0000000 2.1983953 2.4141569 1.6785349 3.2381161 2.1983953 2.7182557 2.0310377 9.0000000 9.0000000 
t14        1.5111773 3.2381161 1.4396946 1.3744361 0.0000000 0.8864954 1.3744361 1.4396946 1.4396946 9.0000000 1.8942965 1.8942965 2.7182557 1.8942965 1.7786835 1.7786835 1.2588231 1.2070784 2.1983953 2.1983953 
t15        1.6785349 9.0000000 1.5901977 2.0310377 0.8864954 0.0000000 1.6785349 1.5901977 1.3744361 9.0000000 1.7786835 9.0000000 2.1983953 2.7182557 1.2588231 1.3144041 1.5111773 1.5111773 9.0000000 9.0000000 
t13        2.4141569 9.0000000 2.1983953 1.5901977 1.3744361 1.6785349 0.0000000 9.0000000 2.4141569 9.0000000 2.4141569 3.2381161 1.6785349 9.0000000 9.0000000 2.1983953 9.0000000 9.0000000 2.7182557 2.7182557 
t2         3.2381161 9.0000000 1.6785349 9.0000000 1.4396946 1.5901977 9.0000000 0.0000000 0.9913169 9.0000000 9.0000000 9.0000000 9.0000000 9.0000000 1.8942965 9.0000000 1.8942965 1.6785349 9.0000000 9.0000000 
t7         9.0000000 9.0000000 1.4396946 1.5111773 1.4396946 1.3744361 2.4141569 0.9913169 0.0000000 9.0000000 9.0000000 9.0000000 9.0000000 9.0000000 9.0000000 9.0000000 1.8942965 1.7786835 9.0000000 9.0000000 
t3         9.0000000 9.0000000 2.0310377 3.2381161 9.0000000 9.0000000 9.0000000 9.0000000 9.0000000 0.0000000 9.0000000 3.2381161 2.1983953 2.1983953 9.0000000 2.1983953 9.0000000 9.0000000 9.0000000 9.0000000 
t16        9.0000000 2.1983953 3.2381161 9.0000000 1.8942965 1.7786835 2.4141569 9.0000000 9.0000000 9.0000000 0.0000000 0.7389627 1.3744361 1.1132061 1.7786835 1.3144041 1.5111773 1.2070784 1.0297869 1.0297869 
t8         9.0000000 2.0310377 9.0000000 2.1983953 1.8942965 9.0000000 3.2381161 9.0000000 9.0000000 3.2381161 0.7389627 0.0000000 0.9198342 0.8545757 3.2381161 1.6785349 1.6785349 1.3744361 0.7662384 0.7662384 
t17        9.0000000 1.6785349 9.0000000 2.4141569 2.7182557 2.1983953 1.6785349 9.0000000 9.0000000 2.1983953 1.3744361 0.9198342 0.0000000 0.5299277 1.7786835 2.0310377 2.7182557 3.2381161 1.2588231 1.2588231 
t11        9.0000000 1.5901977 2.4141569 1.6785349 1.8942965 2.7182557 9.0000000 9.0000000 9.0000000 2.1983953 1.1132061 0.8545757 0.5299277 0.0000000 1.5111773 1.5901977 2.0310377 1.7786835 0.8239592 0.8239592 
t4         1.7786835 1.4396946 1.8942965 3.2381161 1.7786835 1.2588231 9.0000000 1.8942965 9.0000000 9.0000000 1.7786835 3.2381161 1.7786835 1.5111773 0.0000000 0.5716050 1.5901977 1.2588231 9.0000000 9.0000000 
t18        9.0000000 1.3744361 1.5901977 2.1983953 1.7786835 1.3144041 2.1983953 9.0000000 9.0000000 2.1983953 1.3144041 1.6785349 2.0310377 1.5901977 0.5716050 0.0000000 1.8942965 1.5111773 9.0000000 9.0000000 
t12        9.0000000 9.0000000 1.8942965 2.7182557 1.2588231 1.5111773 9.0000000 1.8942965 1.8942965 9.0000000 1.5111773 1.6785349 2.7182557 2.0310377 1.5901977 1.8942965 0.0000000 0.1427653 1.8942965 1.8942965 
t10        9.0000000 9.0000000 1.6785349 2.0310377 1.2070784 1.5111773 9.0000000 1.6785349 1.7786835 9.0000000 1.2070784 1.3744361 3.2381161 1.7786835 1.2588231 1.5111773 0.1427653 0.0000000 1.3744361 1.3744361 
t19        9.0000000 1.6785349 2.7182557 9.0000000 2.1983953 9.0000000 2.7182557 9.0000000 9.0000000 9.0000000 1.0297869 0.7662384 1.2588231 0.8239592 9.0000000 9.0000000 1.8942965 1.3744361 0.0000000 0.0000010 
t9         9.0000000 1.6785349 2.7182557 9.0000000 2.1983953 9.0000000 2.7182557 9.0000000 9.0000000 9.0000000 1.0297869 0.7662384 1.2588231 0.8239592 9.0000000 9.0000000 1.8942965 1.3744361 0.0000010 0.0000000 
