20
t11        0.0000000 0.9913169 0.7662384 1.3744361 1.0703373 1.0297869 1.0297869 0.9913169 1.2070784 0.9913169 1.1586745 0.9547243 0.8864954 1.5111773 1.5901977 1.4396946 1.2588231 1.1132061 0.9913169 0.8864954 
t5         0.9913169 0.0000000 0.8545757 0.9198342 0.8864954 1.1586745 0.8239592 0.9547243 1.0297869 1.1586745 1.1132061 1.1132061 1.0703373 1.3144041 1.2070784 1.5111773 1.3744361 1.2070784 0.9913169 1.0297869 
t17        0.7662384 0.8545757 0.0000000 0.9547243 0.9913169 0.8864954 0.8864954 1.0703373 0.8239592 0.8545757 0.8545757 0.9198342 0.8545757 1.2588231 1.2588231 1.1586745 1.2070784 0.8239592 0.7945437 0.7126442 
t13        1.3744361 0.9198342 0.9547243 0.0000000 0.9913169 1.0703373 1.0297869 0.9913169 1.0703373 1.1132061 0.9913169 0.8864954 0.9913169 0.9198342 1.1132061 1.3744361 1.1132061 1.0297869 1.2070784 0.9547243 
t6         1.0703373 0.8864954 0.9913169 0.9913169 0.0000000 0.8864954 0.6388142 0.9913169 1.2070784 0.9198342 0.9547243 0.9547243 0.8864954 1.3144041 1.3144041 1.1132061 1.0703373 1.2070784 0.9913169 0.8239592 
t1         1.0297869 1.1586745 0.8864954 1.0703373 0.8864954 0.0000000 0.7126442 0.5504769 0.5504769 0.3666350 0.3999739 0.5299277 0.6157354 1.2070784 1.1132061 1.0297869 1.3744361 0.9547243 0.9913169 0.8545757 
t18        1.0297869 0.8239592 0.8864954 1.0297869 0.6388142 0.7126442 0.0000000 0.9198342 0.9198342 0.7945437 0.8545757 0.9198342 0.8545757 1.2588231 1.3144041 0.7389627 0.8545757 1.2070784 1.3144041 1.1586745 
t10        0.9913169 0.9547243 1.0703373 0.9913169 0.9913169 0.5504769 0.9198342 0.0000000 0.6388142 0.4904449 0.4904449 0.7126442 0.6872180 1.2588231 1.2070784 1.7786835 1.3744361 0.9913169 0.9913169 0.9547243 
t3         1.2070784 1.0297869 0.8239592 1.0703373 1.2070784 0.5504769 0.9198342 0.6388142 0.0000000 0.5099265 0.5099265 0.6626257 0.6626257 1.5111773 1.5111773 1.3144041 1.4396946 0.9547243 0.9547243 0.9547243 
t15        0.9913169 1.1586745 0.8545757 1.1132061 0.9198342 0.3666350 0.7945437 0.4904449 0.5099265 0.0000000 0.3192509 0.6157354 0.6388142 1.4396946 1.5111773 1.3144041 1.2070784 1.0703373 0.9913169 0.8864954 
t2         1.1586745 1.1132061 0.8545757 0.9913169 0.9547243 0.3999739 0.8545757 0.4904449 0.5099265 0.3192509 0.0000000 0.5299277 0.5933457 1.5111773 1.3144041 0.8864954 1.1586745 1.1132061 1.0297869 0.9198342 
t19        0.9547243 1.1132061 0.9198342 0.8864954 0.9547243 0.5299277 0.9198342 0.7126442 0.6626257 0.6157354 0.5299277 0.0000000 0.2746833 1.3744361 1.3144041 1.3744361 1.2588231 1.0297869 0.9913169 0.9198342 
t7         0.8864954 1.0703373 0.8545757 0.9913169 0.8864954 0.6157354 0.8545757 0.6872180 0.6626257 0.6388142 0.5933457 0.2746833 0.0000000 1.2588231 1.4396946 1.0297869 1.0703373 0.8545757 0.8864954 0.7945437 
t20        1.5111773 1.3144041 1.2588231 0.9198342 1.3144041 1.2070784 1.2588231 1.2588231 1.5111773 1.4396946 1.5111773 1.3744361 1.2588231 0.0000000 0.4714565 2.0310377 1.7786835 1.2070784 1.4396946 1.3144041 
t4         1.5901977 1.2070784 1.2588231 1.1132061 1.3144041 1.1132061 1.3144041 1.2070784 1.5111773 1.5111773 1.3144041 1.3144041 1.4396946 0.4714565 0.0000000 1.5901977 2.0310377 1.2070784 1.2588231 1.1586745 
t12        1.4396946 1.5111773 1.1586745 1.3744361 1.1132061 1.0297869 0.7389627 1.7786835 1.3144041 1.3144041 0.8864954 1.3744361 1.0297869 2.0310377 1.5901977 0.0000000 0.5099265 1.3144041 1.6785349 1.4396946 
t8         1.2588231 1.3744361 1.2070784 1.1132061 1.0703373 1.3744361 0.8545757 1.3744361 1.4396946 1.2070784 1.1586745 1.2588231 1.0703373 1.7786835 2.0310377 0.5099265 0.0000000 1.8942965 1.7786835 1.5901977 
t9         1.1132061 1.2070784 0.8239592 1.0297869 1.2070784 0.9547243 1.2070784 0.9913169 0.9547243 1.0703373 1.1132061 1.0297869 0.8545757 1.2070784 1.2070784 1.3144041 1.8942965 0.0000000 0.3347153 0.3040988 
t14        0.9913169 0.9913169 0.7945437 1.2070784 0.9913169 0.9913169 1.3144041 0.9913169 0.9547243 0.9913169 1.0297869 0.9913169 0.8864954 1.4396946 1.2588231 1.6785349 1.7786835 0.3347153 0.0000000 0.2463781 
t16        0.8864954 1.0297869 0.7126442 0.9547243 0.8239592 0.8545757 1.1586745 0.9547243 0.9547243 0.8864954 0.9198342 0.9198342 0.7945437 1.3144041 1.1586745 1.4396946 1.5901977 0.3040988 0.2463781 0.0000000 
