20
t12        0.0000000 0.5933457 0.7662384 0.6388142 0.7126442 0.7389627 0.6626257 0.6157354 0.8545757 0.6157354 0.4714565 0.6388142 0.6388142 0.6626257 0.6388142 0.5933457 0.6157354 0.6388142 0.7389627 0.7389627 
t9         0.5933457 0.0000000 0.6157354 0.4172160 0.6388142 0.6388142 0.5099265 0.5716050 0.7389627 0.7662384 0.7126442 0.7126442 0.7662384 0.4172160 0.6872180 0.6872180 0.4172160 0.4714565 0.9913169 0.9547243 
t19        0.7662384 0.6157354 0.0000000 0.5299277 0.5716050 0.6388142 0.5933457 0.4714565 0.7126442 0.5504769 0.5716050 0.5933457 0.5716050 0.6626257 0.5299277 0.5716050 0.6157354 0.6626257 0.6872180 0.6626257 
t3         0.6388142 0.4172160 0.5299277 0.0000000 0.5716050 0.6872180 0.5504769 0.4714565 0.6157354 0.6872180 0.4904449 0.7389627 0.6872180 0.3040988 0.6626257 0.6388142 0.2892469 0.2892469 0.9198342 0.8864954 
t14        0.7126442 0.6388142 0.5716050 0.5716050 0.0000000 0.4904449 0.6157354 0.5504769 0.6872180 0.4348639 0.4529370 0.3999739 0.5299277 0.5716050 0.4172160 0.4348639 0.5716050 0.6157354 0.7389627 0.7126442 
t8         0.7389627 0.6388142 0.6388142 0.6872180 0.4904449 0.0000000 0.6626257 0.6388142 0.7945437 0.5933457 0.5099265 0.5099265 0.5716050 0.6157354 0.4529370 0.4529370 0.6388142 0.7126442 0.7389627 0.7126442 
t5         0.6626257 0.5099265 0.5933457 0.5504769 0.6157354 0.6626257 0.0000000 0.2058276 0.3999739 0.5716050 0.4904449 0.5716050 0.7126442 0.5099265 0.5504769 0.5299277 0.4714565 0.5299277 0.8239592 0.8545757 
t11        0.6157354 0.5716050 0.4714565 0.4714565 0.5504769 0.6388142 0.2058276 0.0000000 0.3999739 0.5299277 0.4348639 0.5099265 0.5099265 0.5299277 0.4714565 0.4529370 0.4904449 0.5504769 0.5716050 0.5933457 
t7         0.8545757 0.7389627 0.7126442 0.6157354 0.6872180 0.7945437 0.3999739 0.3999739 0.0000000 0.7126442 0.5716050 0.6388142 0.7945437 0.6872180 0.6157354 0.6157354 0.7389627 0.7389627 0.8239592 0.8545757 
t16        0.6157354 0.7662384 0.5504769 0.6872180 0.4348639 0.5933457 0.5716050 0.5299277 0.7126442 0.0000000 0.2603971 0.2746833 0.5099265 0.7662384 0.2746833 0.2746833 0.7126442 0.7945437 0.6388142 0.6388142 
t2         0.4714565 0.7126442 0.5716050 0.4904449 0.4529370 0.5099265 0.4904449 0.4348639 0.5716050 0.2603971 0.0000000 0.2603971 0.4529370 0.6388142 0.2463781 0.2191023 0.5933457 0.6388142 0.6626257 0.6626257 
t20        0.6388142 0.7126442 0.5933457 0.7389627 0.3999739 0.5099265 0.5716050 0.5099265 0.6388142 0.2746833 0.2603971 0.0000000 0.4714565 0.7389627 0.0958750 0.1073256 0.7126442 0.7945437 0.6626257 0.6626257 
t4         0.6388142 0.7662384 0.5716050 0.6872180 0.5299277 0.5716050 0.7126442 0.5099265 0.7945437 0.5099265 0.4529370 0.4714565 0.0000000 0.8545757 0.4172160 0.4172160 0.7945437 0.8545757 0.1427653 0.1307650 
t17        0.6626257 0.4172160 0.6626257 0.3040988 0.5716050 0.6157354 0.5099265 0.5299277 0.6872180 0.7662384 0.6388142 0.7389627 0.8545757 0.0000000 0.7389627 0.7389627 0.0517447 0.0845966 1.0297869 0.9913169 
t6         0.6388142 0.6872180 0.5299277 0.6626257 0.4172160 0.4529370 0.5504769 0.4714565 0.6157354 0.2746833 0.2463781 0.0958750 0.4172160 0.7389627 0.0000000 0.0625362 0.6872180 0.7662384 0.6388142 0.6388142 
t1         0.5933457 0.6872180 0.5716050 0.6388142 0.4348639 0.4529370 0.5299277 0.4529370 0.6157354 0.2746833 0.2191023 0.1073256 0.4172160 0.7389627 0.0625362 0.0000000 0.6872180 0.7662384 0.6388142 0.6388142 
t18        0.6157354 0.4172160 0.6157354 0.2892469 0.5716050 0.6388142 0.4714565 0.4904449 0.7389627 0.7126442 0.5933457 0.7126442 0.7945437 0.0517447 0.6872180 0.6872180 0.0000000 0.0306165 0.9913169 0.9547243 
t10        0.6388142 0.4714565 0.6626257 0.2892469 0.6157354 0.7126442 0.5299277 0.5504769 0.7389627 0.7945437 0.6388142 0.7945437 0.8545757 0.0845966 0.7662384 0.7662384 0.0306165 0.0000000 1.0703373 1.0297869 
t13        0.7389627 0.9913169 0.6872180 0.9198342 0.7389627 0.7389627 0.8239592 0.5716050 0.8239592 0.6388142 0.6626257 0.6626257 0.1427653 1.0297869 0.6388142 0.6388142 0.9913169 1.0703373 0.0000000 0.0100673 
t15        0.7389627 0.9547243 0.6626257 0.8864954 0.7126442 0.7126442 0.8545757 0.5933457 0.8545757 0.6388142 0.6626257 0.6626257 0.1307650 0.9913169 0.6388142 0.6388142 0.9547243 1.0297869 0.0100673 0.0000000 
