20
t13        0.0000000 1.0703373 1.5901977 2.7182557 2.7182557 1.7786835 1.0297869 1.4396946 1.7786835 1.4396946 1.8942965 1.3144041 2.7182557 1.3744361 1.1586745 1.1132061 1.5901977 1.3144041 1.4396946 1.5111773 
t17        1.0703373 0.0000000 1.3144041 1.5111773 1.3144041 0.9547243 0.6872180 1.1586745 1.2070784 0.6388142 1.3144041 0.8864954 1.3144041 0.8864954 0.8545757 0.8864954 0.9913169 0.8545757 0.5716050 0.5299277 
t15        1.5901977 1.3144041 0.0000000 9.0000000 2.0310377 9.0000000 1.1586745 1.5901977 1.5111773 2.1983953 2.4141569 1.1586745 2.4141569 3.2381161 1.5901977 1.4396946 3.2381161 9.0000000 2.7182557 2.4141569 
t2         2.7182557 1.5111773 9.0000000 0.0000000 2.1983953 9.0000000 1.0703373 1.3744361 2.0310377 2.0310377 1.5111773 0.9547243 1.6785349 2.1983953 1.2588231 1.6785349 2.0310377 1.7786835 2.0310377 2.0310377 
t8         2.7182557 1.3144041 2.0310377 2.1983953 0.0000000 1.4396946 1.1586745 1.8942965 1.8942965 1.5111773 1.4396946 1.5901977 1.7786835 1.7786835 1.5111773 1.6785349 1.7786835 1.7786835 1.3144041 1.2588231 
t16        1.7786835 0.9547243 9.0000000 9.0000000 1.4396946 0.0000000 1.1586745 1.5901977 3.2381161 1.0703373 1.5111773 1.5901977 1.1586745 0.7945437 1.8942965 1.8942965 1.2588231 1.0703373 1.0297869 1.0297869 
t3         1.0297869 0.6872180 1.1586745 1.0703373 1.1586745 1.1586745 0.0000000 1.1586745 1.1586745 1.0703373 1.1586745 0.6626257 0.8545757 0.8864954 0.3999739 0.4348639 0.7662384 0.7945437 0.9547243 1.0297869 
t4         1.4396946 1.1586745 1.5901977 1.3744361 1.8942965 1.5901977 1.1586745 0.0000000 3.2381161 1.3144041 1.3744361 1.1586745 1.5111773 1.2588231 1.4396946 1.4396946 1.7786835 1.3144041 1.8942965 1.7786835 
t20        1.7786835 1.2070784 1.5111773 2.0310377 1.8942965 3.2381161 1.1586745 3.2381161 0.0000000 1.3144041 2.1983953 1.2588231 2.4141569 1.8942965 1.8942965 2.1983953 1.8942965 1.7786835 1.1132061 1.1586745 
t5         1.4396946 0.6388142 2.1983953 2.0310377 1.5111773 1.0703373 1.0703373 1.3144041 1.3144041 0.0000000 2.4141569 1.6785349 2.7182557 2.4141569 1.2588231 1.1586745 3.2381161 2.0310377 0.8545757 0.8545757 
t18        1.8942965 1.3144041 2.4141569 1.5111773 1.4396946 1.5111773 1.1586745 1.3744361 2.1983953 2.4141569 0.0000000 0.7126442 1.7786835 1.3144041 1.3744361 1.8942965 1.4396946 1.3144041 1.5111773 1.5111773 
t10        1.3144041 0.8864954 1.1586745 0.9547243 1.5901977 1.5901977 0.6626257 1.1586745 1.2588231 1.6785349 0.7126442 0.0000000 1.3744361 1.1132061 1.0297869 1.2070784 1.0297869 1.0703373 1.2070784 1.1586745 
t1         2.7182557 1.3144041 2.4141569 1.6785349 1.7786835 1.1586745 0.8545757 1.5111773 2.4141569 2.7182557 1.7786835 1.3744361 0.0000000 0.3040988 1.2070784 1.2070784 0.4348639 0.4348639 1.3144041 1.3744361 
t7         1.3744361 0.8864954 3.2381161 2.1983953 1.7786835 0.7945437 0.8864954 1.2588231 1.8942965 2.4141569 1.3144041 1.1132061 0.3040988 0.0000000 1.3744361 1.2070784 0.3192509 0.2603971 1.0297869 1.0703373 
t14        1.1586745 0.8545757 1.5901977 1.2588231 1.5111773 1.8942965 0.3999739 1.4396946 1.8942965 1.2588231 1.3744361 1.0297869 1.2070784 1.3744361 0.0000000 0.1427653 1.1586745 1.1132061 1.2070784 1.2070784 
t19        1.1132061 0.8864954 1.4396946 1.6785349 1.6785349 1.8942965 0.4348639 1.4396946 2.1983953 1.1586745 1.8942965 1.2070784 1.2070784 1.2070784 0.1427653 0.0000000 1.1586745 1.1132061 1.3744361 1.3744361 
t9         1.5901977 0.9913169 3.2381161 2.0310377 1.7786835 1.2588231 0.7662384 1.7786835 1.8942965 3.2381161 1.4396946 1.0297869 0.4348639 0.3192509 1.1586745 1.1586745 0.0000000 0.0845966 1.2588231 1.3144041 
t6         1.3144041 0.8545757 9.0000000 1.7786835 1.7786835 1.0703373 0.7945437 1.3144041 1.7786835 2.0310377 1.3144041 1.0703373 0.4348639 0.2603971 1.1132061 1.1132061 0.0845966 0.0000000 1.0297869 1.0703373 
t12        1.4396946 0.5716050 2.7182557 2.0310377 1.3144041 1.0297869 0.9547243 1.8942965 1.1132061 0.8545757 1.5111773 1.2070784 1.3144041 1.0297869 1.2070784 1.3744361 1.2588231 1.0297869 0.0000000 0.0202715 
t11        1.5111773 0.5299277 2.4141569 2.0310377 1.2588231 1.0297869 1.0297869 1.7786835 1.1586745 0.8545757 1.5111773 1.1586745 1.3744361 1.0703373 1.2070784 1.3744361 1.3144041 1.0703373 0.0202715 0.0000000 
