20
t6         0.0000000 2.0310377 1.1132061 1.5901977 2.4141569 1.5111773 2.1983953 1.2070784 1.2588231 9.0000000 2.0310377 1.1586745 2.7182557 1.7786835 1.2070784 2.4141569 2.7182557 2.1983953 1.7786835 1.8942965 
t4         2.0310377 0.0000000 1.5111773 1.6785349 1.7786835 1.7786835 9.0000000 1.8942965 1.8942965 2.0310377 1.6785349 1.4396946 1.8942965 1.4396946 1.3744361 1.5901977 1.6785349 1.5111773 1.3144041 1.3144041 
t17        1.1132061 1.5111773 0.0000000 0.9198342 1.8942965 1.2588231 1.3744361 1.2588231 0.9913169 1.5111773 1.6785349 1.0703373 1.5901977 1.1132061 0.8545757 1.7786835 2.0310377 1.8942965 0.9198342 0.9198342 
t16        1.5901977 1.6785349 0.9198342 0.0000000 1.3144041 0.8239592 0.9547243 0.8239592 0.6157354 1.1586745 1.6785349 0.7662384 1.5111773 0.6872180 0.5504769 2.0310377 2.4141569 1.8942965 0.7389627 0.8864954 
t10        2.4141569 1.7786835 1.8942965 1.3144041 0.0000000 9.0000000 2.0310377 1.2588231 1.2070784 2.4141569 2.0310377 1.5111773 1.3744361 1.2588231 1.2070784 1.3144041 1.5111773 1.4396946 1.7786835 2.1983953 
t5         1.5111773 1.7786835 1.2588231 0.8239592 9.0000000 0.0000000 1.0297869 1.3744361 0.8239592 1.3144041 1.2070784 0.8545757 1.5901977 0.9547243 0.9547243 1.8942965 2.0310377 1.6785349 1.2070784 1.4396946 
t14        2.1983953 9.0000000 1.3744361 0.9547243 2.0310377 1.0297869 0.0000000 1.0703373 1.1132061 1.0297869 1.2588231 0.9913169 2.4141569 1.1132061 1.1132061 2.7182557 2.4141569 1.8942965 1.0703373 1.0703373 
t12        1.2070784 1.8942965 1.2588231 0.8239592 1.2588231 1.3744361 1.0703373 0.0000000 0.5933457 1.6785349 1.5901977 0.8864954 1.5111773 0.9913169 0.8864954 2.1983953 2.1983953 2.4141569 1.0703373 1.2070784 
t3         1.2588231 1.8942965 0.9913169 0.6157354 1.2070784 0.8239592 1.1132061 0.5933457 0.0000000 0.9913169 0.9547243 0.4529370 1.8942965 0.5933457 0.5504769 1.6785349 1.7786835 1.5901977 0.9198342 1.0297869 
t20        9.0000000 2.0310377 1.5111773 1.1586745 2.4141569 1.3144041 1.0297869 1.6785349 0.9913169 0.0000000 0.7662384 1.0297869 3.2381161 0.8545757 1.2070784 1.8942965 2.7182557 1.8942965 1.1586745 1.1586745 
t9         2.0310377 1.6785349 1.6785349 1.6785349 2.0310377 1.2070784 1.2588231 1.5901977 0.9547243 0.7662384 0.0000000 0.8239592 1.6785349 1.1132061 0.9547243 1.3144041 1.3144041 1.2070784 0.9198342 1.0297869 
t11        1.1586745 1.4396946 1.0703373 0.7662384 1.5111773 0.8545757 0.9913169 0.8864954 0.4529370 1.0297869 0.8239592 0.0000000 1.4396946 0.3831192 0.4172160 1.2588231 1.3144041 1.2588231 1.0297869 1.0297869 
t8         2.7182557 1.8942965 1.5901977 1.5111773 1.3744361 1.5901977 2.4141569 1.5111773 1.8942965 3.2381161 1.6785349 1.4396946 0.0000000 1.8942965 1.6785349 0.4714565 0.5099265 0.5099265 1.3144041 1.4396946 
t2         1.7786835 1.4396946 1.1132061 0.6872180 1.2588231 0.9547243 1.1132061 0.9913169 0.5933457 0.8545757 1.1132061 0.3831192 1.8942965 0.0000000 0.3347153 1.1586745 1.2070784 1.1132061 0.9198342 1.0297869 
t7         1.2070784 1.3744361 0.8545757 0.5504769 1.2070784 0.9547243 1.1132061 0.8864954 0.5504769 1.2070784 0.9547243 0.4172160 1.6785349 0.3347153 0.0000000 1.4396946 1.5901977 1.3744361 0.7126442 0.7945437 
t1         2.4141569 1.5901977 1.7786835 2.0310377 1.3144041 1.8942965 2.7182557 2.1983953 1.6785349 1.8942965 1.3144041 1.2588231 0.4714565 1.1586745 1.4396946 0.0000000 0.0734853 0.0517447 1.5111773 1.7786835 
t18        2.7182557 1.6785349 2.0310377 2.4141569 1.5111773 2.0310377 2.4141569 2.1983953 1.7786835 2.7182557 1.3144041 1.3144041 0.5099265 1.2070784 1.5901977 0.0734853 0.0000000 0.0625362 1.5901977 1.8942965 
t15        2.1983953 1.5111773 1.8942965 1.8942965 1.4396946 1.6785349 1.8942965 2.4141569 1.5901977 1.8942965 1.2070784 1.2588231 0.5099265 1.1132061 1.3744361 0.0517447 0.0625362 0.0000000 1.3744361 1.5901977 
t13        1.7786835 1.3144041 0.9198342 0.7389627 1.7786835 1.2070784 1.0703373 1.0703373 0.9198342 1.1586745 0.9198342 1.0297869 1.3144041 0.9198342 0.7126442 1.5111773 1.5901977 1.3744361 0.0000000 0.0625362 
t19        1.8942965 1.3144041 0.9198342 0.8864954 2.1983953 1.4396946 1.0703373 1.2070784 1.0297869 1.1586745 1.0297869 1.0297869 1.4396946 1.0297869 0.7945437 1.7786835 1.8942965 1.5901977 0.0625362 0.0000000 
