20
t3         0.0000000 0.6626257 0.8239592 0.3999739 0.6626257 0.6157354 0.5504769 0.5299277 0.5933457 0.6388142 0.4529370 1.1586745 0.9547243 0.8545757 0.7945437 0.8239592 0.7945437 0.8239592 0.3999739 0.3999739 
t12        0.6626257 0.0000000 1.1132061 0.7389627 1.1586745 0.9198342 0.8545757 0.8239592 0.4529370 0.6626257 0.5716050 1.1132061 0.9913169 0.8864954 0.7945437 0.8239592 0.8239592 0.9198342 0.3831192 0.3999739 
t17        0.8239592 1.1132061 0.0000000 0.6872180 0.8545757 0.5299277 0.7945437 0.6872180 0.9547243 0.8545757 0.8239592 0.7662384 0.6157354 1.1132061 1.3744361 1.3744361 1.0297869 0.9913169 0.8545757 0.8239592 
t1         0.3999739 0.7389627 0.6872180 0.0000000 0.4348639 0.4904449 0.6388142 0.5716050 0.8545757 0.4529370 0.3192509 0.8864954 0.7945437 0.8545757 0.9547243 0.9913169 0.7662384 0.7945437 0.6388142 0.5933457 
t10        0.6626257 1.1586745 0.8545757 0.4348639 0.0000000 0.6157354 0.7126442 0.7662384 1.1132061 0.7945437 0.5933457 1.0703373 0.8239592 1.5111773 0.8864954 0.8545757 1.2588231 1.3144041 0.8545757 0.8545757 
t19        0.6157354 0.9198342 0.5299277 0.4904449 0.6157354 0.0000000 0.5716050 0.6872180 0.9913169 0.8239592 0.5933457 0.4904449 0.3999739 0.8545757 0.7945437 0.7662384 0.7389627 0.6872180 0.7662384 0.7662384 
t11        0.5504769 0.8545757 0.7945437 0.6388142 0.7126442 0.5716050 0.0000000 0.2746833 0.9198342 0.7126442 0.5716050 1.1586745 0.7945437 0.9547243 0.9547243 0.9547243 1.0297869 1.0297869 0.7126442 0.6872180 
t4         0.5299277 0.8239592 0.6872180 0.5716050 0.7662384 0.6872180 0.2746833 0.0000000 0.8545757 0.6157354 0.4714565 1.3744361 0.8864954 0.9547243 0.9198342 0.9547243 0.9913169 0.9913169 0.6626257 0.6626257 
t14        0.5933457 0.4529370 0.9547243 0.8545757 1.1132061 0.9913169 0.9198342 0.8545757 0.0000000 0.7389627 0.6872180 1.5111773 1.0297869 1.0297869 0.6157354 0.6388142 0.9913169 0.9913169 0.2058276 0.2326162 
t2         0.6388142 0.6626257 0.8545757 0.4529370 0.7945437 0.8239592 0.7126442 0.6157354 0.7389627 0.0000000 0.2191023 1.2588231 1.0703373 0.8864954 0.9198342 0.9547243 0.7945437 0.8239592 0.6626257 0.6626257 
t16        0.4529370 0.5716050 0.8239592 0.3192509 0.5933457 0.5933457 0.5716050 0.4714565 0.6872180 0.2191023 0.0000000 1.0703373 0.9198342 0.7389627 0.7662384 0.7945437 0.7126442 0.7389627 0.5299277 0.5299277 
t9         1.1586745 1.1132061 0.7662384 0.8864954 1.0703373 0.4904449 1.1586745 1.3744361 1.5111773 1.2588231 1.0703373 0.0000000 0.3347153 1.3144041 1.1586745 1.1132061 1.2070784 1.2070784 1.2070784 1.2070784 
t13        0.9547243 0.9913169 0.6157354 0.7945437 0.8239592 0.3999739 0.7945437 0.8864954 1.0297869 1.0703373 0.9198342 0.3347153 0.0000000 1.3744361 1.2070784 1.1586745 1.1586745 1.1586745 0.9913169 0.9913169 
t5         0.8545757 0.8864954 1.1132061 0.8545757 1.5111773 0.8545757 0.9547243 0.9547243 1.0297869 0.8864954 0.7389627 1.3144041 1.3744361 0.0000000 0.8864954 0.9198342 0.1073256 0.0958750 0.9547243 0.9198342 
t7         0.7945437 0.7945437 1.3744361 0.9547243 0.8864954 0.7945437 0.9547243 0.9198342 0.6157354 0.9198342 0.7662384 1.1586745 1.2070784 0.8864954 0.0000000 0.0100673 0.8239592 0.8545757 0.4714565 0.5099265 
t6         0.8239592 0.8239592 1.3744361 0.9913169 0.8545757 0.7662384 0.9547243 0.9547243 0.6388142 0.9547243 0.7945437 1.1132061 1.1586745 0.9198342 0.0100673 0.0000000 0.8545757 0.8864954 0.4904449 0.5299277 
t8         0.7945437 0.8239592 1.0297869 0.7662384 1.2588231 0.7389627 1.0297869 0.9913169 0.9913169 0.7945437 0.7126442 1.2070784 1.1586745 0.1073256 0.8239592 0.8545757 0.0000000 0.0306165 0.8864954 0.8545757 
t15        0.8239592 0.9198342 0.9913169 0.7945437 1.3144041 0.6872180 1.0297869 0.9913169 0.9913169 0.8239592 0.7389627 1.2070784 1.1586745 0.0958750 0.8545757 0.8864954 0.0306165 0.0000000 0.8864954 0.8545757 
t18        0.3999739 0.3831192 0.8545757 0.6388142 0.8545757 0.7662384 0.7126442 0.6626257 0.2058276 0.6626257 0.5299277 1.2070784 0.9913169 0.9547243 0.4714565 0.4904449 0.8864954 0.8864954 0.0000000 0.0202715 
t20        0.3999739 0.3999739 0.8239592 0.5933457 0.8545757 0.7662384 0.6872180 0.6626257 0.2326162 0.6626257 0.5299277 1.2070784 0.9913169 0.9198342 0.5099265 0.5299277 0.8545757 0.8545757 0.0202715 0.0000000 
