20
t5         0.0000000 1.8942965 1.2070784 2.0310377 1.8942965 2.1983953 1.8942965 2.1983953 2.7182557 1.5901977 1.3744361 1.1132061 3.2381161 3.2381161 1.2588231 1.1586745 1.3744361 1.4396946 2.7182557 1.5111773 
t14        1.8942965 0.0000000 0.9547243 9.0000000 1.7786835 1.3744361 1.0297869 1.7786835 1.6785349 1.5111773 1.4396946 1.3744361 2.4141569 2.0310377 1.0297869 0.9913169 1.5901977 1.5111773 0.8545757 0.7945437 
t3         1.2070784 0.9547243 0.0000000 1.2588231 1.0297869 1.1132061 0.8864954 1.1586745 1.3144041 1.2070784 1.6785349 0.9198342 1.7786835 2.0310377 0.8239592 0.7389627 1.3144041 1.1586745 0.9913169 1.0703373 
t15        2.0310377 9.0000000 1.2588231 0.0000000 0.2746833 1.7786835 1.3744361 0.7126442 1.3744361 1.4396946 1.5901977 1.7786835 2.0310377 2.0310377 0.7662384 0.6872180 0.5933457 0.5716050 1.2588231 1.4396946 
t13        1.8942965 1.7786835 1.0297869 0.2746833 0.0000000 1.3144041 1.3744361 0.5716050 1.8942965 1.3744361 1.5901977 1.5111773 1.5111773 1.5901977 0.7126442 0.7389627 0.5299277 0.5099265 1.2588231 1.5111773 
t12        2.1983953 1.3744361 1.1132061 1.7786835 1.3144041 0.0000000 0.6626257 1.8942965 2.0310377 1.5901977 1.5111773 1.8942965 1.5111773 1.5111773 1.0297869 1.0297869 1.6785349 1.8942965 1.8942965 2.1983953 
t6         1.8942965 1.0297869 0.8864954 1.3744361 1.3744361 0.6626257 0.0000000 2.0310377 1.5901977 1.1132061 1.5901977 1.6785349 1.7786835 1.6785349 0.7389627 0.6872180 1.6785349 1.5111773 1.2070784 1.3144041 
t17        2.1983953 1.7786835 1.1586745 0.7126442 0.5716050 1.8942965 2.0310377 0.0000000 2.4141569 2.7182557 2.0310377 1.3744361 2.1983953 2.7182557 1.7786835 1.4396946 0.3831192 0.3831192 1.8942965 2.1983953 
t8         2.7182557 1.6785349 1.3144041 1.3744361 1.8942965 2.0310377 1.5901977 2.4141569 0.0000000 0.6872180 1.6785349 1.3744361 9.0000000 3.2381161 1.1132061 1.1132061 1.5901977 1.7786835 1.3144041 1.2588231 
t16        1.5901977 1.5111773 1.2070784 1.4396946 1.3744361 1.5901977 1.1132061 2.7182557 0.6872180 0.0000000 1.7786835 1.8942965 9.0000000 2.7182557 1.0297869 0.8239592 2.0310377 2.1983953 1.0297869 1.0297869 
t10        1.3744361 1.4396946 1.6785349 1.5901977 1.5901977 1.5111773 1.5901977 2.0310377 1.6785349 1.7786835 0.0000000 0.6388142 1.5901977 1.7786835 1.1132061 1.0297869 1.5901977 1.6785349 2.1983953 2.7182557 
t18        1.1132061 1.3744361 0.9198342 1.7786835 1.5111773 1.8942965 1.6785349 1.3744361 1.3744361 1.8942965 0.6388142 0.0000000 1.8942965 2.1983953 1.0703373 1.0703373 1.2588231 1.2588231 1.4396946 1.5111773 
t7         3.2381161 2.4141569 1.7786835 2.0310377 1.5111773 1.5111773 1.7786835 2.1983953 9.0000000 9.0000000 1.5901977 1.8942965 0.0000000 0.2746833 1.3144041 1.2070784 9.0000000 9.0000000 1.4396946 1.7786835 
t1         3.2381161 2.0310377 2.0310377 2.0310377 1.5901977 1.5111773 1.6785349 2.7182557 3.2381161 2.7182557 1.7786835 2.1983953 0.2746833 0.0000000 1.3144041 1.1586745 9.0000000 9.0000000 1.4396946 2.1983953 
t20        1.2588231 1.0297869 0.8239592 0.7662384 0.7126442 1.0297869 0.7389627 1.7786835 1.1132061 1.0297869 1.1132061 1.0703373 1.3144041 1.3144041 0.0000000 0.1427653 1.2070784 1.1132061 1.0703373 1.0297869 
t2         1.1586745 0.9913169 0.7389627 0.6872180 0.7389627 1.0297869 0.6872180 1.4396946 1.1132061 0.8239592 1.0297869 1.0703373 1.2070784 1.1586745 0.1427653 0.0000000 1.1132061 1.0297869 0.9913169 1.0703373 
t4         1.3744361 1.5901977 1.3144041 0.5933457 0.5299277 1.6785349 1.6785349 0.3831192 1.5901977 2.0310377 1.5901977 1.2588231 9.0000000 9.0000000 1.2070784 1.1132061 0.0000000 0.0734853 1.8942965 1.8942965 
t9         1.4396946 1.5111773 1.1586745 0.5716050 0.5099265 1.8942965 1.5111773 0.3831192 1.7786835 2.1983953 1.6785349 1.2588231 9.0000000 9.0000000 1.1132061 1.0297869 0.0734853 0.0000000 1.5901977 1.7786835 
t19        2.7182557 0.8545757 0.9913169 1.2588231 1.2588231 1.8942965 1.2070784 1.8942965 1.3144041 1.0297869 2.1983953 1.4396946 1.4396946 1.4396946 1.0703373 0.9913169 1.8942965 1.5901977 0.0000000 0.1549607 
t11        1.5111773 0.7945437 1.0703373 1.4396946 1.5111773 2.1983953 1.3144041 2.1983953 1.2588231 1.0297869 2.7182557 1.5111773 1.7786835 2.1983953 1.0297869 1.0703373 1.8942965 1.7786835 0.1549607 0.0000000 
