20
t17        0.0000000 0.8545757 1.0703373 1.1586745 0.9913169 0.8545757 0.9913169 1.1586745 1.2588231 0.7126442 0.8864954 0.9913169 1.0297869 1.0297869 0.8864954 0.9198342 1.0297869 0.9913169 0.9913169 0.9913169 
t18        0.8545757 0.0000000 0.7126442 0.7945437 0.6872180 0.6388142 0.7126442 0.8864954 0.9913169 0.5716050 0.5933457 0.5099265 0.4904449 0.6388142 0.6872180 0.9198342 0.8545757 0.8545757 0.8864954 0.8545757 
t3         1.0703373 0.7126442 0.0000000 0.5933457 0.5716050 0.5716050 0.7662384 0.7945437 0.7389627 0.6626257 0.8545757 0.6388142 0.7126442 0.5933457 0.5933457 0.9913169 0.9547243 0.9198342 0.9198342 0.8864954 
t19        1.1586745 0.7945437 0.5933457 0.0000000 0.5933457 0.6157354 0.7945437 0.7389627 0.8545757 0.5933457 0.7126442 0.6157354 0.7662384 0.6388142 0.6626257 0.9547243 0.8864954 0.8545757 0.9198342 0.9198342 
t5         0.9913169 0.6872180 0.5716050 0.5933457 0.0000000 0.4714565 0.7662384 0.6626257 0.6872180 0.7662384 0.8864954 0.6388142 0.5299277 0.4714565 0.5299277 0.8239592 0.8545757 0.7662384 0.8545757 0.8239592 
t6         0.8545757 0.6388142 0.5716050 0.6157354 0.4714565 0.0000000 0.6872180 0.7389627 0.5933457 0.6157354 0.6157354 0.6872180 0.6157354 0.5716050 0.5099265 0.8239592 0.7662384 0.7945437 0.8239592 0.7945437 
t7         0.9913169 0.7126442 0.7662384 0.7945437 0.7662384 0.6872180 0.0000000 1.0703373 1.0703373 0.4904449 0.5504769 0.6388142 0.6157354 0.7126442 0.6626257 0.3831192 0.3347153 0.3505054 0.3831192 0.3999739 
t8         1.1586745 0.8864954 0.7945437 0.7389627 0.6626257 0.7389627 1.0703373 0.0000000 0.3347153 0.8239592 0.9198342 0.9547243 1.0297869 0.6872180 0.6872180 1.0703373 1.1132061 1.0297869 1.0297869 1.0297869 
t13        1.2588231 0.9913169 0.7389627 0.8545757 0.6872180 0.5933457 1.0703373 0.3347153 0.0000000 0.8864954 0.9198342 0.9198342 0.8545757 0.7126442 0.7126442 1.0703373 1.1132061 1.0703373 1.0703373 1.0703373 
t4         0.7126442 0.5716050 0.6626257 0.5933457 0.7662384 0.6157354 0.4904449 0.8239592 0.8864954 0.0000000 0.1427653 0.5933457 0.6388142 0.7389627 0.7126442 0.6157354 0.6157354 0.6157354 0.6388142 0.6626257 
t9         0.8864954 0.5933457 0.8545757 0.7126442 0.8864954 0.6157354 0.5504769 0.9198342 0.9198342 0.1427653 0.0000000 0.6626257 0.6388142 0.8239592 0.7945437 0.7126442 0.7126442 0.7126442 0.7389627 0.7662384 
t1         0.9913169 0.5099265 0.6388142 0.6157354 0.6388142 0.6872180 0.6388142 0.9547243 0.9198342 0.5933457 0.6626257 0.0000000 0.1549607 0.6626257 0.6872180 0.8864954 0.7945437 0.8239592 0.8545757 0.8239592 
t10        1.0297869 0.4904449 0.7126442 0.7662384 0.5299277 0.6157354 0.6157354 1.0297869 0.8545757 0.6388142 0.6388142 0.1549607 0.0000000 0.6626257 0.6626257 0.8545757 0.7945437 0.8239592 0.8545757 0.8239592 
t20        1.0297869 0.6388142 0.5933457 0.6388142 0.4714565 0.5716050 0.7126442 0.6872180 0.7126442 0.7389627 0.8239592 0.6626257 0.6626257 0.0000000 0.1073256 0.7945437 0.7389627 0.6872180 0.7662384 0.7662384 
t11        0.8864954 0.6872180 0.5933457 0.6626257 0.5299277 0.5099265 0.6626257 0.6872180 0.7126442 0.7126442 0.7945437 0.6872180 0.6626257 0.1073256 0.0000000 0.7945437 0.7389627 0.6872180 0.7662384 0.7662384 
t14        0.9198342 0.9198342 0.9913169 0.9547243 0.8239592 0.8239592 0.3831192 1.0703373 1.0703373 0.6157354 0.7126442 0.8864954 0.8545757 0.7945437 0.7945437 0.0000000 0.0958750 0.0958750 0.1189538 0.1307650 
t2         1.0297869 0.8545757 0.9547243 0.8864954 0.8545757 0.7662384 0.3347153 1.1132061 1.1132061 0.6157354 0.7126442 0.7945437 0.7945437 0.7389627 0.7389627 0.0958750 0.0000000 0.0734853 0.0958750 0.1073256 
t12        0.9913169 0.8545757 0.9198342 0.8545757 0.7662384 0.7945437 0.3505054 1.0297869 1.0703373 0.6157354 0.7126442 0.8239592 0.8239592 0.6872180 0.6872180 0.0958750 0.0734853 0.0000000 0.0411062 0.0517447 
t15        0.9913169 0.8864954 0.9198342 0.9198342 0.8545757 0.8239592 0.3831192 1.0297869 1.0703373 0.6388142 0.7389627 0.8545757 0.8545757 0.7662384 0.7662384 0.1189538 0.0958750 0.0411062 0.0000000 0.0100673 
t16        0.9913169 0.8545757 0.8864954 0.9198342 0.8239592 0.7945437 0.3999739 1.0297869 1.0703373 0.6626257 0.7662384 0.8239592 0.8239592 0.7662384 0.7662384 0.1307650 0.1073256 0.0517447 0.0100673 0.0000000 
