20
t15        0.0000000 1.8942965 1.5901977 9.0000000 1.7786835 1.1132061 2.0310377 1.2588231 1.2588231 0.9547243 0.6872180 1.5901977 1.4396946 1.4396946 1.3144041 1.0703373 1.8942965 2.1983953 1.1132061 1.1132061 
t7         1.8942965 0.0000000 1.2588231 2.4141569 1.8942965 1.1132061 1.5111773 1.6785349 1.4396946 1.7786835 1.5111773 1.5901977 1.2588231 1.6785349 2.1983953 1.8942965 0.8864954 0.8545757 1.8942965 2.0310377 
t11        1.5901977 1.2588231 0.0000000 2.1983953 3.2381161 1.3144041 2.0310377 1.5111773 2.0310377 2.0310377 1.3744361 1.1586745 1.2588231 1.7786835 1.7786835 1.5111773 1.1132061 1.2070784 1.8942965 1.8942965 
t2         9.0000000 2.4141569 2.1983953 0.0000000 9.0000000 2.1983953 2.7182557 1.8942965 2.4141569 9.0000000 3.2381161 2.1983953 2.0310377 2.4141569 2.1983953 2.4141569 9.0000000 9.0000000 1.8942965 1.8942965 
t16        1.7786835 1.8942965 3.2381161 9.0000000 0.0000000 1.0703373 0.9913169 1.2070784 1.7786835 1.8942965 1.6785349 1.2070784 1.1586745 1.2070784 1.0703373 2.1983953 1.5901977 1.5901977 3.2381161 3.2381161 
t3         1.1132061 1.1132061 1.3144041 2.1983953 1.0703373 0.0000000 0.7126442 0.7126442 1.3744361 1.4396946 1.4396946 0.9547243 0.8545757 1.5111773 1.3744361 1.8942965 2.0310377 1.7786835 2.0310377 2.1983953 
t14        2.0310377 1.5111773 2.0310377 2.7182557 0.9913169 0.7126442 0.0000000 1.0703373 1.6785349 2.1983953 1.5111773 0.9547243 0.9547243 1.7786835 1.5111773 2.4141569 2.7182557 2.1983953 2.1983953 2.4141569 
t4         1.2588231 1.6785349 1.5111773 1.8942965 1.2070784 0.7126442 1.0703373 0.0000000 1.6785349 1.8942965 1.1586745 0.9198342 0.8239592 1.7786835 1.4396946 1.5901977 1.7786835 1.7786835 1.3144041 1.3744361 
t17        1.2588231 1.4396946 2.0310377 2.4141569 1.7786835 1.3744361 1.6785349 1.6785349 0.0000000 1.2070784 1.0297869 1.5901977 2.4141569 9.0000000 9.0000000 2.4141569 2.0310377 1.7786835 2.0310377 1.8942965 
t9         0.9547243 1.7786835 2.0310377 9.0000000 1.8942965 1.4396946 2.1983953 1.8942965 1.2070784 0.0000000 0.4714565 3.2381161 2.1983953 2.1983953 1.6785349 0.9547243 9.0000000 9.0000000 0.8864954 0.8864954 
t6         0.6872180 1.5111773 1.3744361 3.2381161 1.6785349 1.4396946 1.5111773 1.1586745 1.0297869 0.4714565 0.0000000 1.3744361 1.6785349 1.2588231 1.1586745 0.5933457 2.4141569 2.7182557 0.6388142 0.6157354 
t10        1.5901977 1.5901977 1.1586745 2.1983953 1.2070784 0.9547243 0.9547243 0.9198342 1.5901977 3.2381161 1.3744361 0.0000000 0.3040988 1.5901977 1.4396946 1.5111773 1.5901977 1.4396946 1.5901977 1.5111773 
t13        1.4396946 1.2588231 1.2588231 2.0310377 1.1586745 0.8545757 0.9547243 0.8239592 2.4141569 2.1983953 1.6785349 0.3040988 0.0000000 1.8942965 1.7786835 1.3744361 2.1983953 1.8942965 1.5901977 1.5111773 
t19        1.4396946 1.6785349 1.7786835 2.4141569 1.2070784 1.5111773 1.7786835 1.7786835 9.0000000 2.1983953 1.2588231 1.5901977 1.8942965 0.0000000 0.1927838 2.1983953 1.2070784 1.2070784 2.0310377 2.1983953 
t20        1.3144041 2.1983953 1.7786835 2.1983953 1.0703373 1.3744361 1.5111773 1.4396946 9.0000000 1.6785349 1.1586745 1.4396946 1.7786835 0.1927838 0.0000000 2.1983953 1.5111773 1.5111773 1.8942965 2.0310377 
t18        1.0703373 1.8942965 1.5111773 2.4141569 2.1983953 1.8942965 2.4141569 1.5901977 2.4141569 0.9547243 0.5933457 1.5111773 1.3744361 2.1983953 2.1983953 0.0000000 9.0000000 9.0000000 0.2463781 0.2603971 
t12        1.8942965 0.8864954 1.1132061 9.0000000 1.5901977 2.0310377 2.7182557 1.7786835 2.0310377 9.0000000 2.4141569 1.5901977 2.1983953 1.2070784 1.5111773 9.0000000 0.0000000 0.0306165 9.0000000 9.0000000 
t1         2.1983953 0.8545757 1.2070784 9.0000000 1.5901977 1.7786835 2.1983953 1.7786835 1.7786835 9.0000000 2.7182557 1.4396946 1.8942965 1.2070784 1.5111773 9.0000000 0.0306165 0.0000000 9.0000000 9.0000000 
t8         1.1132061 1.8942965 1.8942965 1.8942965 3.2381161 2.0310377 2.1983953 1.3144041 2.0310377 0.8864954 0.6388142 1.5901977 1.5901977 2.0310377 1.8942965 0.2463781 9.0000000 9.0000000 0.0000000 0.0100673 
t5         1.1132061 2.0310377 1.8942965 1.8942965 3.2381161 2.1983953 2.4141569 1.3744361 1.8942965 0.8864954 0.6157354 1.5111773 1.5111773 2.1983953 2.0310377 0.2603971 9.0000000 9.0000000 0.0100673 0.0000000 
