20
t7         0.0000000 0.6872180 0.7662384 0.7126442 1.1586745 2.4141569 0.6157354 0.6872180 1.0297869 0.6626257 0.7126442 0.9547243 1.3744361 0.5299277 0.7389627 1.2070784 1.1586745 1.5901977 0.8239592 0.7662384 
t12        0.6872180 0.0000000 0.7389627 0.7945437 1.2588231 1.5901977 1.2070784 0.8864954 1.2588231 0.9547243 0.9913169 1.6785349 1.8942965 0.6626257 0.8239592 1.6785349 1.1586745 1.1586745 0.9198342 0.7389627 
t15        0.7662384 0.7389627 0.0000000 1.1586745 1.2070784 1.6785349 0.8545757 0.9198342 1.5111773 0.9547243 0.7945437 1.4396946 1.3744361 0.7126442 0.9913169 1.5901977 1.1586745 0.9913169 0.7126442 0.5504769 
t13        0.7126442 0.7945437 1.1586745 0.0000000 1.5901977 2.4141569 1.0703373 1.1132061 1.5901977 1.0703373 1.2070784 1.5111773 9.0000000 0.8864954 1.1132061 1.5901977 1.2070784 9.0000000 1.3744361 1.2070784 
t10        1.1586745 1.2588231 1.2070784 1.5901977 0.0000000 3.2381161 1.2588231 1.0297869 1.1586745 1.2070784 1.5901977 1.3144041 1.7786835 1.3144041 1.4396946 2.1983953 1.3144041 1.8942965 2.4141569 1.6785349 
t3         2.4141569 1.5901977 1.6785349 2.4141569 3.2381161 0.0000000 2.4141569 9.0000000 2.1983953 1.5901977 2.4141569 9.0000000 9.0000000 2.0310377 3.2381161 9.0000000 9.0000000 1.5111773 1.8942965 1.5111773 
t20        0.6157354 1.2070784 0.8545757 1.0703373 1.2588231 2.4141569 0.0000000 0.9547243 1.5111773 0.7126442 0.6157354 1.1132061 1.3144041 0.9547243 1.1132061 1.5111773 1.3744361 1.7786835 1.2588231 1.0703373 
t6         0.6872180 0.8864954 0.9198342 1.1132061 1.0297869 9.0000000 0.9547243 0.0000000 0.6157354 0.8239592 0.8239592 0.6626257 1.1132061 0.7126442 0.9547243 1.3144041 1.3144041 1.4396946 1.1132061 0.8545757 
t16        1.0297869 1.2588231 1.5111773 1.5901977 1.1586745 2.1983953 1.5111773 0.6157354 0.0000000 1.1586745 1.3144041 1.1132061 1.3744361 0.9198342 1.3144041 1.3144041 1.1132061 2.0310377 1.5111773 1.1586745 
t8         0.6626257 0.9547243 0.9547243 1.0703373 1.2070784 1.5901977 0.7126442 0.8239592 1.1586745 0.0000000 0.5099265 1.1586745 1.2588231 0.7389627 0.9547243 1.1132061 1.2070784 1.6785349 1.5111773 1.0297869 
t4         0.7126442 0.9913169 0.7945437 1.2070784 1.5901977 2.4141569 0.6157354 0.8239592 1.3144041 0.5099265 0.0000000 1.4396946 1.5901977 0.7389627 0.8864954 1.5901977 2.0310377 1.3744361 1.2070784 0.9913169 
t19        0.9547243 1.6785349 1.4396946 1.5111773 1.3144041 9.0000000 1.1132061 0.6626257 1.1132061 1.1586745 1.4396946 0.0000000 0.8239592 0.9913169 1.4396946 1.5901977 1.4396946 3.2381161 2.4141569 1.5111773 
t9         1.3744361 1.8942965 1.3744361 9.0000000 1.7786835 9.0000000 1.3144041 1.1132061 1.3744361 1.2588231 1.5901977 0.8239592 0.0000000 1.3144041 1.7786835 1.8942965 1.6785349 9.0000000 2.7182557 2.0310377 
t17        0.5299277 0.6626257 0.7126442 0.8864954 1.3144041 2.0310377 0.9547243 0.7126442 0.9198342 0.7389627 0.7389627 0.9913169 1.3144041 0.0000000 0.4714565 1.2070784 0.7662384 1.3144041 0.9547243 0.7945437 
t5         0.7389627 0.8239592 0.9913169 1.1132061 1.4396946 3.2381161 1.1132061 0.9547243 1.3144041 0.9547243 0.8864954 1.4396946 1.7786835 0.4714565 0.0000000 1.3744361 0.8864954 1.6785349 1.0703373 0.9913169 
t18        1.2070784 1.6785349 1.5901977 1.5901977 2.1983953 9.0000000 1.5111773 1.3144041 1.3144041 1.1132061 1.5901977 1.5901977 1.8942965 1.2070784 1.3744361 0.0000000 0.7945437 3.2381161 3.2381161 1.4396946 
t11        1.1586745 1.1586745 1.1586745 1.2070784 1.3144041 9.0000000 1.3744361 1.3144041 1.1132061 1.2070784 2.0310377 1.4396946 1.6785349 0.7662384 0.8864954 0.7945437 0.0000000 2.7182557 1.5111773 1.4396946 
t1         1.5901977 1.1586745 0.9913169 9.0000000 1.8942965 1.5111773 1.7786835 1.4396946 2.0310377 1.6785349 1.3744361 3.2381161 9.0000000 1.3144041 1.6785349 3.2381161 2.7182557 0.0000000 0.8545757 0.6157354 
t2         0.8239592 0.9198342 0.7126442 1.3744361 2.4141569 1.8942965 1.2588231 1.1132061 1.5111773 1.5111773 1.2070784 2.4141569 2.7182557 0.9547243 1.0703373 3.2381161 1.5111773 0.8545757 0.0000000 0.1549607 
t14        0.7662384 0.7389627 0.5504769 1.2070784 1.6785349 1.5111773 1.0703373 0.8545757 1.1586745 1.0297869 0.9913169 1.5111773 2.0310377 0.7945437 0.9913169 1.4396946 1.4396946 0.6157354 0.1549607 0.0000000 
