20
t13        0.0000000 1.3144041 1.0703373 2.7182557 1.0297869 0.9547243 0.7126442 1.2588231 1.1132061 2.1983953 2.1983953 0.9547243 0.8239592 2.4141569 0.9913169 0.9547243 2.7182557 2.7182557 1.5901977 1.4396946 
t18        1.3144041 0.0000000 0.6626257 9.0000000 1.8942965 1.8942965 1.2070784 1.8942965 1.7786835 2.4141569 2.7182557 1.7786835 1.5111773 3.2381161 1.7786835 1.7786835 2.4141569 2.4141569 9.0000000 9.0000000 
t12        1.0703373 0.6626257 0.0000000 9.0000000 1.2070784 1.5901977 0.9913169 3.2381161 2.0310377 9.0000000 9.0000000 1.8942965 1.5111773 2.7182557 1.4396946 1.7786835 2.7182557 2.1983953 2.4141569 9.0000000 
t11        2.7182557 9.0000000 9.0000000 0.0000000 2.0310377 1.2588231 1.5901977 1.8942965 1.1132061 2.7182557 9.0000000 1.4396946 1.1586745 9.0000000 1.6785349 1.6785349 9.0000000 9.0000000 2.4141569 2.1983953 
t14        1.0297869 1.8942965 1.2070784 2.0310377 0.0000000 0.8239592 0.9198342 1.5111773 0.8864954 2.7182557 3.2381161 1.0703373 0.7126442 1.8942965 0.9913169 0.7389627 2.0310377 1.7786835 1.4396946 1.5901977 
t16        0.9547243 1.8942965 1.5901977 1.2588231 0.8239592 0.0000000 0.6388142 1.0703373 0.6626257 9.0000000 9.0000000 0.6872180 0.3505054 1.2588231 0.7126442 0.5504769 1.1586745 1.2588231 1.1586745 1.1132061 
t20        0.7126442 1.2070784 0.9913169 1.5901977 0.9198342 0.6388142 0.0000000 0.7126442 0.7389627 3.2381161 9.0000000 0.8864954 0.5716050 1.3744361 0.7126442 0.6872180 1.7786835 1.5901977 1.3744361 1.1586745 
t3         1.2588231 1.8942965 3.2381161 1.8942965 1.5111773 1.0703373 0.7126442 0.0000000 1.0703373 1.8942965 1.6785349 0.9547243 0.9198342 2.0310377 1.1586745 1.0703373 1.8942965 2.1983953 2.1983953 2.0310377 
t8         1.1132061 1.7786835 2.0310377 1.1132061 0.8864954 0.6626257 0.7389627 1.0703373 0.0000000 9.0000000 2.7182557 0.5716050 0.2892469 1.4396946 0.9547243 0.6872180 1.4396946 1.5111773 1.3744361 1.4396946 
t17        2.1983953 2.4141569 9.0000000 2.7182557 2.7182557 9.0000000 3.2381161 1.8942965 9.0000000 0.0000000 0.2603971 9.0000000 9.0000000 9.0000000 9.0000000 9.0000000 9.0000000 9.0000000 9.0000000 9.0000000 
t1         2.1983953 2.7182557 9.0000000 9.0000000 3.2381161 9.0000000 9.0000000 1.6785349 2.7182557 0.2603971 0.0000000 9.0000000 9.0000000 9.0000000 9.0000000 9.0000000 2.7182557 9.0000000 9.0000000 9.0000000 
t2         0.9547243 1.7786835 1.8942965 1.4396946 1.0703373 0.6872180 0.8864954 0.9547243 0.5716050 9.0000000 9.0000000 0.0000000 0.3040988 1.2588231 0.8545757 0.7389627 1.2588231 1.2588231 1.7786835 1.5111773 
t7         0.8239592 1.5111773 1.5111773 1.1586745 0.7126442 0.3505054 0.5716050 0.9198342 0.2892469 9.0000000 9.0000000 0.3040988 0.0000000 1.1132061 0.6626257 0.5099265 1.1586745 1.1132061 1.1586745 1.1132061 
t4         2.4141569 3.2381161 2.7182557 9.0000000 1.8942965 1.2588231 1.3744361 2.0310377 1.4396946 9.0000000 9.0000000 1.2588231 1.1132061 0.0000000 0.9547243 0.7662384 0.3666350 0.2058276 1.7786835 2.0310377 
t9         0.9913169 1.7786835 1.4396946 1.6785349 0.9913169 0.7126442 0.7126442 1.1586745 0.9547243 9.0000000 9.0000000 0.8545757 0.6626257 0.9547243 0.0000000 0.1799630 1.2588231 0.9547243 1.3744361 1.3744361 
t10        0.9547243 1.7786835 1.7786835 1.6785349 0.7389627 0.5504769 0.6872180 1.0703373 0.6872180 9.0000000 9.0000000 0.7389627 0.5099265 0.7662384 0.1799630 0.0000000 0.9913169 0.7662384 1.3144041 1.3144041 
t5         2.7182557 2.4141569 2.7182557 9.0000000 2.0310377 1.1586745 1.7786835 1.8942965 1.4396946 9.0000000 2.7182557 1.2588231 1.1586745 0.3666350 1.2588231 0.9913169 0.0000000 0.2463781 1.7786835 2.0310377 
t15        2.7182557 2.4141569 2.1983953 9.0000000 1.7786835 1.2588231 1.5901977 2.1983953 1.5111773 9.0000000 9.0000000 1.2588231 1.1132061 0.2058276 0.9547243 0.7662384 0.2463781 0.0000000 1.3144041 1.4396946 
t6         1.5901977 9.0000000 2.4141569 2.4141569 1.4396946 1.1586745 1.3744361 2.1983953 1.3744361 9.0000000 9.0000000 1.7786835 1.1586745 1.7786835 1.3744361 1.3144041 1.7786835 1.3144041 0.0000000 0.1427653 
t19        1.4396946 9.0000000 9.0000000 2.1983953 1.5901977 1.1132061 1.1586745 2.0310377 1.4396946 9.0000000 9.0000000 1.5111773 1.1132061 2.0310377 1.3744361 1.3144041 2.0310377 1.4396946 0.1427653 0.0000000 
