20
t13        0.0000000 0.7945437 0.5299277 1.3144041 0.5504769 0.5099265 0.5933457 0.6872180 0.5504769 0.4904449 0.9198342 0.5716050 0.6157354 0.7662384 0.6872180 0.5299277 0.4529370 0.4714565 0.7126442 0.6388142 
t6         0.7945437 0.0000000 0.5716050 1.3144041 0.6872180 0.8239592 1.1132061 0.9913169 0.8239592 0.8545757 1.3144041 1.0703373 1.1132061 0.7945437 0.7126442 1.0703373 0.7945437 0.8239592 1.3744361 0.9913169 
t20        0.5299277 0.5716050 0.0000000 0.9913169 0.3505054 0.4714565 0.5716050 0.6872180 0.5299277 0.5299277 1.2588231 0.6157354 0.6872180 0.6626257 0.5299277 0.6388142 0.5299277 0.5504769 0.7945437 0.8239592 
t12        1.3144041 1.3144041 0.9913169 0.0000000 0.9913169 1.1132061 1.2070784 1.4396946 1.3744361 1.1132061 9.0000000 1.6785349 1.1132061 1.3744361 1.2070784 1.1586745 1.1586745 1.1586745 1.3744361 1.2070784 
t1         0.5504769 0.6872180 0.3505054 0.9913169 0.0000000 0.5504769 0.6388142 0.8239592 0.6157354 0.6626257 1.1132061 0.7389627 0.6626257 0.5716050 0.5299277 0.6872180 0.6872180 0.7126442 0.8864954 0.7389627 
t19        0.5099265 0.8239592 0.4714565 1.1132061 0.5504769 0.0000000 0.5299277 0.6388142 0.4529370 0.2892469 0.8239592 0.4904449 0.4904449 0.7945437 0.5933457 0.3040988 0.2463781 0.2603971 0.4348639 0.3831192 
t11        0.5933457 1.1132061 0.5716050 1.2070784 0.6388142 0.5299277 0.0000000 0.8545757 0.6157354 0.5933457 0.7389627 0.3831192 0.6388142 1.0297869 0.9913169 0.5299277 0.6157354 0.6388142 0.7126442 0.6626257 
t2         0.6872180 0.9913169 0.6872180 1.4396946 0.8239592 0.6388142 0.8545757 0.0000000 0.1427653 0.5299277 1.1586745 0.6626257 0.6157354 0.9913169 0.9547243 0.5504769 0.5504769 0.5299277 0.6388142 0.5933457 
t9         0.5504769 0.8239592 0.5299277 1.3744361 0.6157354 0.4529370 0.6157354 0.1427653 0.0000000 0.3666350 0.9913169 0.5299277 0.4714565 0.8864954 0.8864954 0.3347153 0.3666350 0.3831192 0.4348639 0.3831192 
t16        0.4904449 0.8545757 0.5299277 1.1132061 0.6626257 0.2892469 0.5933457 0.5299277 0.3666350 0.0000000 0.7945437 0.5299277 0.3192509 0.7945437 0.6872180 0.2892469 0.0845966 0.0958750 0.4172160 0.3666350 
t17        0.9198342 1.3144041 1.2588231 9.0000000 1.1132061 0.8239592 0.7389627 1.1586745 0.9913169 0.7945437 0.0000000 0.4348639 0.9547243 1.1586745 1.0703373 0.7662384 0.7389627 0.7662384 0.9913169 0.7945437 
t4         0.5716050 1.0703373 0.6157354 1.6785349 0.7389627 0.4904449 0.3831192 0.6626257 0.5299277 0.5299277 0.4348639 0.0000000 0.6626257 0.8545757 0.7945437 0.5299277 0.5099265 0.5299277 0.6872180 0.6388142 
t14        0.6157354 1.1132061 0.6872180 1.1132061 0.6626257 0.4904449 0.6388142 0.6157354 0.4714565 0.3192509 0.9547243 0.6626257 0.0000000 1.0297869 0.9913169 0.4172160 0.2463781 0.2603971 0.5504769 0.4904449 
t5         0.7662384 0.7945437 0.6626257 1.3744361 0.5716050 0.7945437 1.0297869 0.9913169 0.8864954 0.7945437 1.1586745 0.8545757 1.0297869 0.0000000 0.1673577 0.9198342 0.7945437 0.8239592 1.1132061 0.9913169 
t3         0.6872180 0.7126442 0.5299277 1.2070784 0.5299277 0.5933457 0.9913169 0.9547243 0.8864954 0.6872180 1.0703373 0.7945437 0.9913169 0.1673577 0.0000000 0.8239592 0.7389627 0.7662384 1.0297869 0.9547243 
t10        0.5299277 1.0703373 0.6388142 1.1586745 0.6872180 0.3040988 0.5299277 0.5504769 0.3347153 0.2892469 0.7662384 0.5299277 0.4172160 0.9198342 0.8239592 0.0000000 0.2603971 0.2746833 0.0958750 0.0958750 
t15        0.4529370 0.7945437 0.5299277 1.1586745 0.6872180 0.2463781 0.6157354 0.5504769 0.3666350 0.0845966 0.7389627 0.5099265 0.2463781 0.7945437 0.7389627 0.2603971 0.0000000 0.0100673 0.3831192 0.3040988 
t8         0.4714565 0.8239592 0.5504769 1.1586745 0.7126442 0.2603971 0.6388142 0.5299277 0.3831192 0.0958750 0.7662384 0.5299277 0.2603971 0.8239592 0.7662384 0.2746833 0.0100673 0.0000000 0.3999739 0.3192509 
t7         0.7126442 1.3744361 0.7945437 1.3744361 0.8864954 0.4348639 0.7126442 0.6388142 0.4348639 0.4172160 0.9913169 0.6872180 0.5504769 1.1132061 1.0297869 0.0958750 0.3831192 0.3999739 0.0000000 0.1307650 
t18        0.6388142 0.9913169 0.8239592 1.2070784 0.7389627 0.3831192 0.6626257 0.5933457 0.3831192 0.3666350 0.7945437 0.6388142 0.4904449 0.9913169 0.9547243 0.0958750 0.3040988 0.3192509 0.1307650 0.0000000 
