20
t15        0.0000000 2.0310377 2.0310377 2.1983953 1.5111773 2.4141569 1.8942965 2.7182557 9.0000000 9.0000000 1.7786835 2.1983953 2.4141569 2.1983953 2.4141569 1.7786835 1.5111773 1.6785349 3.2381161 2.7182557 
t18        2.0310377 0.0000000 0.4348639 0.6388142 1.4396946 0.7389627 0.7126442 1.0297869 0.6626257 0.3505054 0.9198342 0.7662384 0.6872180 0.5299277 0.3999739 0.3505054 0.6626257 0.5933457 0.8239592 0.8239592 
t4         2.0310377 0.4348639 0.0000000 0.7945437 0.9547243 0.9547243 1.2588231 1.6785349 0.8864954 0.5504769 1.3744361 1.0297869 1.0297869 0.8864954 0.6872180 0.5716050 0.8545757 0.7389627 1.3744361 1.5111773 
t3         2.1983953 0.6388142 0.7945437 0.0000000 1.5111773 0.8239592 0.8239592 1.0297869 1.1132061 0.8545757 0.8239592 0.8239592 0.5716050 0.4529370 0.9547243 0.9547243 0.9547243 0.8864954 0.8239592 0.8545757 
t9         1.5111773 1.4396946 0.9547243 1.5111773 0.0000000 0.7126442 1.6785349 1.7786835 1.5901977 1.3144041 1.7786835 1.5111773 1.2070784 0.9198342 1.5901977 1.3744361 1.8942965 1.6785349 1.5901977 1.5111773 
t10        2.4141569 0.7389627 0.9547243 0.8239592 0.7126442 0.0000000 1.1132061 1.2588231 1.1132061 0.9198342 1.2070784 1.0297869 0.9198342 0.7126442 0.9547243 1.0703373 1.2588231 1.3744361 1.0297869 1.0297869 
t13        1.8942965 0.7126442 1.2588231 0.8239592 1.6785349 1.1132061 0.0000000 0.4904449 1.4396946 1.1132061 0.3999739 0.3666350 0.4904449 0.4172160 0.9547243 0.8864954 1.4396946 1.1586745 0.6626257 0.7126442 
t16        2.7182557 1.0297869 1.6785349 1.0297869 1.7786835 1.2588231 0.4904449 0.0000000 1.2588231 1.1586745 0.5299277 0.4904449 0.6388142 0.5716050 1.1132061 1.1586745 1.5901977 1.3144041 0.7945437 0.8545757 
t20        9.0000000 0.6626257 0.8864954 1.1132061 1.5901977 1.1132061 1.4396946 1.2588231 0.0000000 0.2746833 2.1983953 1.5901977 1.1132061 1.0703373 0.5716050 0.5933457 0.8545757 0.6388142 1.1132061 1.2070784 
t11        9.0000000 0.3505054 0.5504769 0.8545757 1.3144041 0.9198342 1.1132061 1.1586745 0.2746833 0.0000000 1.2070784 1.1586745 0.7945437 0.7945437 0.4172160 0.3666350 0.6872180 0.5933457 1.1132061 1.2070784 
t1         1.7786835 0.9198342 1.3744361 0.8239592 1.7786835 1.2070784 0.3999739 0.5299277 2.1983953 1.2070784 0.0000000 0.3192509 0.6388142 0.5504769 1.2070784 1.0703373 1.3144041 1.3144041 0.7945437 0.8545757 
t6         2.1983953 0.7662384 1.0297869 0.8239592 1.5111773 1.0297869 0.3666350 0.4904449 1.5901977 1.1586745 0.3192509 0.0000000 0.5099265 0.4172160 1.1132061 1.0297869 1.0703373 1.1132061 0.6626257 0.7389627 
t19        2.4141569 0.6872180 1.0297869 0.5716050 1.2070784 0.9198342 0.4904449 0.6388142 1.1132061 0.7945437 0.6388142 0.5099265 0.0000000 0.1799630 1.1132061 0.8545757 1.0703373 0.9547243 0.5504769 0.5716050 
t5         2.1983953 0.5299277 0.8864954 0.4529370 0.9198342 0.7126442 0.4172160 0.5716050 1.0703373 0.7945437 0.5504769 0.4172160 0.1799630 0.0000000 0.9547243 0.7945437 0.9547243 0.8239592 0.3666350 0.3505054 
t2         2.4141569 0.3999739 0.6872180 0.9547243 1.5901977 0.9547243 0.9547243 1.1132061 0.5716050 0.4172160 1.2070784 1.1132061 1.1132061 0.9547243 0.0000000 0.1927838 0.5099265 0.3999739 1.2588231 1.2070784 
t17        1.7786835 0.3505054 0.5716050 0.9547243 1.3744361 1.0703373 0.8864954 1.1586745 0.5933457 0.3666350 1.0703373 1.0297869 0.8545757 0.7945437 0.1927838 0.0000000 0.5299277 0.4529370 1.1132061 1.1132061 
t14        1.5111773 0.6626257 0.8545757 0.9547243 1.8942965 1.2588231 1.4396946 1.5901977 0.8545757 0.6872180 1.3144041 1.0703373 1.0703373 0.9547243 0.5099265 0.5299277 0.0000000 0.2603971 1.3144041 1.5111773 
t12        1.6785349 0.5933457 0.7389627 0.8864954 1.6785349 1.3744361 1.1586745 1.3144041 0.6388142 0.5933457 1.3144041 1.1132061 0.9547243 0.8239592 0.3999739 0.4529370 0.2603971 0.0000000 1.1132061 1.2070784 
t8         3.2381161 0.8239592 1.3744361 0.8239592 1.5901977 1.0297869 0.6626257 0.7945437 1.1132061 1.1132061 0.7945437 0.6626257 0.5504769 0.3666350 1.2588231 1.1132061 1.3144041 1.1132061 0.0000000 0.0517447 
t7         2.7182557 0.8239592 1.5111773 0.8545757 1.5111773 1.0297869 0.7126442 0.8545757 1.2070784 1.2070784 0.8545757 0.7389627 0.5716050 0.3505054 1.2070784 1.1132061 1.5111773 1.2070784 0.0517447 0.0000000 
