20
t2         0.0000000 0.7389627 0.7945437 1.0703373 0.9198342 0.7389627 1.0703373 0.8864954 0.8864954 0.6626257 0.7126442 1.0703373 0.8239592 1.0297869 1.0297869 0.7945437 0.6157354 0.7945437 1.1132061 1.0703373 
t17        0.7389627 0.0000000 0.7389627 0.9913169 0.9198342 0.9198342 1.7786835 1.0297869 1.3144041 0.7126442 0.7389627 1.2070784 1.0703373 1.0297869 0.9547243 0.8864954 0.8545757 1.3144041 0.8864954 0.8545757 
t9         0.7945437 0.7389627 0.0000000 1.2588231 1.1132061 1.0297869 1.6785349 1.2588231 1.4396946 0.8239592 0.8545757 1.4396946 1.1132061 1.1132061 1.0703373 1.2070784 1.0703373 1.3144041 1.2588231 1.1132061 
t3         1.0703373 0.9913169 1.2588231 0.0000000 1.3144041 0.7126442 1.4396946 0.7662384 0.9198342 1.1132061 1.2588231 1.1132061 0.7126442 1.5111773 1.0703373 1.2588231 0.8239592 1.0297869 1.2070784 1.2070784 
t10        0.9198342 0.9198342 1.1132061 1.3144041 0.0000000 1.0297869 0.8239592 1.3144041 1.4396946 1.1132061 0.9547243 1.3144041 1.6785349 1.1586745 1.3144041 0.7945437 0.9913169 1.0297869 0.8545757 0.8545757 
t1         0.7389627 0.9198342 1.0297869 0.7126442 1.0297869 0.0000000 1.2588231 0.4714565 1.1586745 1.0703373 1.0703373 0.6626257 0.5933457 1.4396946 1.2588231 0.9547243 0.8545757 1.2588231 1.0703373 0.9913169 
t11        1.0703373 1.7786835 1.6785349 1.4396946 0.8239592 1.2588231 0.0000000 1.5901977 1.8942965 1.3144041 1.2588231 1.5901977 1.5111773 3.2381161 3.2381161 0.7945437 1.3144041 1.3144041 0.8239592 0.7662384 
t20        0.8864954 1.0297869 1.2588231 0.7662384 1.3144041 0.4714565 1.5901977 0.0000000 0.8545757 0.8864954 0.7945437 0.6388142 0.5099265 1.3744361 1.4396946 1.0297869 0.7389627 1.2070784 1.0297869 1.1132061 
t16        0.8864954 1.3144041 1.4396946 0.9198342 1.4396946 1.1586745 1.8942965 0.8545757 0.0000000 0.7662384 1.1586745 1.1586745 0.9913169 1.4396946 1.3144041 1.1132061 0.5299277 0.7126442 1.3744361 1.3144041 
t4         0.6626257 0.7126442 0.8239592 1.1132061 1.1132061 1.0703373 1.3144041 0.8864954 0.7662384 0.0000000 0.2746833 0.9547243 0.8864954 0.9198342 0.9198342 1.0297869 0.5299277 0.7945437 0.9547243 0.9547243 
t5         0.7126442 0.7389627 0.8545757 1.2588231 0.9547243 1.0703373 1.2588231 0.7945437 1.1586745 0.2746833 0.0000000 0.9198342 0.9198342 0.9913169 1.1586745 0.9547243 0.7389627 0.9913169 1.1132061 0.9198342 
t12        1.0703373 1.2070784 1.4396946 1.1132061 1.3144041 0.6626257 1.5901977 0.6388142 1.1586745 0.9547243 0.9198342 0.0000000 0.5933457 1.5901977 1.5901977 1.0297869 0.8864954 1.2070784 1.4396946 1.2070784 
t14        0.8239592 1.0703373 1.1132061 0.7126442 1.6785349 0.5933457 1.5111773 0.5099265 0.9913169 0.8864954 0.9198342 0.5933457 0.0000000 1.1132061 1.1132061 0.9913169 0.6157354 0.9547243 1.2070784 1.1132061 
t8         1.0297869 1.0297869 1.1132061 1.5111773 1.1586745 1.4396946 3.2381161 1.3744361 1.4396946 0.9198342 0.9913169 1.5901977 1.1132061 0.0000000 0.3831192 1.5111773 0.9913169 1.4396946 1.4396946 1.5111773 
t7         1.0297869 0.9547243 1.0703373 1.0703373 1.3144041 1.2588231 3.2381161 1.4396946 1.3144041 0.9198342 1.1586745 1.5901977 1.1132061 0.3831192 0.0000000 1.2588231 0.9198342 1.0297869 1.3144041 1.3144041 
t6         0.7945437 0.8864954 1.2070784 1.2588231 0.7945437 0.9547243 0.7945437 1.0297869 1.1132061 1.0297869 0.9547243 1.0297869 0.9913169 1.5111773 1.2588231 0.0000000 0.7389627 0.8545757 0.4529370 0.3666350 
t13        0.6157354 0.8545757 1.0703373 0.8239592 0.9913169 0.8545757 1.3144041 0.7389627 0.5299277 0.5299277 0.7389627 0.8864954 0.6157354 0.9913169 0.9198342 0.7389627 0.0000000 0.2603971 0.7662384 0.7945437 
t18        0.7945437 1.3144041 1.3144041 1.0297869 1.0297869 1.2588231 1.3144041 1.2070784 0.7126442 0.7945437 0.9913169 1.2070784 0.9547243 1.4396946 1.0297869 0.8545757 0.2603971 0.0000000 0.9913169 0.9913169 
t19        1.1132061 0.8864954 1.2588231 1.2070784 0.8545757 1.0703373 0.8239592 1.0297869 1.3744361 0.9547243 1.1132061 1.4396946 1.2070784 1.4396946 1.3144041 0.4529370 0.7662384 0.9913169 0.0000000 0.2058276 
t15        1.0703373 0.8545757 1.1132061 1.2070784 0.8545757 0.9913169 0.7662384 1.1132061 1.3144041 0.9547243 0.9198342 1.2070784 1.1132061 1.5111773 1.3144041 0.3666350 0.7945437 0.9913169 0.2058276 0.0000000 
