20
t7         0.0000000 1.5901977 1.5111773 0.9547243 1.2588231 1.3144041 1.2588231 1.5901977 1.2070784 1.1586745 1.4396946 1.1586745 1.3744361 1.3744361 1.3744361 1.2070784 1.2070784 1.3744361 0.8864954 0.9198342 
t12        1.5901977 0.0000000 2.0310377 1.0703373 1.3744361 0.7945437 1.0703373 1.5901977 1.4396946 1.0703373 1.5901977 0.8545757 0.9547243 1.0703373 1.3744361 1.5111773 0.9913169 0.9547243 1.0703373 1.1132061 
t18        1.5111773 2.0310377 0.0000000 0.7945437 1.5111773 1.2070784 1.2588231 1.7786835 1.3144041 0.9913169 1.0297869 1.3144041 1.1132061 1.1586745 1.0297869 1.1132061 1.6785349 1.7786835 1.0297869 1.0297869 
t16        0.9547243 1.0703373 0.7945437 0.0000000 0.8545757 0.7389627 0.8864954 1.3144041 1.0703373 0.6626257 0.9547243 0.7945437 0.8239592 0.8239592 0.9198342 0.9198342 0.8239592 0.8864954 0.5716050 0.5716050 
t2         1.2588231 1.3744361 1.5111773 0.8545757 0.0000000 0.7389627 0.9547243 1.0703373 1.4396946 0.9547243 1.2588231 0.9913169 1.0703373 0.9547243 1.2588231 1.2070784 0.6157354 0.6388142 0.9198342 1.0297869 
t6         1.3144041 0.7945437 1.2070784 0.7389627 0.7389627 0.0000000 0.9198342 1.0297869 0.8864954 0.8239592 1.1586745 0.8864954 0.9547243 0.9913169 1.0703373 1.0703373 0.8864954 0.8545757 0.7945437 0.8864954 
t11        1.2588231 1.0703373 1.2588231 0.8864954 0.9547243 0.9198342 0.0000000 1.3744361 2.0310377 0.5299277 0.9198342 0.5299277 0.6626257 0.5933457 0.8545757 0.8864954 1.0703373 1.0703373 0.5099265 0.5299277 
t3         1.5901977 1.5901977 1.7786835 1.3144041 1.0703373 1.0297869 1.3744361 0.0000000 1.0703373 1.5901977 1.4396946 1.2070784 1.3744361 1.3744361 1.2588231 1.3744361 1.5111773 1.3144041 1.1132061 1.3744361 
t13        1.2070784 1.4396946 1.3144041 1.0703373 1.4396946 0.8864954 2.0310377 1.0703373 0.0000000 1.2588231 1.2588231 1.4396946 1.5901977 1.3144041 1.3144041 1.3744361 1.3144041 1.4396946 1.2070784 1.2588231 
t20        1.1586745 1.0703373 0.9913169 0.6626257 0.9547243 0.8239592 0.5299277 1.5901977 1.2588231 0.0000000 0.6388142 0.7126442 0.6872180 0.6626257 0.6388142 0.7126442 1.1132061 1.0703373 0.1927838 0.2326162 
t5         1.4396946 1.5901977 1.0297869 0.9547243 1.2588231 1.1586745 0.9198342 1.4396946 1.2588231 0.6388142 0.0000000 0.8239592 0.7945437 0.8239592 0.2326162 0.3040988 1.2588231 1.0703373 0.5504769 0.5716050 
t15        1.1586745 0.8545757 1.3144041 0.7945437 0.9913169 0.8864954 0.5299277 1.2070784 1.4396946 0.7126442 0.8239592 0.0000000 0.2892469 0.2191023 0.8239592 0.7662384 0.8545757 0.8545757 0.5299277 0.5933457 
t10        1.3744361 0.9547243 1.1132061 0.8239592 1.0703373 0.9547243 0.6626257 1.3744361 1.5901977 0.6872180 0.7945437 0.2892469 0.0000000 0.2191023 0.7945437 0.7662384 0.9198342 0.8545757 0.5504769 0.5716050 
t14        1.3744361 1.0703373 1.1586745 0.8239592 0.9547243 0.9913169 0.5933457 1.3744361 1.3144041 0.6626257 0.8239592 0.2191023 0.2191023 0.0000000 0.7389627 0.7662384 0.8545757 0.8864954 0.5716050 0.6388142 
t17        1.3744361 1.3744361 1.0297869 0.9198342 1.2588231 1.0703373 0.8545757 1.2588231 1.3144041 0.6388142 0.2326162 0.8239592 0.7945437 0.7389627 0.0000000 0.1673577 1.3144041 1.1132061 0.5299277 0.5933457 
t19        1.2070784 1.5111773 1.1132061 0.9198342 1.2070784 1.0703373 0.8864954 1.3744361 1.3744361 0.7126442 0.3040988 0.7662384 0.7662384 0.7662384 0.1673577 0.0000000 1.2588231 1.0703373 0.5504769 0.5933457 
t8         1.2070784 0.9913169 1.6785349 0.8239592 0.6157354 0.8864954 1.0703373 1.5111773 1.3144041 1.1132061 1.2588231 0.8545757 0.9198342 0.8545757 1.3144041 1.2588231 0.0000000 0.1073256 0.9198342 0.8864954 
t4         1.3744361 0.9547243 1.7786835 0.8864954 0.6388142 0.8545757 1.0703373 1.3144041 1.4396946 1.0703373 1.0703373 0.8545757 0.8545757 0.8864954 1.1132061 1.0703373 0.1073256 0.0000000 0.9198342 0.9198342 
t1         0.8864954 1.0703373 1.0297869 0.5716050 0.9198342 0.7945437 0.5099265 1.1132061 1.2070784 0.1927838 0.5504769 0.5299277 0.5504769 0.5716050 0.5299277 0.5504769 0.9198342 0.9198342 0.0000000 0.1189538 
t9         0.9198342 1.1132061 1.0297869 0.5716050 1.0297869 0.8864954 0.5299277 1.3744361 1.2588231 0.2326162 0.5716050 0.5933457 0.5716050 0.6388142 0.5933457 0.5933457 0.8864954 0.9198342 0.1189538 0.0000000 
