20
t3         0.0000000 0.9913169 1.7786835 1.2588231 1.3144041 1.4396946 2.1983953 1.5111773 2.4141569 1.5111773 1.3744361 0.9198342 1.6785349 1.8942965 1.1132061 0.9913169 1.1132061 1.2588231 1.2588231 1.4396946 
t7         0.9913169 0.0000000 2.4141569 1.4396946 1.3744361 1.8942965 1.6785349 1.3744361 1.8942965 1.5111773 1.5901977 1.2588231 1.6785349 1.5901977 1.3144041 1.2588231 1.4396946 1.4396946 1.0703373 1.2588231 
t6         1.7786835 2.4141569 0.0000000 1.6785349 1.8942965 1.4396946 1.8942965 1.2070784 2.1983953 1.8942965 2.7182557 1.4396946 2.4141569 2.7182557 1.5901977 1.7786835 1.3744361 1.5901977 2.1983953 2.4141569 
t20        1.2588231 1.4396946 1.6785349 0.0000000 0.8239592 1.5901977 1.3144041 1.0703373 1.5111773 2.0310377 0.7945437 1.2070784 0.8239592 0.9547243 1.2588231 1.2070784 1.2588231 1.5111773 0.7662384 0.8545757 
t13        1.3144041 1.3744361 1.8942965 0.8239592 0.0000000 1.4396946 1.4396946 1.2070784 1.3744361 1.6785349 0.6872180 1.3144041 0.6388142 0.7662384 1.1586745 1.0703373 1.5111773 2.7182557 0.5299277 0.5099265 
t12        1.4396946 1.8942965 1.4396946 1.5901977 1.4396946 0.0000000 0.7389627 0.7389627 2.0310377 2.4141569 1.3744361 0.9913169 1.3144041 1.3144041 1.2070784 1.1132061 1.7786835 1.4396946 2.1983953 2.0310377 
t15        2.1983953 1.6785349 1.8942965 1.3144041 1.4396946 0.7389627 0.0000000 0.4714565 1.6785349 2.4141569 1.5111773 0.8545757 1.2070784 1.5111773 0.7662384 0.7662384 1.5901977 1.6785349 1.2588231 1.4396946 
t11        1.5111773 1.3744361 1.2070784 1.0703373 1.2070784 0.7389627 0.4714565 0.0000000 1.7786835 2.4141569 1.3144041 0.7389627 1.3144041 1.3744361 0.8239592 0.8545757 1.7786835 1.8942965 1.3744361 1.5111773 
t10        2.4141569 1.8942965 2.1983953 1.5111773 1.3744361 2.0310377 1.6785349 1.7786835 0.0000000 0.5299277 1.3744361 1.7786835 1.2588231 1.3744361 2.0310377 1.3744361 1.5111773 1.5901977 1.3144041 1.1586745 
t9         1.5111773 1.5111773 1.8942965 2.0310377 1.6785349 2.4141569 2.4141569 2.4141569 0.5299277 0.0000000 1.3744361 9.0000000 1.8942965 1.5111773 2.7182557 2.1983953 1.8942965 1.5901977 1.5901977 1.4396946 
t19        1.3744361 1.5901977 2.7182557 0.7945437 0.6872180 1.3744361 1.5111773 1.3144041 1.3744361 1.3744361 0.0000000 1.5111773 0.3505054 0.4714565 1.6785349 1.4396946 1.5901977 1.5901977 0.5099265 0.5299277 
t16        0.9198342 1.2588231 1.4396946 1.2070784 1.3144041 0.9913169 0.8545757 0.7389627 1.7786835 9.0000000 1.5111773 0.0000000 1.4396946 2.1983953 0.2326162 0.2463781 0.9198342 1.4396946 1.2070784 1.2588231 
t17        1.6785349 1.6785349 2.4141569 0.8239592 0.6388142 1.3144041 1.2070784 1.3144041 1.2588231 1.8942965 0.3505054 1.4396946 0.0000000 0.2058276 1.5901977 1.0297869 1.5901977 1.3744361 0.4714565 0.5299277 
t14        1.8942965 1.5901977 2.7182557 0.9547243 0.7662384 1.3144041 1.5111773 1.3744361 1.3744361 1.5111773 0.4714565 2.1983953 0.2058276 0.0000000 2.4141569 1.4396946 2.0310377 1.4396946 0.6157354 0.6626257 
t18        1.1132061 1.3144041 1.5901977 1.2588231 1.1586745 1.2070784 0.7662384 0.8239592 2.0310377 2.7182557 1.6785349 0.2326162 1.5901977 2.4141569 0.0000000 0.1799630 1.0297869 1.4396946 1.2070784 1.2588231 
t2         0.9913169 1.2588231 1.7786835 1.2070784 1.0703373 1.1132061 0.7662384 0.8545757 1.3744361 2.1983953 1.4396946 0.2463781 1.0297869 1.4396946 0.1799630 0.0000000 0.8545757 1.1586745 1.1586745 1.2070784 
t1         1.1132061 1.4396946 1.3744361 1.2588231 1.5111773 1.7786835 1.5901977 1.7786835 1.5111773 1.8942965 1.5901977 0.9198342 1.5901977 2.0310377 1.0297869 0.8545757 0.0000000 0.3040988 1.6785349 1.6785349 
t5         1.2588231 1.4396946 1.5901977 1.5111773 2.7182557 1.4396946 1.6785349 1.8942965 1.5901977 1.5901977 1.5901977 1.4396946 1.3744361 1.4396946 1.4396946 1.1586745 0.3040988 0.0000000 2.1983953 1.8942965 
t8         1.2588231 1.0703373 2.1983953 0.7662384 0.5299277 2.1983953 1.2588231 1.3744361 1.3144041 1.5901977 0.5099265 1.2070784 0.4714565 0.6157354 1.2070784 1.1586745 1.6785349 2.1983953 0.0000000 0.1189538 
t4         1.4396946 1.2588231 2.4141569 0.8545757 0.5099265 2.0310377 1.4396946 1.5111773 1.1586745 1.4396946 0.5299277 1.2588231 0.5299277 0.6626257 1.2588231 1.2070784 1.6785349 1.8942965 0.1189538 0.0000000 
