20
t8         0.0000000 1.3144041 1.3144041 2.1983953 1.2070784 1.3744361 1.5901977 1.5901977 2.1983953 0.8864954 1.3744361 3.2381161 3.2381161 1.4396946 1.3744361 1.6785349 1.6785349 1.7786835 1.5901977 1.4396946 
t12        1.3144041 0.0000000 2.0310377 1.8942965 1.6785349 2.0310377 2.7182557 1.3744361 1.7786835 1.6785349 1.8942965 2.4141569 3.2381161 1.1132061 1.2070784 2.4141569 2.4141569 2.0310377 9.0000000 9.0000000 
t2         1.3144041 2.0310377 0.0000000 0.9547243 2.0310377 1.5111773 9.0000000 1.4396946 2.4141569 0.6872180 0.9913169 2.1983953 9.0000000 0.7945437 0.6626257 1.8942965 1.8942965 1.5111773 9.0000000 2.4141569 
t16        2.1983953 1.8942965 0.9547243 0.0000000 1.6785349 1.3744361 1.8942965 2.0310377 9.0000000 0.8545757 0.9913169 3.2381161 2.4141569 1.3744361 1.2588231 9.0000000 9.0000000 9.0000000 2.0310377 1.7786835 
t14        1.2070784 1.6785349 2.0310377 1.6785349 0.0000000 0.4714565 1.2588231 1.8942965 9.0000000 1.7786835 1.5111773 2.0310377 2.1983953 9.0000000 2.0310377 3.2381161 2.7182557 2.7182557 1.3744361 1.3144041 
t17        1.3744361 2.0310377 1.5111773 1.3744361 0.4714565 0.0000000 1.1586745 1.5111773 2.4141569 1.4396946 1.7786835 1.5111773 2.0310377 1.6785349 1.5901977 9.0000000 9.0000000 9.0000000 1.5111773 1.5111773 
t5         1.5901977 2.7182557 9.0000000 1.8942965 1.2588231 1.1586745 0.0000000 2.7182557 9.0000000 1.6785349 1.6785349 1.8942965 3.2381161 2.4141569 2.4141569 2.4141569 2.7182557 2.7182557 0.3831192 0.2603971 
t18        1.5901977 1.3744361 1.4396946 2.0310377 1.8942965 1.5111773 2.7182557 0.0000000 0.5933457 1.1586745 1.1132061 2.0310377 3.2381161 1.4396946 1.5111773 1.5901977 1.6785349 1.4396946 9.0000000 9.0000000 
t15        2.1983953 1.7786835 2.4141569 9.0000000 9.0000000 2.4141569 9.0000000 0.5933457 0.0000000 1.7786835 2.4141569 9.0000000 9.0000000 1.5901977 1.8942965 1.1586745 1.2070784 1.0703373 9.0000000 9.0000000 
t6         0.8864954 1.6785349 0.6872180 0.8545757 1.7786835 1.4396946 1.6785349 1.1586745 1.7786835 0.0000000 0.3192509 1.7786835 2.0310377 0.8864954 0.7945437 1.3144041 1.3144041 1.1586745 2.4141569 1.6785349 
t11        1.3744361 1.8942965 0.9913169 0.9913169 1.5111773 1.7786835 1.6785349 1.1132061 2.4141569 0.3192509 0.0000000 2.7182557 2.1983953 1.1132061 1.0703373 1.3744361 1.3744361 1.2588231 2.4141569 1.7786835 
t9         3.2381161 2.4141569 2.1983953 3.2381161 2.0310377 1.5111773 1.8942965 2.0310377 9.0000000 1.7786835 2.7182557 0.0000000 0.2746833 2.0310377 1.8942965 2.4141569 2.7182557 3.2381161 9.0000000 2.4141569 
t4         3.2381161 3.2381161 9.0000000 2.4141569 2.1983953 2.0310377 3.2381161 3.2381161 9.0000000 2.0310377 2.1983953 0.2746833 0.0000000 9.0000000 9.0000000 1.7786835 1.7786835 1.8942965 9.0000000 9.0000000 
t10        1.4396946 1.1132061 0.7945437 1.3744361 9.0000000 1.6785349 2.4141569 1.4396946 1.5901977 0.8864954 1.1132061 2.0310377 9.0000000 0.0000000 0.1927838 2.0310377 2.0310377 1.6785349 2.7182557 1.8942965 
t7         1.3744361 1.2070784 0.6626257 1.2588231 2.0310377 1.5901977 2.4141569 1.5111773 1.8942965 0.7945437 1.0703373 1.8942965 9.0000000 0.1927838 0.0000000 1.8942965 1.8942965 1.7786835 9.0000000 2.7182557 
t1         1.6785349 2.4141569 1.8942965 9.0000000 3.2381161 9.0000000 2.4141569 1.5901977 1.1586745 1.3144041 1.3744361 2.4141569 1.7786835 2.0310377 1.8942965 0.0000000 0.0202715 0.0734853 9.0000000 9.0000000 
t3         1.6785349 2.4141569 1.8942965 9.0000000 2.7182557 9.0000000 2.7182557 1.6785349 1.2070784 1.3144041 1.3744361 2.7182557 1.7786835 2.0310377 1.8942965 0.0202715 0.0000000 0.0517447 9.0000000 9.0000000 
t19        1.7786835 2.0310377 1.5111773 9.0000000 2.7182557 9.0000000 2.7182557 1.4396946 1.0703373 1.1586745 1.2588231 3.2381161 1.8942965 1.6785349 1.7786835 0.0734853 0.0517447 0.0000000 9.0000000 9.0000000 
t20        1.5901977 9.0000000 9.0000000 2.0310377 1.3744361 1.5111773 0.3831192 9.0000000 9.0000000 2.4141569 2.4141569 9.0000000 9.0000000 2.7182557 9.0000000 9.0000000 9.0000000 9.0000000 0.0000000 0.1073256 
t13        1.4396946 9.0000000 2.4141569 1.7786835 1.3144041 1.5111773 0.2603971 9.0000000 9.0000000 1.6785349 1.7786835 2.4141569 9.0000000 1.8942965 2.7182557 9.0000000 9.0000000 9.0000000 0.1073256 0.0000000 
