20
t19        0.0000000 0.6626257 0.8864954 0.5299277 1.4396946 0.6626257 0.4172160 0.5716050 0.6388142 0.4904449 0.5504769 0.9198342 0.6388142 0.6626257 0.6626257 0.5099265 0.8545757 0.7945437 0.4348639 0.5716050 
t11        0.6626257 0.0000000 0.8239592 0.6157354 1.4396946 0.7389627 0.4529370 0.5099265 0.5099265 0.5504769 0.6388142 0.8239592 0.5716050 0.7126442 0.7126442 0.5099265 0.9198342 1.0703373 0.4714565 0.5716050 
t18        0.8864954 0.8239592 0.0000000 0.9198342 2.4141569 0.8864954 0.6626257 0.7662384 0.6872180 0.8864954 0.9198342 1.0297869 0.6157354 0.8545757 0.7662384 0.7662384 1.1586745 1.5901977 0.7662384 0.8239592 
t9         0.5299277 0.6157354 0.9198342 0.0000000 1.3144041 0.8545757 0.4904449 0.3505054 0.6157354 0.5299277 0.6626257 0.6872180 0.3999739 0.8239592 0.8545757 0.4714565 0.7662384 0.7662384 0.4172160 0.5716050 
t20        1.4396946 1.4396946 2.4141569 1.3144041 0.0000000 1.4396946 1.5111773 1.2070784 1.6785349 1.4396946 1.5901977 1.7786835 1.2588231 1.7786835 2.0310377 1.6785349 1.7786835 3.2381161 1.3744361 1.6785349 
t12        0.6626257 0.7389627 0.8864954 0.8545757 1.4396946 0.0000000 0.5716050 0.7126442 0.5716050 0.7389627 0.6872180 0.9913169 0.8239592 0.6157354 0.7662384 0.7126442 0.8545757 1.2588231 0.6388142 0.7945437 
t14        0.4172160 0.4529370 0.6626257 0.4904449 1.5111773 0.5716050 0.0000000 0.3999739 0.2463781 0.4529370 0.4348639 0.6157354 0.4904449 0.3666350 0.3831192 0.3831192 0.7662384 0.7389627 0.3505054 0.4348639 
t2         0.5716050 0.5099265 0.7662384 0.3505054 1.2070784 0.7126442 0.3999739 0.0000000 0.5504769 0.5099265 0.6388142 0.4172160 0.1549607 0.7662384 0.7389627 0.4172160 0.6872180 0.7945437 0.3347153 0.4529370 
t5         0.6388142 0.5099265 0.6872180 0.6157354 1.6785349 0.5716050 0.2463781 0.5504769 0.0000000 0.5933457 0.6157354 0.7389627 0.5933457 0.3040988 0.3347153 0.5716050 1.0297869 0.9547243 0.4529370 0.4904449 
t16        0.4904449 0.5504769 0.8864954 0.5299277 1.4396946 0.7389627 0.4529370 0.5099265 0.5933457 0.0000000 0.4529370 0.9913169 0.6388142 0.7662384 0.7126442 0.5716050 0.9913169 0.9547243 0.4714565 0.5933457 
t6         0.5504769 0.6388142 0.9198342 0.6626257 1.5901977 0.6872180 0.4348639 0.6388142 0.6157354 0.4529370 0.0000000 0.9198342 0.7662384 0.7126442 0.7945437 0.5716050 0.9547243 1.0297869 0.4714565 0.6157354 
t13        0.9198342 0.8239592 1.0297869 0.6872180 1.7786835 0.9913169 0.6157354 0.4172160 0.7389627 0.9913169 0.9198342 0.0000000 0.5099265 0.9913169 1.0703373 0.7389627 0.8545757 0.8545757 0.6388142 0.7662384 
t4         0.6388142 0.5716050 0.6157354 0.3999739 1.2588231 0.8239592 0.4904449 0.1549607 0.5933457 0.6388142 0.7662384 0.5099265 0.0000000 0.9198342 0.8864954 0.4348639 0.7662384 0.8239592 0.4172160 0.5716050 
t3         0.6626257 0.7126442 0.8545757 0.8239592 1.7786835 0.6157354 0.3666350 0.7662384 0.3040988 0.7662384 0.7126442 0.9913169 0.9198342 0.0000000 0.1549607 0.7389627 1.1132061 1.0297869 0.5299277 0.5504769 
t1         0.6626257 0.7126442 0.7662384 0.8545757 2.0310377 0.7662384 0.3831192 0.7389627 0.3347153 0.7126442 0.7945437 1.0703373 0.8864954 0.1549607 0.0000000 0.7662384 1.3744361 1.0703373 0.6157354 0.6388142 
t7         0.5099265 0.5099265 0.7662384 0.4714565 1.6785349 0.7126442 0.3831192 0.4172160 0.5716050 0.5716050 0.5716050 0.7389627 0.4348639 0.7389627 0.7662384 0.0000000 0.6157354 0.7945437 0.3040988 0.3999739 
t10        0.8545757 0.9198342 1.1586745 0.7662384 1.7786835 0.8545757 0.7662384 0.6872180 1.0297869 0.9913169 0.9547243 0.8545757 0.7662384 1.1132061 1.3744361 0.6157354 0.0000000 0.9913169 0.7126442 0.9198342 
t8         0.7945437 1.0703373 1.5901977 0.7662384 3.2381161 1.2588231 0.7389627 0.7945437 0.9547243 0.9547243 1.0297869 0.8545757 0.8239592 1.0297869 1.0703373 0.7945437 0.9913169 0.0000000 0.4904449 0.5504769 
t17        0.4348639 0.4714565 0.7662384 0.4172160 1.3744361 0.6388142 0.3505054 0.3347153 0.4529370 0.4714565 0.4714565 0.6388142 0.4172160 0.5299277 0.6157354 0.3040988 0.7126442 0.4904449 0.0000000 0.1073256 
t15        0.5716050 0.5716050 0.8239592 0.5716050 1.6785349 0.7945437 0.4348639 0.4529370 0.4904449 0.5933457 0.6157354 0.7662384 0.5716050 0.5504769 0.6388142 0.3999739 0.9198342 0.5504769 0.1073256 0.0000000 
