20
t7         0.0000000 0.6626257 0.8239592 0.3831192 0.3666350 0.9547243 0.3999739 0.4904449 0.4172160 0.5933457 0.4529370 0.7389627 0.9198342 1.0703373 0.6872180 0.5933457 0.4714565 0.3999739 0.5299277 0.5299277 
t9         0.6626257 0.0000000 1.1132061 0.6388142 0.5099265 0.8545757 0.7389627 0.7389627 0.7126442 0.9198342 0.7126442 0.9547243 1.1586745 1.2588231 0.9547243 0.8239592 0.9198342 0.7945437 0.7945437 0.7945437 
t3         0.8239592 1.1132061 0.0000000 0.9198342 0.6388142 1.0703373 0.8864954 0.6626257 0.6626257 0.8864954 0.6626257 1.1586745 1.1586745 1.3144041 1.1586745 1.2070784 0.9913169 0.9547243 1.1132061 1.1132061 
t2         0.3831192 0.6388142 0.9198342 0.0000000 0.3831192 0.9198342 0.5099265 0.5504769 0.4529370 0.7662384 0.5099265 0.8545757 0.9913169 1.1132061 0.7662384 0.6626257 0.7126442 0.6157354 0.6157354 0.6157354 
t8         0.3666350 0.5099265 0.6388142 0.3831192 0.0000000 0.7126442 0.3505054 0.3040988 0.2603971 0.3999739 0.2191023 0.7389627 0.9913169 1.1132061 0.6388142 0.5299277 0.5299277 0.4714565 0.4348639 0.4348639 
t10        0.9547243 0.8545757 1.0703373 0.9198342 0.7126442 0.0000000 0.8545757 0.6872180 0.6388142 1.1132061 0.8239592 1.2588231 1.4396946 1.8942965 1.1132061 1.3744361 1.0297869 1.0297869 1.1586745 1.1586745 
t11        0.3999739 0.7389627 0.8864954 0.5099265 0.3505054 0.8545757 0.0000000 0.5099265 0.4172160 0.6157354 0.4348639 0.5933457 0.9547243 1.1132061 0.4348639 0.4172160 0.2463781 0.1927838 0.3999739 0.3999739 
t1         0.4904449 0.7389627 0.6626257 0.5504769 0.3040988 0.6872180 0.5099265 0.0000000 0.1799630 0.6157354 0.4714565 0.8864954 0.9547243 1.0297869 0.7389627 0.7126442 0.6157354 0.5299277 0.6388142 0.6388142 
t17        0.4172160 0.7126442 0.6626257 0.4529370 0.2603971 0.6388142 0.4172160 0.1799630 0.0000000 0.5504769 0.3999739 0.7126442 0.7662384 0.8864954 0.6388142 0.6626257 0.5504769 0.4904449 0.5716050 0.5716050 
t18        0.5933457 0.9198342 0.8864954 0.7662384 0.3999739 1.1132061 0.6157354 0.6157354 0.5504769 0.0000000 0.2463781 1.1132061 1.4396946 1.5901977 0.9913169 0.8239592 0.7945437 0.7126442 0.7389627 0.7389627 
t4         0.4529370 0.7126442 0.6626257 0.5099265 0.2191023 0.8239592 0.4348639 0.4714565 0.3999739 0.2463781 0.0000000 0.7945437 1.1132061 1.1586745 0.6872180 0.6388142 0.6626257 0.5933457 0.5933457 0.5933457 
t12        0.7389627 0.9547243 1.1586745 0.8545757 0.7389627 1.2588231 0.5933457 0.8864954 0.7126442 1.1132061 0.7945437 0.0000000 1.0297869 1.1132061 0.5716050 0.5504769 0.6872180 0.5933457 0.4904449 0.4904449 
t6         0.9198342 1.1586745 1.1586745 0.9913169 0.9913169 1.4396946 0.9547243 0.9547243 0.7662384 1.4396946 1.1132061 1.0297869 0.0000000 0.1799630 1.3144041 1.2070784 1.2588231 1.1586745 1.0297869 1.0297869 
t5         1.0703373 1.2588231 1.3144041 1.1132061 1.1132061 1.8942965 1.1132061 1.0297869 0.8864954 1.5901977 1.1586745 1.1132061 0.1799630 0.0000000 1.5901977 1.3744361 1.5901977 1.4396946 1.1132061 1.1132061 
t15        0.6872180 0.9547243 1.1586745 0.7662384 0.6388142 1.1132061 0.4348639 0.7389627 0.6388142 0.9913169 0.6872180 0.5716050 1.3144041 1.5901977 0.0000000 0.6157354 0.4904449 0.4172160 0.6157354 0.6157354 
t20        0.5933457 0.8239592 1.2070784 0.6626257 0.5299277 1.3744361 0.4172160 0.7126442 0.6626257 0.8239592 0.6388142 0.5504769 1.2070784 1.3744361 0.6157354 0.0000000 0.5716050 0.4904449 0.1427653 0.1427653 
t14        0.4714565 0.9198342 0.9913169 0.7126442 0.5299277 1.0297869 0.2463781 0.6157354 0.5504769 0.7945437 0.6626257 0.6872180 1.2588231 1.5901977 0.4904449 0.5716050 0.0000000 0.0411062 0.5504769 0.5504769 
t16        0.3999739 0.7945437 0.9547243 0.6157354 0.4714565 1.0297869 0.1927838 0.5299277 0.4904449 0.7126442 0.5933457 0.5933457 1.1586745 1.4396946 0.4172160 0.4904449 0.0411062 0.0000000 0.4714565 0.4714565 
t19        0.5299277 0.7945437 1.1132061 0.6157354 0.4348639 1.1586745 0.3999739 0.6388142 0.5716050 0.7389627 0.5933457 0.4904449 1.0297869 1.1132061 0.6157354 0.1427653 0.5504769 0.4714565 0.0000000 0.0000010 
t13        0.5299277 0.7945437 1.1132061 0.6157354 0.4348639 1.1586745 0.3999739 0.6388142 0.5716050 0.7389627 0.5933457 0.4904449 1.0297869 1.1132061 0.6157354 0.1427653 0.5504769 0.4714565 0.0000010 0.0000000 
