20
t16        0.0000000 1.3144041 1.0703373 1.7786835 1.8942965 1.4396946 1.6785349 0.9913169 1.0703373 1.8942965 1.5901977 2.7182557 1.4396946 1.6785349 1.7786835 1.7786835 1.3744361 1.5901977 3.2381161 3.2381161 
t17        1.3144041 0.0000000 0.9547243 2.0310377 1.2588231 1.4396946 1.2070784 0.7389627 1.1586745 2.1983953 1.5111773 1.2070784 1.5111773 2.0310377 1.1586745 1.2070784 0.7662384 0.8545757 1.4396946 1.3744361 
t1         1.0703373 0.9547243 0.0000000 2.7182557 1.8942965 1.2588231 1.2070784 0.5504769 0.7662384 2.4141569 1.5901977 1.5111773 2.0310377 1.8942965 0.9913169 0.9547243 0.5716050 0.6388142 1.8942965 1.3744361 
t4         1.7786835 2.0310377 2.7182557 0.0000000 0.5716050 1.5901977 1.7786835 1.8942965 3.2381161 1.6785349 1.4396946 1.5901977 1.5111773 1.7786835 1.4396946 1.5111773 1.8942965 1.5901977 1.8942965 1.7786835 
t5         1.8942965 1.2588231 1.8942965 0.5716050 0.0000000 1.2588231 1.2070784 1.0703373 1.6785349 1.5111773 1.5901977 1.3744361 1.6785349 1.7786835 1.1586745 1.1132061 1.5901977 1.6785349 1.5111773 1.5111773 
t3         1.4396946 1.4396946 1.2588231 1.5901977 1.2588231 0.0000000 0.1927838 1.1132061 1.2588231 1.1586745 1.2588231 0.7662384 1.5111773 1.5901977 1.2070784 1.2070784 1.3144041 1.2070784 0.9913169 0.8239592 
t13        1.6785349 1.2070784 1.2070784 1.7786835 1.2070784 0.1927838 0.0000000 1.0297869 1.2070784 1.2588231 1.2588231 0.7945437 1.5901977 1.7786835 1.1132061 1.1586745 1.0297869 1.1586745 0.9547243 0.7945437 
t6         0.9913169 0.7389627 0.5504769 1.8942965 1.0703373 1.1132061 1.0297869 0.0000000 0.3505054 1.7786835 1.3144041 1.5901977 1.5111773 1.7786835 1.2588231 1.2070784 0.6388142 0.6388142 2.4141569 1.5901977 
t9         1.0703373 1.1586745 0.7662384 3.2381161 1.6785349 1.2588231 1.2070784 0.3505054 0.0000000 1.6785349 1.4396946 1.5901977 1.5901977 1.5901977 1.3744361 1.2070784 0.9547243 1.0703373 3.2381161 1.6785349 
t15        1.8942965 2.1983953 2.4141569 1.6785349 1.5111773 1.1586745 1.2588231 1.7786835 1.6785349 0.0000000 0.2463781 9.0000000 0.3666350 0.3505054 0.8239592 0.8239592 2.4141569 2.1983953 9.0000000 3.2381161 
t8         1.5901977 1.5111773 1.5901977 1.4396946 1.5901977 1.2588231 1.2588231 1.3144041 1.4396946 0.2463781 0.0000000 1.7786835 0.2463781 0.2892469 0.7945437 0.8545757 1.6785349 1.8942965 2.0310377 1.5901977 
t18        2.7182557 1.2070784 1.5111773 1.5901977 1.3744361 0.7662384 0.7945437 1.5901977 1.5901977 9.0000000 1.7786835 0.0000000 3.2381161 9.0000000 1.5901977 1.5901977 1.3144041 1.5111773 0.2191023 0.1189538 
t20        1.4396946 1.5111773 2.0310377 1.5111773 1.6785349 1.5111773 1.5901977 1.5111773 1.5901977 0.3666350 0.2463781 3.2381161 0.0000000 0.1799630 0.7662384 0.8864954 1.5111773 1.6785349 9.0000000 3.2381161 
t10        1.6785349 2.0310377 1.8942965 1.7786835 1.7786835 1.5901977 1.7786835 1.7786835 1.5901977 0.3505054 0.2892469 9.0000000 0.1799630 0.0000000 0.8545757 0.8864954 1.6785349 1.7786835 9.0000000 9.0000000 
t11        1.7786835 1.1586745 0.9913169 1.4396946 1.1586745 1.2070784 1.1132061 1.2588231 1.3744361 0.8239592 0.7945437 1.5901977 0.7662384 0.8545757 0.0000000 0.1549607 1.0703373 1.1132061 1.5111773 1.5111773 
t7         1.7786835 1.2070784 0.9547243 1.5111773 1.1132061 1.2070784 1.1586745 1.2070784 1.2070784 0.8239592 0.8545757 1.5901977 0.8864954 0.8864954 0.1549607 0.0000000 1.1586745 1.2588231 1.6785349 1.5111773 
t19        1.3744361 0.7662384 0.5716050 1.8942965 1.5901977 1.3144041 1.0297869 0.6388142 0.9547243 2.4141569 1.6785349 1.3144041 1.5111773 1.6785349 1.0703373 1.1586745 0.0000000 0.1307650 1.3744361 1.2588231 
t12        1.5901977 0.8545757 0.6388142 1.5901977 1.6785349 1.2070784 1.1586745 0.6388142 1.0703373 2.1983953 1.8942965 1.5111773 1.6785349 1.7786835 1.1132061 1.2588231 0.1307650 0.0000000 1.6785349 1.4396946 
t14        3.2381161 1.4396946 1.8942965 1.8942965 1.5111773 0.9913169 0.9547243 2.4141569 3.2381161 9.0000000 2.0310377 0.2191023 9.0000000 9.0000000 1.5111773 1.6785349 1.3744361 1.6785349 0.0000000 0.1549607 
t2         3.2381161 1.3744361 1.3744361 1.7786835 1.5111773 0.8239592 0.7945437 1.5901977 1.6785349 3.2381161 1.5901977 0.1189538 3.2381161 9.0000000 1.5111773 1.5111773 1.2588231 1.4396946 0.1549607 0.0000000 
