20
t13        0.0000000 0.4714565 0.5933457 1.4396946 0.7389627 0.8239592 1.8942965 1.5111773 0.7945437 0.6626257 1.0297869 0.6157354 0.6388142 1.3744361 1.7786835 1.5901977 1.3744361 1.4396946 2.4141569 2.4141569 
t2         0.4714565 0.0000000 0.5933457 1.2588231 0.3999739 0.5716050 0.9913169 1.1586745 0.4714565 0.3505054 0.8239592 0.3831192 0.4529370 0.8545757 0.8545757 0.8864954 0.9547243 0.8864954 1.3744361 1.3744361 
t8         0.5933457 0.5933457 0.0000000 1.1132061 0.8239592 0.9913169 1.8942965 1.4396946 0.8239592 0.8239592 1.2588231 0.7945437 0.7945437 1.4396946 1.4396946 1.4396946 2.1983953 2.1983953 1.5111773 1.5111773 
t4         1.4396946 1.2588231 1.1132061 0.0000000 1.2070784 1.3744361 9.0000000 1.5901977 1.2588231 1.1586745 1.6785349 1.2070784 1.2070784 9.0000000 9.0000000 9.0000000 9.0000000 9.0000000 1.5901977 1.5901977 
t9         0.7389627 0.3999739 0.8239592 1.2070784 0.0000000 0.3347153 1.1586745 1.4396946 0.2892469 0.1927838 0.5299277 0.1927838 0.2603971 1.0297869 1.1132061 1.1586745 1.2588231 1.2070784 1.5111773 1.5111773 
t1         0.8239592 0.5716050 0.9913169 1.3744361 0.3347153 0.0000000 1.2070784 1.4396946 0.3999739 0.2746833 0.5716050 0.2603971 0.3347153 1.0297869 1.2070784 1.2588231 1.0703373 1.0703373 1.6785349 1.6785349 
t14        1.8942965 0.9913169 1.8942965 9.0000000 1.1586745 1.2070784 0.0000000 1.8942965 1.3144041 1.2588231 1.5901977 1.1586745 1.3744361 0.4172160 0.3505054 0.3666350 0.3040988 0.2892469 2.1983953 2.1983953 
t3         1.5111773 1.1586745 1.4396946 1.5901977 1.4396946 1.4396946 1.8942965 0.0000000 1.5111773 1.5111773 1.5901977 1.3144041 1.4396946 1.3144041 1.8942965 1.8942965 1.5111773 1.5901977 0.1927838 0.1927838 
t17        0.7945437 0.4714565 0.8239592 1.2588231 0.2892469 0.3999739 1.3144041 1.5111773 0.0000000 0.2191023 0.6626257 0.3347153 0.3831192 1.1586745 1.1132061 1.1586745 1.2588231 1.3144041 1.7786835 1.7786835 
t19        0.6626257 0.3505054 0.8239592 1.1586745 0.1927838 0.2746833 1.2588231 1.5111773 0.2191023 0.0000000 0.4904449 0.2326162 0.3040988 1.2070784 1.2588231 1.3144041 1.1586745 1.1586745 1.7786835 1.7786835 
t10        1.0297869 0.8239592 1.2588231 1.6785349 0.5299277 0.5716050 1.5901977 1.5901977 0.6626257 0.4904449 0.0000000 0.5504769 0.6157354 1.3744361 1.5901977 1.6785349 1.4396946 1.4396946 1.7786835 1.7786835 
t12        0.6157354 0.3831192 0.7945437 1.2070784 0.1927838 0.2603971 1.1586745 1.3144041 0.3347153 0.2326162 0.5504769 0.0000000 0.0958750 0.9547243 1.0703373 1.1132061 1.1586745 1.1586745 1.3144041 1.3144041 
t20        0.6388142 0.4529370 0.7945437 1.2070784 0.2603971 0.3347153 1.3744361 1.4396946 0.3831192 0.3040988 0.6157354 0.0958750 0.0000000 1.0703373 1.3144041 1.2588231 1.3144041 1.4396946 1.3744361 1.3744361 
t16        1.3744361 0.8545757 1.4396946 9.0000000 1.0297869 1.0297869 0.4172160 1.3144041 1.1586745 1.2070784 1.3744361 0.9547243 1.0703373 0.0000000 0.3040988 0.3192509 0.3347153 0.3040988 1.3744361 1.3744361 
t5         1.7786835 0.8545757 1.4396946 9.0000000 1.1132061 1.2070784 0.3505054 1.8942965 1.1132061 1.2588231 1.5901977 1.0703373 1.3144041 0.3040988 0.0000000 0.0202715 0.3040988 0.2746833 1.7786835 1.7786835 
t7         1.5901977 0.8864954 1.4396946 9.0000000 1.1586745 1.2588231 0.3666350 1.8942965 1.1586745 1.3144041 1.6785349 1.1132061 1.2588231 0.3192509 0.0202715 0.0000000 0.3192509 0.2892469 1.7786835 1.7786835 
t15        1.3744361 0.9547243 2.1983953 9.0000000 1.2588231 1.0703373 0.3040988 1.5111773 1.2588231 1.1586745 1.4396946 1.1586745 1.3144041 0.3347153 0.3040988 0.3192509 0.0000000 0.0202715 2.0310377 2.0310377 
t11        1.4396946 0.8864954 2.1983953 9.0000000 1.2070784 1.0703373 0.2892469 1.5901977 1.3144041 1.1586745 1.4396946 1.1586745 1.4396946 0.3040988 0.2746833 0.2892469 0.0202715 0.0000000 1.8942965 1.8942965 
t18        2.4141569 1.3744361 1.5111773 1.5901977 1.5111773 1.6785349 2.1983953 0.1927838 1.7786835 1.7786835 1.7786835 1.3144041 1.3744361 1.3744361 1.7786835 1.7786835 2.0310377 1.8942965 0.0000000 0.0000010 
t6         2.4141569 1.3744361 1.5111773 1.5901977 1.5111773 1.6785349 2.1983953 0.1927838 1.7786835 1.7786835 1.7786835 1.3144041 1.3744361 1.3744361 1.7786835 1.7786835 2.0310377 1.8942965 0.0000010 0.0000000 
