20
t6         0.0000000 0.8864954 1.0297869 1.0297869 0.8864954 1.1132061 0.5504769 0.8864954 0.8545757 0.4714565 0.5933457 1.1132061 0.9198342 0.7389627 0.6388142 0.6388142 0.4529370 0.4529370 0.6388142 0.6626257 
t9         0.8864954 0.0000000 0.7126442 0.5716050 1.7786835 3.2381161 1.2588231 2.1983953 2.1983953 1.1586745 1.3144041 1.3744361 1.1586745 1.2070784 1.4396946 1.3744361 1.1586745 1.2588231 1.2588231 1.2070784 
t2         1.0297869 0.7126442 0.0000000 0.5716050 2.1983953 2.4141569 1.0297869 1.7786835 1.6785349 1.1132061 0.9547243 1.3144041 1.5111773 1.2070784 1.3144041 1.2588231 1.1586745 1.2588231 1.3744361 1.4396946 
t12        1.0297869 0.5716050 0.5716050 0.0000000 1.7786835 1.8942965 0.9547243 1.2070784 1.4396946 1.2588231 1.1586745 1.6785349 1.5111773 1.2588231 1.3144041 1.2588231 0.8864954 0.9547243 1.1586745 1.2070784 
t7         0.8864954 1.7786835 2.1983953 1.7786835 0.0000000 0.4172160 0.9198342 0.5099265 0.4714565 1.1132061 1.3144041 1.6785349 1.5901977 1.6785349 1.3144041 1.3144041 0.9198342 0.8545757 1.6785349 1.5901977 
t19        1.1132061 3.2381161 2.4141569 1.8942965 0.4172160 0.0000000 1.0703373 0.7126442 0.6872180 1.1586745 1.5111773 2.1983953 1.7786835 1.3144041 1.0703373 1.0297869 1.1132061 1.0297869 1.2070784 1.1586745 
t17        0.5504769 1.2588231 1.0297869 0.9547243 0.9198342 1.0703373 0.0000000 0.8864954 0.9547243 0.6157354 0.5933457 0.9198342 0.8239592 0.8545757 0.7126442 0.7126442 0.1673577 0.1673577 0.7126442 0.7389627 
t3         0.8864954 2.1983953 1.7786835 1.2070784 0.5099265 0.7126442 0.8864954 0.0000000 0.2746833 1.1132061 1.3144041 1.7786835 1.5111773 1.3144041 1.1586745 1.1586745 0.8545757 0.8545757 1.3144041 1.3744361 
t1         0.8545757 2.1983953 1.6785349 1.4396946 0.4714565 0.6872180 0.9547243 0.2746833 0.0000000 1.0703373 1.0703373 1.4396946 1.4396946 1.2588231 1.1132061 1.1132061 0.8239592 0.8239592 1.2070784 1.2070784 
t15        0.4714565 1.1586745 1.1132061 1.2588231 1.1132061 1.1586745 0.6157354 1.1132061 1.0703373 0.0000000 0.2746833 0.7662384 0.6388142 0.6388142 0.4904449 0.4904449 0.5299277 0.5299277 0.5099265 0.5299277 
t14        0.5933457 1.3144041 0.9547243 1.1586745 1.3144041 1.5111773 0.5933457 1.3144041 1.0703373 0.2746833 0.0000000 0.9198342 0.7389627 0.6872180 0.5716050 0.5716050 0.6626257 0.6626257 0.6157354 0.6388142 
t16        1.1132061 1.3744361 1.3144041 1.6785349 1.6785349 2.1983953 0.9198342 1.7786835 1.4396946 0.7662384 0.9198342 0.0000000 0.3999739 1.2070784 1.0703373 1.0703373 1.0297869 0.9913169 1.0297869 1.0703373 
t8         0.9198342 1.1586745 1.5111773 1.5111773 1.5901977 1.7786835 0.8239592 1.5111773 1.4396946 0.6388142 0.7389627 0.3999739 0.0000000 0.8864954 0.8545757 0.8545757 0.8545757 0.8545757 0.8239592 0.8545757 
t4         0.7389627 1.2070784 1.2070784 1.2588231 1.6785349 1.3144041 0.8545757 1.3144041 1.2588231 0.6388142 0.6872180 1.2070784 0.8864954 0.0000000 0.1073256 0.1189538 0.8545757 0.9198342 0.3999739 0.3999739 
t13        0.6388142 1.4396946 1.3144041 1.3144041 1.3144041 1.0703373 0.7126442 1.1586745 1.1132061 0.4904449 0.5716050 1.0703373 0.8545757 0.1073256 0.0000000 0.0100673 0.6872180 0.6872180 0.3040988 0.3040988 
t20        0.6388142 1.3744361 1.2588231 1.2588231 1.3144041 1.0297869 0.7126442 1.1586745 1.1132061 0.4904449 0.5716050 1.0703373 0.8545757 0.1189538 0.0100673 0.0000000 0.6872180 0.6872180 0.3192509 0.3192509 
t11        0.4529370 1.1586745 1.1586745 0.8864954 0.9198342 1.1132061 0.1673577 0.8545757 0.8239592 0.5299277 0.6626257 1.0297869 0.8545757 0.8545757 0.6872180 0.6872180 0.0000000 0.0202715 0.6872180 0.7126442 
t10        0.4529370 1.2588231 1.2588231 0.9547243 0.8545757 1.0297869 0.1673577 0.8545757 0.8239592 0.5299277 0.6626257 0.9913169 0.8545757 0.9198342 0.6872180 0.6872180 0.0202715 0.0000000 0.6872180 0.7126442 
t5         0.6388142 1.2588231 1.3744361 1.1586745 1.6785349 1.2070784 0.7126442 1.3144041 1.2070784 0.5099265 0.6157354 1.0297869 0.8239592 0.3999739 0.3040988 0.3192509 0.6872180 0.6872180 0.0000000 0.0100673 
t18        0.6626257 1.2070784 1.4396946 1.2070784 1.5901977 1.1586745 0.7389627 1.3744361 1.2070784 0.5299277 0.6388142 1.0703373 0.8545757 0.3999739 0.3040988 0.3192509 0.7126442 0.7126442 0.0100673 0.0000000 
