20
t16        0.0000000 1.1132061 1.3144041 1.3744361 1.5901977 9.0000000 1.4396946 1.7786835 2.1983953 3.2381161 1.2588231 1.0297869 1.4396946 1.5111773 1.4396946 1.5901977 1.5111773 1.2588231 1.5901977 1.5901977 
t3         1.1132061 0.0000000 1.5111773 1.5111773 1.2070784 2.4141569 1.3144041 1.8942965 1.3144041 1.7786835 1.1586745 1.3744361 1.8942965 1.4396946 1.5901977 1.7786835 1.5901977 1.5901977 1.8942965 1.7786835 
t6         1.3144041 1.5111773 0.0000000 0.8864954 1.5111773 2.1983953 1.2070784 1.5111773 1.3744361 2.1983953 1.3144041 1.3744361 1.0703373 1.4396946 1.3144041 1.1586745 1.4396946 1.3144041 1.0703373 1.1132061 
t15        1.3744361 1.5111773 0.8864954 0.0000000 1.2070784 2.4141569 1.0297869 1.6785349 1.4396946 1.5901977 0.8545757 0.7945437 1.0703373 1.5111773 1.5111773 1.0297869 1.5901977 1.5111773 1.2588231 1.1132061 
t7         1.5901977 1.2070784 1.5111773 1.2070784 0.0000000 2.1983953 0.8864954 1.2588231 1.2588231 1.2070784 1.3744361 1.5111773 1.0703373 1.6785349 1.8942965 0.9913169 1.7786835 1.2588231 0.9547243 0.9198342 
t2         9.0000000 2.4141569 2.1983953 2.4141569 2.1983953 0.0000000 2.0310377 1.8942965 1.3144041 1.4396946 1.3144041 2.4141569 9.0000000 2.7182557 1.8942965 3.2381161 1.8942965 1.6785349 9.0000000 2.7182557 
t14        1.4396946 1.3144041 1.2070784 1.0297869 0.8864954 2.0310377 0.0000000 0.9547243 1.3744361 2.0310377 1.3744361 1.2588231 0.6872180 1.3144041 1.4396946 0.6388142 1.1132061 1.0703373 0.5933457 0.5299277 
t20        1.7786835 1.8942965 1.5111773 1.6785349 1.2588231 1.8942965 0.9547243 0.0000000 1.4396946 2.0310377 1.5901977 1.5901977 0.7389627 1.1132061 1.4396946 0.5933457 1.7786835 1.5111773 0.7945437 0.6872180 
t8         2.1983953 1.3144041 1.3744361 1.4396946 1.2588231 1.3144041 1.3744361 1.4396946 0.0000000 0.4529370 0.9913169 1.3744361 9.0000000 2.1983953 1.7786835 2.1983953 1.8942965 1.8942965 9.0000000 2.1983953 
t10        3.2381161 1.7786835 2.1983953 1.5901977 1.2070784 1.4396946 2.0310377 2.0310377 0.4529370 0.0000000 1.8942965 2.1983953 9.0000000 2.1983953 2.0310377 9.0000000 2.7182557 2.7182557 9.0000000 9.0000000 
t9         1.2588231 1.1586745 1.3144041 0.8545757 1.3744361 1.3144041 1.3744361 1.5901977 0.9913169 1.8942965 0.0000000 0.2892469 1.5901977 1.5901977 1.3744361 1.5901977 1.5901977 1.5901977 1.8942965 1.5901977 
t12        1.0297869 1.3744361 1.3744361 0.7945437 1.5111773 2.4141569 1.2588231 1.5901977 1.3744361 2.1983953 0.2892469 0.0000000 1.2588231 1.7786835 1.6785349 1.4396946 1.4396946 1.5111773 1.7786835 1.5111773 
t17        1.4396946 1.8942965 1.0703373 1.0703373 1.0703373 9.0000000 0.6872180 0.7389627 9.0000000 9.0000000 1.5901977 1.2588231 0.0000000 1.5111773 1.3744361 0.3999739 2.0310377 1.8942965 0.3999739 0.3831192 
t4         1.5111773 1.4396946 1.4396946 1.5111773 1.6785349 2.7182557 1.3144041 1.1132061 2.1983953 2.1983953 1.5901977 1.7786835 1.5111773 0.0000000 0.2603971 1.7786835 1.5901977 1.5901977 1.5111773 1.3144041 
t11        1.4396946 1.5901977 1.3144041 1.5111773 1.8942965 1.8942965 1.4396946 1.4396946 1.7786835 2.0310377 1.3744361 1.6785349 1.3744361 0.2603971 0.0000000 2.0310377 1.7786835 1.6785349 1.8942965 1.5901977 
t18        1.5901977 1.7786835 1.1586745 1.0297869 0.9913169 3.2381161 0.6388142 0.5933457 2.1983953 9.0000000 1.5901977 1.4396946 0.3999739 1.7786835 2.0310377 0.0000000 1.6785349 1.5901977 0.1673577 0.1307650 
t13        1.5111773 1.5901977 1.4396946 1.5901977 1.7786835 1.8942965 1.1132061 1.7786835 1.8942965 2.7182557 1.5901977 1.4396946 2.0310377 1.5901977 1.7786835 1.6785349 0.0000000 0.1073256 1.5111773 1.4396946 
t1         1.2588231 1.5901977 1.3144041 1.5111773 1.2588231 1.6785349 1.0703373 1.5111773 1.8942965 2.7182557 1.5901977 1.5111773 1.8942965 1.5901977 1.6785349 1.5901977 0.1073256 0.0000000 1.4396946 1.3744361 
t19        1.5901977 1.8942965 1.0703373 1.2588231 0.9547243 9.0000000 0.5933457 0.7945437 9.0000000 9.0000000 1.8942965 1.7786835 0.3999739 1.5111773 1.8942965 0.1673577 1.5111773 1.4396946 0.0000000 0.0517447 
t5         1.5901977 1.7786835 1.1132061 1.1132061 0.9198342 2.7182557 0.5299277 0.6872180 2.1983953 9.0000000 1.5901977 1.5111773 0.3831192 1.3144041 1.5901977 0.1307650 1.4396946 1.3744361 0.0517447 0.0000000 
