20
t17        0.0000000 0.9913169 0.7389627 0.8864954 0.9198342 0.5716050 0.6626257 0.9198342 0.5933457 0.4529370 0.5099265 0.5099265 0.5504769 0.5299277 0.8545757 0.7389627 0.5299277 0.5504769 0.6626257 0.6872180 
t1         0.9913169 0.0000000 0.6626257 1.6785349 0.9547243 0.9547243 1.0703373 0.9547243 0.9913169 0.9547243 0.8864954 0.8864954 1.1132061 0.9547243 0.7945437 0.8864954 0.9198342 0.9547243 1.1132061 1.1132061 
t15        0.7389627 0.6626257 0.0000000 0.7945437 0.5933457 0.7389627 0.7389627 0.6872180 0.6388142 0.5504769 0.6626257 0.6626257 0.6626257 0.6388142 0.5099265 0.5299277 0.6872180 0.7126442 0.8545757 0.7945437 
t11        0.8864954 1.6785349 0.7945437 0.0000000 1.0703373 1.2588231 0.9913169 1.2070784 1.0297869 0.8864954 0.9198342 0.9913169 0.7945437 0.8239592 1.0297869 1.0703373 0.8545757 0.8239592 0.9547243 0.9198342 
t9         0.9198342 0.9547243 0.5933457 1.0703373 0.0000000 0.6388142 0.7945437 0.5299277 0.7126442 0.6157354 0.6388142 0.6626257 0.6388142 0.6388142 0.5299277 0.5099265 0.5933457 0.5716050 0.6157354 0.6157354 
t19        0.5716050 0.9547243 0.7389627 1.2588231 0.6388142 0.0000000 0.6388142 0.9547243 0.3505054 0.2746833 0.4904449 0.4714565 0.4714565 0.4529370 0.8864954 0.7945437 0.5504769 0.5299277 0.6388142 0.6388142 
t5         0.6626257 1.0703373 0.7389627 0.9913169 0.7945437 0.6388142 0.0000000 0.7126442 0.6157354 0.5933457 0.4904449 0.5716050 0.3192509 0.2463781 0.6872180 0.6388142 0.6626257 0.6388142 0.5099265 0.5299277 
t10        0.9198342 0.9547243 0.6872180 1.2070784 0.5299277 0.9547243 0.7126442 0.0000000 0.9547243 0.9198342 0.7126442 0.7389627 0.6626257 0.6626257 0.3347153 0.3347153 0.8239592 0.7945437 0.8239592 0.8545757 
t7         0.5933457 0.9913169 0.6388142 1.0297869 0.7126442 0.3505054 0.6157354 0.9547243 0.0000000 0.1427653 0.5504769 0.4714565 0.3999739 0.3666350 0.8545757 0.7389627 0.4714565 0.4714565 0.6626257 0.6626257 
t4         0.4529370 0.9547243 0.5504769 0.8864954 0.6157354 0.2746833 0.5933457 0.9198342 0.1427653 0.0000000 0.4529370 0.4348639 0.3831192 0.3505054 0.7389627 0.6626257 0.3666350 0.3505054 0.5504769 0.5299277 
t6         0.5099265 0.8864954 0.6626257 0.9198342 0.6388142 0.4904449 0.4904449 0.7126442 0.5504769 0.4529370 0.0000000 0.1307650 0.4172160 0.3999739 0.5504769 0.4529370 0.4348639 0.4714565 0.3831192 0.4172160 
t18        0.5099265 0.8864954 0.6626257 0.9913169 0.6626257 0.4714565 0.5716050 0.7389627 0.4714565 0.4348639 0.1307650 0.0000000 0.3999739 0.3831192 0.6388142 0.5716050 0.4714565 0.4904449 0.3831192 0.4348639 
t8         0.5504769 1.1132061 0.6626257 0.7945437 0.6388142 0.4714565 0.3192509 0.6626257 0.3999739 0.3831192 0.4172160 0.3999739 0.0000000 0.0845966 0.7126442 0.6626257 0.4348639 0.4348639 0.4714565 0.5099265 
t13        0.5299277 0.9547243 0.6388142 0.8239592 0.6388142 0.4529370 0.2463781 0.6626257 0.3666350 0.3505054 0.3999739 0.3831192 0.0845966 0.0000000 0.6388142 0.5504769 0.4348639 0.4348639 0.4714565 0.5099265 
t2         0.8545757 0.7945437 0.5099265 1.0297869 0.5299277 0.8864954 0.6872180 0.3347153 0.8545757 0.7389627 0.5504769 0.6388142 0.7126442 0.6388142 0.0000000 0.1189538 0.6872180 0.6872180 0.6157354 0.6388142 
t16        0.7389627 0.8864954 0.5299277 1.0703373 0.5099265 0.7945437 0.6388142 0.3347153 0.7389627 0.6626257 0.4529370 0.5716050 0.6626257 0.5504769 0.1189538 0.0000000 0.6157354 0.6157354 0.5716050 0.5933457 
t14        0.5299277 0.9198342 0.6872180 0.8545757 0.5933457 0.5504769 0.6626257 0.8239592 0.4714565 0.3666350 0.4348639 0.4714565 0.4348639 0.4348639 0.6872180 0.6157354 0.0000000 0.0411062 0.6388142 0.6872180 
t20        0.5504769 0.9547243 0.7126442 0.8239592 0.5716050 0.5299277 0.6388142 0.7945437 0.4714565 0.3505054 0.4714565 0.4904449 0.4348639 0.4348639 0.6872180 0.6157354 0.0411062 0.0000000 0.6157354 0.6626257 
t12        0.6626257 1.1132061 0.8545757 0.9547243 0.6157354 0.6388142 0.5099265 0.8239592 0.6626257 0.5504769 0.3831192 0.3831192 0.4714565 0.4714565 0.6157354 0.5716050 0.6388142 0.6157354 0.0000000 0.0411062 
t3         0.6872180 1.1132061 0.7945437 0.9198342 0.6157354 0.6388142 0.5299277 0.8545757 0.6626257 0.5299277 0.4172160 0.4348639 0.5099265 0.5099265 0.6388142 0.5933457 0.6872180 0.6626257 0.0411062 0.0000000 
