20
t3         0.0000000 1.5901977 1.5111773 1.0297869 0.8864954 0.9198342 2.0310377 1.1586745 0.9547243 1.0297869 1.7786835 1.6785349 0.9547243 0.9547243 0.9547243 2.4141569 2.4141569 3.2381161 0.8864954 0.8864954 
t4         1.5901977 0.0000000 0.6157354 0.8239592 0.6872180 0.7389627 1.0297869 0.5099265 0.7662384 0.6388142 1.2588231 0.7945437 0.7126442 0.6388142 0.6872180 1.1586745 1.1586745 1.2070784 0.8545757 0.8545757 
t12        1.5111773 0.6157354 0.0000000 0.9198342 0.6626257 0.7126442 0.9198342 0.4714565 0.7389627 0.5504769 1.5901977 0.9547243 0.6872180 0.5933457 0.6388142 0.7662384 0.7662384 0.8239592 0.7389627 0.7389627 
t8         1.0297869 0.8239592 0.9198342 0.0000000 0.5716050 0.7126442 1.3744361 0.7389627 0.6626257 0.6626257 1.4396946 0.7662384 0.6626257 0.5504769 0.5933457 1.2588231 1.2588231 1.2070784 0.6157354 0.6157354 
t20        0.8864954 0.6872180 0.6626257 0.5716050 0.0000000 0.5504769 1.0297869 0.5504769 0.5933457 0.4904449 0.9913169 0.6157354 0.5299277 0.4529370 0.5099265 0.7126442 0.7126442 0.7945437 0.5933457 0.5933457 
t5         0.9198342 0.7389627 0.7126442 0.7126442 0.5504769 0.0000000 1.0297869 0.6157354 0.6626257 0.5504769 1.4396946 0.9198342 0.6388142 0.5299277 0.5716050 0.8239592 0.8239592 0.8545757 0.1307650 0.1307650 
t13        2.0310377 1.0297869 0.9198342 1.3744361 1.0297869 1.0297869 0.0000000 0.6388142 1.3144041 1.0703373 1.1586745 1.2588231 1.0703373 0.9547243 0.9913169 0.9913169 0.9913169 0.9913169 1.2070784 1.2070784 
t17        1.1586745 0.5099265 0.4714565 0.7389627 0.5504769 0.6157354 0.6388142 0.0000000 0.6157354 0.5299277 1.2588231 0.8545757 0.5299277 0.4904449 0.5504769 0.9547243 0.9547243 1.0297869 0.6157354 0.6157354 
t6         0.9547243 0.7662384 0.7389627 0.6626257 0.5933457 0.6626257 1.3144041 0.6157354 0.0000000 0.1799630 1.2070784 0.8239592 0.2058276 0.2058276 0.2326162 0.9198342 0.9198342 0.9547243 0.5504769 0.5504769 
t10        1.0297869 0.6388142 0.5504769 0.6626257 0.4904449 0.5504769 1.0703373 0.5299277 0.1799630 0.0000000 1.2588231 0.6872180 0.1799630 0.1673577 0.2058276 0.6872180 0.6872180 0.7389627 0.5299277 0.5299277 
t16        1.7786835 1.2588231 1.5901977 1.4396946 0.9913169 1.4396946 1.1586745 1.2588231 1.2070784 1.2588231 0.0000000 0.6872180 1.2070784 1.1586745 1.2070784 1.3144041 1.3144041 1.5111773 1.6785349 1.6785349 
t18        1.6785349 0.7945437 0.9547243 0.7662384 0.6157354 0.9198342 1.2588231 0.8545757 0.8239592 0.6872180 0.6872180 0.0000000 0.7662384 0.7126442 0.7945437 1.1132061 1.1132061 1.2588231 0.9198342 0.9198342 
t9         0.9547243 0.7126442 0.6872180 0.6626257 0.5299277 0.6388142 1.0703373 0.5299277 0.2058276 0.1799630 1.2070784 0.7662384 0.0000000 0.0625362 0.0734853 0.8864954 0.8864954 0.9547243 0.5099265 0.5099265 
t11        0.9547243 0.6388142 0.5933457 0.5504769 0.4529370 0.5299277 0.9547243 0.4904449 0.2058276 0.1673577 1.1586745 0.7126442 0.0625362 0.0000000 0.0306165 0.7945437 0.7945437 0.8545757 0.4529370 0.4529370 
t14        0.9547243 0.6872180 0.6388142 0.5933457 0.5099265 0.5716050 0.9913169 0.5504769 0.2326162 0.2058276 1.2070784 0.7945437 0.0734853 0.0306165 0.0000000 0.7945437 0.7945437 0.7945437 0.4904449 0.4904449 
t7         2.4141569 1.1586745 0.7662384 1.2588231 0.7126442 0.8239592 0.9913169 0.9547243 0.9198342 0.6872180 1.3144041 1.1132061 0.8864954 0.7945437 0.7945437 0.0000000 0.0000010 0.0306165 0.9913169 0.9913169 
t15        2.4141569 1.1586745 0.7662384 1.2588231 0.7126442 0.8239592 0.9913169 0.9547243 0.9198342 0.6872180 1.3144041 1.1132061 0.8864954 0.7945437 0.7945437 0.0000010 0.0000000 0.0306165 0.9913169 0.9913169 
t19        3.2381161 1.2070784 0.8239592 1.2070784 0.7945437 0.8545757 0.9913169 1.0297869 0.9547243 0.7389627 1.5111773 1.2588231 0.9547243 0.8545757 0.7945437 0.0306165 0.0306165 0.0000000 1.0297869 1.0297869 
t1         0.8864954 0.8545757 0.7389627 0.6157354 0.5933457 0.1307650 1.2070784 0.6157354 0.5504769 0.5299277 1.6785349 0.9198342 0.5099265 0.4529370 0.4904449 0.9913169 0.9913169 1.0297869 0.0000000 0.0000010 
t2         0.8864954 0.8545757 0.7389627 0.6157354 0.5933457 0.1307650 1.2070784 0.6157354 0.5504769 0.5299277 1.6785349 0.9198342 0.5099265 0.4529370 0.4904449 0.9913169 0.9913169 1.0297869 0.0000010 0.0000000 
