20
t5         0.0000000 0.7945437 1.0703373 1.3144041 1.3144041 1.8942965 1.0297869 0.9198342 0.9547243 1.1586745 1.0703373 1.8942965 1.2588231 0.9547243 1.5901977 1.3744361 1.2588231 1.3144041 2.1983953 1.8942965 
t17        0.7945437 0.0000000 1.1132061 0.9913169 1.4396946 3.2381161 1.1132061 1.0297869 0.8545757 1.0297869 0.9913169 1.5901977 1.2588231 0.8239592 1.4396946 1.0297869 1.0297869 1.1132061 3.2381161 2.4141569 
t6         1.0703373 1.1132061 0.0000000 1.3744361 1.0297869 1.1132061 0.6626257 1.5111773 1.1586745 0.9913169 0.7126442 2.7182557 1.4396946 1.0297869 1.2588231 1.3144041 1.2588231 1.4396946 1.1586745 1.1586745 
t9         1.3144041 0.9913169 1.3744361 0.0000000 0.7945437 1.3144041 1.0703373 0.9913169 1.1132061 1.1132061 0.9913169 1.4396946 1.1586745 1.0297869 2.0310377 1.2588231 1.3744361 1.5111773 1.5901977 1.6785349 
t16        1.3144041 1.4396946 1.0297869 0.7945437 0.0000000 0.7389627 0.9198342 1.1132061 1.3144041 1.0297869 0.9547243 2.0310377 1.5901977 0.9913169 1.4396946 1.1132061 1.1132061 1.1132061 1.6785349 1.6785349 
t14        1.8942965 3.2381161 1.1132061 1.3144041 0.7389627 0.0000000 1.3744361 1.1586745 1.6785349 1.7786835 1.3144041 1.5901977 1.4396946 0.9913169 1.0703373 1.0297869 1.1132061 1.0703373 1.4396946 1.5111773 
t7         1.0297869 1.1132061 0.6626257 1.0703373 0.9198342 1.3744361 0.0000000 1.4396946 0.9913169 0.9547243 0.8864954 1.7786835 1.6785349 1.2588231 1.5901977 1.3144041 1.2588231 1.2588231 0.8545757 0.7389627 
t1         0.9198342 1.0297869 1.5111773 0.9913169 1.1132061 1.1586745 1.4396946 0.0000000 0.8864954 0.8545757 0.9547243 1.2588231 0.8545757 0.5504769 0.9198342 0.6388142 0.5716050 0.6872180 2.1983953 2.0310377 
t3         0.9547243 0.8545757 1.1586745 1.1132061 1.3144041 1.6785349 0.9913169 0.8864954 0.0000000 0.9547243 0.9913169 1.2588231 1.1132061 0.6388142 0.9913169 0.7945437 0.6388142 0.6872180 1.8942965 1.8942965 
t15        1.1586745 1.0297869 0.9913169 1.1132061 1.0297869 1.7786835 0.9547243 0.8545757 0.9547243 0.0000000 0.3999739 2.4141569 1.3144041 0.8545757 1.3144041 1.1132061 0.9198342 0.9547243 1.2070784 1.1586745 
t4         1.0703373 0.9913169 0.7126442 0.9913169 0.9547243 1.3144041 0.8864954 0.9547243 0.9913169 0.3999739 0.0000000 1.5111773 1.1132061 0.7662384 0.9198342 0.9198342 0.8864954 0.8864954 1.5111773 1.5111773 
t2         1.8942965 1.5901977 2.7182557 1.4396946 2.0310377 1.5901977 1.7786835 1.2588231 1.2588231 2.4141569 1.5111773 0.0000000 0.5099265 0.9913169 2.4141569 1.0297869 1.0703373 1.1132061 9.0000000 9.0000000 
t8         1.2588231 1.2588231 1.4396946 1.1586745 1.5901977 1.4396946 1.6785349 0.8545757 1.1132061 1.3144041 1.1132061 0.5099265 0.0000000 0.6872180 1.3144041 0.7945437 0.8545757 0.9547243 1.8942965 1.8942965 
t13        0.9547243 0.8239592 1.0297869 1.0297869 0.9913169 0.9913169 1.2588231 0.5504769 0.6388142 0.8545757 0.7662384 0.9913169 0.6872180 0.0000000 0.6388142 0.3666350 0.2892469 0.4172160 2.0310377 1.8942965 
t10        1.5901977 1.4396946 1.2588231 2.0310377 1.4396946 1.0703373 1.5901977 0.9198342 0.9913169 1.3144041 0.9198342 2.4141569 1.3144041 0.6388142 0.0000000 0.6872180 0.5933457 0.6388142 9.0000000 2.7182557 
t18        1.3744361 1.0297869 1.3144041 1.2588231 1.1132061 1.0297869 1.3144041 0.6388142 0.7945437 1.1132061 0.9198342 1.0297869 0.7945437 0.3666350 0.6872180 0.0000000 0.2191023 0.3192509 2.4141569 2.1983953 
t11        1.2588231 1.0297869 1.2588231 1.3744361 1.1132061 1.1132061 1.2588231 0.5716050 0.6388142 0.9198342 0.8864954 1.0703373 0.8545757 0.2892469 0.5933457 0.2191023 0.0000000 0.2746833 1.8942965 1.7786835 
t19        1.3144041 1.1132061 1.4396946 1.5111773 1.1132061 1.0703373 1.2588231 0.6872180 0.6872180 0.9547243 0.8864954 1.1132061 0.9547243 0.4172160 0.6388142 0.3192509 0.2746833 0.0000000 2.0310377 1.8942965 
t12        2.1983953 3.2381161 1.1586745 1.5901977 1.6785349 1.4396946 0.8545757 2.1983953 1.8942965 1.2070784 1.5111773 9.0000000 1.8942965 2.0310377 9.0000000 2.4141569 1.8942965 2.0310377 0.0000000 0.0411062 
t20        1.8942965 2.4141569 1.1586745 1.6785349 1.6785349 1.5111773 0.7389627 2.0310377 1.8942965 1.1586745 1.5111773 9.0000000 1.8942965 1.8942965 2.7182557 2.1983953 1.7786835 1.8942965 0.0411062 0.0000000 
