20
t16        0.0000000 1.0297869 0.6626257 0.4529370 0.6872180 0.7945437 0.9198342 0.5933457 0.6388142 0.5504769 0.5716050 0.5299277 0.6157354 0.5716050 0.5504769 0.5299277 0.7945437 0.7945437 0.5933457 0.6157354 
t10        1.0297869 0.0000000 1.1586745 0.6872180 1.0703373 0.6872180 0.5716050 0.7945437 0.7945437 0.8864954 0.7945437 0.7662384 0.8545757 0.8545757 0.7662384 0.7389627 0.7662384 0.7945437 0.8239592 0.8239592 
t13        0.6626257 1.1586745 0.0000000 0.5099265 0.7662384 1.2070784 1.3744361 0.6388142 0.7945437 0.7945437 0.8239592 0.5504769 0.7662384 0.7126442 0.8239592 0.7662384 1.0297869 1.1132061 0.6157354 0.5933457 
t18        0.4529370 0.6872180 0.5099265 0.0000000 0.6388142 0.7389627 0.8239592 0.4714565 0.5504769 0.5716050 0.5504769 0.3831192 0.5716050 0.5299277 0.5716050 0.5299277 0.8545757 0.9198342 0.4348639 0.4348639 
t15        0.6872180 1.0703373 0.7662384 0.6388142 0.0000000 0.9198342 0.9198342 0.7126442 0.2746833 0.2892469 0.3505054 0.6388142 0.3831192 0.3347153 0.3347153 0.3040988 0.8864954 0.9198342 0.7126442 0.7662384 
t3         0.7945437 0.6872180 1.2070784 0.7389627 0.9198342 0.0000000 0.3999739 1.0297869 1.0297869 0.7945437 0.8239592 0.7662384 0.8545757 0.7389627 0.7945437 0.7389627 0.6157354 0.5933457 0.8864954 0.8545757 
t12        0.9198342 0.5716050 1.3744361 0.8239592 0.9198342 0.3999739 0.0000000 0.7945437 0.8239592 0.7389627 0.7126442 0.7126442 0.7945437 0.7389627 0.6872180 0.6872180 0.6157354 0.6626257 0.8239592 0.8545757 
t20        0.5933457 0.7945437 0.6388142 0.4714565 0.7126442 1.0297869 0.7945437 0.0000000 0.5933457 0.6388142 0.7126442 0.2603971 0.7389627 0.6626257 0.6388142 0.6388142 0.9547243 0.9913169 0.3347153 0.3666350 
t5         0.6388142 0.7945437 0.7945437 0.5504769 0.2746833 1.0297869 0.8239592 0.5933457 0.0000000 0.2191023 0.2191023 0.5504769 0.3505054 0.2892469 0.2326162 0.2191023 0.7945437 0.8545757 0.5299277 0.5716050 
t8         0.5504769 0.8864954 0.7945437 0.5716050 0.2892469 0.7945437 0.7389627 0.6388142 0.2191023 0.0000000 0.1927838 0.5716050 0.3666350 0.3192509 0.1549607 0.1549607 0.7389627 0.7945437 0.5933457 0.5716050 
t11        0.5716050 0.7945437 0.8239592 0.5504769 0.3505054 0.8239592 0.7126442 0.7126442 0.2191023 0.1927838 0.0000000 0.6157354 0.3192509 0.3040988 0.1673577 0.1427653 0.7945437 0.8545757 0.6157354 0.5933457 
t7         0.5299277 0.7662384 0.5504769 0.3831192 0.6388142 0.7662384 0.7126442 0.2603971 0.5504769 0.5716050 0.6157354 0.0000000 0.5933457 0.5716050 0.5716050 0.5504769 0.7945437 0.8239592 0.1549607 0.1427653 
t9         0.6157354 0.8545757 0.7662384 0.5716050 0.3831192 0.8545757 0.7945437 0.7389627 0.3505054 0.3666350 0.3192509 0.5933457 0.0000000 0.0625362 0.3666350 0.3505054 0.9547243 0.9547243 0.5933457 0.5933457 
t14        0.5716050 0.8545757 0.7126442 0.5299277 0.3347153 0.7389627 0.7389627 0.6626257 0.2892469 0.3192509 0.3040988 0.5716050 0.0625362 0.0000000 0.3040988 0.2892469 0.8545757 0.8864954 0.5504769 0.5504769 
t1         0.5504769 0.7662384 0.8239592 0.5716050 0.3347153 0.7945437 0.6872180 0.6388142 0.2326162 0.1549607 0.1673577 0.5716050 0.3666350 0.3040988 0.0000000 0.0411062 0.7389627 0.7945437 0.5716050 0.5504769 
t19        0.5299277 0.7389627 0.7662384 0.5299277 0.3040988 0.7389627 0.6872180 0.6388142 0.2191023 0.1549607 0.1427653 0.5504769 0.3505054 0.2892469 0.0411062 0.0000000 0.7389627 0.7945437 0.5504769 0.5299277 
t6         0.7945437 0.7662384 1.0297869 0.8545757 0.8864954 0.6157354 0.6157354 0.9547243 0.7945437 0.7389627 0.7945437 0.7945437 0.9547243 0.8545757 0.7389627 0.7389627 0.0000000 0.0517447 0.9198342 0.8864954 
t2         0.7945437 0.7945437 1.1132061 0.9198342 0.9198342 0.5933457 0.6626257 0.9913169 0.8545757 0.7945437 0.8545757 0.8239592 0.9547243 0.8864954 0.7945437 0.7945437 0.0517447 0.0000000 0.9547243 0.9547243 
t17        0.5933457 0.8239592 0.6157354 0.4348639 0.7126442 0.8864954 0.8239592 0.3347153 0.5299277 0.5933457 0.6157354 0.1549607 0.5933457 0.5504769 0.5716050 0.5504769 0.9198342 0.9547243 0.0000000 0.0958750 
t4         0.6157354 0.8239592 0.5933457 0.4348639 0.7662384 0.8545757 0.8545757 0.3666350 0.5716050 0.5716050 0.5933457 0.1427653 0.5933457 0.5504769 0.5504769 0.5299277 0.8864954 0.9547243 0.0958750 0.0000000 
