20
t10        0.0000000 0.9547243 1.0297869 1.2070784 1.2588231 1.6785349 1.6785349 1.8942965 1.3144041 1.2588231 1.1586745 1.2588231 1.2588231 0.8545757 0.7662384 1.5901977 0.9913169 0.8545757 1.1132061 1.1586745 
t1         0.9547243 0.0000000 0.6388142 1.2070784 1.0297869 1.2588231 1.7786835 1.6785349 1.5111773 1.2588231 1.6785349 1.0297869 1.4396946 0.8239592 0.7945437 2.0310377 1.0297869 1.1586745 1.2070784 1.2588231 
t19        1.0297869 0.6388142 0.0000000 1.3144041 0.9547243 1.3744361 1.6785349 1.1586745 1.1132061 1.2588231 2.0310377 1.0703373 1.2588231 0.8545757 0.7662384 1.2588231 1.0297869 1.0703373 1.0297869 1.0703373 
t3         1.2070784 1.2070784 1.3144041 0.0000000 1.5901977 1.1586745 1.7786835 1.7786835 1.5901977 1.3144041 1.7786835 1.5111773 1.3744361 1.0297869 1.0703373 1.5111773 0.8864954 0.8545757 1.3144041 1.2588231 
t8         1.2588231 1.0297869 0.9547243 1.5901977 0.0000000 0.5933457 1.3144041 1.3144041 1.4396946 1.2070784 1.6785349 1.2588231 1.4396946 0.9198342 0.8239592 1.3144041 1.2070784 1.1132061 1.0297869 1.0703373 
t2         1.6785349 1.2588231 1.3744361 1.1586745 0.5933457 0.0000000 2.0310377 1.2588231 2.7182557 1.5111773 1.5901977 2.4141569 2.1983953 1.2070784 1.2588231 1.8942965 1.3144041 1.3144041 1.4396946 1.5111773 
t11        1.6785349 1.7786835 1.6785349 1.7786835 1.3144041 2.0310377 0.0000000 1.3744361 2.4141569 1.0703373 1.6785349 1.8942965 1.5111773 2.0310377 1.5111773 1.3744361 1.8942965 2.1983953 1.2588231 1.3144041 
t6         1.8942965 1.6785349 1.1586745 1.7786835 1.3144041 1.2588231 1.3744361 0.0000000 0.8545757 1.4396946 2.1983953 1.4396946 1.8942965 1.3744361 1.2588231 9.0000000 1.2588231 1.2070784 1.6785349 1.7786835 
t9         1.3144041 1.5111773 1.1132061 1.5901977 1.4396946 2.7182557 2.4141569 0.8545757 0.0000000 1.6785349 3.2381161 1.3744361 1.2588231 1.1586745 0.9198342 1.8942965 1.7786835 1.3144041 1.2588231 1.3144041 
t4         1.2588231 1.2588231 1.2588231 1.3144041 1.2070784 1.5111773 1.0703373 1.4396946 1.6785349 0.0000000 0.6388142 1.2588231 1.3744361 1.0297869 0.7389627 1.1586745 1.1586745 0.8864954 0.9913169 0.9913169 
t14        1.1586745 1.6785349 2.0310377 1.7786835 1.6785349 1.5901977 1.6785349 2.1983953 3.2381161 0.6388142 0.0000000 1.8942965 3.2381161 1.5901977 1.2070784 1.6785349 1.5901977 1.0703373 1.5901977 1.5901977 
t18        1.2588231 1.0297869 1.0703373 1.5111773 1.2588231 2.4141569 1.8942965 1.4396946 1.3744361 1.2588231 1.8942965 0.0000000 0.5299277 0.8239592 0.6626257 0.7662384 1.3744361 1.1586745 0.5504769 0.5299277 
t16        1.2588231 1.4396946 1.2588231 1.3744361 1.4396946 2.1983953 1.5111773 1.8942965 1.2588231 1.3744361 3.2381161 0.5299277 0.0000000 1.1586745 0.9547243 0.4529370 1.2588231 1.2070784 0.2746833 0.2603971 
t13        0.8545757 0.8239592 0.8545757 1.0297869 0.9198342 1.2070784 2.0310377 1.3744361 1.1586745 1.0297869 1.5901977 0.8239592 1.1586745 0.0000000 0.1673577 0.9913169 0.9547243 0.7945437 0.8545757 0.8545757 
t15        0.7662384 0.7945437 0.7662384 1.0703373 0.8239592 1.2588231 1.5111773 1.2588231 0.9198342 0.7389627 1.2070784 0.6626257 0.9547243 0.1673577 0.0000000 0.8545757 0.9198342 0.8239592 0.6872180 0.6872180 
t17        1.5901977 2.0310377 1.2588231 1.5111773 1.3144041 1.8942965 1.3744361 9.0000000 1.8942965 1.1586745 1.6785349 0.7662384 0.4529370 0.9913169 0.8545757 0.0000000 1.3144041 1.3144041 0.4172160 0.3999739 
t20        0.9913169 1.0297869 1.0297869 0.8864954 1.2070784 1.3144041 1.8942965 1.2588231 1.7786835 1.1586745 1.5901977 1.3744361 1.2588231 0.9547243 0.9198342 1.3144041 0.0000000 0.2463781 1.2070784 1.2070784 
t12        0.8545757 1.1586745 1.0703373 0.8545757 1.1132061 1.3144041 2.1983953 1.2070784 1.3144041 0.8864954 1.0703373 1.1586745 1.2070784 0.7945437 0.8239592 1.3144041 0.2463781 0.0000000 1.0297869 1.0297869 
t5         1.1132061 1.2070784 1.0297869 1.3144041 1.0297869 1.4396946 1.2588231 1.6785349 1.2588231 0.9913169 1.5901977 0.5504769 0.2746833 0.8545757 0.6872180 0.4172160 1.2070784 1.0297869 0.0000000 0.0100673 
t7         1.1586745 1.2588231 1.0703373 1.2588231 1.0703373 1.5111773 1.3144041 1.7786835 1.3144041 0.9913169 1.5901977 0.5299277 0.2603971 0.8545757 0.6872180 0.3999739 1.2070784 1.0297869 0.0100673 0.0000000 
