20
t17        0.0000000 9.0000000 9.0000000 9.0000000 9.0000000 9.0000000 9.0000000 9.0000000 1.8942965 3.2381161 9.0000000 9.0000000 9.0000000 3.2381161 2.0310377 9.0000000 9.0000000 9.0000000 2.0310377 2.4141569 
t10        9.0000000 0.0000000 0.8545757 0.7389627 0.5716050 1.3744361 0.7126442 0.6157354 0.7126442 1.0703373 0.9913169 1.0297869 0.9913169 0.8239592 0.7945437 0.6388142 0.6626257 0.7945437 0.5716050 0.4529370 
t4         9.0000000 0.8545757 0.0000000 0.7662384 0.9547243 0.8864954 0.7389627 0.5933457 1.0703373 0.6157354 0.7389627 0.9198342 1.1132061 1.1132061 0.8239592 0.6626257 0.6872180 0.7945437 0.8545757 0.7662384 
t7         9.0000000 0.7389627 0.7662384 0.0000000 0.7945437 1.2070784 0.5716050 0.5099265 0.7662384 0.9198342 0.9198342 0.5504769 1.5901977 1.1586745 0.6157354 0.5099265 0.3666350 0.3831192 0.8239592 0.6157354 
t8         9.0000000 0.5716050 0.9547243 0.7945437 0.0000000 1.3144041 0.8239592 0.6626257 0.5504769 1.0297869 0.9198342 0.9913169 0.5504769 0.4529370 0.8864954 0.5933457 0.7662384 0.8545757 0.4172160 0.3192509 
t12        9.0000000 1.3744361 0.8864954 1.2070784 1.3144041 0.0000000 0.8239592 0.9198342 1.4396946 0.8864954 0.8545757 1.2070784 1.7786835 1.3144041 1.2070784 1.0297869 1.2070784 1.4396946 1.3744361 1.0703373 
t18        9.0000000 0.7126442 0.7389627 0.5716050 0.8239592 0.8239592 0.0000000 0.2603971 0.7945437 0.8239592 0.9198342 0.6157354 1.3144041 1.0297869 0.5299277 0.4904449 0.5099265 0.5504769 0.7126442 0.6626257 
t9         9.0000000 0.6157354 0.5933457 0.5099265 0.6626257 0.9198342 0.2603971 0.0000000 0.7389627 0.8239592 0.7662384 0.5933457 0.9913169 0.7945437 0.4904449 0.4172160 0.4172160 0.4348639 0.5716050 0.4904449 
t19        1.8942965 0.7126442 1.0703373 0.7662384 0.5504769 1.4396946 0.7945437 0.7389627 0.0000000 1.2588231 1.0703373 0.9198342 0.8864954 0.8239592 1.1132061 0.7662384 0.8239592 0.8239592 0.2892469 0.2191023 
t1         3.2381161 1.0703373 0.6157354 0.9198342 1.0297869 0.8864954 0.8239592 0.8239592 1.2588231 0.0000000 0.4529370 1.1132061 1.5111773 1.5111773 1.2588231 1.1132061 0.8864954 0.9547243 0.8864954 0.9198342 
t6         9.0000000 0.9913169 0.7389627 0.9198342 0.9198342 0.8545757 0.9198342 0.7662384 1.0703373 0.4529370 0.0000000 1.1132061 1.4396946 1.5111773 1.2070784 0.9913169 0.8239592 0.7945437 0.9547243 0.7945437 
t11        9.0000000 1.0297869 0.9198342 0.5504769 0.9913169 1.2070784 0.6157354 0.5933457 0.9198342 1.1132061 1.1132061 0.0000000 1.3144041 1.2070784 0.7662384 0.7389627 0.3505054 0.3999739 0.7945437 0.7126442 
t15        9.0000000 0.9913169 1.1132061 1.5901977 0.5504769 1.7786835 1.3144041 0.9913169 0.8864954 1.5111773 1.4396946 1.3144041 0.0000000 0.2191023 0.9913169 0.7662384 1.2588231 1.3744361 0.7389627 0.5933457 
t2         3.2381161 0.8239592 1.1132061 1.1586745 0.4529370 1.3144041 1.0297869 0.7945437 0.8239592 1.5111773 1.5111773 1.2070784 0.2191023 0.0000000 0.8864954 0.6626257 0.9913169 1.1586745 0.6157354 0.5299277 
t16        2.0310377 0.7945437 0.8239592 0.6157354 0.8864954 1.2070784 0.5299277 0.4904449 1.1132061 1.2588231 1.2070784 0.7662384 0.9913169 0.8864954 0.0000000 0.2892469 0.5504769 0.6388142 0.8545757 0.7126442 
t20        9.0000000 0.6388142 0.6626257 0.5099265 0.5933457 1.0297869 0.4904449 0.4172160 0.7662384 1.1132061 0.9913169 0.7389627 0.7662384 0.6626257 0.2892469 0.0000000 0.5099265 0.5716050 0.6626257 0.4904449 
t5         9.0000000 0.6626257 0.6872180 0.3666350 0.7662384 1.2070784 0.5099265 0.4172160 0.8239592 0.8864954 0.8239592 0.3505054 1.2588231 0.9913169 0.5504769 0.5099265 0.0000000 0.1189538 0.7389627 0.5933457 
t13        9.0000000 0.7945437 0.7945437 0.3831192 0.8545757 1.4396946 0.5504769 0.4348639 0.8239592 0.9547243 0.7945437 0.3999739 1.3744361 1.1586745 0.6388142 0.5716050 0.1189538 0.0000000 0.8239592 0.6388142 
t3         2.0310377 0.5716050 0.8545757 0.8239592 0.4172160 1.3744361 0.7126442 0.5716050 0.2892469 0.8864954 0.9547243 0.7945437 0.7389627 0.6157354 0.8545757 0.6626257 0.7389627 0.8239592 0.0000000 0.1189538 
t14        2.4141569 0.4529370 0.7662384 0.6157354 0.3192509 1.0703373 0.6626257 0.4904449 0.2191023 0.9198342 0.7945437 0.7126442 0.5933457 0.5299277 0.7126442 0.4904449 0.5933457 0.6388142 0.1189538 0.0000000 
