20
t17        0.0000000 9.0000000 9.0000000 9.0000000 2.1983953 2.7182557 9.0000000 2.1983953 9.0000000 3.2381161 2.4141569 2.1983953 9.0000000 3.2381161 9.0000000 3.2381161 9.0000000 2.4141569 9.0000000 9.0000000 
t11        9.0000000 0.0000000 0.4904449 1.5901977 1.0297869 1.3144041 1.1586745 1.1586745 0.7945437 2.7182557 1.5901977 1.4396946 1.2588231 1.7786835 0.7662384 1.5111773 1.0297869 0.8864954 1.3144041 1.4396946 
t7         9.0000000 0.4904449 0.0000000 1.0703373 0.9198342 1.2588231 1.3144041 1.8942965 0.7662384 1.5901977 2.4141569 2.4141569 1.5901977 1.4396946 0.7945437 1.7786835 0.7126442 0.7126442 1.4396946 1.5111773 
t1         9.0000000 1.5901977 1.0703373 0.0000000 1.1586745 3.2381161 1.8942965 1.7786835 1.2588231 3.2381161 1.8942965 2.4141569 9.0000000 1.8942965 1.5111773 9.0000000 1.5111773 1.3744361 2.0310377 2.1983953 
t16        2.1983953 1.0297869 0.9198342 1.1586745 0.0000000 0.6388142 2.1983953 1.6785349 1.1132061 9.0000000 2.4141569 3.2381161 2.0310377 1.5901977 0.9913169 2.0310377 1.2070784 0.9547243 0.7945437 0.8239592 
t14        2.7182557 1.3144041 1.2588231 3.2381161 0.6388142 0.0000000 2.4141569 2.4141569 1.3144041 9.0000000 1.6785349 9.0000000 3.2381161 2.1983953 1.3144041 1.7786835 1.8942965 1.4396946 1.0297869 1.1132061 
t6         9.0000000 1.1586745 1.3144041 1.8942965 2.1983953 2.4141569 0.0000000 1.6785349 1.1132061 3.2381161 0.8239592 0.8864954 0.4172160 1.2070784 1.7786835 9.0000000 1.3744361 1.3744361 2.4141569 2.4141569 
t3         2.1983953 1.1586745 1.8942965 1.7786835 1.6785349 2.4141569 1.6785349 0.0000000 1.0297869 9.0000000 1.6785349 9.0000000 1.7786835 1.6785349 1.6785349 9.0000000 1.7786835 1.6785349 9.0000000 9.0000000 
t4         9.0000000 0.7945437 0.7662384 1.2588231 1.1132061 1.3144041 1.1132061 1.0297869 0.0000000 9.0000000 1.5111773 1.3744361 1.5901977 2.0310377 0.9547243 2.1983953 0.7945437 0.8545757 2.0310377 2.4141569 
t19        3.2381161 2.7182557 1.5901977 3.2381161 9.0000000 9.0000000 3.2381161 9.0000000 9.0000000 0.0000000 9.0000000 3.2381161 9.0000000 2.4141569 9.0000000 9.0000000 2.1983953 1.7786835 9.0000000 9.0000000 
t12        2.4141569 1.5901977 2.4141569 1.8942965 2.4141569 1.6785349 0.8239592 1.6785349 1.5111773 9.0000000 0.0000000 0.8239592 1.6785349 2.1983953 1.8942965 2.1983953 1.5111773 1.5901977 3.2381161 9.0000000 
t13        2.1983953 1.4396946 2.4141569 2.4141569 3.2381161 9.0000000 0.8864954 9.0000000 1.3744361 3.2381161 0.8239592 0.0000000 1.3744361 2.7182557 1.5901977 2.1983953 1.7786835 3.2381161 3.2381161 9.0000000 
t2         9.0000000 1.2588231 1.5901977 9.0000000 2.0310377 3.2381161 0.4172160 1.7786835 1.5901977 9.0000000 1.6785349 1.3744361 0.0000000 1.1586745 1.6785349 3.2381161 1.8942965 1.7786835 2.1983953 2.1983953 
t5         3.2381161 1.7786835 1.4396946 1.8942965 1.5901977 2.1983953 1.2070784 1.6785349 2.0310377 2.4141569 2.1983953 2.7182557 1.1586745 0.0000000 9.0000000 9.0000000 2.7182557 2.4141569 2.4141569 2.1983953 
t20        9.0000000 0.7662384 0.7945437 1.5111773 0.9913169 1.3144041 1.7786835 1.6785349 0.9547243 9.0000000 1.8942965 1.5901977 1.6785349 9.0000000 0.0000000 0.6872180 0.9913169 0.9913169 1.5901977 1.7786835 
t10        3.2381161 1.5111773 1.7786835 9.0000000 2.0310377 1.7786835 9.0000000 9.0000000 2.1983953 9.0000000 2.1983953 2.1983953 3.2381161 9.0000000 0.6872180 0.0000000 2.4141569 1.8942965 2.4141569 3.2381161 
t9         9.0000000 1.0297869 0.7126442 1.5111773 1.2070784 1.8942965 1.3744361 1.7786835 0.7945437 2.1983953 1.5111773 1.7786835 1.8942965 2.7182557 0.9913169 2.4141569 0.0000000 0.3505054 1.7786835 1.8942965 
t8         2.4141569 0.8864954 0.7126442 1.3744361 0.9547243 1.4396946 1.3744361 1.6785349 0.8545757 1.7786835 1.5901977 3.2381161 1.7786835 2.4141569 0.9913169 1.8942965 0.3505054 0.0000000 1.4396946 1.6785349 
t18        9.0000000 1.3144041 1.4396946 2.0310377 0.7945437 1.0297869 2.4141569 9.0000000 2.0310377 9.0000000 3.2381161 3.2381161 2.1983953 2.4141569 1.5901977 2.4141569 1.7786835 1.4396946 0.0000000 0.0306165 
t15        9.0000000 1.4396946 1.5111773 2.1983953 0.8239592 1.1132061 2.4141569 9.0000000 2.4141569 9.0000000 9.0000000 9.0000000 2.1983953 2.1983953 1.7786835 3.2381161 1.8942965 1.6785349 0.0306165 0.0000000 
