20
t19        0.0000000 1.6785349 1.2070784 1.0297869 0.9198342 1.5111773 0.8239592 0.7662384 1.7786835 1.2070784 1.8942965 1.7786835 1.2588231 1.1132061 1.1132061 1.1586745 1.2588231 1.5111773 1.7786835 1.6785349 
t18        1.6785349 0.0000000 9.0000000 1.7786835 1.6785349 2.7182557 1.2070784 1.5111773 2.1983953 0.7945437 2.1983953 1.8942965 1.8942965 1.7786835 0.8864954 0.8545757 3.2381161 2.1983953 1.2588231 1.1586745 
t5         1.2070784 9.0000000 0.0000000 1.1586745 0.7945437 0.7662384 1.3744361 1.2070784 1.3144041 1.8942965 1.6785349 1.2588231 0.7662384 0.8239592 1.8942965 1.7786835 0.9198342 0.9547243 2.0310377 2.0310377 
t1         1.0297869 1.7786835 1.1586745 0.0000000 0.4714565 1.3144041 0.7662384 0.7945437 1.0703373 1.7786835 0.9913169 1.0703373 1.2070784 1.3144041 1.3144041 1.4396946 1.0703373 1.2588231 3.2381161 2.4141569 
t11        0.9198342 1.6785349 0.7945437 0.4714565 0.0000000 0.9547243 0.5099265 0.6626257 0.8545757 1.5111773 0.8864954 0.9913169 1.1132061 1.1132061 1.1132061 1.1586745 0.9547243 0.8864954 1.5111773 1.5111773 
t2         1.5111773 2.7182557 0.7662384 1.3144041 0.9547243 0.0000000 2.1983953 1.5901977 2.1983953 2.1983953 2.0310377 9.0000000 0.7389627 0.7945437 2.4141569 2.7182557 0.9198342 0.7945437 1.8942965 1.8942965 
t12        0.8239592 1.2070784 1.3744361 0.7662384 0.5099265 2.1983953 0.0000000 0.4348639 0.7945437 1.2070784 0.9198342 0.8864954 1.4396946 1.3144041 1.1132061 0.9913169 1.4396946 1.3144041 1.1586745 1.0297869 
t10        0.7662384 1.5111773 1.2070784 0.7945437 0.6626257 1.5901977 0.4348639 0.0000000 0.8239592 1.3744361 0.6872180 0.9198342 1.3144041 1.1586745 1.2588231 1.3744361 1.0703373 1.0297869 1.6785349 1.5901977 
t16        1.7786835 2.1983953 1.3144041 1.0703373 0.8545757 2.1983953 0.7945437 0.8239592 0.0000000 1.7786835 0.3505054 0.3831192 2.4141569 1.8942965 1.6785349 1.5111773 1.5111773 1.2070784 1.4396946 1.3744361 
t13        1.2070784 0.7945437 1.8942965 1.7786835 1.5111773 2.1983953 1.2070784 1.3744361 1.7786835 0.0000000 1.7786835 1.5111773 1.6785349 2.0310377 0.2191023 0.1673577 2.4141569 2.0310377 0.3831192 0.3999739 
t20        1.8942965 2.1983953 1.6785349 0.9913169 0.8864954 2.0310377 0.9198342 0.6872180 0.3505054 1.7786835 0.0000000 0.3040988 1.8942965 1.6785349 1.5111773 1.5901977 1.1586745 1.1586745 1.6785349 1.5901977 
t6         1.7786835 1.8942965 1.2588231 1.0703373 0.9913169 9.0000000 0.8864954 0.9198342 0.3831192 1.5111773 0.3040988 0.0000000 3.2381161 2.4141569 1.2588231 1.2588231 1.5111773 1.4396946 1.5111773 1.4396946 
t8         1.2588231 1.8942965 0.7662384 1.2070784 1.1132061 0.7389627 1.4396946 1.3144041 2.4141569 1.6785349 1.8942965 3.2381161 0.0000000 0.2326162 2.7182557 2.0310377 0.9198342 0.9547243 1.8942965 1.6785349 
t3         1.1132061 1.7786835 0.8239592 1.3144041 1.1132061 0.7945437 1.3144041 1.1586745 1.8942965 2.0310377 1.6785349 2.4141569 0.2326162 0.0000000 2.7182557 2.1983953 0.8545757 0.8545757 2.1983953 1.8942965 
t9         1.1132061 0.8864954 1.8942965 1.3144041 1.1132061 2.4141569 1.1132061 1.2588231 1.6785349 0.2191023 1.5111773 1.2588231 2.7182557 2.7182557 0.0000000 0.1673577 1.8942965 1.8942965 0.4714565 0.4904449 
t15        1.1586745 0.8545757 1.7786835 1.4396946 1.1586745 2.7182557 0.9913169 1.3744361 1.5111773 0.1673577 1.5901977 1.2588231 2.0310377 2.1983953 0.1673577 0.0000000 9.0000000 2.7182557 0.3505054 0.3666350 
t17        1.2588231 3.2381161 0.9198342 1.0703373 0.9547243 0.9198342 1.4396946 1.0703373 1.5111773 2.4141569 1.1586745 1.5111773 0.9198342 0.8545757 1.8942965 9.0000000 0.0000000 0.1549607 3.2381161 2.7182557 
t14        1.5111773 2.1983953 0.9547243 1.2588231 0.8864954 0.7945437 1.3144041 1.0297869 1.2070784 2.0310377 1.1586745 1.4396946 0.9547243 0.8545757 1.8942965 2.7182557 0.1549607 0.0000000 2.1983953 2.0310377 
t7         1.7786835 1.2588231 2.0310377 3.2381161 1.5111773 1.8942965 1.1586745 1.6785349 1.4396946 0.3831192 1.6785349 1.5111773 1.8942965 2.1983953 0.4714565 0.3505054 3.2381161 2.1983953 0.0000000 0.0306165 
t4         1.6785349 1.1586745 2.0310377 2.4141569 1.5111773 1.8942965 1.0297869 1.5901977 1.3744361 0.3999739 1.5901977 1.4396946 1.6785349 1.8942965 0.4904449 0.3666350 2.7182557 2.0310377 0.0306165 0.0000000 
