20
t8         0.0000000 3.2381161 0.6388142 0.5504769 0.6626257 0.6872180 1.5901977 1.3744361 0.6388142 0.7945437 1.8942965 1.5111773 0.7389627 0.6872180 0.8545757 0.8545757 0.7389627 0.7662384 0.7126442 0.6872180 
t5         3.2381161 0.0000000 9.0000000 9.0000000 9.0000000 9.0000000 9.0000000 9.0000000 9.0000000 9.0000000 9.0000000 9.0000000 9.0000000 2.7182557 9.0000000 9.0000000 9.0000000 9.0000000 9.0000000 9.0000000 
t18        0.6388142 9.0000000 0.0000000 0.2326162 0.3040988 0.2892469 3.2381161 3.2381161 0.2191023 0.2326162 0.8239592 0.6626257 0.3040988 0.3831192 0.4529370 0.3505054 0.2892469 0.3040988 0.2603971 0.2463781 
t7         0.5504769 9.0000000 0.2326162 0.0000000 0.2058276 0.2191023 1.7786835 1.7786835 0.1673577 0.2326162 0.8545757 0.6872180 0.2326162 0.4529370 0.4904449 0.3040988 0.2603971 0.2746833 0.2892469 0.2746833 
t16        0.6626257 9.0000000 0.3040988 0.2058276 0.0000000 0.1673577 1.8942965 1.5111773 0.2746833 0.3192509 0.9913169 0.7662384 0.3347153 0.5933457 0.6157354 0.3831192 0.3831192 0.3999739 0.3666350 0.3505054 
t11        0.6872180 9.0000000 0.2892469 0.2191023 0.1673577 0.0000000 3.2381161 1.8942965 0.2892469 0.3505054 0.9913169 0.8545757 0.3505054 0.6157354 0.6388142 0.3831192 0.3999739 0.4172160 0.3831192 0.3666350 
t3         1.5901977 9.0000000 3.2381161 1.7786835 1.8942965 3.2381161 0.0000000 0.2746833 3.2381161 2.7182557 9.0000000 1.5901977 2.7182557 2.1983953 1.8942965 9.0000000 9.0000000 9.0000000 1.5901977 1.5901977 
t15        1.3744361 9.0000000 3.2381161 1.7786835 1.5111773 1.8942965 0.2746833 0.0000000 2.4141569 2.4141569 2.7182557 1.4396946 2.1983953 2.4141569 2.1983953 9.0000000 3.2381161 3.2381161 1.7786835 1.7786835 
t1         0.6388142 9.0000000 0.2191023 0.1673577 0.2746833 0.2892469 3.2381161 2.4141569 0.0000000 0.2058276 0.8545757 0.6872180 0.2058276 0.4714565 0.5504769 0.2892469 0.2463781 0.2603971 0.2746833 0.2603971 
t20        0.7945437 9.0000000 0.2326162 0.2326162 0.3192509 0.3505054 2.7182557 2.4141569 0.2058276 0.0000000 0.8239592 0.6626257 0.0958750 0.4714565 0.4904449 0.2326162 0.1673577 0.1799630 0.3505054 0.3347153 
t6         1.8942965 9.0000000 0.8239592 0.8545757 0.9913169 0.9913169 9.0000000 2.7182557 0.8545757 0.8239592 0.0000000 0.2603971 0.7662384 1.0703373 0.9547243 0.7126442 0.7662384 0.7662384 0.8545757 0.8239592 
t4         1.5111773 9.0000000 0.6626257 0.6872180 0.7662384 0.8545757 1.5901977 1.4396946 0.6872180 0.6626257 0.2603971 0.0000000 0.6872180 0.8545757 0.7389627 0.6872180 0.6157354 0.6157354 0.6157354 0.5933457 
t13        0.7389627 9.0000000 0.3040988 0.2326162 0.3347153 0.3505054 2.7182557 2.1983953 0.2058276 0.0958750 0.7662384 0.6872180 0.0000000 0.4904449 0.5299277 0.1799630 0.1427653 0.1549607 0.3666350 0.3505054 
t17        0.6872180 2.7182557 0.3831192 0.4529370 0.5933457 0.6157354 2.1983953 2.4141569 0.4714565 0.4714565 1.0703373 0.8545757 0.4904449 0.0000000 0.3831192 0.5299277 0.4529370 0.4348639 0.4529370 0.4348639 
t9         0.8545757 9.0000000 0.4529370 0.4904449 0.6157354 0.6388142 1.8942965 2.1983953 0.5504769 0.4904449 0.9547243 0.7389627 0.5299277 0.3831192 0.0000000 0.5504769 0.5099265 0.5299277 0.5299277 0.5099265 
t12        0.8545757 9.0000000 0.3505054 0.3040988 0.3831192 0.3831192 9.0000000 9.0000000 0.2892469 0.2326162 0.7126442 0.6872180 0.1799630 0.5299277 0.5504769 0.0000000 0.1307650 0.1427653 0.3999739 0.3831192 
t10        0.7389627 9.0000000 0.2892469 0.2603971 0.3831192 0.3999739 9.0000000 3.2381161 0.2463781 0.1673577 0.7662384 0.6157354 0.1427653 0.4529370 0.5099265 0.1307650 0.0000000 0.0100673 0.3831192 0.3666350 
t14        0.7662384 9.0000000 0.3040988 0.2746833 0.3999739 0.4172160 9.0000000 3.2381161 0.2603971 0.1799630 0.7662384 0.6157354 0.1549607 0.4348639 0.5299277 0.1427653 0.0100673 0.0000000 0.3999739 0.3831192 
t2         0.7126442 9.0000000 0.2603971 0.2892469 0.3666350 0.3831192 1.5901977 1.7786835 0.2746833 0.3505054 0.8545757 0.6157354 0.3666350 0.4529370 0.5299277 0.3999739 0.3831192 0.3999739 0.0000000 0.0100673 
t19        0.6872180 9.0000000 0.2463781 0.2746833 0.3505054 0.3666350 1.5901977 1.7786835 0.2603971 0.3347153 0.8239592 0.5933457 0.3505054 0.4348639 0.5099265 0.3831192 0.3666350 0.3831192 0.0100673 0.0000000 
