20
t11        0.0000000 0.9913169 2.0310377 1.0297869 1.5111773 1.7786835 1.6785349 1.7786835 1.8942965 2.7182557 1.6785349 1.5111773 1.8942965 2.1983953 3.2381161 3.2381161 1.8942965 2.4141569 2.7182557 2.1983953 
t18        0.9913169 0.0000000 1.5111773 0.7945437 2.7182557 0.6626257 1.3144041 1.3144041 1.3744361 1.0297869 1.0703373 0.8864954 1.2588231 1.4396946 1.3744361 1.4396946 1.0703373 1.3144041 2.0310377 1.7786835 
t19        2.0310377 1.5111773 0.0000000 2.4141569 9.0000000 1.5111773 1.5111773 1.8942965 1.8942965 1.8942965 1.3144041 1.5901977 1.5111773 2.1983953 1.0297869 1.0703373 1.3744361 1.7786835 2.1983953 2.1983953 
t10        1.0297869 0.7945437 2.4141569 0.0000000 1.4396946 1.3144041 2.0310377 2.0310377 9.0000000 1.6785349 1.3144041 1.2070784 1.1586745 1.4396946 1.6785349 1.7786835 1.6785349 2.1983953 1.8942965 1.6785349 
t13        1.5111773 2.7182557 9.0000000 1.4396946 0.0000000 1.7786835 1.8942965 9.0000000 9.0000000 9.0000000 9.0000000 2.4141569 3.2381161 2.0310377 9.0000000 9.0000000 9.0000000 9.0000000 9.0000000 9.0000000 
t14        1.7786835 0.6626257 1.5111773 1.3144041 1.7786835 0.0000000 1.6785349 3.2381161 2.4141569 0.7945437 1.5111773 1.5111773 1.5111773 2.7182557 1.3144041 1.2588231 0.6626257 0.8239592 1.6785349 1.6785349 
t6         1.6785349 1.3144041 1.5111773 2.0310377 1.8942965 1.6785349 0.0000000 9.0000000 9.0000000 1.8942965 1.5111773 1.1132061 0.4529370 0.6626257 3.2381161 9.0000000 1.3744361 1.5111773 2.0310377 2.0310377 
t12        1.7786835 1.3144041 1.8942965 2.0310377 9.0000000 3.2381161 9.0000000 0.0000000 0.8239592 1.5901977 1.8942965 1.4396946 1.8942965 1.7786835 0.9547243 1.3744361 1.5111773 2.4141569 9.0000000 9.0000000 
t3         1.8942965 1.3744361 1.8942965 9.0000000 9.0000000 2.4141569 9.0000000 0.8239592 0.0000000 9.0000000 3.2381161 1.6785349 3.2381161 2.0310377 2.7182557 3.2381161 2.0310377 2.7182557 2.7182557 2.7182557 
t15        2.7182557 1.0297869 1.8942965 1.6785349 9.0000000 0.7945437 1.8942965 1.5901977 9.0000000 0.0000000 3.2381161 9.0000000 3.2381161 9.0000000 9.0000000 1.8942965 0.4904449 0.7389627 2.4141569 2.7182557 
t5         1.6785349 1.0703373 1.3144041 1.3144041 9.0000000 1.5111773 1.5111773 1.8942965 3.2381161 3.2381161 0.0000000 0.3999739 1.1586745 1.4396946 1.6785349 2.1983953 1.6785349 1.7786835 9.0000000 9.0000000 
t2         1.5111773 0.8864954 1.5901977 1.2070784 2.4141569 1.5111773 1.1132061 1.4396946 1.6785349 9.0000000 0.3999739 0.0000000 0.9547243 1.2070784 1.7786835 1.5901977 1.7786835 2.1983953 9.0000000 9.0000000 
t4         1.8942965 1.2588231 1.5111773 1.1586745 3.2381161 1.5111773 0.4529370 1.8942965 3.2381161 3.2381161 1.1586745 0.9547243 0.0000000 0.2463781 2.7182557 2.4141569 1.7786835 3.2381161 2.4141569 2.1983953 
t8         2.1983953 1.4396946 2.1983953 1.4396946 2.0310377 2.7182557 0.6626257 1.7786835 2.0310377 9.0000000 1.4396946 1.2070784 0.2463781 0.0000000 2.7182557 3.2381161 1.8942965 2.1983953 2.1983953 2.0310377 
t9         3.2381161 1.3744361 1.0297869 1.6785349 9.0000000 1.3144041 3.2381161 0.9547243 2.7182557 9.0000000 1.6785349 1.7786835 2.7182557 2.7182557 0.0000000 0.2603971 2.0310377 2.7182557 2.1983953 2.0310377 
t7         3.2381161 1.4396946 1.0703373 1.7786835 9.0000000 1.2588231 9.0000000 1.3744361 3.2381161 1.8942965 2.1983953 1.5901977 2.4141569 3.2381161 0.2603971 0.0000000 1.6785349 1.7786835 2.0310377 2.0310377 
t17        1.8942965 1.0703373 1.3744361 1.6785349 9.0000000 0.6626257 1.3744361 1.5111773 2.0310377 0.4904449 1.6785349 1.7786835 1.7786835 1.8942965 2.0310377 1.6785349 0.0000000 0.1927838 9.0000000 9.0000000 
t20        2.4141569 1.3144041 1.7786835 2.1983953 9.0000000 0.8239592 1.5111773 2.4141569 2.7182557 0.7389627 1.7786835 2.1983953 3.2381161 2.1983953 2.7182557 1.7786835 0.1927838 0.0000000 2.7182557 9.0000000 
t16        2.7182557 2.0310377 2.1983953 1.8942965 9.0000000 1.6785349 2.0310377 9.0000000 2.7182557 2.4141569 9.0000000 9.0000000 2.4141569 2.1983953 2.1983953 2.0310377 9.0000000 2.7182557 0.0000000 0.0411062 
t1         2.1983953 1.7786835 2.1983953 1.6785349 9.0000000 1.6785349 2.0310377 9.0000000 2.7182557 2.7182557 9.0000000 9.0000000 2.1983953 2.0310377 2.0310377 2.0310377 9.0000000 9.0000000 0.0411062 0.0000000 
