20
t13        0.0000000 0.5099265 1.3744361 1.1586745 0.7662384 0.8239592 0.7662384 0.8239592 0.5933457 0.6157354 0.5504769 0.6388142 0.7126442 0.5716050 0.5504769 0.7662384 0.9547243 0.4904449 0.5504769 0.5504769 
t17        0.5099265 0.0000000 1.1586745 1.1586745 0.6872180 0.7389627 1.1132061 1.2070784 0.7126442 0.5299277 0.5504769 0.6872180 0.7126442 0.7389627 0.7662384 0.7945437 1.0703373 0.0958750 0.1307650 0.1307650 
t4         1.3744361 1.1586745 0.0000000 0.1073256 1.7786835 1.5111773 9.0000000 2.7182557 1.4396946 1.0703373 1.1132061 0.8545757 0.9547243 1.5111773 1.3744361 1.6785349 1.6785349 1.3744361 1.5111773 1.5111773 
t14        1.1586745 1.1586745 0.1073256 0.0000000 1.5111773 1.3744361 2.7182557 2.0310377 1.3144041 1.0297869 1.0703373 0.7945437 0.9198342 1.3744361 1.2588231 1.5901977 1.5901977 1.3144041 1.4396946 1.4396946 
t1         0.7662384 0.6872180 1.7786835 1.5111773 0.0000000 0.2058276 1.0703373 1.2588231 0.4904449 0.7126442 0.6157354 0.7945437 0.8545757 0.5299277 0.5099265 0.7662384 1.1132061 0.6157354 0.6872180 0.6872180 
t9         0.8239592 0.7389627 1.5111773 1.3744361 0.2058276 0.0000000 1.3144041 1.6785349 0.5716050 0.7662384 0.6872180 0.8545757 0.9547243 0.5504769 0.5716050 0.9547243 1.2070784 0.6157354 0.7126442 0.7126442 
t7         0.7662384 1.1132061 9.0000000 2.7182557 1.0703373 1.3144041 0.0000000 0.1549607 0.9547243 1.1132061 1.1132061 1.0297869 1.2070784 0.7945437 0.8864954 0.9198342 1.1132061 0.9913169 1.2070784 1.2070784 
t2         0.8239592 1.2070784 2.7182557 2.0310377 1.2588231 1.6785349 0.1549607 0.0000000 1.0703373 1.3144041 1.3144041 1.3144041 1.6785349 0.9198342 0.9913169 1.1586745 1.5111773 1.1132061 1.3144041 1.3144041 
t10        0.5933457 0.7126442 1.4396946 1.3144041 0.4904449 0.5716050 0.9547243 1.0703373 0.0000000 0.7662384 0.7945437 0.6157354 0.8864954 0.1073256 0.1073256 0.7126442 0.8545757 0.6388142 0.7389627 0.7389627 
t3         0.6157354 0.5299277 1.0703373 1.0297869 0.7126442 0.7662384 1.1132061 1.3144041 0.7662384 0.0000000 0.0734853 0.4529370 0.4904449 0.7945437 0.7389627 0.6872180 0.9547243 0.5716050 0.6388142 0.6388142 
t16        0.5504769 0.5504769 1.1132061 1.0703373 0.6157354 0.6872180 1.1132061 1.3144041 0.7945437 0.0734853 0.0000000 0.4714565 0.4904449 0.7662384 0.7662384 0.7126442 0.9547243 0.5716050 0.6157354 0.6157354 
t19        0.6388142 0.6872180 0.8545757 0.7945437 0.7945437 0.8545757 1.0297869 1.3144041 0.6157354 0.4529370 0.4714565 0.0000000 0.1427653 0.5716050 0.5299277 0.7389627 0.9198342 0.6157354 0.7126442 0.7126442 
t12        0.7126442 0.7126442 0.9547243 0.9198342 0.8545757 0.9547243 1.2070784 1.6785349 0.8864954 0.4904449 0.4904449 0.1427653 0.0000000 0.8239592 0.7662384 0.8864954 1.1586745 0.7126442 0.7945437 0.7945437 
t18        0.5716050 0.7389627 1.5111773 1.3744361 0.5299277 0.5504769 0.7945437 0.9198342 0.1073256 0.7945437 0.7662384 0.5716050 0.8239592 0.0000000 0.0625362 0.6872180 0.7662384 0.6157354 0.7389627 0.7389627 
t6         0.5504769 0.7662384 1.3744361 1.2588231 0.5099265 0.5716050 0.8864954 0.9913169 0.1073256 0.7389627 0.7662384 0.5299277 0.7662384 0.0625362 0.0000000 0.6388142 0.7662384 0.6872180 0.7945437 0.7945437 
t15        0.7662384 0.7945437 1.6785349 1.5901977 0.7662384 0.9547243 0.9198342 1.1586745 0.7126442 0.6872180 0.7126442 0.7389627 0.8864954 0.6872180 0.6388142 0.0000000 0.1673577 0.7662384 0.8545757 0.8545757 
t20        0.9547243 1.0703373 1.6785349 1.5901977 1.1132061 1.2070784 1.1132061 1.5111773 0.8545757 0.9547243 0.9547243 0.9198342 1.1586745 0.7662384 0.7662384 0.1673577 0.0000000 0.9913169 1.1586745 1.1586745 
t5         0.4904449 0.0958750 1.3744361 1.3144041 0.6157354 0.6157354 0.9913169 1.1132061 0.6388142 0.5716050 0.5716050 0.6157354 0.7126442 0.6157354 0.6872180 0.7662384 0.9913169 0.0000000 0.0734853 0.0734853 
t11        0.5504769 0.1307650 1.5111773 1.4396946 0.6872180 0.7126442 1.2070784 1.3144041 0.7389627 0.6388142 0.6157354 0.7126442 0.7945437 0.7389627 0.7945437 0.8545757 1.1586745 0.0734853 0.0000000 0.0000010 
t8         0.5504769 0.1307650 1.5111773 1.4396946 0.6872180 0.7126442 1.2070784 1.3144041 0.7389627 0.6388142 0.6157354 0.7126442 0.7945437 0.7389627 0.7945437 0.8545757 1.1586745 0.0734853 0.0000010 0.0000000 
