20
t1         0.0000000 0.9198342 1.2588231 1.2070784 1.3144041 0.8545757 1.1586745 0.6872180 0.7945437 1.1586745 1.2070784 1.3144041 1.3744361 0.9547243 0.9913169 1.2070784 1.2070784 1.0297869 1.1586745 1.4396946 
t13        0.9198342 0.0000000 1.0297869 1.1132061 0.9198342 0.7389627 1.0297869 0.7126442 0.7945437 0.9913169 0.8864954 1.0703373 1.0703373 1.0703373 1.2588231 1.0703373 0.8545757 0.8864954 1.1132061 1.1586745 
t15        1.2588231 1.0297869 0.0000000 1.5111773 1.2588231 1.0703373 1.2588231 1.1132061 1.0297869 1.3144041 0.9198342 0.9547243 1.0297869 1.0297869 1.0703373 1.0703373 1.0703373 0.9913169 1.1586745 1.1586745 
t17        1.2070784 1.1132061 1.5111773 0.0000000 0.7945437 1.0703373 1.1132061 1.1132061 1.2070784 0.6388142 0.6626257 0.8864954 1.5111773 0.9913169 1.2588231 0.8864954 1.1132061 1.2070784 0.8864954 0.9547243 
t3         1.3144041 0.9198342 1.2588231 0.7945437 0.0000000 0.8239592 0.9198342 0.9547243 0.8864954 0.4172160 0.4714565 1.0297869 1.2070784 0.9547243 1.0703373 1.5111773 0.9547243 1.0297869 1.4396946 1.6785349 
t20        0.8545757 0.7389627 1.0703373 1.0703373 0.8239592 0.0000000 0.5099265 0.6872180 0.6872180 0.7945437 0.7126442 0.8545757 0.5504769 0.4529370 0.5299277 0.8545757 0.6157354 0.6157354 0.9547243 0.9913169 
t5         1.1586745 1.0297869 1.2588231 1.1132061 0.9198342 0.5099265 0.0000000 0.9198342 0.8239592 0.7126442 0.7662384 1.1132061 0.7389627 0.6157354 0.6872180 1.1132061 0.9547243 1.0297869 1.2070784 1.2070784 
t19        0.6872180 0.7126442 1.1132061 1.1132061 0.9547243 0.6872180 0.9198342 0.0000000 0.3040988 0.8545757 0.7126442 0.9913169 0.7126442 0.6388142 0.7389627 0.9913169 0.7389627 0.5933457 1.0703373 1.2070784 
t18        0.7945437 0.7945437 1.0297869 1.2070784 0.8864954 0.6872180 0.8239592 0.3040988 0.0000000 0.7389627 0.7389627 0.9913169 0.6872180 0.6157354 0.6872180 1.0297869 0.7945437 0.6872180 1.2070784 1.3144041 
t7         1.1586745 0.9913169 1.3144041 0.6388142 0.4172160 0.7945437 0.7126442 0.8545757 0.7389627 0.0000000 0.3666350 0.8545757 1.0703373 0.8864954 0.9913169 1.0703373 0.7662384 0.7389627 1.0297869 1.1586745 
t2         1.2070784 0.8864954 0.9198342 0.6626257 0.4714565 0.7126442 0.7662384 0.7126442 0.7389627 0.3666350 0.0000000 0.7389627 0.8864954 0.7945437 0.9547243 0.8864954 0.7662384 0.7945437 0.9198342 0.9913169 
t8         1.3144041 1.0703373 0.9547243 0.8864954 1.0297869 0.8545757 1.1132061 0.9913169 0.9913169 0.8545757 0.7389627 0.0000000 0.7945437 0.7126442 1.1132061 0.2191023 1.1132061 0.9547243 0.2463781 0.2892469 
t11        1.3744361 1.0703373 1.0297869 1.5111773 1.2070784 0.5504769 0.7389627 0.7126442 0.6872180 1.0703373 0.8864954 0.7945437 0.0000000 0.2892469 0.4529370 0.8545757 0.7945437 0.7389627 0.9913169 1.0703373 
t14        0.9547243 1.0703373 1.0297869 0.9913169 0.9547243 0.4529370 0.6157354 0.6388142 0.6157354 0.8864954 0.7945437 0.7126442 0.2892469 0.0000000 0.2892469 0.7945437 0.6872180 0.6388142 0.9198342 0.9913169 
t6         0.9913169 1.2588231 1.0703373 1.2588231 1.0703373 0.5299277 0.6872180 0.7389627 0.6872180 0.9913169 0.9547243 1.1132061 0.4529370 0.2892469 0.0000000 1.0297869 0.7662384 0.6872180 1.1586745 1.2588231 
t16        1.2070784 1.0703373 1.0703373 0.8864954 1.5111773 0.8545757 1.1132061 0.9913169 1.0297869 1.0703373 0.8864954 0.2191023 0.8545757 0.7945437 1.0297869 0.0000000 1.1586745 1.0297869 0.2463781 0.2746833 
t9         1.2070784 0.8545757 1.0703373 1.1132061 0.9547243 0.6157354 0.9547243 0.7389627 0.7945437 0.7662384 0.7662384 1.1132061 0.7945437 0.6872180 0.7662384 1.1586745 0.0000000 0.1673577 1.3744361 1.3144041 
t10        1.0297869 0.8864954 0.9913169 1.2070784 1.0297869 0.6157354 1.0297869 0.5933457 0.6872180 0.7389627 0.7945437 0.9547243 0.7389627 0.6388142 0.6872180 1.0297869 0.1673577 0.0000000 1.1586745 1.1586745 
t4         1.1586745 1.1132061 1.1586745 0.8864954 1.4396946 0.9547243 1.2070784 1.0703373 1.2070784 1.0297869 0.9198342 0.2463781 0.9913169 0.9198342 1.1586745 0.2463781 1.3744361 1.1586745 0.0000000 0.0517447 
t12        1.4396946 1.1586745 1.1586745 0.9547243 1.6785349 0.9913169 1.2070784 1.2070784 1.3144041 1.1586745 0.9913169 0.2892469 1.0703373 0.9913169 1.2588231 0.2746833 1.3144041 1.1586745 0.0517447 0.0000000 
