20
t14        0.0000000 3.2381161 1.4396946 0.9198342 1.6785349 2.7182557 9.0000000 1.3744361 1.3744361 1.7786835 1.6785349 1.8942965 1.7786835 1.1132061 1.5111773 1.3744361 9.0000000 9.0000000 1.3744361 1.2070784 
t11        3.2381161 0.0000000 1.5901977 1.3144041 1.5111773 9.0000000 9.0000000 1.1586745 1.5901977 9.0000000 1.8942965 1.5901977 1.5111773 1.7786835 1.2070784 1.1132061 2.0310377 1.7786835 1.8942965 2.1983953 
t8         1.4396946 1.5901977 0.0000000 0.8239592 1.1586745 0.7662384 2.1983953 1.4396946 1.3744361 2.4141569 1.5901977 0.6626257 1.1586745 1.2070784 1.2588231 1.2070784 0.6388142 0.7389627 1.1132061 1.1586745 
t15        0.9198342 1.3144041 0.8239592 0.0000000 0.6872180 1.4396946 2.1983953 1.3144041 1.3744361 2.7182557 2.0310377 1.1586745 1.0703373 0.9913169 1.2588231 1.0703373 2.4141569 1.5111773 0.7662384 0.7945437 
t17        1.6785349 1.5111773 1.1586745 0.6872180 0.0000000 1.7786835 9.0000000 1.5901977 2.1983953 2.1983953 2.7182557 1.2070784 1.8942965 9.0000000 1.5901977 1.3744361 2.7182557 2.7182557 1.7786835 1.8942965 
t16        2.7182557 9.0000000 0.7662384 1.4396946 1.7786835 0.0000000 9.0000000 3.2381161 9.0000000 3.2381161 1.5111773 0.6388142 1.8942965 1.7786835 1.6785349 1.7786835 0.7945437 0.9198342 2.4141569 2.1983953 
t18        9.0000000 9.0000000 2.1983953 2.1983953 9.0000000 9.0000000 0.0000000 2.1983953 9.0000000 1.5901977 2.1983953 3.2381161 2.4141569 2.4141569 2.4141569 1.8942965 9.0000000 9.0000000 1.7786835 1.7786835 
t19        1.3744361 1.1586745 1.4396946 1.3144041 1.5901977 3.2381161 2.1983953 0.0000000 0.7945437 9.0000000 1.8942965 1.5901977 1.3144041 1.0703373 1.1132061 1.0297869 2.0310377 2.0310377 1.1586745 1.3144041 
t10        1.3744361 1.5901977 1.3744361 1.3744361 2.1983953 9.0000000 9.0000000 0.7945437 0.0000000 9.0000000 9.0000000 1.3744361 1.4396946 0.8545757 1.1586745 1.0297869 1.4396946 2.1983953 1.1586745 1.2070784 
t3         1.7786835 9.0000000 2.4141569 2.7182557 2.1983953 3.2381161 1.5901977 9.0000000 9.0000000 0.0000000 0.4714565 9.0000000 2.1983953 2.4141569 2.1983953 2.7182557 9.0000000 9.0000000 1.8942965 1.6785349 
t13        1.6785349 1.8942965 1.5901977 2.0310377 2.7182557 1.5111773 2.1983953 1.8942965 9.0000000 0.4714565 0.0000000 1.7786835 1.6785349 1.6785349 1.8942965 1.8942965 2.4141569 2.0310377 2.0310377 1.8942965 
t6         1.8942965 1.5901977 0.6626257 1.1586745 1.2070784 0.6388142 3.2381161 1.5901977 1.3744361 9.0000000 1.7786835 0.0000000 1.4396946 1.5111773 1.8942965 1.8942965 0.4529370 0.4529370 1.7786835 2.0310377 
t1         1.7786835 1.5111773 1.1586745 1.0703373 1.8942965 1.8942965 2.4141569 1.3144041 1.4396946 2.1983953 1.6785349 1.4396946 0.0000000 0.5299277 1.0297869 1.0703373 1.8942965 1.8942965 1.1132061 1.2070784 
t7         1.1132061 1.7786835 1.2070784 0.9913169 9.0000000 1.7786835 2.4141569 1.0703373 0.8545757 2.4141569 1.6785349 1.5111773 0.5299277 0.0000000 0.8545757 0.7662384 2.1983953 2.4141569 0.8545757 0.8545757 
t2         1.5111773 1.2070784 1.2588231 1.2588231 1.5901977 1.6785349 2.4141569 1.1132061 1.1586745 2.1983953 1.8942965 1.8942965 1.0297869 0.8545757 0.0000000 0.1073256 1.4396946 1.7786835 0.7662384 0.7662384 
t20        1.3744361 1.1132061 1.2070784 1.0703373 1.3744361 1.7786835 1.8942965 1.0297869 1.0297869 2.7182557 1.8942965 1.8942965 1.0703373 0.7662384 0.1073256 0.0000000 1.5901977 2.1983953 0.6626257 0.6626257 
t4         9.0000000 2.0310377 0.6388142 2.4141569 2.7182557 0.7945437 9.0000000 2.0310377 1.4396946 9.0000000 2.4141569 0.4529370 1.8942965 2.1983953 1.4396946 1.5901977 0.0000000 0.2326162 2.0310377 2.0310377 
t12        9.0000000 1.7786835 0.7389627 1.5111773 2.7182557 0.9198342 9.0000000 2.0310377 2.1983953 9.0000000 2.0310377 0.4529370 1.8942965 2.4141569 1.7786835 2.1983953 0.2326162 0.0000000 2.1983953 2.0310377 
t9         1.3744361 1.8942965 1.1132061 0.7662384 1.7786835 2.4141569 1.7786835 1.1586745 1.1586745 1.8942965 2.0310377 1.7786835 1.1132061 0.8545757 0.7662384 0.6626257 2.0310377 2.1983953 0.0000000 0.0734853 
t5         1.2070784 2.1983953 1.1586745 0.7945437 1.8942965 2.1983953 1.7786835 1.3144041 1.2070784 1.6785349 1.8942965 2.0310377 1.2070784 0.8545757 0.7662384 0.6626257 2.0310377 2.0310377 0.0734853 0.0000000 
