20
t20        0.0000000 0.6157354 0.6157354 0.6626257 0.6872180 0.6388142 0.7126442 0.6388142 0.6872180 0.8864954 0.7126442 0.8545757 0.6626257 0.6388142 0.9198342 0.9547243 0.9198342 0.6388142 0.6388142 0.6626257 
t11        0.6157354 0.0000000 0.1673577 0.2326162 0.2463781 0.2746833 0.2326162 0.1549607 0.2463781 0.2058276 0.1673577 0.2463781 0.2463781 0.2603971 0.4348639 0.4529370 0.4348639 0.2191023 0.2191023 0.2326162 
t19        0.6157354 0.1673577 0.0000000 0.1549607 0.2892469 0.3040988 0.2746833 0.2058276 0.2892469 0.2463781 0.2191023 0.3192509 0.2746833 0.2892469 0.5299277 0.5504769 0.5299277 0.2746833 0.2746833 0.2892469 
t2         0.6626257 0.2326162 0.1549607 0.0000000 0.3040988 0.3040988 0.2746833 0.2058276 0.3040988 0.3192509 0.2463781 0.3192509 0.2892469 0.3040988 0.5504769 0.5716050 0.5504769 0.2603971 0.2603971 0.2746833 
t8         0.6872180 0.2463781 0.2892469 0.3040988 0.0000000 0.2463781 0.2892469 0.2463781 0.3666350 0.3505054 0.2463781 0.3831192 0.1549607 0.1799630 0.3505054 0.3666350 0.3505054 0.1927838 0.1927838 0.2058276 
t4         0.6388142 0.2746833 0.3040988 0.3040988 0.2463781 0.0000000 0.2746833 0.2603971 0.3192509 0.3831192 0.3192509 0.4172160 0.2603971 0.2746833 0.4348639 0.4529370 0.4348639 0.0845966 0.0845966 0.0958750 
t12        0.7126442 0.2326162 0.2746833 0.2746833 0.2892469 0.2746833 0.0000000 0.0734853 0.1549607 0.2191023 0.1549607 0.2058276 0.3192509 0.3192509 0.5099265 0.5299277 0.5099265 0.2191023 0.2191023 0.2326162 
t6         0.6388142 0.1549607 0.2058276 0.2058276 0.2463781 0.2603971 0.0734853 0.0000000 0.0958750 0.1427653 0.0845966 0.1549607 0.2603971 0.2603971 0.4529370 0.4714565 0.4529370 0.2058276 0.2058276 0.2191023 
t18        0.6872180 0.2463781 0.2892469 0.3040988 0.3666350 0.3192509 0.1549607 0.0958750 0.0000000 0.2191023 0.1799630 0.2058276 0.3831192 0.3831192 0.6157354 0.6388142 0.6157354 0.2746833 0.2746833 0.2746833 
t14        0.8864954 0.2058276 0.2463781 0.3192509 0.3505054 0.3831192 0.2191023 0.1427653 0.2191023 0.0000000 0.1073256 0.2058276 0.3831192 0.3831192 0.5299277 0.5504769 0.5299277 0.3192509 0.3192509 0.3347153 
t16        0.7126442 0.1673577 0.2191023 0.2463781 0.2463781 0.3192509 0.1549607 0.0845966 0.1799630 0.1073256 0.0000000 0.1427653 0.2746833 0.2892469 0.4529370 0.4714565 0.4529370 0.2603971 0.2603971 0.2746833 
t1         0.8545757 0.2463781 0.3192509 0.3192509 0.3831192 0.4172160 0.2058276 0.1549607 0.2058276 0.2058276 0.1427653 0.0000000 0.4172160 0.3831192 0.5299277 0.5504769 0.5299277 0.3666350 0.3666350 0.3666350 
t13        0.6626257 0.2463781 0.2746833 0.2892469 0.1549607 0.2603971 0.3192509 0.2603971 0.3831192 0.3831192 0.2746833 0.4172160 0.0000000 0.0625362 0.3666350 0.3831192 0.3666350 0.2058276 0.2058276 0.2191023 
t3         0.6388142 0.2603971 0.2892469 0.3040988 0.1799630 0.2746833 0.3192509 0.2603971 0.3831192 0.3831192 0.2892469 0.3831192 0.0625362 0.0000000 0.3666350 0.3831192 0.3666350 0.2191023 0.2191023 0.2326162 
t17        0.9198342 0.4348639 0.5299277 0.5504769 0.3505054 0.4348639 0.5099265 0.4529370 0.6157354 0.5299277 0.4529370 0.5299277 0.3666350 0.3666350 0.0000000 0.0100673 0.0000010 0.3505054 0.3505054 0.3666350 
t5         0.9547243 0.4529370 0.5504769 0.5716050 0.3666350 0.4529370 0.5299277 0.4714565 0.6388142 0.5504769 0.4714565 0.5504769 0.3831192 0.3831192 0.0100673 0.0000000 0.0100673 0.3666350 0.3666350 0.3831192 
t7         0.9198342 0.4348639 0.5299277 0.5504769 0.3505054 0.4348639 0.5099265 0.4529370 0.6157354 0.5299277 0.4529370 0.5299277 0.3666350 0.3666350 0.0000010 0.0100673 0.0000000 0.3505054 0.3505054 0.3666350 
t15        0.6388142 0.2191023 0.2746833 0.2603971 0.1927838 0.0845966 0.2191023 0.2058276 0.2746833 0.3192509 0.2603971 0.3666350 0.2058276 0.2191023 0.3505054 0.3666350 0.3505054 0.0000000 0.0000010 0.0100673 
t9         0.6388142 0.2191023 0.2746833 0.2603971 0.1927838 0.0845966 0.2191023 0.2058276 0.2746833 0.3192509 0.2603971 0.3666350 0.2058276 0.2191023 0.3505054 0.3666350 0.3505054 0.0000010 0.0000000 0.0100673 
t10        0.6626257 0.2326162 0.2892469 0.2746833 0.2058276 0.0958750 0.2326162 0.2191023 0.2746833 0.3347153 0.2746833 0.3666350 0.2191023 0.2326162 0.3666350 0.3831192 0.3666350 0.0100673 0.0100673 0.0000000 
