20
t19        0.0000000 0.6388142 0.4348639 0.5504769 0.8239592 0.7662384 0.7662384 0.8239592 0.8545757 0.7945437 0.5933457 0.5716050 0.5299277 0.3831192 0.4348639 0.6157354 0.7126442 0.7662384 0.7126442 0.6872180 
t2         0.6388142 0.0000000 0.5933457 0.6626257 0.8545757 0.8864954 0.7389627 0.8864954 0.8864954 0.8864954 0.5716050 0.7126442 0.7126442 0.4348639 0.4348639 0.6388142 0.8864954 0.8864954 0.7126442 0.6626257 
t11        0.4348639 0.5933457 0.0000000 0.4172160 0.8545757 0.5933457 0.5504769 0.5933457 0.5933457 0.5933457 0.5099265 0.5504769 0.5716050 0.3831192 0.3831192 0.5716050 0.5933457 0.5716050 0.6388142 0.5716050 
t14        0.5504769 0.6626257 0.4172160 0.0000000 0.9913169 0.5504769 0.5299277 0.6388142 0.5933457 0.6388142 0.5299277 0.5716050 0.5099265 0.3999739 0.4529370 0.5299277 0.6157354 0.7389627 0.6872180 0.5716050 
t12        0.8239592 0.8545757 0.8545757 0.9913169 0.0000000 0.9913169 1.2070784 1.2588231 1.3744361 1.3144041 0.7945437 0.8239592 0.7945437 0.7126442 0.6388142 0.7945437 0.9913169 0.9913169 1.0703373 0.9198342 
t17        0.7662384 0.8864954 0.5933457 0.5504769 0.9913169 0.0000000 0.2892469 0.3505054 0.4172160 0.3999739 0.7389627 0.8864954 0.8545757 0.6388142 0.6872180 0.6872180 0.3192509 0.4172160 0.9913169 0.7945437 
t16        0.7662384 0.7389627 0.5504769 0.5299277 1.2070784 0.2892469 0.0000000 0.2892469 0.3192509 0.3192509 0.6626257 0.7662384 0.6872180 0.6157354 0.5716050 0.7389627 0.2603971 0.3505054 0.8864954 0.7662384 
t15        0.8239592 0.8864954 0.5933457 0.6388142 1.2588231 0.3505054 0.2892469 0.0000000 0.1307650 0.1307650 0.7945437 0.7945437 0.7389627 0.5933457 0.6157354 0.7945437 0.3040988 0.4172160 0.8864954 0.7945437 
t4         0.8545757 0.8864954 0.5933457 0.5933457 1.3744361 0.4172160 0.3192509 0.1307650 0.0000000 0.1307650 0.8864954 0.8239592 0.7389627 0.5716050 0.6872180 0.8545757 0.3192509 0.4348639 1.0297869 0.8545757 
t13        0.7945437 0.8864954 0.5933457 0.6388142 1.3144041 0.3999739 0.3192509 0.1307650 0.1307650 0.0000000 0.8545757 0.8239592 0.7662384 0.6388142 0.6626257 0.8545757 0.3347153 0.4348639 1.0703373 0.8864954 
t20        0.5933457 0.5716050 0.5099265 0.5299277 0.7945437 0.7389627 0.6626257 0.7945437 0.8864954 0.8545757 0.0000000 0.6626257 0.6388142 0.4348639 0.4348639 0.2058276 0.8864954 0.9913169 0.3192509 0.2603971 
t3         0.5716050 0.7126442 0.5504769 0.5716050 0.8239592 0.8864954 0.7662384 0.7945437 0.8239592 0.8239592 0.6626257 0.0000000 0.0734853 0.3040988 0.3666350 0.6157354 0.8864954 0.9198342 0.6626257 0.6626257 
t8         0.5299277 0.7126442 0.5716050 0.5099265 0.7945437 0.8545757 0.6872180 0.7389627 0.7389627 0.7662384 0.6388142 0.0734853 0.0000000 0.2892469 0.3666350 0.6157354 0.7945437 0.8545757 0.7126442 0.7126442 
t5         0.3831192 0.4348639 0.3831192 0.3999739 0.7126442 0.6388142 0.6157354 0.5933457 0.5716050 0.6388142 0.4348639 0.3040988 0.2892469 0.0000000 0.1549607 0.4714565 0.6388142 0.6872180 0.6388142 0.5716050 
t10        0.4348639 0.4348639 0.3831192 0.4529370 0.6388142 0.6872180 0.5716050 0.6157354 0.6872180 0.6626257 0.4348639 0.3666350 0.3666350 0.1549607 0.0000000 0.5099265 0.7126442 0.7389627 0.5933457 0.5716050 
t6         0.6157354 0.6388142 0.5716050 0.5299277 0.7945437 0.6872180 0.7389627 0.7945437 0.8545757 0.8545757 0.2058276 0.6157354 0.6157354 0.4714565 0.5099265 0.0000000 0.9913169 1.0297869 0.1927838 0.1189538 
t18        0.7126442 0.8864954 0.5933457 0.6157354 0.9913169 0.3192509 0.2603971 0.3040988 0.3192509 0.3347153 0.8864954 0.8864954 0.7945437 0.6388142 0.7126442 0.9913169 0.0000000 0.1189538 1.0703373 0.8864954 
t1         0.7662384 0.8864954 0.5716050 0.7389627 0.9913169 0.4172160 0.3505054 0.4172160 0.4348639 0.4348639 0.9913169 0.9198342 0.8545757 0.6872180 0.7389627 1.0297869 0.1189538 0.0000000 1.0703373 0.8864954 
t7         0.7126442 0.7126442 0.6388142 0.6872180 1.0703373 0.9913169 0.8864954 0.8864954 1.0297869 1.0703373 0.3192509 0.6626257 0.7126442 0.6388142 0.5933457 0.1927838 1.0703373 1.0703373 0.0000000 0.0625362 
t9         0.6872180 0.6626257 0.5716050 0.5716050 0.9198342 0.7945437 0.7662384 0.7945437 0.8545757 0.8864954 0.2603971 0.6626257 0.7126442 0.5716050 0.5716050 0.1189538 0.8864954 0.8864954 0.0625362 0.0000000 
