20
t14        0.0000000 0.3505054 0.7389627 0.6872180 0.7389627 0.6157354 0.7662384 0.6626257 0.4714565 0.8864954 0.5716050 0.6388142 0.5716050 0.8864954 0.7389627 0.6388142 0.7126442 0.6157354 0.5933457 0.5933457 
t19        0.3505054 0.0000000 0.4529370 0.4348639 0.5504769 0.3831192 0.6626257 0.3666350 0.2326162 0.6626257 0.3192509 0.3831192 0.3505054 0.6872180 0.5504769 0.4348639 0.5504769 0.4529370 0.3831192 0.3505054 
t5         0.7389627 0.4529370 0.0000000 0.5933457 0.7126442 0.7126442 0.8545757 0.4714565 0.4529370 1.0297869 0.7662384 0.6157354 0.4714565 0.8864954 0.7662384 0.6872180 0.7662384 0.3831192 0.3999739 0.3666350 
t12        0.6872180 0.4348639 0.5933457 0.0000000 0.6872180 0.7126442 0.6872180 0.5504769 0.5099265 0.9547243 0.5716050 0.6872180 0.5933457 0.7662384 0.5299277 0.2892469 0.3999739 0.6388142 0.6157354 0.5504769 
t7         0.7389627 0.5504769 0.7126442 0.6872180 0.0000000 0.5716050 1.0703373 0.7389627 0.5099265 1.1586745 0.7126442 0.6388142 0.5716050 1.2588231 0.7945437 0.7389627 0.8545757 0.7126442 0.7126442 0.6872180 
t3         0.6157354 0.3831192 0.7126442 0.7126442 0.5716050 0.0000000 0.7662384 0.6626257 0.4904449 0.8239592 0.5099265 0.5933457 0.5504769 0.9547243 0.7945437 0.6388142 0.8545757 0.6157354 0.5716050 0.5716050 
t1         0.7662384 0.6626257 0.8545757 0.6872180 1.0703373 0.7662384 0.0000000 0.6872180 0.6388142 1.0703373 0.8239592 0.7945437 0.7662384 0.5099265 0.4348639 0.7126442 0.8864954 0.7945437 0.7662384 0.6626257 
t2         0.6626257 0.3666350 0.4714565 0.5504769 0.7389627 0.6626257 0.6872180 0.0000000 0.1427653 0.8545757 0.6626257 0.3192509 0.2326162 0.7662384 0.6626257 0.6388142 0.7945437 0.5933457 0.5504769 0.4348639 
t11        0.4714565 0.2326162 0.4529370 0.5099265 0.5099265 0.4904449 0.6388142 0.1427653 0.0000000 0.7945437 0.4529370 0.1549607 0.1307650 0.6872180 0.5933457 0.4904449 0.6157354 0.5299277 0.5504769 0.3999739 
t8         0.8864954 0.6626257 1.0297869 0.9547243 1.1586745 0.8239592 1.0703373 0.8545757 0.7945437 0.0000000 0.3505054 0.8864954 0.8545757 1.2588231 0.9913169 1.0297869 1.1132061 0.9198342 0.8864954 0.8864954 
t10        0.5716050 0.3192509 0.7662384 0.5716050 0.7126442 0.5099265 0.8239592 0.6626257 0.4529370 0.3505054 0.0000000 0.5504769 0.5099265 0.8864954 0.7662384 0.5504769 0.6157354 0.5933457 0.5716050 0.5504769 
t17        0.6388142 0.3831192 0.6157354 0.6872180 0.6388142 0.5933457 0.7945437 0.3192509 0.1549607 0.8864954 0.5504769 0.0000000 0.1427653 0.7945437 0.7662384 0.6388142 0.7662384 0.7389627 0.7389627 0.6157354 
t4         0.5716050 0.3505054 0.4714565 0.5933457 0.5716050 0.5504769 0.7662384 0.2326162 0.1307650 0.8545757 0.5099265 0.1427653 0.0000000 0.8545757 0.7389627 0.5504769 0.6626257 0.6626257 0.6626257 0.5299277 
t13        0.8864954 0.6872180 0.8864954 0.7662384 1.2588231 0.9547243 0.5099265 0.7662384 0.6872180 1.2588231 0.8864954 0.7945437 0.8545757 0.0000000 0.3505054 0.8545757 0.9547243 0.8545757 0.8239592 0.7389627 
t16        0.7389627 0.5504769 0.7662384 0.5299277 0.7945437 0.7945437 0.4348639 0.6626257 0.5933457 0.9913169 0.7662384 0.7662384 0.7389627 0.3505054 0.0000000 0.6388142 0.7662384 0.7945437 0.7662384 0.6388142 
t18        0.6388142 0.4348639 0.6872180 0.2892469 0.7389627 0.6388142 0.7126442 0.6388142 0.4904449 1.0297869 0.5504769 0.6388142 0.5504769 0.8545757 0.6388142 0.0000000 0.1073256 0.6157354 0.5933457 0.5933457 
t6         0.7126442 0.5504769 0.7662384 0.3999739 0.8545757 0.8545757 0.8864954 0.7945437 0.6157354 1.1132061 0.6157354 0.7662384 0.6626257 0.9547243 0.7662384 0.1073256 0.0000000 0.6157354 0.6388142 0.6872180 
t20        0.6157354 0.4529370 0.3831192 0.6388142 0.7126442 0.6157354 0.7945437 0.5933457 0.5299277 0.9198342 0.5933457 0.7389627 0.6626257 0.8545757 0.7945437 0.6157354 0.6157354 0.0000000 0.1427653 0.1549607 
t9         0.5933457 0.3831192 0.3999739 0.6157354 0.7126442 0.5716050 0.7662384 0.5504769 0.5504769 0.8864954 0.5716050 0.7389627 0.6626257 0.8239592 0.7662384 0.5933457 0.6388142 0.1427653 0.0000000 0.1799630 
t15        0.5933457 0.3505054 0.3666350 0.5504769 0.6872180 0.5716050 0.6626257 0.4348639 0.3999739 0.8864954 0.5504769 0.6157354 0.5299277 0.7389627 0.6388142 0.5933457 0.6872180 0.1549607 0.1799630 0.0000000 
