20
t9         0.0000000 1.3744361 9.0000000 1.2070784 2.0310377 1.6785349 3.2381161 2.0310377 1.3144041 1.5111773 2.1983953 9.0000000 9.0000000 2.4141569 9.0000000 9.0000000 1.6785349 2.4141569 1.7786835 1.6785349 
t6         1.3744361 0.0000000 2.7182557 0.9547243 2.1983953 3.2381161 2.0310377 1.3144041 2.7182557 2.1983953 9.0000000 1.8942965 9.0000000 1.8942965 1.3744361 1.5901977 1.6785349 1.5111773 1.5901977 1.5901977 
t13        9.0000000 2.7182557 0.0000000 9.0000000 3.2381161 2.0310377 3.2381161 2.7182557 9.0000000 9.0000000 9.0000000 9.0000000 9.0000000 9.0000000 9.0000000 9.0000000 9.0000000 9.0000000 9.0000000 9.0000000 
t4         1.2070784 0.9547243 9.0000000 0.0000000 1.2588231 3.2381161 1.4396946 1.7786835 1.4396946 1.2070784 1.3144041 1.8942965 1.8942965 1.2070784 0.9913169 1.1132061 1.8942965 9.0000000 1.2588231 1.2070784 
t3         2.0310377 2.1983953 3.2381161 1.2588231 0.0000000 2.4141569 1.7786835 3.2381161 9.0000000 9.0000000 1.7786835 9.0000000 2.1983953 1.5901977 1.5111773 1.5111773 9.0000000 9.0000000 9.0000000 9.0000000 
t2         1.6785349 3.2381161 2.0310377 3.2381161 2.4141569 0.0000000 9.0000000 9.0000000 1.8942965 3.2381161 3.2381161 9.0000000 9.0000000 9.0000000 9.0000000 9.0000000 9.0000000 9.0000000 9.0000000 9.0000000 
t10        3.2381161 2.0310377 3.2381161 1.4396946 1.7786835 9.0000000 0.0000000 1.5111773 2.7182557 2.7182557 9.0000000 0.8864954 0.6872180 2.7182557 2.4141569 9.0000000 9.0000000 3.2381161 1.7786835 1.7786835 
t1         2.0310377 1.3144041 2.7182557 1.7786835 3.2381161 9.0000000 1.5111773 0.0000000 9.0000000 1.7786835 2.4141569 2.4141569 9.0000000 1.0703373 1.3744361 1.4396946 1.6785349 1.7786835 1.8942965 2.0310377 
t8         1.3144041 2.7182557 9.0000000 1.4396946 9.0000000 1.8942965 2.7182557 9.0000000 0.0000000 1.1586745 1.5111773 9.0000000 9.0000000 1.8942965 1.8942965 1.8942965 9.0000000 9.0000000 9.0000000 9.0000000 
t19        1.5111773 2.1983953 9.0000000 1.2070784 9.0000000 3.2381161 2.7182557 1.7786835 1.1586745 0.0000000 0.4348639 1.7786835 9.0000000 1.7786835 1.7786835 1.8942965 9.0000000 2.4141569 2.4141569 2.7182557 
t15        2.1983953 9.0000000 9.0000000 1.3144041 1.7786835 3.2381161 9.0000000 2.4141569 1.5111773 0.4348639 0.0000000 3.2381161 9.0000000 1.4396946 1.4396946 1.4396946 9.0000000 2.7182557 2.1983953 2.4141569 
t7         9.0000000 1.8942965 9.0000000 1.8942965 9.0000000 9.0000000 0.8864954 2.4141569 9.0000000 1.7786835 3.2381161 0.0000000 0.8864954 2.7182557 2.4141569 3.2381161 9.0000000 9.0000000 2.7182557 2.7182557 
t16        9.0000000 9.0000000 9.0000000 1.8942965 2.1983953 9.0000000 0.6872180 9.0000000 9.0000000 9.0000000 9.0000000 0.8864954 0.0000000 9.0000000 1.6785349 1.7786835 9.0000000 9.0000000 9.0000000 9.0000000 
t12        2.4141569 1.8942965 9.0000000 1.2070784 1.5901977 9.0000000 2.7182557 1.0703373 1.8942965 1.7786835 1.4396946 2.7182557 9.0000000 0.0000000 0.5299277 0.4904449 2.0310377 3.2381161 2.4141569 2.7182557 
t18        9.0000000 1.3744361 9.0000000 0.9913169 1.5111773 9.0000000 2.4141569 1.3744361 1.8942965 1.7786835 1.4396946 2.4141569 1.6785349 0.5299277 0.0000000 0.0625362 1.3744361 1.8942965 1.5111773 1.5901977 
t17        9.0000000 1.5901977 9.0000000 1.1132061 1.5111773 9.0000000 9.0000000 1.4396946 1.8942965 1.8942965 1.4396946 3.2381161 1.7786835 0.4904449 0.0625362 0.0000000 1.5111773 2.7182557 1.8942965 2.0310377 
t20        1.6785349 1.6785349 9.0000000 1.8942965 9.0000000 9.0000000 9.0000000 1.6785349 9.0000000 9.0000000 9.0000000 9.0000000 9.0000000 2.0310377 1.3744361 1.5111773 0.0000000 0.3347153 0.7126442 0.6872180 
t11        2.4141569 1.5111773 9.0000000 9.0000000 9.0000000 9.0000000 3.2381161 1.7786835 9.0000000 2.4141569 2.7182557 9.0000000 9.0000000 3.2381161 1.8942965 2.7182557 0.3347153 0.0000000 0.6388142 0.6388142 
t5         1.7786835 1.5901977 9.0000000 1.2588231 9.0000000 9.0000000 1.7786835 1.8942965 9.0000000 2.4141569 2.1983953 2.7182557 9.0000000 2.4141569 1.5111773 1.8942965 0.7126442 0.6388142 0.0000000 0.0202715 
t14        1.6785349 1.5901977 9.0000000 1.2070784 9.0000000 9.0000000 1.7786835 2.0310377 9.0000000 2.7182557 2.4141569 2.7182557 9.0000000 2.7182557 1.5901977 2.0310377 0.6872180 0.6388142 0.0202715 0.0000000 
