20
t9         0.0000000 0.0958750 0.1927838 0.1927838 0.3666350 0.3192509 0.3192509 0.2326162 0.3831192 1.0297869 0.2746833 0.3347153 0.2603971 0.6388142 0.3040988 0.2603971 0.5716050 0.5933457 0.2892469 0.2892469 
t11        0.0958750 0.0000000 0.0845966 0.0845966 0.2892469 0.2603971 0.2746833 0.1189538 0.3505054 0.9913169 0.1549607 0.2191023 0.1673577 0.5299277 0.2058276 0.1673577 0.4714565 0.4529370 0.2463781 0.2463781 
t1         0.1927838 0.0845966 0.0000000 0.1549607 0.3831192 0.3347153 0.3666350 0.2191023 0.4348639 1.0297869 0.2603971 0.3347153 0.2603971 0.6626257 0.3192509 0.2746833 0.5933457 0.5716050 0.3192509 0.3347153 
t12        0.1927838 0.0845966 0.1549607 0.0000000 0.4172160 0.3831192 0.3999739 0.1549607 0.4714565 1.1586745 0.2191023 0.2892469 0.2058276 0.5299277 0.2463781 0.2058276 0.4529370 0.4348639 0.3666350 0.3666350 
t18        0.3666350 0.2892469 0.3831192 0.4172160 0.0000000 0.1307650 0.1673577 0.4172160 0.3040988 0.7126442 0.4172160 0.4904449 0.3999739 1.0297869 0.4904449 0.4529370 0.9198342 0.8864954 0.1673577 0.1673577 
t19        0.3192509 0.2603971 0.3347153 0.3831192 0.1307650 0.0000000 0.2058276 0.3831192 0.2326162 0.6626257 0.3831192 0.4529370 0.4348639 0.9198342 0.4904449 0.4529370 0.8239592 0.8239592 0.1927838 0.1927838 
t16        0.3192509 0.2746833 0.3666350 0.3999739 0.1673577 0.2058276 0.0000000 0.4172160 0.3040988 0.6626257 0.4172160 0.4714565 0.4348639 0.8864954 0.4904449 0.4714565 0.7945437 0.7662384 0.0625362 0.0411062 
t15        0.2326162 0.1189538 0.2191023 0.1549607 0.4172160 0.3831192 0.4172160 0.0000000 0.5099265 1.2588231 0.1799630 0.2463781 0.0845966 0.4348639 0.0958750 0.0625362 0.3999739 0.4172160 0.3831192 0.3831192 
t14        0.3831192 0.3505054 0.4348639 0.4714565 0.3040988 0.2326162 0.3040988 0.5099265 0.0000000 0.7389627 0.5299277 0.5504769 0.5504769 0.8545757 0.5504769 0.5299277 0.7662384 0.7389627 0.2603971 0.2746833 
t13        1.0297869 0.9913169 1.0297869 1.1586745 0.7126442 0.6626257 0.6626257 1.2588231 0.7389627 0.0000000 1.1132061 1.1586745 1.1586745 1.8942965 1.3144041 1.2588231 1.7786835 1.8942965 0.6626257 0.6626257 
t10        0.2746833 0.1549607 0.2603971 0.2191023 0.4172160 0.3831192 0.4172160 0.1799630 0.5299277 1.1132061 0.0000000 0.0517447 0.2603971 0.5099265 0.2746833 0.2326162 0.4529370 0.4529370 0.3831192 0.3831192 
t5         0.3347153 0.2191023 0.3347153 0.2892469 0.4904449 0.4529370 0.4714565 0.2463781 0.5504769 1.1586745 0.0517447 0.0000000 0.3347153 0.5504769 0.3505054 0.3040988 0.5099265 0.5099265 0.4529370 0.4529370 
t8         0.2603971 0.1673577 0.2603971 0.2058276 0.3999739 0.4348639 0.4348639 0.0845966 0.5504769 1.1586745 0.2603971 0.3347153 0.0000000 0.5504769 0.0958750 0.0625362 0.5099265 0.4904449 0.3999739 0.3999739 
t17        0.6388142 0.5299277 0.6626257 0.5299277 1.0297869 0.9198342 0.8864954 0.4348639 0.8545757 1.8942965 0.5099265 0.5504769 0.5504769 0.0000000 0.5716050 0.5299277 0.0625362 0.0958750 0.8545757 0.8545757 
t20        0.3040988 0.2058276 0.3192509 0.2463781 0.4904449 0.4904449 0.4904449 0.0958750 0.5504769 1.3144041 0.2746833 0.3505054 0.0958750 0.5716050 0.0000000 0.0306165 0.5299277 0.5504769 0.4529370 0.4529370 
t7         0.2603971 0.1673577 0.2746833 0.2058276 0.4529370 0.4529370 0.4714565 0.0625362 0.5299277 1.2588231 0.2326162 0.3040988 0.0625362 0.5299277 0.0306165 0.0000000 0.4904449 0.5099265 0.4348639 0.4348639 
t6         0.5716050 0.4714565 0.5933457 0.4529370 0.9198342 0.8239592 0.7945437 0.3999739 0.7662384 1.7786835 0.4529370 0.5099265 0.5099265 0.0625362 0.5299277 0.4904449 0.0000000 0.0306165 0.7662384 0.7662384 
t3         0.5933457 0.4529370 0.5716050 0.4348639 0.8864954 0.8239592 0.7662384 0.4172160 0.7389627 1.8942965 0.4529370 0.5099265 0.4904449 0.0958750 0.5504769 0.5099265 0.0306165 0.0000000 0.7389627 0.7389627 
t2         0.2892469 0.2463781 0.3192509 0.3666350 0.1673577 0.1927838 0.0625362 0.3831192 0.2603971 0.6626257 0.3831192 0.4529370 0.3999739 0.8545757 0.4529370 0.4348639 0.7662384 0.7389627 0.0000000 0.0202715 
t4         0.2892469 0.2463781 0.3347153 0.3666350 0.1673577 0.1927838 0.0411062 0.3831192 0.2746833 0.6626257 0.3831192 0.4529370 0.3999739 0.8545757 0.4529370 0.4348639 0.7662384 0.7389627 0.0202715 0.0000000 
