20
t1         0.0000000 1.2588231 1.3144041 1.4396946 1.3744361 2.4141569 1.4396946 1.6785349 1.6785349 1.3144041 1.4396946 9.0000000 1.5111773 1.6785349 2.1983953 1.7786835 1.2070784 1.4396946 1.3744361 1.3144041 
t12        1.2588231 0.0000000 1.3144041 1.8942965 1.8942965 1.8942965 1.7786835 1.5901977 1.5901977 1.8942965 2.0310377 9.0000000 1.4396946 1.2070784 2.1983953 9.0000000 2.1983953 9.0000000 2.0310377 1.8942965 
t16        1.3144041 1.3144041 0.0000000 1.0297869 1.3144041 1.6785349 1.7786835 1.3744361 1.4396946 1.2070784 1.2070784 1.0297869 1.5111773 1.0703373 1.0297869 0.9913169 1.3744361 1.5111773 1.3144041 1.2070784 
t7         1.4396946 1.8942965 1.0297869 0.0000000 1.0703373 1.6785349 1.7786835 0.9198342 1.3144041 0.9198342 0.7662384 1.2588231 0.9547243 0.9198342 1.3744361 1.3744361 1.5901977 1.6785349 1.3744361 1.5111773 
t19        1.3744361 1.8942965 1.3144041 1.0703373 0.0000000 1.2588231 0.6872180 1.5111773 0.6872180 1.5111773 1.2588231 1.4396946 1.2588231 1.2070784 1.5901977 1.3144041 0.6388142 0.7945437 0.7126442 0.6626257 
t3         2.4141569 1.8942965 1.6785349 1.6785349 1.2588231 0.0000000 1.6785349 1.4396946 1.2070784 2.0310377 1.4396946 1.4396946 1.0297869 0.8545757 2.0310377 9.0000000 1.3744361 1.4396946 1.7786835 2.1983953 
t4         1.4396946 1.7786835 1.7786835 1.7786835 0.6872180 1.6785349 0.0000000 1.6785349 0.7662384 1.5901977 1.8942965 1.5901977 1.0703373 1.1132061 1.8942965 1.8942965 0.6157354 0.7126442 0.5933457 0.5933457 
t14        1.6785349 1.5901977 1.3744361 0.9198342 1.5111773 1.4396946 1.6785349 0.0000000 1.3744361 0.6157354 0.7945437 1.7786835 1.1586745 1.1132061 2.4141569 1.7786835 1.6785349 2.0310377 1.3144041 1.4396946 
t13        1.6785349 1.5901977 1.4396946 1.3144041 0.6872180 1.2070784 0.7662384 1.3744361 0.0000000 1.1586745 1.4396946 1.2588231 1.5901977 1.5111773 1.6785349 2.0310377 0.5504769 0.6157354 0.4904449 0.4348639 
t6         1.3144041 1.8942965 1.2070784 0.9198342 1.5111773 2.0310377 1.5901977 0.6157354 1.1586745 0.0000000 0.4348639 1.6785349 1.3144041 1.1132061 1.5901977 1.7786835 1.3744361 1.5111773 1.1132061 1.0703373 
t9         1.4396946 2.0310377 1.2070784 0.7662384 1.2588231 1.4396946 1.8942965 0.7945437 1.4396946 0.4348639 0.0000000 1.7786835 1.6785349 1.3144041 2.0310377 2.4141569 1.5901977 1.7786835 1.2588231 1.2588231 
t8         9.0000000 9.0000000 1.0297869 1.2588231 1.4396946 1.4396946 1.5901977 1.7786835 1.2588231 1.6785349 1.7786835 0.0000000 1.4396946 1.2588231 0.2746833 0.2746833 1.4396946 1.2070784 1.3744361 1.5901977 
t17        1.5111773 1.4396946 1.5111773 0.9547243 1.2588231 1.0297869 1.0703373 1.1586745 1.5901977 1.3144041 1.6785349 1.4396946 0.0000000 0.2058276 1.2588231 1.2070784 1.4396946 1.3144041 1.3144041 1.5111773 
t10        1.6785349 1.2070784 1.0703373 0.9198342 1.2070784 0.8545757 1.1132061 1.1132061 1.5111773 1.1132061 1.3144041 1.2588231 0.2058276 0.0000000 1.2588231 1.3744361 1.2588231 1.3144041 1.5111773 1.5901977 
t20        2.1983953 2.1983953 1.0297869 1.3744361 1.5901977 2.0310377 1.8942965 2.4141569 1.6785349 1.5901977 2.0310377 0.2746833 1.2588231 1.2588231 0.0000000 0.2603971 1.8942965 1.4396946 1.4396946 1.5901977 
t15        1.7786835 9.0000000 0.9913169 1.3744361 1.3144041 9.0000000 1.8942965 1.7786835 2.0310377 1.7786835 2.4141569 0.2746833 1.2070784 1.3744361 0.2603971 0.0000000 1.7786835 1.3744361 1.4396946 1.5111773 
t18        1.2070784 2.1983953 1.3744361 1.5901977 0.6388142 1.3744361 0.6157354 1.6785349 0.5504769 1.3744361 1.5901977 1.4396946 1.4396946 1.2588231 1.8942965 1.7786835 0.0000000 0.2463781 0.5299277 0.5299277 
t2         1.4396946 9.0000000 1.5111773 1.6785349 0.7945437 1.4396946 0.7126442 2.0310377 0.6157354 1.5111773 1.7786835 1.2070784 1.3144041 1.3144041 1.4396946 1.3744361 0.2463781 0.0000000 0.5716050 0.5716050 
t11        1.3744361 2.0310377 1.3144041 1.3744361 0.7126442 1.7786835 0.5933457 1.3144041 0.4904449 1.1132061 1.2588231 1.3744361 1.3144041 1.5111773 1.4396946 1.4396946 0.5299277 0.5716050 0.0000000 0.0958750 
t5         1.3144041 1.8942965 1.2070784 1.5111773 0.6626257 2.1983953 0.5933457 1.4396946 0.4348639 1.0703373 1.2588231 1.5901977 1.5111773 1.5901977 1.5901977 1.5111773 0.5299277 0.5716050 0.0958750 0.0000000 
