20
t14        0.0000000 1.7786835 1.3744361 1.1586745 1.0297869 2.0310377 1.6785349 1.5901977 1.8942965 2.1983953 2.0310377 1.7786835 1.4396946 1.0297869 0.9547243 1.6785349 2.0310377 1.7786835 1.3744361 1.3144041 
t13        1.7786835 0.0000000 1.3744361 0.9547243 1.0297869 1.4396946 1.5111773 1.3744361 2.4141569 2.1983953 1.5111773 2.0310377 1.3744361 0.8239592 0.7945437 1.3144041 1.5111773 1.5111773 1.5111773 1.5111773 
t9         1.3744361 1.3744361 0.0000000 1.2070784 1.0297869 1.0297869 1.7786835 1.5901977 2.1983953 1.8942965 1.5901977 1.5111773 1.2588231 0.8545757 0.9547243 1.2070784 1.4396946 1.3744361 1.0703373 1.0703373 
t19        1.1586745 0.9547243 1.2070784 0.0000000 0.8545757 1.0703373 0.9913169 0.9547243 1.5901977 1.4396946 1.3744361 1.2588231 1.4396946 0.6388142 0.6157354 1.0297869 1.1586745 1.0297869 1.2070784 1.2588231 
t16        1.0297869 1.0297869 1.0297869 0.8545757 0.0000000 0.9547243 0.9547243 1.2070784 2.0310377 2.1983953 0.9547243 1.0703373 1.2588231 0.4529370 0.4348639 0.8864954 0.9913169 0.9547243 0.8864954 0.9198342 
t7         2.0310377 1.4396946 1.0297869 1.0703373 0.9547243 0.0000000 0.9547243 0.7662384 2.4141569 1.8942965 0.6872180 0.6872180 1.4396946 1.0297869 1.1132061 0.7126442 0.6872180 0.6388142 1.3144041 1.3144041 
t20        1.6785349 1.5111773 1.7786835 0.9913169 0.9547243 0.9547243 0.0000000 0.4714565 1.6785349 1.7786835 1.0703373 0.9913169 1.4396946 0.9913169 1.1586745 0.9547243 0.9913169 0.9198342 1.5111773 1.4396946 
t18        1.5901977 1.3744361 1.5901977 0.9547243 1.2070784 0.7662384 0.4714565 0.0000000 1.5901977 1.5111773 0.9198342 1.1586745 1.1586745 0.9913169 0.9913169 1.0703373 0.9198342 0.8545757 1.6785349 1.6785349 
t8         1.8942965 2.4141569 2.1983953 1.5901977 2.0310377 2.4141569 1.6785349 1.5901977 0.0000000 0.4172160 1.7786835 9.0000000 9.0000000 1.6785349 1.8942965 1.6785349 1.8942965 1.7786835 2.7182557 2.0310377 
t10        2.1983953 2.1983953 1.8942965 1.4396946 2.1983953 1.8942965 1.7786835 1.5111773 0.4172160 0.0000000 1.5111773 2.4141569 2.1983953 1.6785349 1.8942965 1.6785349 1.5901977 1.7786835 2.1983953 2.4141569 
t1         2.0310377 1.5111773 1.5901977 1.3744361 0.9547243 0.6872180 1.0703373 0.9198342 1.7786835 1.5111773 0.0000000 0.4529370 1.3144041 1.2588231 1.3744361 0.8239592 0.7662384 0.7389627 1.1132061 1.1132061 
t4         1.7786835 2.0310377 1.5111773 1.2588231 1.0703373 0.6872180 0.9913169 1.1586745 9.0000000 2.4141569 0.4529370 0.0000000 1.5111773 1.4396946 1.5901977 0.8864954 0.9198342 0.8239592 1.5111773 1.4396946 
t11        1.4396946 1.3744361 1.2588231 1.4396946 1.2588231 1.4396946 1.4396946 1.1586745 9.0000000 2.1983953 1.3144041 1.5111773 0.0000000 1.1586745 1.0703373 1.3744361 1.4396946 1.4396946 0.4172160 0.4348639 
t3         1.0297869 0.8239592 0.8545757 0.6388142 0.4529370 1.0297869 0.9913169 0.9913169 1.6785349 1.6785349 1.2588231 1.4396946 1.1586745 0.0000000 0.1189538 0.9913169 1.0297869 0.9913169 1.1586745 1.1586745 
t2         0.9547243 0.7945437 0.9547243 0.6157354 0.4348639 1.1132061 1.1586745 0.9913169 1.8942965 1.8942965 1.3744361 1.5901977 1.0703373 0.1189538 0.0000000 0.9913169 1.1132061 1.0297869 1.0297869 1.0703373 
t12        1.6785349 1.3144041 1.2070784 1.0297869 0.8864954 0.7126442 0.9547243 1.0703373 1.6785349 1.6785349 0.8239592 0.8864954 1.3744361 0.9913169 0.9913169 0.0000000 0.2326162 0.2191023 1.1132061 1.1586745 
t17        2.0310377 1.5111773 1.4396946 1.1586745 0.9913169 0.6872180 0.9913169 0.9198342 1.8942965 1.5901977 0.7662384 0.9198342 1.4396946 1.0297869 1.1132061 0.2326162 0.0000000 0.1427653 1.2070784 1.2588231 
t6         1.7786835 1.5111773 1.3744361 1.0297869 0.9547243 0.6388142 0.9198342 0.8545757 1.7786835 1.7786835 0.7389627 0.8239592 1.4396946 0.9913169 1.0297869 0.2191023 0.1427653 0.0000000 1.2070784 1.2070784 
t15        1.3744361 1.5111773 1.0703373 1.2070784 0.8864954 1.3144041 1.5111773 1.6785349 2.7182557 2.1983953 1.1132061 1.5111773 0.4172160 1.1586745 1.0297869 1.1132061 1.2070784 1.2070784 0.0000000 0.0306165 
t5         1.3144041 1.5111773 1.0703373 1.2588231 0.9198342 1.3144041 1.4396946 1.6785349 2.0310377 2.4141569 1.1132061 1.4396946 0.4348639 1.1586745 1.0703373 1.1586745 1.2588231 1.2070784 0.0306165 0.0000000 
