20
t4         0.0000000 0.5933457 0.5299277 0.5504769 0.5933457 0.4904449 0.6157354 0.5716050 0.6872180 0.5504769 0.4172160 0.5933457 0.5504769 0.3666350 0.4529370 0.4714565 0.5933457 0.6626257 0.3831192 0.3831192 
t1         0.5933457 0.0000000 0.4348639 0.6388142 0.6626257 0.6872180 0.7945437 0.9198342 0.9198342 0.8545757 0.7389627 0.7945437 0.7945437 0.6626257 0.3831192 0.3505054 0.8239592 1.0297869 0.6626257 0.6626257 
t18        0.5299277 0.4348639 0.0000000 0.6157354 0.5504769 0.6157354 0.8545757 0.6872180 0.9198342 0.8545757 0.5099265 0.7126442 0.6626257 0.4172160 0.3505054 0.3192509 0.8864954 1.0297869 0.4348639 0.4172160 
t17        0.5504769 0.6388142 0.6157354 0.0000000 0.4172160 0.3999739 0.6388142 0.8239592 0.9913169 0.7662384 0.6872180 0.7662384 0.8239592 0.6157354 0.5716050 0.5504769 0.8545757 0.8545757 0.6388142 0.6157354 
t9         0.5933457 0.6626257 0.5504769 0.4172160 0.0000000 0.5099265 0.6626257 0.7126442 0.8545757 0.6872180 0.6872180 0.8864954 0.9198342 0.5299277 0.5716050 0.5099265 0.7945437 0.7945437 0.5299277 0.5099265 
t15        0.4904449 0.6872180 0.6157354 0.3999739 0.5099265 0.0000000 0.2058276 0.7126442 0.8545757 0.6388142 0.6157354 0.5933457 0.6388142 0.5299277 0.5299277 0.4714565 0.7389627 0.8545757 0.5504769 0.5299277 
t10        0.6157354 0.7945437 0.8545757 0.6388142 0.6626257 0.2058276 0.0000000 0.8239592 0.8864954 0.7662384 0.7945437 0.7389627 0.7945437 0.6626257 0.6872180 0.6157354 0.9198342 0.9547243 0.7389627 0.7126442 
t5         0.5716050 0.9198342 0.6872180 0.8239592 0.7126442 0.7126442 0.8239592 0.0000000 0.2603971 1.0703373 0.7389627 0.5099265 0.5099265 0.6626257 0.7389627 0.7662384 0.9913169 1.0297869 0.6872180 0.6626257 
t8         0.6872180 0.9198342 0.9198342 0.9913169 0.8545757 0.8545757 0.8864954 0.2603971 0.0000000 1.0297869 1.0297869 0.5716050 0.6157354 0.9198342 0.9547243 0.9913169 1.0297869 1.1586745 0.8864954 0.8864954 
t2         0.5504769 0.8545757 0.8545757 0.7662384 0.6872180 0.6388142 0.7662384 1.0703373 1.0297869 0.0000000 0.7389627 0.6388142 0.6872180 0.5933457 0.7662384 0.7389627 0.1549607 0.2746833 0.6388142 0.6157354 
t11        0.4172160 0.7389627 0.5099265 0.6872180 0.6872180 0.6157354 0.7945437 0.7389627 1.0297869 0.7389627 0.0000000 0.7662384 0.7945437 0.1549607 0.6388142 0.5933457 0.6388142 0.8239592 0.2191023 0.2058276 
t14        0.5933457 0.7945437 0.7126442 0.7662384 0.8864954 0.5933457 0.7389627 0.5099265 0.5716050 0.6388142 0.7662384 0.0000000 0.0734853 0.6157354 0.6388142 0.6872180 0.6626257 0.8864954 0.6872180 0.6626257 
t16        0.5504769 0.7945437 0.6626257 0.8239592 0.9198342 0.6388142 0.7945437 0.5099265 0.6157354 0.6872180 0.7945437 0.0734853 0.0000000 0.6157354 0.5504769 0.5933457 0.6872180 0.9913169 0.6872180 0.6626257 
t12        0.3666350 0.6626257 0.4172160 0.6157354 0.5299277 0.5299277 0.6626257 0.6626257 0.9198342 0.5933457 0.1549607 0.6157354 0.6157354 0.0000000 0.5299277 0.4904449 0.5933457 0.7389627 0.1189538 0.1073256 
t19        0.4529370 0.3831192 0.3505054 0.5716050 0.5716050 0.5299277 0.6872180 0.7389627 0.9547243 0.7662384 0.6388142 0.6388142 0.5504769 0.5299277 0.0000000 0.0411062 0.7945437 0.9198342 0.5299277 0.5099265 
t13        0.4714565 0.3505054 0.3192509 0.5504769 0.5099265 0.4714565 0.6157354 0.7662384 0.9913169 0.7389627 0.5933457 0.6872180 0.5933457 0.4904449 0.0411062 0.0000000 0.7662384 0.9547243 0.5099265 0.4904449 
t3         0.5933457 0.8239592 0.8864954 0.8545757 0.7945437 0.7389627 0.9198342 0.9913169 1.0297869 0.1549607 0.6388142 0.6626257 0.6872180 0.5933457 0.7945437 0.7662384 0.0000000 0.2191023 0.6388142 0.6157354 
t20        0.6626257 1.0297869 1.0297869 0.8545757 0.7945437 0.8545757 0.9547243 1.0297869 1.1586745 0.2746833 0.8239592 0.8864954 0.9913169 0.7389627 0.9198342 0.9547243 0.2191023 0.0000000 0.7945437 0.7662384 
t7         0.3831192 0.6626257 0.4348639 0.6388142 0.5299277 0.5504769 0.7389627 0.6872180 0.8864954 0.6388142 0.2191023 0.6872180 0.6872180 0.1189538 0.5299277 0.5099265 0.6388142 0.7945437 0.0000000 0.0100673 
t6         0.3831192 0.6626257 0.4172160 0.6157354 0.5099265 0.5299277 0.7126442 0.6626257 0.8864954 0.6157354 0.2058276 0.6626257 0.6626257 0.1073256 0.5099265 0.4904449 0.6157354 0.7662384 0.0100673 0.0000000 
