20
t7         0.0000000 1.3144041 1.3144041 1.7786835 1.6785349 2.1983953 2.1983953 1.7786835 2.0310377 1.4396946 1.3144041 9.0000000 1.5901977 1.5111773 9.0000000 9.0000000 1.2588231 1.3744361 1.8942965 1.8942965 
t4         1.3144041 0.0000000 0.3666350 2.7182557 1.0703373 1.2588231 2.0310377 1.5111773 1.7786835 1.3144041 1.2588231 9.0000000 1.2070784 1.1132061 9.0000000 9.0000000 1.0703373 0.9913169 1.8942965 1.8942965 
t16        1.3144041 0.3666350 0.0000000 2.0310377 1.0703373 1.5111773 1.6785349 1.5901977 1.4396946 1.1586745 1.2070784 9.0000000 1.2070784 1.1586745 9.0000000 9.0000000 1.0703373 0.9913169 1.5111773 1.5111773 
t2         1.7786835 2.7182557 2.0310377 0.0000000 1.4396946 1.8942965 0.3666350 0.7662384 0.7126442 1.6785349 1.5111773 0.5716050 1.8942965 1.7786835 0.5716050 0.5716050 1.3744361 1.4396946 0.3192509 0.3192509 
t10        1.6785349 1.0703373 1.0703373 1.4396946 0.0000000 0.4172160 1.1586745 1.2070784 1.3144041 0.5504769 0.5716050 1.4396946 0.3831192 0.3999739 1.5111773 1.5111773 0.2058276 0.2058276 1.1586745 1.1586745 
t6         2.1983953 1.2588231 1.5111773 1.8942965 0.4172160 0.0000000 1.3744361 1.3144041 1.6785349 0.5716050 0.6157354 1.5111773 0.5299277 0.5716050 1.5901977 1.5901977 0.3347153 0.3192509 1.4396946 1.4396946 
t1         2.1983953 2.0310377 1.6785349 0.3666350 1.1586745 1.3744361 0.0000000 0.5299277 0.6157354 1.2588231 1.2070784 0.8864954 1.2070784 1.2070784 0.7945437 0.7945437 1.0297869 0.9547243 0.1189538 0.1189538 
t9         1.7786835 1.5111773 1.5901977 0.7662384 1.2070784 1.3144041 0.5299277 0.0000000 0.2892469 1.7786835 1.5901977 0.9547243 1.2070784 1.3744361 0.8864954 0.8864954 1.1586745 1.0297869 0.5099265 0.5099265 
t19        2.0310377 1.7786835 1.4396946 0.7126442 1.3144041 1.6785349 0.6157354 0.2892469 0.0000000 9.0000000 2.4141569 0.9547243 1.8942965 2.1983953 0.8545757 0.8545757 1.5901977 1.3744361 0.5299277 0.5299277 
t18        1.4396946 1.3144041 1.1586745 1.6785349 0.5504769 0.5716050 1.2588231 1.7786835 9.0000000 0.0000000 0.1799630 1.3144041 0.5716050 0.5099265 1.4396946 1.4396946 0.3192509 0.3666350 1.3144041 1.3144041 
t17        1.3144041 1.2588231 1.2070784 1.5111773 0.5716050 0.6157354 1.2070784 1.5901977 2.4141569 0.1799630 0.0000000 1.2070784 0.6626257 0.5933457 1.3144041 1.3144041 0.3666350 0.4172160 1.3744361 1.3744361 
t14        9.0000000 9.0000000 9.0000000 0.5716050 1.4396946 1.5111773 0.8864954 0.9547243 0.9547243 1.3144041 1.2070784 0.0000000 1.8942965 1.8942965 0.0845966 0.0845966 1.2070784 1.3144041 0.7945437 0.7945437 
t20        1.5901977 1.2070784 1.2070784 1.8942965 0.3831192 0.5299277 1.2070784 1.2070784 1.8942965 0.5716050 0.6626257 1.8942965 0.0000000 0.0845966 1.8942965 1.8942965 0.2603971 0.2463781 1.1586745 1.1586745 
t5         1.5111773 1.1132061 1.1586745 1.7786835 0.3999739 0.5716050 1.2070784 1.3744361 2.1983953 0.5099265 0.5933457 1.8942965 0.0845966 0.0000000 1.8942965 1.8942965 0.2746833 0.2603971 1.2070784 1.2070784 
t11        9.0000000 9.0000000 9.0000000 0.5716050 1.5111773 1.5901977 0.7945437 0.8864954 0.8545757 1.4396946 1.3144041 0.0845966 1.8942965 1.8942965 0.0000000 0.0000010 1.3144041 1.3744361 0.7662384 0.7662384 
t13        9.0000000 9.0000000 9.0000000 0.5716050 1.5111773 1.5901977 0.7945437 0.8864954 0.8545757 1.4396946 1.3144041 0.0845966 1.8942965 1.8942965 0.0000010 0.0000000 1.3144041 1.3744361 0.7662384 0.7662384 
t3         1.2588231 1.0703373 1.0703373 1.3744361 0.2058276 0.3347153 1.0297869 1.1586745 1.5901977 0.3192509 0.3666350 1.2070784 0.2603971 0.2746833 1.3144041 1.3144041 0.0000000 0.0411062 1.0703373 1.0703373 
t15        1.3744361 0.9913169 0.9913169 1.4396946 0.2058276 0.3192509 0.9547243 1.0297869 1.3744361 0.3666350 0.4172160 1.3144041 0.2463781 0.2603971 1.3744361 1.3744361 0.0411062 0.0000000 0.9913169 0.9913169 
t8         1.8942965 1.8942965 1.5111773 0.3192509 1.1586745 1.4396946 0.1189538 0.5099265 0.5299277 1.3144041 1.3744361 0.7945437 1.1586745 1.2070784 0.7662384 0.7662384 1.0703373 0.9913169 0.0000000 0.0000010 
t12        1.8942965 1.8942965 1.5111773 0.3192509 1.1586745 1.4396946 0.1189538 0.5099265 0.5299277 1.3144041 1.3744361 0.7945437 1.1586745 1.2070784 0.7662384 0.7662384 1.0703373 0.9913169 0.0000010 0.0000000 
