20
t3         0.0000000 1.2070784 1.0297869 1.0297869 1.2588231 1.3744361 1.2588231 1.0297869 1.2070784 1.2070784 1.3744361 1.3144041 1.0703373 1.3744361 1.1586745 1.1132061 1.3744361 1.2588231 1.1586745 1.1132061 
t18        1.2070784 0.0000000 1.1132061 0.8864954 2.4141569 3.2381161 1.0703373 0.8864954 0.9547243 1.0297869 1.0297869 0.9198342 1.0703373 0.8864954 0.8864954 0.8545757 1.0297869 1.2070784 0.9198342 0.9198342 
t1         1.0297869 1.1132061 0.0000000 0.9198342 1.5111773 1.8942965 1.1586745 0.9198342 1.2588231 1.2588231 1.6785349 1.2588231 0.9547243 0.9913169 0.9198342 0.9198342 1.1586745 1.1132061 0.9547243 0.9547243 
t20        1.0297869 0.8864954 0.9198342 0.0000000 1.5901977 1.8942965 1.0297869 0.9913169 0.7389627 0.8864954 0.8545757 0.7389627 1.0703373 1.0297869 0.9913169 1.1132061 1.1586745 1.2070784 0.9913169 0.9913169 
t16        1.2588231 2.4141569 1.5111773 1.5901977 0.0000000 0.8864954 1.8942965 1.2070784 1.1132061 1.5111773 1.5111773 1.4396946 1.0703373 1.0703373 1.1132061 1.0297869 1.7786835 1.8942965 1.0297869 1.0297869 
t8         1.3744361 3.2381161 1.8942965 1.8942965 0.8864954 0.0000000 9.0000000 1.0297869 1.0297869 1.2070784 1.2070784 1.3144041 1.6785349 1.4396946 1.3144041 1.3144041 9.0000000 9.0000000 1.1586745 1.1586745 
t10        1.2588231 1.0703373 1.1586745 1.0297869 1.8942965 9.0000000 0.0000000 1.3144041 1.5111773 1.4396946 1.3744361 1.5901977 1.3744361 1.2588231 1.2588231 1.2070784 0.2058276 0.2191023 1.3744361 1.4396946 
t14        1.0297869 0.8864954 0.9198342 0.9913169 1.2070784 1.0297869 1.3144041 0.0000000 0.9547243 0.8864954 1.0297869 1.0297869 0.2463781 0.2326162 0.1927838 0.2326162 1.5111773 1.4396946 0.1927838 0.2191023 
t9         1.2070784 0.9547243 1.2588231 0.7389627 1.1132061 1.0297869 1.5111773 0.9547243 0.0000000 0.2191023 0.4172160 0.4172160 1.0297869 0.9198342 0.8864954 0.9913169 1.7786835 1.7786835 0.8864954 0.8864954 
t19        1.2070784 1.0297869 1.2588231 0.8864954 1.5111773 1.2070784 1.4396946 0.8864954 0.2191023 0.0000000 0.6157354 0.5504769 0.9198342 0.8239592 0.8239592 0.8545757 1.3744361 1.3144041 0.8545757 0.8864954 
t7         1.3744361 1.0297869 1.6785349 0.8545757 1.5111773 1.2070784 1.3744361 1.0297869 0.4172160 0.6157354 0.0000000 0.1927838 0.9913169 0.9547243 0.8545757 0.9198342 1.5111773 1.5111773 0.8545757 0.8239592 
t2         1.3144041 0.9198342 1.2588231 0.7389627 1.4396946 1.3144041 1.5901977 1.0297869 0.4172160 0.5504769 0.1927838 0.0000000 0.9198342 0.9198342 0.8239592 0.8864954 1.6785349 1.6785349 0.8864954 0.8545757 
t13        1.0703373 1.0703373 0.9547243 1.0703373 1.0703373 1.6785349 1.3744361 0.2463781 1.0297869 0.9198342 0.9913169 0.9198342 0.0000000 0.1307650 0.1189538 0.1427653 1.5111773 1.4396946 0.1189538 0.1427653 
t15        1.3744361 0.8864954 0.9913169 1.0297869 1.0703373 1.4396946 1.2588231 0.2326162 0.9198342 0.8239592 0.9547243 0.9198342 0.1307650 0.0000000 0.0958750 0.1427653 1.3744361 1.3744361 0.0958750 0.1189538 
t11        1.1586745 0.8864954 0.9198342 0.9913169 1.1132061 1.3144041 1.2588231 0.1927838 0.8864954 0.8239592 0.8545757 0.8239592 0.1189538 0.0958750 0.0000000 0.0845966 1.3744361 1.3144041 0.0625362 0.0845966 
t4         1.1132061 0.8545757 0.9198342 1.1132061 1.0297869 1.3144041 1.2070784 0.2326162 0.9913169 0.8545757 0.9198342 0.8864954 0.1427653 0.1427653 0.0845966 0.0000000 1.3744361 1.3744361 0.0958750 0.1189538 
t5         1.3744361 1.0297869 1.1586745 1.1586745 1.7786835 9.0000000 0.2058276 1.5111773 1.7786835 1.3744361 1.5111773 1.6785349 1.5111773 1.3744361 1.3744361 1.3744361 0.0000000 0.0517447 1.5111773 1.5111773 
t6         1.2588231 1.2070784 1.1132061 1.2070784 1.8942965 9.0000000 0.2191023 1.4396946 1.7786835 1.3144041 1.5111773 1.6785349 1.4396946 1.3744361 1.3144041 1.3744361 0.0517447 0.0000000 1.4396946 1.4396946 
t12        1.1586745 0.9198342 0.9547243 0.9913169 1.0297869 1.1586745 1.3744361 0.1927838 0.8864954 0.8545757 0.8545757 0.8864954 0.1189538 0.0958750 0.0625362 0.0958750 1.5111773 1.4396946 0.0000000 0.0202715 
t17        1.1132061 0.9198342 0.9547243 0.9913169 1.0297869 1.1586745 1.4396946 0.2191023 0.8864954 0.8864954 0.8239592 0.8545757 0.1427653 0.1189538 0.0845966 0.1189538 1.5111773 1.4396946 0.0202715 0.0000000 
