20
t19        0.0000000 0.5716050 0.5099265 0.6388142 0.7126442 0.6626257 0.5504769 0.6626257 0.5504769 0.5299277 0.5716050 0.5716050 0.6626257 0.5716050 0.5933457 0.5933457 0.5504769 0.5504769 0.6626257 0.6626257 
t1         0.5716050 0.0000000 0.5504769 0.7126442 0.8239592 0.7662384 0.5299277 0.5716050 0.5299277 0.6157354 0.5716050 0.5716050 0.6157354 0.4904449 0.6157354 0.6157354 0.4529370 0.4529370 0.7662384 0.7662384 
t5         0.5099265 0.5504769 0.0000000 0.3505054 0.4348639 0.2603971 0.4529370 0.6388142 0.4529370 0.5299277 0.4348639 0.4529370 0.4529370 0.4904449 0.4714565 0.4714565 0.4714565 0.4714565 0.7389627 0.7389627 
t18        0.6388142 0.7126442 0.3505054 0.0000000 0.6388142 0.6388142 0.6157354 0.7389627 0.5716050 0.6626257 0.5504769 0.5933457 0.6388142 0.6626257 0.5933457 0.5933457 0.6157354 0.6157354 0.8545757 0.8545757 
t2         0.7126442 0.8239592 0.4348639 0.6388142 0.0000000 0.6388142 0.7945437 1.2070784 0.8864954 0.9913169 0.8239592 0.8239592 0.8239592 0.8545757 0.8864954 0.8864954 0.7945437 0.7945437 1.0703373 1.0703373 
t10        0.6626257 0.7662384 0.2603971 0.6388142 0.6388142 0.0000000 0.6388142 0.7662384 0.5933457 0.7126442 0.6626257 0.6157354 0.6626257 0.5716050 0.6626257 0.6626257 0.5716050 0.5716050 0.9547243 0.9547243 
t4         0.5504769 0.5299277 0.4529370 0.6157354 0.7945437 0.6388142 0.0000000 0.3192509 0.2746833 0.3347153 0.2058276 0.2058276 0.2191023 0.5299277 0.2746833 0.2892469 0.5299277 0.5299277 0.4172160 0.4172160 
t15        0.6626257 0.5716050 0.6388142 0.7389627 1.2070784 0.7662384 0.3192509 0.0000000 0.1927838 0.2603971 0.3192509 0.3347153 0.3666350 0.6157354 0.3192509 0.3347153 0.6388142 0.6388142 0.3192509 0.3192509 
t3         0.5504769 0.5299277 0.4529370 0.5716050 0.8864954 0.5933457 0.2746833 0.1927838 0.0000000 0.1189538 0.2603971 0.2746833 0.3192509 0.5099265 0.3040988 0.3192509 0.5099265 0.5099265 0.2191023 0.2191023 
t9         0.5299277 0.6157354 0.5299277 0.6626257 0.9913169 0.7126442 0.3347153 0.2603971 0.1189538 0.0000000 0.2892469 0.3040988 0.3999739 0.5504769 0.3347153 0.3192509 0.5504769 0.5504769 0.1927838 0.1927838 
t14        0.5716050 0.5716050 0.4348639 0.5504769 0.8239592 0.6626257 0.2058276 0.3192509 0.2603971 0.2892469 0.0000000 0.1189538 0.1427653 0.4348639 0.2326162 0.2326162 0.4348639 0.4348639 0.4529370 0.4529370 
t20        0.5716050 0.5716050 0.4529370 0.5933457 0.8239592 0.6157354 0.2058276 0.3347153 0.2746833 0.3040988 0.1189538 0.0000000 0.1549607 0.5099265 0.2603971 0.2746833 0.5099265 0.5099265 0.4529370 0.4529370 
t8         0.6626257 0.6157354 0.4529370 0.6388142 0.8239592 0.6626257 0.2191023 0.3666350 0.3192509 0.3999739 0.1427653 0.1549607 0.0000000 0.5504769 0.3040988 0.3192509 0.5504769 0.5504769 0.4904449 0.4904449 
t13        0.5716050 0.4904449 0.4904449 0.6626257 0.8545757 0.5716050 0.5299277 0.6157354 0.5099265 0.5504769 0.4348639 0.5099265 0.5504769 0.0000000 0.5716050 0.5716050 0.0517447 0.0517447 0.8239592 0.8239592 
t16        0.5933457 0.6157354 0.4714565 0.5933457 0.8864954 0.6626257 0.2746833 0.3192509 0.3040988 0.3347153 0.2326162 0.2603971 0.3040988 0.5716050 0.0000000 0.0100673 0.5504769 0.5504769 0.4904449 0.4904449 
t7         0.5933457 0.6157354 0.4714565 0.5933457 0.8864954 0.6626257 0.2892469 0.3347153 0.3192509 0.3192509 0.2326162 0.2746833 0.3192509 0.5716050 0.0100673 0.0000000 0.5504769 0.5504769 0.4714565 0.4714565 
t12        0.5504769 0.4529370 0.4714565 0.6157354 0.7945437 0.5716050 0.5299277 0.6388142 0.5099265 0.5504769 0.4348639 0.5099265 0.5504769 0.0517447 0.5504769 0.5504769 0.0000000 0.0000010 0.8239592 0.8239592 
t6         0.5504769 0.4529370 0.4714565 0.6157354 0.7945437 0.5716050 0.5299277 0.6388142 0.5099265 0.5504769 0.4348639 0.5099265 0.5504769 0.0517447 0.5504769 0.5504769 0.0000010 0.0000000 0.8239592 0.8239592 
t17        0.6626257 0.7662384 0.7389627 0.8545757 1.0703373 0.9547243 0.4172160 0.3192509 0.2191023 0.1927838 0.4529370 0.4529370 0.4904449 0.8239592 0.4904449 0.4714565 0.8239592 0.8239592 0.0000000 0.0000010 
t11        0.6626257 0.7662384 0.7389627 0.8545757 1.0703373 0.9547243 0.4172160 0.3192509 0.2191023 0.1927838 0.4529370 0.4529370 0.4904449 0.8239592 0.4904449 0.4714565 0.8239592 0.8239592 0.0000010 0.0000000 
