20
t12        0.0000000 0.4714565 1.5111773 1.2070784 0.6157354 0.6388142 0.5716050 0.5504769 0.7945437 0.7126442 0.6872180 0.9198342 0.8864954 0.7389627 0.8864954 1.1586745 0.8545757 1.1132061 0.5716050 0.7126442 
t20        0.4714565 0.0000000 1.5111773 0.9198342 0.7126442 0.7126442 0.7126442 0.7126442 0.6388142 0.6388142 0.5299277 1.1586745 0.7945437 0.7945437 0.8864954 0.9913169 0.8545757 1.0703373 0.4904449 0.5504769 
t15        1.5111773 1.5111773 0.0000000 1.5111773 1.1132061 1.2070784 1.7786835 1.2588231 1.4396946 1.4396946 1.3144041 2.0310377 0.9547243 1.1586745 1.6785349 1.7786835 1.5111773 1.5901977 1.1132061 1.2588231 
t16        1.2070784 0.9198342 1.5111773 0.0000000 0.8239592 0.7945437 0.9913169 1.2588231 1.0703373 0.9913169 0.8545757 2.7182557 1.1586745 1.5111773 1.2070784 1.3144041 1.3144041 1.6785349 0.7662384 0.7389627 
t11        0.6157354 0.7126442 1.1132061 0.8239592 0.0000000 0.5504769 0.9198342 0.7945437 0.9547243 0.7662384 0.8545757 1.1586745 1.0297869 1.0703373 0.9913169 1.2070784 1.1586745 1.1586745 0.5504769 0.7389627 
t8         0.6388142 0.7126442 1.2070784 0.7945437 0.5504769 0.0000000 0.6872180 0.7389627 0.8545757 0.6388142 0.6872180 1.2070784 0.7126442 0.8239592 1.0297869 0.8864954 1.0703373 1.4396946 0.6626257 0.6872180 
t19        0.5716050 0.7126442 1.7786835 0.9913169 0.9198342 0.6872180 0.0000000 0.6626257 0.6626257 0.3831192 0.8239592 1.3144041 1.1586745 1.0297869 0.7389627 0.9547243 0.9913169 1.3744361 0.6157354 0.8545757 
t4         0.5504769 0.7126442 1.2588231 1.2588231 0.7945437 0.7389627 0.6626257 0.0000000 0.7389627 0.6626257 0.6626257 1.2588231 0.8239592 0.9198342 0.5716050 0.7945437 0.9198342 1.1586745 0.5933457 0.6872180 
t3         0.7945437 0.6388142 1.4396946 1.0703373 0.9547243 0.8545757 0.6626257 0.7389627 0.0000000 0.3831192 0.6626257 1.3744361 0.8545757 0.7389627 0.8545757 0.9198342 0.9198342 1.2070784 0.6388142 0.6872180 
t18        0.7126442 0.6388142 1.4396946 0.9913169 0.7662384 0.6388142 0.3831192 0.6626257 0.3831192 0.0000000 0.6157354 1.1586745 0.8864954 0.7662384 0.7662384 1.0297869 0.8864954 1.2070784 0.5933457 0.6872180 
t5         0.6872180 0.5299277 1.3144041 0.8545757 0.8545757 0.6872180 0.8239592 0.6626257 0.6626257 0.6157354 0.0000000 1.1132061 0.6872180 0.7662384 0.9913169 0.9547243 0.8239592 1.0297869 0.3505054 0.4348639 
t7         0.9198342 1.1586745 2.0310377 2.7182557 1.1586745 1.2070784 1.3144041 1.2588231 1.3744361 1.1586745 1.1132061 0.0000000 1.3144041 1.0703373 1.4396946 1.5111773 0.3040988 0.3666350 1.0703373 1.0703373 
t9         0.8864954 0.7945437 0.9547243 1.1586745 1.0297869 0.7126442 1.1586745 0.8239592 0.8545757 0.8864954 0.6872180 1.3144041 0.0000000 0.2746833 1.0703373 1.5901977 0.9547243 1.1132061 0.7662384 0.6872180 
t1         0.7389627 0.7945437 1.1586745 1.5111773 1.0703373 0.8239592 1.0297869 0.9198342 0.7389627 0.7662384 0.7662384 1.0703373 0.2746833 0.0000000 1.1586745 1.6785349 0.8239592 0.9547243 0.8239592 0.8239592 
t10        0.8864954 0.8864954 1.6785349 1.2070784 0.9913169 1.0297869 0.7389627 0.5716050 0.8545757 0.7662384 0.9913169 1.4396946 1.0703373 1.1586745 0.0000000 0.4172160 0.9547243 1.1586745 0.8864954 0.9547243 
t13        1.1586745 0.9913169 1.7786835 1.3144041 1.2070784 0.8864954 0.9547243 0.7945437 0.9198342 1.0297869 0.9547243 1.5111773 1.5901977 1.6785349 0.4172160 0.0000000 0.9913169 1.1132061 0.9198342 0.8864954 
t6         0.8545757 0.8545757 1.5111773 1.3144041 1.1586745 1.0703373 0.9913169 0.9198342 0.9198342 0.8864954 0.8239592 0.3040988 0.9547243 0.8239592 0.9547243 0.9913169 0.0000000 0.1799630 0.8239592 0.8239592 
t2         1.1132061 1.0703373 1.5901977 1.6785349 1.1586745 1.4396946 1.3744361 1.1586745 1.2070784 1.2070784 1.0297869 0.3666350 1.1132061 0.9547243 1.1586745 1.1132061 0.1799630 0.0000000 1.2070784 1.1132061 
t17        0.5716050 0.4904449 1.1132061 0.7662384 0.5504769 0.6626257 0.6157354 0.5933457 0.6388142 0.5933457 0.3505054 1.0703373 0.7662384 0.8239592 0.8864954 0.9198342 0.8239592 1.2070784 0.0000000 0.1799630 
t14        0.7126442 0.5504769 1.2588231 0.7389627 0.7389627 0.6872180 0.8545757 0.6872180 0.6872180 0.6872180 0.4348639 1.0703373 0.6872180 0.8239592 0.9547243 0.8864954 0.8239592 1.1132061 0.1799630 0.0000000 
