20
t20        0.0000000 1.5901977 2.1983953 1.8942965 1.5111773 1.8942965 1.3744361 9.0000000 2.4141569 1.8942965 1.7786835 1.5901977 1.7786835 2.4141569 1.5111773 3.2381161 3.2381161 9.0000000 3.2381161 9.0000000 
t14        1.5901977 0.0000000 2.0310377 1.0703373 0.9198342 2.7182557 1.1132061 1.0297869 1.1586745 0.9198342 1.1586745 1.0297869 0.9198342 0.9547243 1.1132061 1.2588231 1.0297869 1.1586745 1.0703373 1.0297869 
t15        2.1983953 2.0310377 0.0000000 1.5901977 9.0000000 1.6785349 1.5901977 1.4396946 2.1983953 2.1983953 9.0000000 1.4396946 2.1983953 1.2070784 1.1586745 2.0310377 9.0000000 2.4141569 1.7786835 1.6785349 
t18        1.8942965 1.0703373 1.5901977 0.0000000 0.9913169 1.1132061 0.6157354 0.8864954 1.0297869 1.4396946 1.4396946 1.2588231 1.1586745 1.0703373 0.9547243 0.9913169 1.5901977 1.6785349 0.7662384 0.9547243 
t2         1.5111773 0.9198342 9.0000000 0.9913169 0.0000000 1.5901977 0.8545757 1.1132061 0.7945437 0.6157354 0.8545757 0.7389627 0.7389627 0.8239592 0.8864954 1.1132061 0.6872180 0.9198342 1.1132061 1.1586745 
t7         1.8942965 2.7182557 1.6785349 1.1132061 1.5901977 0.0000000 0.9547243 1.7786835 1.7786835 1.7786835 1.8942965 1.6785349 1.5111773 1.3144041 1.5111773 1.3744361 9.0000000 2.7182557 1.0297869 1.1132061 
t12        1.3744361 1.1132061 1.5901977 0.6157354 0.8545757 0.9547243 0.0000000 0.7662384 0.9547243 0.8239592 1.2588231 1.0703373 0.7945437 0.8864954 0.8545757 0.9198342 0.9198342 1.1586745 0.8239592 0.8864954 
t6         9.0000000 1.0297869 1.4396946 0.8864954 1.1132061 1.7786835 0.7662384 0.0000000 1.1132061 1.0703373 1.3144041 1.1586745 0.9198342 0.7945437 0.7945437 0.5299277 1.1586745 1.4396946 0.5299277 0.6157354 
t1         2.4141569 1.1586745 2.1983953 1.0297869 0.7945437 1.7786835 0.9547243 1.1132061 0.0000000 1.1586745 2.0310377 0.3999739 0.3999739 1.1132061 1.0703373 1.3744361 1.3744361 1.8942965 1.3744361 1.5901977 
t16        1.8942965 0.9198342 2.1983953 1.4396946 0.6157354 1.7786835 0.8239592 1.0703373 1.1586745 0.0000000 0.4529370 1.0297869 0.8864954 0.9547243 1.0703373 1.4396946 0.3831192 0.6157354 1.3144041 1.3744361 
t17        1.7786835 1.1586745 9.0000000 1.4396946 0.8545757 1.8942965 1.2588231 1.3144041 2.0310377 0.4529370 0.0000000 1.7786835 1.2588231 1.2588231 1.5111773 1.7786835 0.4714565 0.6388142 1.5901977 1.3744361 
t10        1.5901977 1.0297869 1.4396946 1.2588231 0.7389627 1.6785349 1.0703373 1.1586745 0.3999739 1.0297869 1.7786835 0.0000000 0.4172160 0.9547243 0.9913169 1.3144041 1.3744361 1.6785349 1.5901977 1.3744361 
t9         1.7786835 0.9198342 2.1983953 1.1586745 0.7389627 1.5111773 0.7945437 0.9198342 0.3999739 0.8864954 1.2588231 0.4172160 0.0000000 1.0703373 0.9913169 1.5111773 1.0703373 1.4396946 1.2588231 1.2588231 
t5         2.4141569 0.9547243 1.2070784 1.0703373 0.8239592 1.3144041 0.8864954 0.7945437 1.1132061 0.9547243 1.2588231 0.9547243 1.0703373 0.0000000 0.2603971 0.6872180 1.3144041 1.5111773 0.6872180 0.6872180 
t8         1.5111773 1.1132061 1.1586745 0.9547243 0.8864954 1.5111773 0.8545757 0.7945437 1.0703373 1.0703373 1.5111773 0.9913169 0.9913169 0.2603971 0.0000000 0.7945437 1.2588231 1.7786835 0.8239592 0.8239592 
t11        3.2381161 1.2588231 2.0310377 0.9913169 1.1132061 1.3744361 0.9198342 0.5299277 1.3744361 1.4396946 1.7786835 1.3144041 1.5111773 0.6872180 0.7945437 0.0000000 1.5901977 1.6785349 0.2191023 0.2463781 
t3         3.2381161 1.0297869 9.0000000 1.5901977 0.6872180 9.0000000 0.9198342 1.1586745 1.3744361 0.3831192 0.4714565 1.3744361 1.0703373 1.3144041 1.2588231 1.5901977 0.0000000 0.2191023 1.5901977 1.7786835 
t4         9.0000000 1.1586745 2.4141569 1.6785349 0.9198342 2.7182557 1.1586745 1.4396946 1.8942965 0.6157354 0.6388142 1.6785349 1.4396946 1.5111773 1.7786835 1.6785349 0.2191023 0.0000000 1.8942965 1.8942965 
t13        3.2381161 1.0703373 1.7786835 0.7662384 1.1132061 1.0297869 0.8239592 0.5299277 1.3744361 1.3144041 1.5901977 1.5901977 1.2588231 0.6872180 0.8239592 0.2191023 1.5901977 1.8942965 0.0000000 0.1927838 
t19        9.0000000 1.0297869 1.6785349 0.9547243 1.1586745 1.1132061 0.8864954 0.6157354 1.5901977 1.3744361 1.3744361 1.3744361 1.2588231 0.6872180 0.8239592 0.2463781 1.7786835 1.8942965 0.1927838 0.0000000 
