20
t20        0.0000000 0.9913169 1.3744361 1.1586745 1.5111773 1.1586745 0.9198342 1.2070784 1.1586745 2.7182557 1.3744361 1.4396946 1.3144041 1.1132061 1.2588231 1.2070784 1.3744361 1.3744361 3.2381161 2.7182557 
t10        0.9913169 0.0000000 0.9547243 1.5111773 1.3744361 1.1132061 1.2588231 1.5901977 1.6785349 9.0000000 1.0297869 1.4396946 1.4396946 1.1132061 1.2588231 1.2588231 1.2588231 1.2588231 2.4141569 2.1983953 
t4         1.3744361 0.9547243 0.0000000 1.7786835 1.5111773 1.1132061 1.4396946 1.2588231 1.5111773 0.8545757 0.5099265 1.5901977 1.2070784 1.2588231 1.4396946 1.3744361 1.2588231 1.2588231 3.2381161 2.7182557 
t1         1.1586745 1.5111773 1.7786835 0.0000000 2.7182557 1.6785349 2.0310377 1.3144041 1.3144041 2.1983953 2.1983953 0.7126442 0.7126442 9.0000000 9.0000000 9.0000000 3.2381161 3.2381161 2.7182557 2.4141569 
t9         1.5111773 1.3744361 1.5111773 2.7182557 0.0000000 0.5299277 1.5901977 2.4141569 3.2381161 9.0000000 1.6785349 1.4396946 1.5111773 1.5111773 1.6785349 1.5901977 1.7786835 1.7786835 2.4141569 2.7182557 
t5         1.1586745 1.1132061 1.1132061 1.6785349 0.5299277 0.0000000 1.5901977 2.0310377 2.1983953 2.1983953 1.1586745 1.2588231 1.1586745 1.3744361 1.4396946 1.3744361 1.5901977 1.5901977 2.7182557 3.2381161 
t17        0.9198342 1.2588231 1.4396946 2.0310377 1.5901977 1.5901977 0.0000000 1.6785349 1.5111773 9.0000000 1.4396946 1.4396946 1.3744361 0.1927838 0.2746833 0.2892469 0.2463781 0.2463781 1.7786835 1.7786835 
t14        1.2070784 1.5901977 1.2588231 1.3144041 2.4141569 2.0310377 1.6785349 0.0000000 0.3666350 2.7182557 2.0310377 1.1586745 1.2588231 1.6785349 1.5111773 1.4396946 1.5111773 1.5111773 9.0000000 9.0000000 
t19        1.1586745 1.6785349 1.5111773 1.3144041 3.2381161 2.1983953 1.5111773 0.3666350 0.0000000 9.0000000 2.4141569 1.0297869 1.0703373 1.5111773 1.5111773 1.4396946 1.6785349 1.6785349 9.0000000 9.0000000 
t3         2.7182557 9.0000000 0.8545757 2.1983953 9.0000000 2.1983953 9.0000000 2.7182557 9.0000000 0.0000000 0.6626257 9.0000000 3.2381161 9.0000000 9.0000000 9.0000000 9.0000000 9.0000000 2.1983953 1.8942965 
t13        1.3744361 1.0297869 0.5099265 2.1983953 1.6785349 1.1586745 1.4396946 2.0310377 2.4141569 0.6626257 0.0000000 1.5111773 1.2588231 1.5111773 1.5111773 1.5111773 2.0310377 2.0310377 1.1132061 1.1132061 
t11        1.4396946 1.4396946 1.5901977 0.7126442 1.4396946 1.2588231 1.4396946 1.1586745 1.0297869 9.0000000 1.5111773 0.0000000 0.0958750 1.6785349 1.4396946 1.4396946 1.8942965 1.8942965 2.7182557 2.4141569 
t2         1.3144041 1.4396946 1.2070784 0.7126442 1.5111773 1.1586745 1.3744361 1.2588231 1.0703373 3.2381161 1.2588231 0.0958750 0.0000000 1.4396946 1.3744361 1.3744361 1.6785349 1.6785349 2.7182557 2.4141569 
t15        1.1132061 1.1132061 1.2588231 9.0000000 1.5111773 1.3744361 0.1927838 1.6785349 1.5111773 9.0000000 1.5111773 1.6785349 1.4396946 0.0000000 0.1189538 0.1307650 0.1073256 0.1073256 1.5901977 1.6785349 
t7         1.2588231 1.2588231 1.4396946 9.0000000 1.6785349 1.4396946 0.2746833 1.5111773 1.5111773 9.0000000 1.5111773 1.4396946 1.3744361 0.1189538 0.0000000 0.0306165 0.2058276 0.2058276 1.7786835 1.7786835 
t12        1.2070784 1.2588231 1.3744361 9.0000000 1.5901977 1.3744361 0.2892469 1.4396946 1.4396946 9.0000000 1.5111773 1.4396946 1.3744361 0.1307650 0.0306165 0.0000000 0.2191023 0.2191023 2.0310377 1.8942965 
t8         1.3744361 1.2588231 1.2588231 3.2381161 1.7786835 1.5901977 0.2463781 1.5111773 1.6785349 9.0000000 2.0310377 1.8942965 1.6785349 0.1073256 0.2058276 0.2191023 0.0000000 0.0000010 2.0310377 2.0310377 
t18        1.3744361 1.2588231 1.2588231 3.2381161 1.7786835 1.5901977 0.2463781 1.5111773 1.6785349 9.0000000 2.0310377 1.8942965 1.6785349 0.1073256 0.2058276 0.2191023 0.0000010 0.0000000 2.0310377 2.0310377 
t16        3.2381161 2.4141569 3.2381161 2.7182557 2.4141569 2.7182557 1.7786835 9.0000000 9.0000000 2.1983953 1.1132061 2.7182557 2.7182557 1.5901977 1.7786835 2.0310377 2.0310377 2.0310377 0.0000000 0.0202715 
t6         2.7182557 2.1983953 2.7182557 2.4141569 2.7182557 3.2381161 1.7786835 9.0000000 9.0000000 1.8942965 1.1132061 2.4141569 2.4141569 1.6785349 1.7786835 1.8942965 2.0310377 2.0310377 0.0202715 0.0000000 
