20
t13        0.0000000 1.5901977 9.0000000 2.0310377 1.6785349 1.6785349 1.6785349 1.8942965 9.0000000 2.1983953 1.6785349 9.0000000 2.1983953 2.7182557 2.7182557 1.4396946 1.3144041 9.0000000 9.0000000 9.0000000 
t12        1.5901977 0.0000000 9.0000000 2.4141569 1.1586745 1.3744361 1.2070784 0.9913169 1.6785349 1.3144041 1.0297869 9.0000000 2.4141569 0.9198342 1.3144041 1.1132061 0.9913169 1.6785349 1.6785349 1.6785349 
t14        9.0000000 9.0000000 0.0000000 9.0000000 1.2588231 1.5111773 2.4141569 2.1983953 1.8942965 1.7786835 1.3744361 2.7182557 9.0000000 9.0000000 9.0000000 1.5901977 1.7786835 9.0000000 2.4141569 2.4141569 
t20        2.0310377 2.4141569 9.0000000 0.0000000 2.0310377 9.0000000 2.0310377 2.0310377 9.0000000 3.2381161 1.5901977 3.2381161 9.0000000 1.8942965 1.8942965 3.2381161 2.7182557 1.8942965 2.4141569 1.7786835 
t10        1.6785349 1.1586745 1.2588231 2.0310377 0.0000000 1.4396946 1.1132061 1.0297869 1.6785349 0.3831192 0.1799630 2.7182557 1.6785349 1.7786835 1.5111773 1.1586745 1.0703373 2.7182557 3.2381161 2.7182557 
t1         1.6785349 1.3744361 1.5111773 9.0000000 1.4396946 0.0000000 0.8864954 1.3744361 1.3744361 1.7786835 1.5111773 2.7182557 2.0310377 1.8942965 2.4141569 1.3744361 1.3144041 1.5901977 1.6785349 1.6785349 
t19        1.6785349 1.2070784 2.4141569 2.0310377 1.1132061 0.8864954 0.0000000 0.9547243 0.9547243 1.4396946 1.2588231 2.0310377 1.4396946 1.1586745 1.2588231 1.2070784 1.1586745 1.5111773 1.3144041 1.5111773 
t8         1.8942965 0.9913169 2.1983953 2.0310377 1.0297869 1.3744361 0.9547243 0.0000000 1.6785349 1.3744361 1.1132061 9.0000000 3.2381161 1.5111773 1.6785349 0.7389627 0.6872180 2.0310377 1.8942965 1.7786835 
t18        9.0000000 1.6785349 1.8942965 9.0000000 1.6785349 1.3744361 0.9547243 1.6785349 0.0000000 1.7786835 1.8942965 1.1132061 0.7126442 2.1983953 3.2381161 1.5111773 1.7786835 3.2381161 2.0310377 2.4141569 
t6         2.1983953 1.3144041 1.7786835 3.2381161 0.3831192 1.7786835 1.4396946 1.3744361 1.7786835 0.0000000 0.2603971 9.0000000 9.0000000 2.7182557 2.4141569 1.8942965 1.6785349 2.1983953 2.7182557 2.4141569 
t4         1.6785349 1.0297869 1.3744361 1.5901977 0.1799630 1.5111773 1.2588231 1.1132061 1.8942965 0.2603971 0.0000000 2.7182557 1.7786835 1.8942965 1.6785349 1.3144041 1.3744361 9.0000000 9.0000000 9.0000000 
t7         9.0000000 9.0000000 2.7182557 3.2381161 2.7182557 2.7182557 2.0310377 9.0000000 1.1132061 9.0000000 2.7182557 0.0000000 0.4529370 9.0000000 9.0000000 2.4141569 9.0000000 9.0000000 9.0000000 9.0000000 
t3         2.1983953 2.4141569 9.0000000 9.0000000 1.6785349 2.0310377 1.4396946 3.2381161 0.7126442 9.0000000 1.7786835 0.4529370 0.0000000 2.7182557 9.0000000 2.1983953 2.4141569 9.0000000 9.0000000 9.0000000 
t15        2.7182557 0.9198342 9.0000000 1.8942965 1.7786835 1.8942965 1.1586745 1.5111773 2.1983953 2.7182557 1.8942965 9.0000000 2.7182557 0.0000000 0.4904449 1.5901977 1.3144041 1.5111773 1.6785349 1.8942965 
t16        2.7182557 1.3144041 9.0000000 1.8942965 1.5111773 2.4141569 1.2588231 1.6785349 3.2381161 2.4141569 1.6785349 9.0000000 9.0000000 0.4904449 0.0000000 1.8942965 1.5901977 1.3144041 1.4396946 1.5111773 
t5         1.4396946 1.1132061 1.5901977 3.2381161 1.1586745 1.3744361 1.2070784 0.7389627 1.5111773 1.8942965 1.3144041 2.4141569 2.1983953 1.5901977 1.8942965 0.0000000 0.1427653 1.7786835 1.7786835 1.5111773 
t2         1.3144041 0.9913169 1.7786835 2.7182557 1.0703373 1.3144041 1.1586745 0.6872180 1.7786835 1.6785349 1.3744361 9.0000000 2.4141569 1.3144041 1.5901977 0.1427653 0.0000000 2.1983953 2.1983953 1.8942965 
t9         9.0000000 1.6785349 9.0000000 1.8942965 2.7182557 1.5901977 1.5111773 2.0310377 3.2381161 2.1983953 9.0000000 9.0000000 9.0000000 1.5111773 1.3144041 1.7786835 2.1983953 0.0000000 0.1073256 0.0845966 
t11        9.0000000 1.6785349 2.4141569 2.4141569 3.2381161 1.6785349 1.3144041 1.8942965 2.0310377 2.7182557 9.0000000 9.0000000 9.0000000 1.6785349 1.4396946 1.7786835 2.1983953 0.1073256 0.0000000 0.0625362 
t17        9.0000000 1.6785349 2.4141569 1.7786835 2.7182557 1.6785349 1.5111773 1.7786835 2.4141569 2.4141569 9.0000000 9.0000000 9.0000000 1.8942965 1.5111773 1.5111773 1.8942965 0.0845966 0.0625362 0.0000000 
