20
t16        0.0000000 9.0000000 2.0310377 1.7786835 2.7182557 3.2381161 1.7786835 1.3144041 9.0000000 9.0000000 1.8942965 1.7786835 2.0310377 2.4141569 2.0310377 2.4141569 2.4141569 1.7786835 2.0310377 3.2381161 
t1         9.0000000 0.0000000 1.2588231 1.8942965 1.5901977 3.2381161 1.7786835 1.5111773 2.7182557 2.7182557 1.1132061 1.1586745 1.2588231 1.2070784 1.2588231 1.7786835 1.3744361 1.0297869 1.2070784 1.2070784 
t5         2.0310377 1.2588231 0.0000000 1.7786835 2.4141569 1.5111773 1.3144041 1.2070784 2.4141569 3.2381161 0.9547243 0.8239592 0.9913169 0.6626257 0.6388142 2.1983953 2.1983953 0.9547243 1.0703373 1.1586745 
t4         1.7786835 1.8942965 1.7786835 0.0000000 1.3744361 1.7786835 2.1983953 1.5111773 2.1983953 9.0000000 1.4396946 1.6785349 2.0310377 1.4396946 1.5901977 3.2381161 9.0000000 2.1983953 1.8942965 9.0000000 
t18        2.7182557 1.5901977 2.4141569 1.3744361 0.0000000 0.7389627 1.7786835 1.8942965 2.4141569 1.6785349 2.0310377 2.7182557 9.0000000 2.0310377 1.8942965 9.0000000 9.0000000 9.0000000 3.2381161 9.0000000 
t17        3.2381161 3.2381161 1.5111773 1.7786835 0.7389627 0.0000000 2.4141569 2.7182557 2.1983953 2.7182557 9.0000000 2.4141569 2.1983953 1.8942965 2.7182557 9.0000000 9.0000000 2.4141569 2.4141569 3.2381161 
t13        1.7786835 1.7786835 1.3144041 2.1983953 1.7786835 2.4141569 0.0000000 0.2463781 1.6785349 1.0703373 1.2070784 1.1586745 1.1586745 0.7662384 0.9198342 2.4141569 9.0000000 1.1132061 1.4396946 1.8942965 
t8         1.3144041 1.5111773 1.2070784 1.5111773 1.8942965 2.7182557 0.2463781 0.0000000 1.3144041 1.1132061 0.9913169 0.9913169 1.0703373 0.7945437 0.9198342 2.7182557 9.0000000 1.1132061 1.1132061 1.5111773 
t10        9.0000000 2.7182557 2.4141569 2.1983953 2.4141569 2.1983953 1.6785349 1.3144041 0.0000000 0.7389627 1.8942965 1.8942965 2.7182557 2.0310377 2.1983953 9.0000000 9.0000000 2.0310377 1.8942965 2.1983953 
t20        9.0000000 2.7182557 3.2381161 9.0000000 1.6785349 2.7182557 1.0703373 1.1132061 0.7389627 0.0000000 2.0310377 1.8942965 1.7786835 2.0310377 2.4141569 3.2381161 9.0000000 2.1983953 1.8942965 1.7786835 
t12        1.8942965 1.1132061 0.9547243 1.4396946 2.0310377 9.0000000 1.2070784 0.9913169 1.8942965 2.0310377 0.0000000 0.2603971 0.3999739 0.5716050 0.5716050 1.2070784 1.3744361 0.4529370 0.4172160 0.5299277 
t7         1.7786835 1.1586745 0.8239592 1.6785349 2.7182557 2.4141569 1.1586745 0.9913169 1.8942965 1.8942965 0.2603971 0.0000000 0.1549607 0.5299277 0.5504769 1.0703373 1.2588231 0.1799630 0.1549607 0.2463781 
t14        2.0310377 1.2588231 0.9913169 2.0310377 9.0000000 2.1983953 1.1586745 1.0703373 2.7182557 1.7786835 0.3999739 0.1549607 0.0000000 0.6626257 0.6872180 1.0297869 1.2588231 0.2603971 0.2603971 0.3192509 
t2         2.4141569 1.2070784 0.6626257 1.4396946 2.0310377 1.8942965 0.7662384 0.7945437 2.0310377 2.0310377 0.5716050 0.5299277 0.6626257 0.0000000 0.2058276 1.7786835 2.4141569 0.6626257 0.7945437 0.8864954 
t9         2.0310377 1.2588231 0.6388142 1.5901977 1.8942965 2.7182557 0.9198342 0.9198342 2.1983953 2.4141569 0.5716050 0.5504769 0.6872180 0.2058276 0.0000000 1.5901977 1.8942965 0.6626257 0.8239592 0.8545757 
t19        2.4141569 1.7786835 2.1983953 3.2381161 9.0000000 9.0000000 2.4141569 2.7182557 9.0000000 3.2381161 1.2070784 1.0703373 1.0297869 1.7786835 1.5901977 0.0000000 0.3192509 1.0297869 1.2070784 1.0703373 
t6         2.4141569 1.3744361 2.1983953 9.0000000 9.0000000 9.0000000 9.0000000 9.0000000 9.0000000 9.0000000 1.3744361 1.2588231 1.2588231 2.4141569 1.8942965 0.3192509 0.0000000 1.1586745 1.2588231 1.1586745 
t15        1.7786835 1.0297869 0.9547243 2.1983953 9.0000000 2.4141569 1.1132061 1.1132061 2.0310377 2.1983953 0.4529370 0.1799630 0.2603971 0.6626257 0.6626257 1.0297869 1.1586745 0.0000000 0.2326162 0.3347153 
t11        2.0310377 1.2070784 1.0703373 1.8942965 3.2381161 2.4141569 1.4396946 1.1132061 1.8942965 1.8942965 0.4172160 0.1549607 0.2603971 0.7945437 0.8239592 1.2070784 1.2588231 0.2326162 0.0000000 0.2191023 
t3         3.2381161 1.2070784 1.1586745 9.0000000 9.0000000 3.2381161 1.8942965 1.5111773 2.1983953 1.7786835 0.5299277 0.2463781 0.3192509 0.8864954 0.8545757 1.0703373 1.1586745 0.3347153 0.2191023 0.0000000 
