20
t9         0.0000000 1.6785349 1.5901977 1.5111773 1.5901977 1.6785349 1.8942965 9.0000000 1.5901977 1.2588231 1.6785349 1.6785349 1.5111773 2.7182557 2.7182557 9.0000000 1.4396946 1.6785349 1.2070784 1.2070784 
t19        1.6785349 0.0000000 1.5901977 2.7182557 1.5111773 9.0000000 1.5901977 3.2381161 2.7182557 3.2381161 1.5111773 9.0000000 9.0000000 2.1983953 2.1983953 2.1983953 1.8942965 1.4396946 1.5111773 1.5111773 
t5         1.5901977 1.5901977 0.0000000 0.6872180 0.6388142 1.8942965 0.9547243 2.1983953 1.4396946 1.5111773 0.6872180 2.7182557 1.6785349 1.5111773 1.4396946 2.1983953 0.7126442 0.6626257 0.9913169 0.9547243 
t2         1.5111773 2.7182557 0.6872180 0.0000000 0.4348639 1.7786835 0.7126442 9.0000000 1.8942965 2.1983953 0.4529370 3.2381161 2.1983953 1.4396946 1.3144041 9.0000000 0.6157354 0.4904449 0.9913169 1.0297869 
t10        1.5901977 1.5111773 0.6388142 0.4348639 0.0000000 1.5111773 0.4529370 1.8942965 2.0310377 1.2588231 0.2892469 2.4141569 1.4396946 2.7182557 2.4141569 9.0000000 0.4172160 0.3505054 0.8545757 0.8864954 
t16        1.6785349 9.0000000 1.8942965 1.7786835 1.5111773 0.0000000 2.1983953 1.0703373 0.9198342 0.8864954 2.1983953 1.0297869 0.7945437 1.8942965 1.7786835 1.7786835 2.4141569 2.4141569 9.0000000 9.0000000 
t18        1.8942965 1.5901977 0.9547243 0.7126442 0.4529370 2.1983953 0.0000000 1.3144041 1.4396946 1.4396946 0.2746833 2.0310377 1.4396946 2.4141569 3.2381161 9.0000000 0.3666350 0.3040988 1.0703373 1.1132061 
t17        9.0000000 3.2381161 2.1983953 9.0000000 1.8942965 1.0703373 1.3144041 0.0000000 0.3347153 0.9547243 1.6785349 1.0297869 0.6872180 9.0000000 9.0000000 9.0000000 1.6785349 2.1983953 1.4396946 1.5111773 
t7         1.5901977 2.7182557 1.4396946 1.8942965 2.0310377 0.9198342 1.4396946 0.3347153 0.0000000 0.6626257 1.6785349 0.8239592 0.5099265 3.2381161 9.0000000 2.4141569 1.5901977 2.0310377 1.4396946 1.4396946 
t12        1.2588231 3.2381161 1.5111773 2.1983953 1.2588231 0.8864954 1.4396946 0.9547243 0.6626257 0.0000000 1.5901977 0.4714565 0.2191023 9.0000000 9.0000000 3.2381161 1.6785349 2.0310377 1.4396946 1.5111773 
t6         1.6785349 1.5111773 0.6872180 0.4529370 0.2892469 2.1983953 0.2746833 1.6785349 1.6785349 1.5901977 0.0000000 9.0000000 1.5901977 2.0310377 1.8942965 9.0000000 0.1927838 0.1307650 0.8239592 0.8545757 
t1         1.6785349 9.0000000 2.7182557 3.2381161 2.4141569 1.0297869 2.0310377 1.0297869 0.8239592 0.4714565 9.0000000 0.0000000 0.3831192 3.2381161 9.0000000 2.1983953 2.4141569 9.0000000 1.8942965 1.8942965 
t8         1.5111773 9.0000000 1.6785349 2.1983953 1.4396946 0.7945437 1.4396946 0.6872180 0.5099265 0.2191023 1.5901977 0.3831192 0.0000000 9.0000000 9.0000000 2.7182557 1.5111773 2.0310377 2.0310377 2.1983953 
t20        2.7182557 2.1983953 1.5111773 1.4396946 2.7182557 1.8942965 2.4141569 9.0000000 3.2381161 9.0000000 2.0310377 3.2381161 9.0000000 0.0000000 0.1307650 0.2746833 1.7786835 2.0310377 1.8942965 1.8942965 
t14        2.7182557 2.1983953 1.4396946 1.3144041 2.4141569 1.7786835 3.2381161 9.0000000 9.0000000 9.0000000 1.8942965 9.0000000 9.0000000 0.1307650 0.0000000 0.2463781 1.7786835 1.7786835 1.8942965 1.8942965 
t4         9.0000000 2.1983953 2.1983953 9.0000000 9.0000000 1.7786835 9.0000000 9.0000000 2.4141569 3.2381161 9.0000000 2.1983953 2.7182557 0.2746833 0.2463781 0.0000000 3.2381161 3.2381161 9.0000000 9.0000000 
t3         1.4396946 1.8942965 0.7126442 0.6157354 0.4172160 2.4141569 0.3666350 1.6785349 1.5901977 1.6785349 0.1927838 2.4141569 1.5111773 1.7786835 1.7786835 3.2381161 0.0000000 0.1427653 1.1132061 1.0703373 
t13        1.6785349 1.4396946 0.6626257 0.4904449 0.3505054 2.4141569 0.3040988 2.1983953 2.0310377 2.0310377 0.1307650 9.0000000 2.0310377 2.0310377 1.7786835 3.2381161 0.1427653 0.0000000 0.9198342 0.9547243 
t15        1.2070784 1.5111773 0.9913169 0.9913169 0.8545757 9.0000000 1.0703373 1.4396946 1.4396946 1.4396946 0.8239592 1.8942965 2.0310377 1.8942965 1.8942965 9.0000000 1.1132061 0.9198342 0.0000000 0.0100673 
t11        1.2070784 1.5111773 0.9547243 1.0297869 0.8864954 9.0000000 1.1132061 1.5111773 1.4396946 1.5111773 0.8545757 1.8942965 2.1983953 1.8942965 1.8942965 9.0000000 1.0703373 0.9547243 0.0100673 0.0000000 
