20
t6         0.0000000 1.6785349 9.0000000 9.0000000 1.3144041 1.3744361 9.0000000 9.0000000 1.5111773 1.2588231 1.2588231 1.5901977 2.4141569 2.1983953 1.4396946 1.3744361 1.5901977 9.0000000 1.3744361 1.5901977 
t8         1.6785349 0.0000000 1.2588231 0.9547243 1.4396946 0.9913169 1.7786835 2.1983953 2.1983953 1.7786835 1.6785349 0.6626257 2.0310377 2.4141569 0.7945437 0.6872180 0.7662384 0.8545757 1.5901977 1.5111773 
t7         9.0000000 1.2588231 0.0000000 2.4141569 1.4396946 1.7786835 1.8942965 2.4141569 2.1983953 1.5901977 3.2381161 1.5901977 1.3144041 1.4396946 1.8942965 1.5111773 2.0310377 1.5901977 9.0000000 9.0000000 
t14        9.0000000 0.9547243 2.4141569 0.0000000 1.5111773 1.2588231 2.7182557 1.3744361 1.8942965 1.3744361 1.4396946 0.9198342 3.2381161 9.0000000 0.8864954 1.1586745 1.3144041 1.3144041 1.8942965 1.7786835 
t20        1.3144041 1.4396946 1.4396946 1.5111773 0.0000000 2.1983953 9.0000000 0.6626257 0.4348639 0.3999739 0.4529370 0.9913169 1.6785349 1.5901977 1.2588231 1.1132061 1.2070784 2.1983953 1.8942965 1.6785349 
t4         1.3744361 0.9913169 1.7786835 1.2588231 2.1983953 0.0000000 2.4141569 2.4141569 1.6785349 1.6785349 1.6785349 0.8864954 3.2381161 2.1983953 1.0297869 1.0297869 1.1586745 1.5901977 1.8942965 2.0310377 
t5         9.0000000 1.7786835 1.8942965 2.7182557 9.0000000 2.4141569 0.0000000 2.0310377 2.4141569 3.2381161 2.0310377 2.4141569 9.0000000 2.1983953 2.7182557 2.7182557 2.7182557 9.0000000 9.0000000 3.2381161 
t19        9.0000000 2.1983953 2.4141569 1.3744361 0.6626257 2.4141569 2.0310377 0.0000000 0.8239592 0.8239592 0.7945437 1.0703373 2.1983953 9.0000000 1.0703373 1.3744361 1.6785349 2.4141569 2.0310377 1.5111773 
t16        1.5111773 2.1983953 2.1983953 1.8942965 0.4348639 1.6785349 2.4141569 0.8239592 0.0000000 0.4714565 0.4172160 0.9198342 9.0000000 2.1983953 0.9913169 1.3744361 1.8942965 9.0000000 1.3744361 1.2070784 
t17        1.2588231 1.7786835 1.5901977 1.3744361 0.3999739 1.6785349 3.2381161 0.8239592 0.4714565 0.0000000 0.3999739 0.8864954 1.3144041 1.8942965 1.1132061 1.1132061 1.5111773 2.4141569 1.5111773 1.7786835 
t1         1.2588231 1.6785349 3.2381161 1.4396946 0.4529370 1.6785349 2.0310377 0.7945437 0.4172160 0.3999739 0.0000000 0.9547243 2.7182557 1.6785349 1.1586745 1.0297869 1.5111773 1.8942965 1.4396946 1.3144041 
t15        1.5901977 0.6626257 1.5901977 0.9198342 0.9913169 0.8864954 2.4141569 1.0703373 0.9198342 0.8864954 0.9547243 0.0000000 2.7182557 1.5111773 0.1799630 0.6626257 0.6626257 0.9547243 0.7945437 0.7662384 
t2         2.4141569 2.0310377 1.3144041 3.2381161 1.6785349 3.2381161 9.0000000 2.1983953 9.0000000 1.3144041 2.7182557 2.7182557 0.0000000 1.6785349 3.2381161 1.8942965 9.0000000 9.0000000 9.0000000 9.0000000 
t10        2.1983953 2.4141569 1.4396946 9.0000000 1.5901977 2.1983953 2.1983953 9.0000000 2.1983953 1.8942965 1.6785349 1.5111773 1.6785349 0.0000000 3.2381161 1.6785349 1.3744361 1.5901977 9.0000000 2.7182557 
t13        1.4396946 0.7945437 1.8942965 0.8864954 1.2588231 1.0297869 2.7182557 1.0703373 0.9913169 1.1132061 1.1586745 0.1799630 3.2381161 3.2381161 0.0000000 0.7126442 0.7945437 0.9913169 0.9913169 0.8864954 
t12        1.3744361 0.6872180 1.5111773 1.1586745 1.1132061 1.0297869 2.7182557 1.3744361 1.3744361 1.1132061 1.0297869 0.6626257 1.8942965 1.6785349 0.7126442 0.0000000 0.3192509 0.6872180 1.3144041 1.2588231 
t11        1.5901977 0.7662384 2.0310377 1.3144041 1.2070784 1.1586745 2.7182557 1.6785349 1.8942965 1.5111773 1.5111773 0.6626257 9.0000000 1.3744361 0.7945437 0.3192509 0.0000000 0.3999739 1.4396946 1.2588231 
t18        9.0000000 0.8545757 1.5901977 1.3144041 2.1983953 1.5901977 9.0000000 2.4141569 9.0000000 2.4141569 1.8942965 0.9547243 9.0000000 1.5901977 0.9913169 0.6872180 0.3999739 0.0000000 1.5111773 1.3744361 
t3         1.3744361 1.5901977 9.0000000 1.8942965 1.8942965 1.8942965 9.0000000 2.0310377 1.3744361 1.5111773 1.4396946 0.7945437 9.0000000 9.0000000 0.9913169 1.3144041 1.4396946 1.5111773 0.0000000 0.1073256 
t9         1.5901977 1.5111773 9.0000000 1.7786835 1.6785349 2.0310377 3.2381161 1.5111773 1.2070784 1.7786835 1.3144041 0.7662384 9.0000000 2.7182557 0.8864954 1.2588231 1.2588231 1.3744361 0.1073256 0.0000000 
