20
t7         0.0000000 1.6785349 2.7182557 1.5901977 1.8942965 2.7182557 2.0310377 1.3144041 1.1586745 2.0310377 1.3744361 1.5111773 1.8942965 1.4396946 1.7786835 1.5901977 1.3744361 1.3744361 1.8942965 1.8942965 
t15        1.6785349 0.0000000 1.5901977 2.4141569 1.5901977 1.6785349 1.3744361 1.6785349 1.1586745 1.3744361 1.1586745 1.1132061 1.1132061 0.8864954 9.0000000 2.7182557 9.0000000 2.7182557 0.8545757 0.8545757 
t4         2.7182557 1.5901977 0.0000000 1.8942965 1.8942965 1.6785349 1.8942965 1.8942965 1.1586745 1.0703373 0.7662384 0.9547243 0.9198342 1.0703373 1.5111773 1.2588231 1.6785349 1.3144041 1.0703373 1.0703373 
t12        1.5901977 2.4141569 1.8942965 0.0000000 1.6785349 1.6785349 2.0310377 0.5099265 1.0297869 1.4396946 1.3144041 1.2070784 1.4396946 1.5901977 0.6626257 0.5504769 0.6626257 0.7389627 1.7786835 1.7786835 
t13        1.8942965 1.5901977 1.8942965 1.6785349 0.0000000 0.5299277 0.4529370 1.3744361 1.8942965 2.0310377 2.1983953 2.0310377 2.4141569 1.7786835 1.7786835 1.6785349 2.7182557 2.7182557 1.6785349 1.6785349 
t5         2.7182557 1.6785349 1.6785349 1.6785349 0.5299277 0.0000000 0.4529370 1.8942965 1.5901977 1.3144041 1.5111773 2.0310377 2.1983953 1.5111773 1.8942965 1.6785349 1.7786835 1.4396946 1.4396946 1.4396946 
t8         2.0310377 1.3744361 1.8942965 2.0310377 0.4529370 0.4529370 0.0000000 1.7786835 1.8942965 1.1586745 1.5901977 1.5111773 2.0310377 1.3744361 1.5901977 1.5111773 2.1983953 2.1983953 1.5901977 1.5901977 
t6         1.3144041 1.6785349 1.8942965 0.5099265 1.3744361 1.8942965 1.7786835 0.0000000 1.1132061 1.4396946 1.1586745 1.0703373 1.2070784 1.3744361 0.4529370 0.3192509 0.7945437 0.8545757 1.7786835 1.7786835 
t16        1.1586745 1.1586745 1.1586745 1.0297869 1.8942965 1.5901977 1.8942965 1.1132061 0.0000000 0.7389627 0.5716050 0.3831192 0.4172160 0.6626257 1.0703373 1.0297869 1.8942965 1.7786835 0.6872180 0.6872180 
t20        2.0310377 1.3744361 1.0703373 1.4396946 2.0310377 1.3144041 1.1586745 1.4396946 0.7389627 0.0000000 0.2326162 0.5716050 0.7389627 0.6388142 1.1132061 1.2070784 1.2588231 1.2588231 0.6872180 0.6872180 
t11        1.3744361 1.1586745 0.7662384 1.3144041 2.1983953 1.5111773 1.5901977 1.1586745 0.5716050 0.2326162 0.0000000 0.4904449 0.6157354 0.5299277 1.2070784 1.0297869 0.9547243 0.9913169 0.5299277 0.5299277 
t14        1.5111773 1.1132061 0.9547243 1.2070784 2.0310377 2.0310377 1.5111773 1.0703373 0.3831192 0.5716050 0.4904449 0.0000000 0.2603971 0.5504769 1.2588231 1.1586745 1.1586745 1.1132061 0.6626257 0.6626257 
t1         1.8942965 1.1132061 0.9198342 1.4396946 2.4141569 2.1983953 2.0310377 1.2070784 0.4172160 0.7389627 0.6157354 0.2603971 0.0000000 0.5099265 1.2070784 1.1586745 1.5901977 1.5111773 0.6157354 0.6157354 
t2         1.4396946 0.8864954 1.0703373 1.5901977 1.7786835 1.5111773 1.3744361 1.3744361 0.6626257 0.6388142 0.5299277 0.5504769 0.5099265 0.0000000 1.3144041 1.2588231 1.6785349 1.7786835 0.2603971 0.2603971 
t10        1.7786835 9.0000000 1.5111773 0.6626257 1.7786835 1.8942965 1.5901977 0.4529370 1.0703373 1.1132061 1.2070784 1.2588231 1.2070784 1.3144041 0.0000000 0.1427653 1.0703373 1.2070784 1.4396946 1.4396946 
t3         1.5901977 2.7182557 1.2588231 0.5504769 1.6785349 1.6785349 1.5111773 0.3192509 1.0297869 1.2070784 1.0297869 1.1586745 1.1586745 1.2588231 0.1427653 0.0000000 0.8864954 0.9913169 1.5901977 1.5901977 
t17        1.3744361 9.0000000 1.6785349 0.6626257 2.7182557 1.7786835 2.1983953 0.7945437 1.8942965 1.2588231 0.9547243 1.1586745 1.5901977 1.6785349 1.0703373 0.8864954 0.0000000 0.0845966 2.0310377 2.0310377 
t19        1.3744361 2.7182557 1.3144041 0.7389627 2.7182557 1.4396946 2.1983953 0.8545757 1.7786835 1.2588231 0.9913169 1.1132061 1.5111773 1.7786835 1.2070784 0.9913169 0.0845966 0.0000000 2.4141569 2.4141569 
t9         1.8942965 0.8545757 1.0703373 1.7786835 1.6785349 1.4396946 1.5901977 1.7786835 0.6872180 0.6872180 0.5299277 0.6626257 0.6157354 0.2603971 1.4396946 1.5901977 2.0310377 2.4141569 0.0000000 0.0000010 
t18        1.8942965 0.8545757 1.0703373 1.7786835 1.6785349 1.4396946 1.5901977 1.7786835 0.6872180 0.6872180 0.5299277 0.6626257 0.6157354 0.2603971 1.4396946 1.5901977 2.0310377 2.4141569 0.0000010 0.0000000 
