20
t16        0.0000000 1.6785349 1.7786835 1.2588231 1.4396946 1.1586745 1.5901977 1.5901977 1.3144041 1.2588231 1.7786835 1.5901977 1.6785349 1.8942965 3.2381161 1.5901977 1.7786835 1.5901977 1.4396946 1.3744361 
t6         1.6785349 0.0000000 2.7182557 2.0310377 1.3144041 1.4396946 1.3744361 2.4141569 1.2588231 1.2070784 1.6785349 1.2070784 1.3744361 1.3744361 9.0000000 1.6785349 1.6785349 1.5901977 1.7786835 1.6785349 
t19        1.7786835 2.7182557 0.0000000 1.3744361 1.3144041 1.2588231 1.1132061 1.2588231 1.0297869 1.2070784 1.0703373 0.7945437 1.0703373 1.2588231 1.5901977 1.2588231 1.3744361 1.2070784 0.7945437 0.9547243 
t3         1.2588231 2.0310377 1.3744361 0.0000000 0.6626257 0.7389627 0.3040988 0.5504769 0.6872180 0.9547243 0.7126442 0.8545757 0.6388142 0.6626257 2.7182557 1.3144041 0.6626257 0.6872180 0.8239592 0.9198342 
t8         1.4396946 1.3144041 1.3144041 0.6626257 0.0000000 1.1586745 0.5716050 0.7389627 0.1549607 0.3666350 0.3347153 0.8864954 0.3347153 0.3192509 2.0310377 1.2588231 0.5933457 0.4172160 0.9198342 1.0297869 
t2         1.1586745 1.4396946 1.2588231 0.7389627 1.1586745 0.0000000 0.8864954 1.2070784 1.2070784 1.1132061 1.3744361 1.2070784 0.9547243 1.0703373 1.5901977 0.6872180 1.2070784 1.1132061 0.8864954 0.9547243 
t11        1.5901977 1.3744361 1.1132061 0.3040988 0.5716050 0.8864954 0.0000000 0.3999739 0.5299277 0.7945437 0.6157354 0.8545757 0.5504769 0.6626257 2.4141569 1.0703373 0.8545757 0.8545757 0.8864954 0.8545757 
t14        1.5901977 2.4141569 1.2588231 0.5504769 0.7389627 1.2070784 0.3999739 0.0000000 0.7389627 1.0703373 0.8864954 1.2070784 0.9913169 0.7389627 9.0000000 1.1132061 1.1132061 1.0297869 0.9198342 0.9913169 
t9         1.3144041 1.2588231 1.0297869 0.6872180 0.1549607 1.2070784 0.5299277 0.7389627 0.0000000 0.3999739 0.3999739 0.8864954 0.3347153 0.3831192 2.4141569 1.2070784 0.7126442 0.5504769 0.9547243 1.0703373 
t10        1.2588231 1.2070784 1.2070784 0.9547243 0.3666350 1.1132061 0.7945437 1.0703373 0.3999739 0.0000000 0.6157354 0.9198342 0.5716050 0.6626257 3.2381161 1.4396946 0.8545757 0.7389627 1.1132061 1.3144041 
t15        1.7786835 1.6785349 1.0703373 0.7126442 0.3347153 1.3744361 0.6157354 0.8864954 0.3999739 0.6157354 0.0000000 0.7945437 0.4172160 0.3666350 3.2381161 1.5111773 0.5933457 0.5504769 1.0703373 1.2070784 
t18        1.5901977 1.2070784 0.7945437 0.8545757 0.8864954 1.2070784 0.8545757 1.2070784 0.8864954 0.9198342 0.7945437 0.0000000 0.8864954 0.7945437 1.5901977 1.2588231 1.2070784 0.9913169 0.5504769 0.5504769 
t5         1.6785349 1.3744361 1.0703373 0.6388142 0.3347153 0.9547243 0.5504769 0.9913169 0.3347153 0.5716050 0.4172160 0.8864954 0.0000000 0.2463781 1.7786835 1.0703373 0.4348639 0.3347153 0.9198342 0.9913169 
t12        1.8942965 1.3744361 1.2588231 0.6626257 0.3192509 1.0703373 0.6626257 0.7389627 0.3831192 0.6626257 0.3666350 0.7945437 0.2463781 0.0000000 1.6785349 1.1586745 0.4172160 0.3347153 0.8864954 0.9913169 
t17        3.2381161 9.0000000 1.5901977 2.7182557 2.0310377 1.5901977 2.4141569 9.0000000 2.4141569 3.2381161 3.2381161 1.5901977 1.7786835 1.6785349 0.0000000 1.0297869 2.7182557 1.6785349 1.2588231 1.1132061 
t1         1.5901977 1.6785349 1.2588231 1.3144041 1.2588231 0.6872180 1.0703373 1.1132061 1.2070784 1.4396946 1.5111773 1.2588231 1.0703373 1.1586745 1.0297869 0.0000000 1.4396946 1.4396946 1.0703373 1.2070784 
t4         1.7786835 1.6785349 1.3744361 0.6626257 0.5933457 1.2070784 0.8545757 1.1132061 0.7126442 0.8545757 0.5933457 1.2070784 0.4348639 0.4172160 2.7182557 1.4396946 0.0000000 0.2603971 0.9547243 1.1132061 
t7         1.5901977 1.5901977 1.2070784 0.6872180 0.4172160 1.1132061 0.8545757 1.0297869 0.5504769 0.7389627 0.5504769 0.9913169 0.3347153 0.3347153 1.6785349 1.4396946 0.2603971 0.0000000 0.9198342 0.9547243 
t20        1.4396946 1.7786835 0.7945437 0.8239592 0.9198342 0.8864954 0.8864954 0.9198342 0.9547243 1.1132061 1.0703373 0.5504769 0.9198342 0.8864954 1.2588231 1.0703373 0.9547243 0.9198342 0.0000000 0.1189538 
t13        1.3744361 1.6785349 0.9547243 0.9198342 1.0297869 0.9547243 0.8545757 0.9913169 1.0703373 1.3144041 1.2070784 0.5504769 0.9913169 0.9913169 1.1132061 1.2070784 1.1132061 0.9547243 0.1189538 0.0000000 
