20
t20        0.0000000 1.0297869 1.3744361 1.3144041 1.1586745 1.3144041 0.9547243 1.0703373 1.0297869 1.1586745 0.9913169 1.2588231 1.1586745 1.2070784 1.1132061 1.1132061 1.0297869 1.0703373 1.0703373 1.0297869 
t18        1.0297869 0.0000000 1.3144041 1.5111773 1.3744361 0.9913169 0.9198342 1.1586745 1.2588231 1.8942965 1.0297869 2.0310377 1.6785349 1.5111773 1.2070784 1.3744361 1.4396946 1.3744361 1.2588231 1.2070784 
t9         1.3744361 1.3144041 0.0000000 0.5933457 0.7389627 1.0703373 0.9547243 1.1132061 1.0297869 1.3744361 1.2070784 1.4396946 1.1586745 1.2588231 0.9913169 0.9913169 1.2070784 1.2070784 0.6626257 0.6626257 
t1         1.3144041 1.5111773 0.5933457 0.0000000 1.1132061 1.3744361 1.5901977 1.2588231 1.0703373 1.3144041 1.4396946 1.7786835 1.2070784 1.2588231 0.9913169 1.1132061 1.5901977 1.3744361 0.8545757 0.8545757 
t4         1.1586745 1.3744361 0.7389627 1.1132061 0.0000000 1.1132061 0.9913169 0.7389627 0.6872180 0.7945437 0.7389627 0.9913169 0.7662384 0.7662384 0.6388142 0.6388142 0.7945437 0.7662384 0.1549607 0.1549607 
t5         1.3144041 0.9913169 1.0703373 1.3744361 1.1132061 0.0000000 0.4172160 1.0703373 1.1586745 1.4396946 1.2070784 1.5901977 1.3744361 1.5111773 1.2588231 1.3744361 1.2588231 1.0703373 0.9913169 0.9198342 
t15        0.9547243 0.9198342 0.9547243 1.5901977 0.9913169 0.4172160 0.0000000 0.9198342 0.9547243 1.3144041 1.1132061 1.2070784 1.2070784 1.3144041 1.0297869 1.0703373 1.0297869 0.9198342 0.8864954 0.8864954 
t12        1.0703373 1.1586745 1.1132061 1.2588231 0.7389627 1.0703373 0.9198342 0.0000000 0.1673577 0.5933457 0.6388142 0.7389627 0.5504769 0.5933457 0.2326162 0.2463781 0.6872180 0.6626257 0.6872180 0.6388142 
t8         1.0297869 1.2588231 1.0297869 1.0703373 0.6872180 1.1586745 0.9547243 0.1673577 0.0000000 0.5933457 0.6388142 0.8864954 0.5716050 0.5933457 0.1549607 0.2191023 0.6872180 0.6626257 0.6626257 0.6157354 
t13        1.1586745 1.8942965 1.3744361 1.3144041 0.7945437 1.4396946 1.3144041 0.5933457 0.5933457 0.0000000 0.7389627 0.9547243 0.2058276 0.1673577 0.5716050 0.7126442 0.6626257 0.6388142 0.8545757 0.8545757 
t6         0.9913169 1.0297869 1.2070784 1.4396946 0.7389627 1.2070784 1.1132061 0.6388142 0.6388142 0.7389627 0.0000000 0.4172160 0.7945437 0.8239592 0.5933457 0.6388142 0.5099265 0.5504769 0.7389627 0.7389627 
t10        1.2588231 2.0310377 1.4396946 1.7786835 0.9913169 1.5901977 1.2070784 0.7389627 0.8864954 0.9547243 0.4172160 0.0000000 0.8545757 0.8864954 0.8239592 0.8545757 0.6872180 0.7389627 0.9547243 0.9547243 
t3         1.1586745 1.6785349 1.1586745 1.2070784 0.7662384 1.3744361 1.2070784 0.5504769 0.5716050 0.2058276 0.7945437 0.8545757 0.0000000 0.1307650 0.5504769 0.7126442 0.6872180 0.7126442 0.9198342 0.8545757 
t2         1.2070784 1.5111773 1.2588231 1.2588231 0.7662384 1.5111773 1.3144041 0.5933457 0.5933457 0.1673577 0.8239592 0.8864954 0.1307650 0.0000000 0.6157354 0.7389627 0.6872180 0.6872180 0.8545757 0.7945437 
t17        1.1132061 1.2070784 0.9913169 0.9913169 0.6388142 1.2588231 1.0297869 0.2326162 0.1549607 0.5716050 0.5933457 0.8239592 0.5504769 0.6157354 0.0000000 0.1427653 0.6626257 0.6626257 0.5716050 0.5299277 
t14        1.1132061 1.3744361 0.9913169 1.1132061 0.6388142 1.3744361 1.0703373 0.2463781 0.2191023 0.7126442 0.6388142 0.8545757 0.7126442 0.7389627 0.1427653 0.0000000 0.8239592 0.8239592 0.5504769 0.5099265 
t19        1.0297869 1.4396946 1.2070784 1.5901977 0.7945437 1.2588231 1.0297869 0.6872180 0.6872180 0.6626257 0.5099265 0.6872180 0.6872180 0.6872180 0.6626257 0.8239592 0.0000000 0.0625362 0.7126442 0.7126442 
t11        1.0703373 1.3744361 1.2070784 1.3744361 0.7662384 1.0703373 0.9198342 0.6626257 0.6626257 0.6388142 0.5504769 0.7389627 0.7126442 0.6872180 0.6626257 0.8239592 0.0625362 0.0000000 0.6872180 0.6872180 
t7         1.0703373 1.2588231 0.6626257 0.8545757 0.1549607 0.9913169 0.8864954 0.6872180 0.6626257 0.8545757 0.7389627 0.9547243 0.9198342 0.8545757 0.5716050 0.5504769 0.7126442 0.6872180 0.0000000 0.0202715 
t16        1.0297869 1.2070784 0.6626257 0.8545757 0.1549607 0.9198342 0.8864954 0.6388142 0.6157354 0.8545757 0.7389627 0.9547243 0.8545757 0.7945437 0.5299277 0.5099265 0.7126442 0.6872180 0.0202715 0.0000000 
