20
t15        0.0000000 1.4396946 2.0310377 9.0000000 1.8942965 9.0000000 2.0310377 9.0000000 2.1983953 1.7786835 3.2381161 2.7182557 3.2381161 2.0310377 9.0000000 2.7182557 2.1983953 3.2381161 2.0310377 2.0310377 
t1         1.4396946 0.0000000 1.4396946 1.5901977 1.5111773 1.5111773 1.5111773 2.0310377 1.3144041 1.3144041 1.2588231 1.2588231 1.4396946 2.1983953 1.3744361 1.2588231 1.3744361 1.3144041 1.8942965 1.8942965 
t3         2.0310377 1.4396946 0.0000000 1.3144041 1.7786835 1.3744361 1.5901977 1.7786835 1.4396946 1.2588231 1.1586745 1.5111773 1.1586745 1.2588231 1.2588231 1.2070784 1.1586745 1.1132061 1.5111773 1.5111773 
t10        9.0000000 1.5901977 1.3144041 0.0000000 1.5901977 0.9547243 1.4396946 1.4396946 1.2070784 1.0297869 0.9913169 1.3144041 1.3144041 1.2070784 1.1586745 1.1132061 1.3144041 1.2588231 1.3144041 1.3144041 
t18        1.8942965 1.5111773 1.7786835 1.5901977 0.0000000 2.4141569 1.0703373 0.9198342 1.5111773 1.4396946 2.1983953 2.4141569 1.6785349 1.8942965 2.4141569 2.0310377 1.7786835 1.7786835 0.9547243 0.9547243 
t9         9.0000000 1.5111773 1.3744361 0.9547243 2.4141569 0.0000000 1.7786835 1.7786835 0.4904449 0.4348639 1.7786835 2.4141569 1.6785349 1.5111773 1.8942965 1.8942965 1.4396946 1.5901977 1.7786835 1.7786835 
t5         2.0310377 1.5111773 1.5901977 1.4396946 1.0703373 1.7786835 0.0000000 0.7126442 1.7786835 1.3144041 2.1983953 2.0310377 1.5111773 2.1983953 2.1983953 2.4141569 1.4396946 1.5111773 0.6388142 0.6388142 
t17        9.0000000 2.0310377 1.7786835 1.4396946 0.9198342 1.7786835 0.7126442 0.0000000 1.7786835 1.5111773 1.5901977 1.4396946 1.2070784 1.1586745 1.7786835 1.6785349 1.3144041 1.2588231 0.2058276 0.2058276 
t4         2.1983953 1.3144041 1.4396946 1.2070784 1.5111773 0.4904449 1.7786835 1.7786835 0.0000000 0.2326162 2.1983953 2.0310377 2.0310377 2.4141569 2.1983953 2.0310377 1.8942965 2.0310377 1.6785349 1.6785349 
t7         1.7786835 1.3144041 1.2588231 1.0297869 1.4396946 0.4348639 1.3144041 1.5111773 0.2326162 0.0000000 1.5111773 1.5111773 1.4396946 1.5901977 1.6785349 1.5901977 1.4396946 1.5111773 1.2588231 1.2588231 
t20        3.2381161 1.2588231 1.1586745 0.9913169 2.1983953 1.7786835 2.1983953 1.5901977 2.1983953 1.5111773 0.0000000 0.1927838 0.4172160 0.4904449 0.2746833 0.3192509 0.3999739 0.3999739 1.3744361 1.3744361 
t13        2.7182557 1.2588231 1.5111773 1.3144041 2.4141569 2.4141569 2.0310377 1.4396946 2.0310377 1.5111773 0.1927838 0.0000000 0.5933457 0.7126442 0.3999739 0.4529370 0.5716050 0.5716050 1.2070784 1.2070784 
t11        3.2381161 1.4396946 1.1586745 1.3144041 1.6785349 1.6785349 1.5111773 1.2070784 2.0310377 1.4396946 0.4172160 0.5933457 0.0000000 0.2191023 0.5099265 0.5716050 0.0625362 0.0734853 1.1132061 1.1132061 
t14        2.0310377 2.1983953 1.2588231 1.2070784 1.8942965 1.5111773 2.1983953 1.1586745 2.4141569 1.5901977 0.4904449 0.7126442 0.2191023 0.0000000 0.5933457 0.6388142 0.1927838 0.2058276 1.2070784 1.2070784 
t16        9.0000000 1.3744361 1.2588231 1.1586745 2.4141569 1.8942965 2.1983953 1.7786835 2.1983953 1.6785349 0.2746833 0.3999739 0.5099265 0.5933457 0.0000000 0.0411062 0.4348639 0.4529370 1.5901977 1.5901977 
t12        2.7182557 1.2588231 1.2070784 1.1132061 2.0310377 1.8942965 2.4141569 1.6785349 2.0310377 1.5901977 0.3192509 0.4529370 0.5716050 0.6388142 0.0411062 0.0000000 0.4904449 0.5099265 1.5111773 1.5111773 
t19        2.1983953 1.3744361 1.1586745 1.3144041 1.7786835 1.4396946 1.4396946 1.3144041 1.8942965 1.4396946 0.3999739 0.5716050 0.0625362 0.1927838 0.4348639 0.4904449 0.0000000 0.0411062 1.2070784 1.2070784 
t8         3.2381161 1.3144041 1.1132061 1.2588231 1.7786835 1.5901977 1.5111773 1.2588231 2.0310377 1.5111773 0.3999739 0.5716050 0.0734853 0.2058276 0.4529370 0.5099265 0.0411062 0.0000000 1.1586745 1.1586745 
t2         2.0310377 1.8942965 1.5111773 1.3144041 0.9547243 1.7786835 0.6388142 0.2058276 1.6785349 1.2588231 1.3744361 1.2070784 1.1132061 1.2070784 1.5901977 1.5111773 1.2070784 1.1586745 0.0000000 0.0000010 
t6         2.0310377 1.8942965 1.5111773 1.3144041 0.9547243 1.7786835 0.6388142 0.2058276 1.6785349 1.2588231 1.3744361 1.2070784 1.1132061 1.2070784 1.5901977 1.5111773 1.2070784 1.1586745 0.0000010 0.0000000 
