20
t8         0.0000000 1.5901977 1.2070784 1.3744361 1.1586745 2.4141569 1.2070784 1.2070784 1.0703373 1.2070784 1.8942965 1.6785349 1.3744361 1.3744361 1.2070784 1.2588231 1.1132061 1.0703373 1.2070784 1.2070784 
t7         1.5901977 0.0000000 0.5933457 1.7786835 2.1983953 9.0000000 1.6785349 1.6785349 1.5111773 9.0000000 9.0000000 9.0000000 9.0000000 3.2381161 3.2381161 2.1983953 1.8942965 1.6785349 1.2588231 1.2588231 
t3         1.2070784 0.5933457 0.0000000 1.5901977 1.4396946 2.4141569 1.5111773 1.7786835 1.2588231 1.6785349 1.4396946 2.0310377 2.0310377 1.6785349 2.4141569 1.8942965 1.7786835 1.2588231 1.2588231 1.3744361 
t11        1.3744361 1.7786835 1.5901977 0.0000000 0.5099265 0.5299277 0.7389627 1.4396946 1.0703373 1.6785349 2.7182557 1.7786835 1.8942965 0.8239592 0.7126442 0.8545757 0.9913169 0.8545757 0.8864954 0.8545757 
t6         1.1586745 2.1983953 1.4396946 0.5099265 0.0000000 0.6626257 0.9198342 1.5111773 1.0703373 1.4396946 1.7786835 1.5901977 1.6785349 0.8545757 0.9547243 1.0297869 1.2070784 1.0297869 1.0703373 1.1586745 
t12        2.4141569 9.0000000 2.4141569 0.5299277 0.6626257 0.0000000 1.0297869 1.6785349 1.3144041 2.4141569 1.7786835 2.7182557 1.6785349 1.1132061 1.0297869 1.2588231 1.0297869 0.8864954 1.3744361 1.3744361 
t1         1.2070784 1.6785349 1.5111773 0.7389627 0.9198342 1.0297869 0.0000000 1.1132061 1.0297869 1.5901977 9.0000000 1.5901977 1.6785349 0.6157354 0.5299277 0.5504769 0.7945437 0.6626257 0.5099265 0.5099265 
t9         1.2070784 1.6785349 1.7786835 1.4396946 1.5111773 1.6785349 1.1132061 0.0000000 0.6157354 1.1586745 1.5901977 1.4396946 1.2070784 1.5901977 1.7786835 1.2070784 1.3744361 1.3144041 1.3144041 1.2588231 
t4         1.0703373 1.5111773 1.2588231 1.0703373 1.0703373 1.3144041 1.0297869 0.6157354 0.0000000 1.1586745 1.3144041 1.5111773 1.6785349 1.4396946 1.3744361 1.3744361 1.3144041 1.0703373 1.1132061 1.1132061 
t5         1.2070784 9.0000000 1.6785349 1.6785349 1.4396946 2.4141569 1.5901977 1.1586745 1.1586745 0.0000000 0.4529370 0.4714565 0.5504769 2.1983953 9.0000000 2.0310377 1.5111773 1.3144041 1.2070784 1.2588231 
t17        1.8942965 9.0000000 1.4396946 2.7182557 1.7786835 1.7786835 9.0000000 1.5901977 1.3144041 0.4529370 0.0000000 0.5933457 0.5099265 2.1983953 9.0000000 2.4141569 1.6785349 1.4396946 2.4141569 3.2381161 
t14        1.6785349 9.0000000 2.0310377 1.7786835 1.5901977 2.7182557 1.5901977 1.4396946 1.5111773 0.4714565 0.5933457 0.0000000 0.6157354 1.6785349 3.2381161 1.6785349 1.5111773 1.5111773 2.4141569 2.0310377 
t15        1.3744361 9.0000000 2.0310377 1.8942965 1.6785349 1.6785349 1.6785349 1.2070784 1.6785349 0.5504769 0.5099265 0.6157354 0.0000000 2.4141569 2.4141569 2.7182557 1.8942965 1.5901977 1.7786835 1.8942965 
t16        1.3744361 3.2381161 1.6785349 0.8239592 0.8545757 1.1132061 0.6157354 1.5901977 1.4396946 2.1983953 2.1983953 1.6785349 2.4141569 0.0000000 0.3666350 0.5099265 1.0297869 1.0703373 0.9198342 0.7945437 
t19        1.2070784 3.2381161 2.4141569 0.7126442 0.9547243 1.0297869 0.5299277 1.7786835 1.3744361 9.0000000 9.0000000 3.2381161 2.4141569 0.3666350 0.0000000 0.4172160 1.2070784 1.2070784 0.8239592 0.8239592 
t2         1.2588231 2.1983953 1.8942965 0.8545757 1.0297869 1.2588231 0.5504769 1.2070784 1.3744361 2.0310377 2.4141569 1.6785349 2.7182557 0.5099265 0.4172160 0.0000000 0.9913169 1.2070784 1.0297869 1.0297869 
t18        1.1132061 1.8942965 1.7786835 0.9913169 1.2070784 1.0297869 0.7945437 1.3744361 1.3144041 1.5111773 1.6785349 1.5111773 1.8942965 1.0297869 1.2070784 0.9913169 0.0000000 0.1307650 0.8239592 0.7945437 
t10        1.0703373 1.6785349 1.2588231 0.8545757 1.0297869 0.8864954 0.6626257 1.3144041 1.0703373 1.3144041 1.4396946 1.5111773 1.5901977 1.0703373 1.2070784 1.2070784 0.1307650 0.0000000 0.8864954 0.7945437 
t13        1.2070784 1.2588231 1.2588231 0.8864954 1.0703373 1.3744361 0.5099265 1.3144041 1.1132061 1.2070784 2.4141569 2.4141569 1.7786835 0.9198342 0.8239592 1.0297869 0.8239592 0.8864954 0.0000000 0.0625362 
t20        1.2070784 1.2588231 1.3744361 0.8545757 1.1586745 1.3744361 0.5099265 1.2588231 1.1132061 1.2588231 3.2381161 2.0310377 1.8942965 0.7945437 0.8239592 1.0297869 0.7945437 0.7945437 0.0625362 0.0000000 
