20
t11        0.0000000 0.5299277 0.5716050 0.6388142 0.8239592 0.6157354 0.6157354 0.6872180 0.7126442 0.7662384 0.7389627 0.7945437 0.9913169 1.0297869 1.1586745 1.0703373 0.9198342 0.8545757 0.3999739 0.5716050 
t17        0.5299277 0.0000000 0.1927838 0.6388142 1.0297869 1.0703373 0.4348639 0.5099265 0.5933457 0.6388142 0.6388142 0.7389627 0.7945437 1.0703373 0.9198342 0.8864954 0.7126442 0.6872180 0.7662384 0.9547243 
t16        0.5716050 0.1927838 0.0000000 0.4904449 1.0297869 0.8864954 0.3347153 0.4172160 0.4348639 0.4529370 0.4529370 0.5933457 0.6157354 0.8545757 0.7945437 0.8545757 0.5933457 0.5933457 0.6388142 0.7945437 
t8         0.6388142 0.6388142 0.4904449 0.0000000 1.1586745 0.8239592 0.3347153 0.4714565 0.4904449 0.5099265 0.5933457 0.7126442 0.7662384 0.9547243 1.0703373 0.9198342 0.7945437 0.7945437 0.7389627 0.8864954 
t1         0.8239592 1.0297869 1.0297869 1.1586745 0.0000000 0.7945437 0.9547243 1.0297869 1.2588231 1.2588231 1.0297869 1.3744361 1.3744361 2.0310377 1.6785349 1.6785349 1.4396946 1.4396946 0.6157354 0.8239592 
t15        0.6157354 1.0703373 0.8864954 0.8239592 0.7945437 0.0000000 0.9547243 0.8545757 0.9547243 0.9547243 0.8545757 1.0703373 1.0703373 1.0703373 1.3744361 1.2588231 1.0297869 1.1132061 0.7662384 0.6872180 
t12        0.6157354 0.4348639 0.3347153 0.3347153 0.9547243 0.9547243 0.0000000 0.3040988 0.3831192 0.4348639 0.4348639 0.6626257 0.7662384 1.1132061 0.9547243 0.9547243 0.6872180 0.6626257 0.6626257 0.8239592 
t19        0.6872180 0.5099265 0.4172160 0.4714565 1.0297869 0.8545757 0.3040988 0.0000000 0.4529370 0.5099265 0.5716050 0.7945437 0.8545757 0.9547243 1.0297869 0.8864954 0.6626257 0.6157354 0.7662384 0.8864954 
t6         0.7126442 0.5933457 0.4348639 0.4904449 1.2588231 0.9547243 0.3831192 0.4529370 0.0000000 0.4172160 0.4904449 0.7389627 0.7389627 1.1132061 0.9913169 0.8864954 0.8239592 0.7945437 0.7389627 0.8545757 
t2         0.7662384 0.6388142 0.4529370 0.5099265 1.2588231 0.9547243 0.4348639 0.5099265 0.4172160 0.0000000 0.3192509 0.5299277 0.6626257 1.2070784 1.2070784 1.1132061 0.6157354 0.6157354 0.8545757 1.1132061 
t5         0.7389627 0.6388142 0.4529370 0.5933457 1.0297869 0.8545757 0.4348639 0.5716050 0.4904449 0.3192509 0.0000000 0.3999739 0.4904449 1.3744361 1.3144041 1.2588231 0.5099265 0.5099265 0.8545757 0.9913169 
t3         0.7945437 0.7389627 0.5933457 0.7126442 1.3744361 1.0703373 0.6626257 0.7945437 0.7389627 0.5299277 0.3999739 0.0000000 0.3666350 1.2588231 1.5901977 1.2588231 0.3666350 0.3666350 1.0703373 1.3144041 
t7         0.9913169 0.7945437 0.6157354 0.7662384 1.3744361 1.0703373 0.7662384 0.8545757 0.7389627 0.6626257 0.4904449 0.3666350 0.0000000 1.5111773 1.6785349 1.4396946 0.2892469 0.3347153 1.0297869 1.3144041 
t10        1.0297869 1.0703373 0.8545757 0.9547243 2.0310377 1.0703373 1.1132061 0.9547243 1.1132061 1.2070784 1.3744361 1.2588231 1.5111773 0.0000000 0.5504769 0.5099265 1.4396946 1.5901977 1.7786835 1.6785349 
t20        1.1586745 0.9198342 0.7945437 1.0703373 1.6785349 1.3744361 0.9547243 1.0297869 0.9913169 1.2070784 1.3144041 1.5901977 1.6785349 0.5504769 0.0000000 0.2892469 1.5111773 1.4396946 1.5111773 1.7786835 
t13        1.0703373 0.8864954 0.8545757 0.9198342 1.6785349 1.2588231 0.9547243 0.8864954 0.8864954 1.1132061 1.2588231 1.2588231 1.4396946 0.5099265 0.2892469 0.0000000 1.3144041 1.2070784 1.3744361 1.5111773 
t4         0.9198342 0.7126442 0.5933457 0.7945437 1.4396946 1.0297869 0.6872180 0.6626257 0.8239592 0.6157354 0.5099265 0.3666350 0.2892469 1.4396946 1.5111773 1.3144041 0.0000000 0.0845966 1.0703373 1.4396946 
t18        0.8545757 0.6872180 0.5933457 0.7945437 1.4396946 1.1132061 0.6626257 0.6157354 0.7945437 0.6157354 0.5099265 0.3666350 0.3347153 1.5901977 1.4396946 1.2070784 0.0845966 0.0000000 1.0703373 1.5111773 
t9         0.3999739 0.7662384 0.6388142 0.7389627 0.6157354 0.7662384 0.6626257 0.7662384 0.7389627 0.8545757 0.8545757 1.0703373 1.0297869 1.7786835 1.5111773 1.3744361 1.0703373 1.0703373 0.0000000 0.1799630 
t14        0.5716050 0.9547243 0.7945437 0.8864954 0.8239592 0.6872180 0.8239592 0.8864954 0.8545757 1.1132061 0.9913169 1.3144041 1.3144041 1.6785349 1.7786835 1.5111773 1.4396946 1.5111773 0.1799630 0.0000000 
