20
t6         0.0000000 0.8545757 0.7945437 0.7662384 0.8864954 0.4529370 0.5099265 0.6872180 0.5933457 0.5716050 0.5933457 1.0703373 0.9198342 0.5933457 0.6157354 0.4714565 0.7389627 0.7945437 0.4714565 0.4529370 
t16        0.8545757 0.0000000 0.2892469 1.1132061 0.4714565 0.9547243 0.8239592 0.8239592 0.8864954 0.9198342 1.0703373 0.6157354 0.5099265 1.1586745 1.1132061 0.9198342 0.8864954 0.8545757 0.9547243 0.9547243 
t2         0.7945437 0.2892469 0.0000000 0.8545757 0.3831192 0.8545757 0.8864954 0.7662384 0.7945437 1.0297869 1.2070784 0.4714565 0.3666350 1.0297869 1.1132061 0.7945437 0.9198342 1.0297869 0.8239592 0.8239592 
t14        0.7662384 1.1132061 0.8545757 0.0000000 1.2070784 0.7389627 0.5716050 0.7945437 0.6872180 0.6626257 0.7662384 1.3744361 1.1132061 0.7945437 0.7126442 0.8239592 1.0297869 1.0703373 0.8239592 0.8239592 
t15        0.8864954 0.4714565 0.3831192 1.2070784 0.0000000 0.9913169 0.9198342 0.9547243 1.1586745 0.9913169 1.0297869 0.4714565 0.3666350 0.9198342 1.0703373 0.9913169 0.8864954 1.1132061 0.9547243 0.9547243 
t19        0.4529370 0.9547243 0.8545757 0.7389627 0.9913169 0.0000000 0.5504769 0.5716050 0.4904449 0.5933457 0.6872180 1.2588231 0.9198342 0.7662384 0.6872180 0.3666350 0.6157354 0.6872180 0.3831192 0.3666350 
t7         0.5099265 0.8239592 0.8864954 0.5716050 0.9198342 0.5504769 0.0000000 0.5933457 0.5504769 0.2746833 0.3347153 1.1132061 0.8545757 0.3666350 0.3505054 0.5099265 0.7389627 0.7126442 0.4904449 0.4904449 
t1         0.6872180 0.8239592 0.7662384 0.7945437 0.9547243 0.5716050 0.5933457 0.0000000 0.1927838 0.6157354 0.7662384 1.1586745 0.9198342 0.8239592 0.7945437 0.5716050 0.7945437 0.9198342 0.6157354 0.5933457 
t17        0.5933457 0.8864954 0.7945437 0.6872180 1.1586745 0.4904449 0.5504769 0.1927838 0.0000000 0.5504769 0.6872180 1.2070784 0.9913169 0.7662384 0.6872180 0.5099265 0.8545757 0.8864954 0.5299277 0.5299277 
t5         0.5716050 0.9198342 1.0297869 0.6626257 0.9913169 0.5933457 0.2746833 0.6157354 0.5504769 0.0000000 0.0845966 1.0703373 0.9198342 0.1307650 0.0958750 0.5299277 0.7126442 0.7662384 0.4904449 0.4714565 
t12        0.5933457 1.0703373 1.2070784 0.7662384 1.0297869 0.6872180 0.3347153 0.7662384 0.6872180 0.0845966 0.0000000 1.1132061 0.9547243 0.1073256 0.0734853 0.6626257 0.7389627 0.7389627 0.6157354 0.5933457 
t3         1.0703373 0.6157354 0.4714565 1.3744361 0.4714565 1.2588231 1.1132061 1.1586745 1.2070784 1.0703373 1.1132061 0.0000000 0.1307650 1.0297869 1.0703373 1.4396946 1.2070784 1.1586745 1.3144041 1.2588231 
t18        0.9198342 0.5099265 0.3666350 1.1132061 0.3666350 0.9198342 0.8545757 0.9198342 0.9913169 0.9198342 0.9547243 0.1307650 0.0000000 0.8864954 0.9913169 1.1132061 1.0703373 1.0297869 1.0297869 1.0297869 
t20        0.5933457 1.1586745 1.0297869 0.7945437 0.9198342 0.7662384 0.3666350 0.8239592 0.7662384 0.1307650 0.1073256 1.0297869 0.8864954 0.0000000 0.0734853 0.7126442 0.7945437 0.8545757 0.6157354 0.5933457 
t10        0.6157354 1.1132061 1.1132061 0.7126442 1.0703373 0.6872180 0.3505054 0.7945437 0.6872180 0.0958750 0.0734853 1.0703373 0.9913169 0.0734853 0.0000000 0.6388142 0.7389627 0.7662384 0.5933457 0.5716050 
t4         0.4714565 0.9198342 0.7945437 0.8239592 0.9913169 0.3666350 0.5099265 0.5716050 0.5099265 0.5299277 0.6626257 1.4396946 1.1132061 0.7126442 0.6388142 0.0000000 0.7389627 0.8239592 0.0958750 0.0958750 
t13        0.7389627 0.8864954 0.9198342 1.0297869 0.8864954 0.6157354 0.7389627 0.7945437 0.8545757 0.7126442 0.7389627 1.2070784 1.0703373 0.7945437 0.7389627 0.7389627 0.0000000 0.1427653 0.6872180 0.6626257 
t8         0.7945437 0.8545757 1.0297869 1.0703373 1.1132061 0.6872180 0.7126442 0.9198342 0.8864954 0.7662384 0.7389627 1.1586745 1.0297869 0.8545757 0.7662384 0.8239592 0.1427653 0.0000000 0.7662384 0.7389627 
t9         0.4714565 0.9547243 0.8239592 0.8239592 0.9547243 0.3831192 0.4904449 0.6157354 0.5299277 0.4904449 0.6157354 1.3144041 1.0297869 0.6157354 0.5933457 0.0958750 0.6872180 0.7662384 0.0000000 0.0306165 
t11        0.4529370 0.9547243 0.8239592 0.8239592 0.9547243 0.3666350 0.4904449 0.5933457 0.5299277 0.4714565 0.5933457 1.2588231 1.0297869 0.5933457 0.5716050 0.0958750 0.6626257 0.7389627 0.0306165 0.0000000 
