20
t19        0.0000000 0.9198342 1.1586745 0.7662384 0.9913169 1.0703373 0.8239592 0.5933457 0.5504769 0.5933457 0.7945437 0.9198342 0.8545757 0.9547243 0.7662384 0.7662384 0.8239592 0.8864954 0.7662384 0.8864954 
t6         0.9198342 0.0000000 0.5933457 0.5099265 0.6388142 0.6157354 0.4904449 0.7126442 0.7662384 0.7662384 0.7389627 0.9198342 0.6388142 0.6872180 0.7945437 0.7389627 0.7662384 0.8239592 0.9547243 1.0703373 
t20        1.1586745 0.5933457 0.0000000 0.6388142 0.6157354 0.6626257 0.5299277 0.9198342 0.9547243 0.9198342 0.9198342 1.2588231 0.9547243 1.0703373 0.8864954 0.7662384 0.8864954 0.9198342 0.8239592 0.8864954 
t13        0.7662384 0.5099265 0.6388142 0.0000000 0.3999739 0.4529370 0.3831192 0.7662384 0.7126442 0.7945437 0.7126442 0.9547243 0.8239592 0.8864954 0.7126442 0.7126442 0.6626257 0.6872180 0.7945437 0.9198342 
t14        0.9913169 0.6388142 0.6157354 0.3999739 0.0000000 0.7126442 0.5716050 0.7662384 0.7126442 0.7389627 0.7389627 0.9913169 0.7662384 0.7945437 0.8239592 0.7126442 0.7662384 0.7945437 0.8239592 0.9198342 
t8         1.0703373 0.6157354 0.6626257 0.4529370 0.7126442 0.0000000 0.3666350 0.7662384 0.6872180 0.7662384 0.8545757 0.9547243 0.8239592 0.9198342 0.8864954 0.8239592 0.6872180 0.7126442 0.9913169 1.1132061 
t10        0.8239592 0.4904449 0.5299277 0.3831192 0.5716050 0.3666350 0.0000000 0.7662384 0.7662384 0.7389627 0.7389627 0.7945437 0.7662384 0.8239592 0.7126442 0.7389627 0.6157354 0.6388142 0.8239592 0.9198342 
t1         0.5933457 0.7126442 0.9198342 0.7662384 0.7662384 0.7662384 0.7662384 0.0000000 0.2463781 0.2191023 0.6872180 0.6872180 0.6626257 0.7126442 0.7126442 0.6872180 0.6872180 0.7126442 0.7126442 0.7945437 
t15        0.5504769 0.7662384 0.9547243 0.7126442 0.7126442 0.6872180 0.7662384 0.2463781 0.0000000 0.1427653 0.5504769 0.6388142 0.5716050 0.5504769 0.5299277 0.5299277 0.5299277 0.5716050 0.5716050 0.6388142 
t9         0.5933457 0.7662384 0.9198342 0.7945437 0.7389627 0.7662384 0.7389627 0.2191023 0.1427653 0.0000000 0.5299277 0.6626257 0.5504769 0.5716050 0.5716050 0.5504769 0.4904449 0.5299277 0.5504769 0.6157354 
t4         0.7945437 0.7389627 0.9198342 0.7126442 0.7389627 0.8545757 0.7389627 0.6872180 0.5504769 0.5299277 0.0000000 0.2746833 0.6626257 0.6872180 0.3505054 0.2892469 0.5299277 0.5299277 0.3505054 0.3505054 
t18        0.9198342 0.9198342 1.2588231 0.9547243 0.9913169 0.9547243 0.7945437 0.6872180 0.6388142 0.6626257 0.2746833 0.0000000 0.8864954 0.9198342 0.4529370 0.3831192 0.7389627 0.7389627 0.4904449 0.5099265 
t5         0.8545757 0.6388142 0.9547243 0.8239592 0.7662384 0.8239592 0.7662384 0.6626257 0.5716050 0.5504769 0.6626257 0.8864954 0.0000000 0.0517447 0.6626257 0.5933457 0.6388142 0.7126442 0.6872180 0.7126442 
t7         0.9547243 0.6872180 1.0703373 0.8864954 0.7945437 0.9198342 0.8239592 0.7126442 0.5504769 0.5716050 0.6872180 0.9198342 0.0517447 0.0000000 0.6872180 0.6157354 0.6388142 0.7126442 0.7126442 0.7389627 
t12        0.7662384 0.7945437 0.8864954 0.7126442 0.8239592 0.8864954 0.7126442 0.7126442 0.5299277 0.5716050 0.3505054 0.4529370 0.6626257 0.6872180 0.0000000 0.0958750 0.6157354 0.6157354 0.2058276 0.2191023 
t17        0.7662384 0.7389627 0.7662384 0.7126442 0.7126442 0.8239592 0.7389627 0.6872180 0.5299277 0.5504769 0.2892469 0.3831192 0.5933457 0.6157354 0.0958750 0.0000000 0.5716050 0.5716050 0.1799630 0.1927838 
t3         0.8239592 0.7662384 0.8864954 0.6626257 0.7662384 0.6872180 0.6157354 0.6872180 0.5299277 0.4904449 0.5299277 0.7389627 0.6388142 0.6388142 0.6157354 0.5716050 0.0000000 0.0306165 0.5716050 0.5933457 
t2         0.8864954 0.8239592 0.9198342 0.6872180 0.7945437 0.7126442 0.6388142 0.7126442 0.5716050 0.5299277 0.5299277 0.7389627 0.7126442 0.7126442 0.6157354 0.5716050 0.0306165 0.0000000 0.5716050 0.5933457 
t11        0.7662384 0.9547243 0.8239592 0.7945437 0.8239592 0.9913169 0.8239592 0.7126442 0.5716050 0.5504769 0.3505054 0.4904449 0.6872180 0.7126442 0.2058276 0.1799630 0.5716050 0.5716050 0.0000000 0.0517447 
t16        0.8864954 1.0703373 0.8864954 0.9198342 0.9198342 1.1132061 0.9198342 0.7945437 0.6388142 0.6157354 0.3505054 0.5099265 0.7126442 0.7389627 0.2191023 0.1927838 0.5933457 0.5933457 0.0517447 0.0000000 
