20
t10        0.0000000 2.0310377 1.4396946 1.3144041 1.3744361 0.9198342 2.4141569 1.5901977 2.0310377 2.1983953 2.1983953 1.5901977 1.3744361 1.5111773 1.6785349 1.8942965 1.5901977 2.7182557 1.6785349 1.5111773 
t19        2.0310377 0.0000000 1.6785349 1.8942965 1.3744361 1.7786835 1.6785349 2.4141569 1.7786835 1.8942965 2.7182557 2.4141569 3.2381161 3.2381161 1.8942965 1.2070784 1.1586745 1.0703373 3.2381161 3.2381161 
t20        1.4396946 1.6785349 0.0000000 0.4904449 0.8545757 0.7945437 1.5111773 1.6785349 1.3144041 1.7786835 1.2588231 1.1132061 1.0703373 1.3144041 1.5111773 1.0297869 1.0703373 1.4396946 1.1586745 1.1132061 
t14        1.3144041 1.8942965 0.4904449 0.0000000 1.0703373 0.9198342 2.0310377 1.8942965 1.8942965 2.0310377 2.0310377 1.3744361 1.1132061 1.8942965 2.4141569 1.4396946 1.1586745 1.3744361 1.3744361 1.3144041 
t15        1.3744361 1.3744361 0.8545757 1.0703373 0.0000000 0.7662384 1.3144041 0.7389627 1.1132061 0.8239592 1.5111773 1.2588231 1.0297869 0.6872180 0.9913169 0.6388142 0.6626257 0.7389627 1.1586745 1.0703373 
t4         0.9198342 1.7786835 0.7945437 0.9198342 0.7662384 0.0000000 1.6785349 1.0297869 1.4396946 1.5111773 1.0297869 0.6157354 0.6388142 0.9547243 1.2070784 0.6626257 0.7126442 1.0297869 0.4714565 0.4904449 
t7         2.4141569 1.6785349 1.5111773 2.0310377 1.3144041 1.6785349 0.0000000 1.5901977 0.6157354 0.8239592 1.4396946 1.2588231 1.5901977 1.5901977 2.1983953 0.8545757 1.0297869 1.1132061 1.5111773 1.5901977 
t1         1.5901977 2.4141569 1.6785349 1.8942965 0.7389627 1.0297869 1.5901977 0.0000000 1.2588231 0.9913169 1.8942965 2.0310377 1.6785349 0.2892469 0.4904449 0.8545757 0.7945437 0.9913169 1.5901977 1.5111773 
t2         2.0310377 1.7786835 1.3144041 1.8942965 1.1132061 1.4396946 0.6157354 1.2588231 0.0000000 0.6388142 1.3144041 1.3144041 1.6785349 1.5901977 1.4396946 0.6872180 0.7662384 0.9198342 1.6785349 1.6785349 
t8         2.1983953 1.8942965 1.7786835 2.0310377 0.8239592 1.5111773 0.8239592 0.9913169 0.6388142 0.0000000 1.3144041 2.4141569 2.1983953 1.3144041 1.2588231 0.7662384 0.8239592 0.8239592 2.4141569 2.1983953 
t18        2.1983953 2.7182557 1.2588231 2.0310377 1.5111773 1.0297869 1.4396946 1.8942965 1.3144041 1.3144041 0.0000000 1.5901977 2.1983953 1.8942965 1.3144041 0.9547243 0.9913169 1.1132061 1.6785349 1.5901977 
t11        1.5901977 2.4141569 1.1132061 1.3744361 1.2588231 0.6157354 1.2588231 2.0310377 1.3144041 2.4141569 1.5901977 0.0000000 0.7126442 1.2588231 1.7786835 0.9198342 1.2588231 1.2588231 0.5504769 0.5716050 
t16        1.3744361 3.2381161 1.0703373 1.1132061 1.0297869 0.6388142 1.5901977 1.6785349 1.6785349 2.1983953 2.1983953 0.7126442 0.0000000 1.3744361 2.0310377 0.8239592 1.0297869 1.3144041 0.6157354 0.6157354 
t6         1.5111773 3.2381161 1.3144041 1.8942965 0.6872180 0.9547243 1.5901977 0.2892469 1.5901977 1.3144041 1.8942965 1.2588231 1.3744361 0.0000000 0.3999739 0.9198342 0.7945437 0.9913169 1.2588231 1.2588231 
t13        1.6785349 1.8942965 1.5111773 2.4141569 0.9913169 1.2070784 2.1983953 0.4904449 1.4396946 1.2588231 1.3144041 1.7786835 2.0310377 0.3999739 0.0000000 1.1132061 0.9198342 1.2070784 2.0310377 2.0310377 
t17        1.8942965 1.2070784 1.0297869 1.4396946 0.6388142 0.6626257 0.8545757 0.8545757 0.6872180 0.7662384 0.9547243 0.9198342 0.8239592 0.9198342 1.1132061 0.0000000 0.3505054 0.3192509 0.8239592 0.8545757 
t9         1.5901977 1.1586745 1.0703373 1.1586745 0.6626257 0.7126442 1.0297869 0.7945437 0.7662384 0.8239592 0.9913169 1.2588231 1.0297869 0.7945437 0.9198342 0.3505054 0.0000000 0.4529370 1.0703373 1.1132061 
t3         2.7182557 1.0703373 1.4396946 1.3744361 0.7389627 1.0297869 1.1132061 0.9913169 0.9198342 0.8239592 1.1132061 1.2588231 1.3144041 0.9913169 1.2070784 0.3192509 0.4529370 0.0000000 1.3744361 1.3744361 
t5         1.6785349 3.2381161 1.1586745 1.3744361 1.1586745 0.4714565 1.5111773 1.5901977 1.6785349 2.4141569 1.6785349 0.5504769 0.6157354 1.2588231 2.0310377 0.8239592 1.0703373 1.3744361 0.0000000 0.0306165 
t12        1.5111773 3.2381161 1.1132061 1.3144041 1.0703373 0.4904449 1.5901977 1.5111773 1.6785349 2.1983953 1.5901977 0.5716050 0.6157354 1.2588231 2.0310377 0.8545757 1.1132061 1.3744361 0.0306165 0.0000000 
