20
t20        0.0000000 2.7182557 3.2381161 9.0000000 9.0000000 9.0000000 9.0000000 3.2381161 1.7786835 9.0000000 9.0000000 9.0000000 9.0000000 2.7182557 2.1983953 3.2381161 2.4141569 2.1983953 9.0000000 9.0000000 
t2         2.7182557 0.0000000 1.3144041 1.1586745 2.7182557 9.0000000 9.0000000 2.4141569 1.7786835 1.8942965 9.0000000 1.4396946 1.3144041 0.9913169 1.5901977 9.0000000 1.3144041 1.3744361 1.7786835 1.4396946 
t4         3.2381161 1.3144041 0.0000000 0.6388142 2.4141569 9.0000000 2.0310377 9.0000000 0.8864954 1.3144041 9.0000000 2.0310377 3.2381161 1.0703373 1.3144041 9.0000000 0.9547243 0.8864954 0.7662384 0.6626257 
t1         9.0000000 1.1586745 0.6388142 0.0000000 2.4141569 9.0000000 1.3144041 2.4141569 0.9913169 1.8942965 1.7786835 1.5901977 2.1983953 1.1586745 1.3144041 9.0000000 0.9547243 0.9913169 0.9198342 0.8239592 
t12        9.0000000 2.7182557 2.4141569 2.4141569 0.0000000 1.2588231 9.0000000 9.0000000 9.0000000 9.0000000 9.0000000 9.0000000 2.4141569 1.5111773 9.0000000 9.0000000 2.0310377 2.0310377 9.0000000 9.0000000 
t19        9.0000000 9.0000000 9.0000000 9.0000000 1.2588231 0.0000000 1.7786835 2.7182557 9.0000000 3.2381161 2.1983953 1.6785349 2.7182557 9.0000000 9.0000000 9.0000000 9.0000000 9.0000000 9.0000000 9.0000000 
t15        9.0000000 9.0000000 2.0310377 1.3144041 9.0000000 1.7786835 0.0000000 0.6872180 2.1983953 0.9198342 1.2070784 1.1132061 1.2588231 2.1983953 1.8942965 3.2381161 1.5901977 1.5901977 1.2070784 1.2588231 
t18        3.2381161 2.4141569 9.0000000 2.4141569 9.0000000 2.7182557 0.6872180 0.0000000 9.0000000 1.3744361 2.0310377 1.3144041 1.3744361 9.0000000 2.0310377 2.7182557 3.2381161 9.0000000 1.8942965 1.7786835 
t6         1.7786835 1.7786835 0.8864954 0.9913169 9.0000000 9.0000000 2.1983953 9.0000000 0.0000000 1.8942965 1.7786835 2.1983953 9.0000000 0.7662384 1.3744361 2.1983953 0.7662384 0.8239592 1.3744361 1.2070784 
t5         9.0000000 1.8942965 1.3144041 1.8942965 9.0000000 3.2381161 0.9198342 1.3744361 1.8942965 0.0000000 0.4172160 0.7945437 0.7389627 1.1586745 9.0000000 9.0000000 2.0310377 2.0310377 1.6785349 1.5901977 
t9         9.0000000 9.0000000 9.0000000 1.7786835 9.0000000 2.1983953 1.2070784 2.0310377 1.7786835 0.4172160 0.0000000 0.9547243 0.8545757 1.5901977 3.2381161 2.7182557 2.1983953 2.7182557 1.5111773 1.7786835 
t3         9.0000000 1.4396946 2.0310377 1.5901977 9.0000000 1.6785349 1.1132061 1.3144041 2.1983953 0.7945437 0.9547243 0.0000000 0.3999739 3.2381161 9.0000000 3.2381161 9.0000000 9.0000000 1.6785349 1.5111773 
t14        9.0000000 1.3144041 3.2381161 2.1983953 2.4141569 2.7182557 1.2588231 1.3744361 9.0000000 0.7389627 0.8545757 0.3999739 0.0000000 2.0310377 9.0000000 2.1983953 9.0000000 9.0000000 3.2381161 9.0000000 
t10        2.7182557 0.9913169 1.0703373 1.1586745 1.5111773 9.0000000 2.1983953 9.0000000 0.7662384 1.1586745 1.5901977 3.2381161 2.0310377 0.0000000 1.2588231 9.0000000 0.3999739 0.4529370 1.8942965 1.4396946 
t11        2.1983953 1.5901977 1.3144041 1.3144041 9.0000000 9.0000000 1.8942965 2.0310377 1.3744361 9.0000000 3.2381161 9.0000000 9.0000000 1.2588231 0.0000000 9.0000000 1.0703373 1.0703373 1.2588231 1.3744361 
t13        3.2381161 9.0000000 9.0000000 9.0000000 9.0000000 9.0000000 3.2381161 2.7182557 2.1983953 9.0000000 2.7182557 3.2381161 2.1983953 9.0000000 9.0000000 0.0000000 2.0310377 2.1983953 2.7182557 2.4141569 
t17        2.4141569 1.3144041 0.9547243 0.9547243 2.0310377 9.0000000 1.5901977 3.2381161 0.7662384 2.0310377 2.1983953 9.0000000 9.0000000 0.3999739 1.0703373 2.0310377 0.0000000 0.0306165 1.1586745 1.0703373 
t16        2.1983953 1.3744361 0.8864954 0.9913169 2.0310377 9.0000000 1.5901977 9.0000000 0.8239592 2.0310377 2.7182557 9.0000000 9.0000000 0.4529370 1.0703373 2.1983953 0.0306165 0.0000000 1.1132061 1.0297869 
t7         9.0000000 1.7786835 0.7662384 0.9198342 9.0000000 9.0000000 1.2070784 1.8942965 1.3744361 1.6785349 1.5111773 1.6785349 3.2381161 1.8942965 1.2588231 2.7182557 1.1586745 1.1132061 0.0000000 0.0958750 
t8         9.0000000 1.4396946 0.6626257 0.8239592 9.0000000 9.0000000 1.2588231 1.7786835 1.2070784 1.5901977 1.7786835 1.5111773 9.0000000 1.4396946 1.3744361 2.4141569 1.0703373 1.0297869 0.0958750 0.0000000 
