20
t3         0.0000000 0.6388142 0.6626257 1.5901977 0.8239592 1.5111773 1.1586745 2.1983953 1.8942965 2.1983953 2.0310377 1.6785349 1.8942965 0.9913169 1.2588231 1.3144041 0.9913169 0.9547243 1.2588231 1.0703373 
t10        0.6388142 0.0000000 0.2191023 2.7182557 0.5099265 1.2070784 1.3744361 9.0000000 2.4141569 2.4141569 3.2381161 1.8942965 9.0000000 1.1132061 1.0297869 0.9198342 0.8545757 0.9913169 1.3744361 1.2070784 
t12        0.6626257 0.2191023 0.0000000 2.7182557 0.3999739 0.8545757 1.3744361 9.0000000 2.4141569 2.7182557 2.7182557 1.3144041 1.7786835 1.1132061 0.9198342 0.8545757 0.9547243 1.1586745 1.3144041 1.0703373 
t20        1.5901977 2.7182557 2.7182557 0.0000000 2.0310377 3.2381161 9.0000000 0.6388142 0.2603971 0.2892469 0.3999739 3.2381161 9.0000000 9.0000000 2.0310377 2.0310377 2.7182557 2.4141569 9.0000000 9.0000000 
t8         0.8239592 0.5099265 0.3999739 2.0310377 0.0000000 0.9913169 1.5111773 9.0000000 2.1983953 2.7182557 3.2381161 1.5901977 1.8942965 1.3744361 0.9198342 0.9913169 1.2070784 1.3144041 1.4396946 1.3144041 
t13        1.5111773 1.2070784 0.8545757 3.2381161 0.9913169 0.0000000 9.0000000 9.0000000 9.0000000 9.0000000 9.0000000 1.8942965 3.2381161 9.0000000 1.7786835 1.8942965 2.4141569 2.4141569 9.0000000 3.2381161 
t7         1.1586745 1.3744361 1.3744361 9.0000000 1.5111773 9.0000000 0.0000000 2.7182557 9.0000000 9.0000000 9.0000000 9.0000000 2.7182557 0.3040988 1.8942965 2.1983953 2.0310377 2.4141569 0.4172160 0.3192509 
t15        2.1983953 9.0000000 9.0000000 0.6388142 9.0000000 9.0000000 2.7182557 0.0000000 0.5099265 0.5504769 0.6872180 2.7182557 2.0310377 3.2381161 2.1983953 3.2381161 1.8942965 1.7786835 2.7182557 9.0000000 
t14        1.8942965 2.4141569 2.4141569 0.2603971 2.1983953 9.0000000 9.0000000 0.5099265 0.0000000 0.0958750 0.1927838 2.4141569 9.0000000 9.0000000 2.0310377 2.1983953 9.0000000 9.0000000 9.0000000 9.0000000 
t17        2.1983953 2.4141569 2.7182557 0.2892469 2.7182557 9.0000000 9.0000000 0.5504769 0.0958750 0.0000000 0.1549607 3.2381161 9.0000000 9.0000000 2.0310377 1.8942965 9.0000000 9.0000000 9.0000000 9.0000000 
t16        2.0310377 3.2381161 2.7182557 0.3999739 3.2381161 9.0000000 9.0000000 0.6872180 0.1927838 0.1549607 0.0000000 2.1983953 9.0000000 9.0000000 2.1983953 1.6785349 2.7182557 3.2381161 3.2381161 9.0000000 
t19        1.6785349 1.8942965 1.3144041 3.2381161 1.5901977 1.8942965 9.0000000 2.7182557 2.4141569 3.2381161 2.1983953 0.0000000 0.3040988 2.4141569 9.0000000 9.0000000 2.4141569 2.1983953 2.1983953 2.4141569 
t18        1.8942965 9.0000000 1.7786835 9.0000000 1.8942965 3.2381161 2.7182557 2.0310377 9.0000000 9.0000000 9.0000000 0.3040988 0.0000000 2.1983953 9.0000000 9.0000000 3.2381161 2.7182557 2.1983953 2.4141569 
t5         0.9913169 1.1132061 1.1132061 9.0000000 1.3744361 9.0000000 0.3040988 3.2381161 9.0000000 9.0000000 9.0000000 2.4141569 2.1983953 0.0000000 1.4396946 1.5901977 1.6785349 1.8942965 0.2603971 0.1427653 
t2         1.2588231 1.0297869 0.9198342 2.0310377 0.9198342 1.7786835 1.8942965 2.1983953 2.0310377 2.0310377 2.1983953 9.0000000 9.0000000 1.4396946 0.0000000 0.1073256 1.2070784 1.5111773 1.6785349 1.4396946 
t4         1.3144041 0.9198342 0.8545757 2.0310377 0.9913169 1.8942965 2.1983953 3.2381161 2.1983953 1.8942965 1.6785349 9.0000000 9.0000000 1.5901977 0.1073256 0.0000000 1.3144041 1.7786835 1.7786835 1.5111773 
t1         0.9913169 0.8545757 0.9547243 2.7182557 1.2070784 2.4141569 2.0310377 1.8942965 9.0000000 9.0000000 2.7182557 2.4141569 3.2381161 1.6785349 1.2070784 1.3144041 0.0000000 0.1427653 1.5111773 1.5901977 
t11        0.9547243 0.9913169 1.1586745 2.4141569 1.3144041 2.4141569 2.4141569 1.7786835 9.0000000 9.0000000 3.2381161 2.1983953 2.7182557 1.8942965 1.5111773 1.7786835 0.1427653 0.0000000 1.6785349 1.7786835 
t9         1.2588231 1.3744361 1.3144041 9.0000000 1.4396946 9.0000000 0.4172160 2.7182557 9.0000000 9.0000000 3.2381161 2.1983953 2.1983953 0.2603971 1.6785349 1.7786835 1.5111773 1.6785349 0.0000000 0.1673577 
t6         1.0703373 1.2070784 1.0703373 9.0000000 1.3144041 3.2381161 0.3192509 9.0000000 9.0000000 9.0000000 9.0000000 2.4141569 2.4141569 0.1427653 1.4396946 1.5111773 1.5901977 1.7786835 0.1673577 0.0000000 
