20
t7         0.0000000 0.4714565 0.5504769 0.8545757 1.5111773 0.8864954 0.8864954 1.2588231 1.3144041 0.7662384 0.8864954 0.7945437 0.7389627 0.4529370 2.1983953 9.0000000 0.7126442 0.7389627 0.9547243 0.8239592 
t12        0.4714565 0.0000000 0.1073256 0.8545757 1.8942965 0.6388142 0.6388142 1.2588231 1.2588231 0.6157354 0.6626257 0.7389627 0.6388142 0.4904449 9.0000000 9.0000000 0.7662384 0.7945437 1.1586745 1.0297869 
t19        0.5504769 0.1073256 0.0000000 0.7126442 1.7786835 0.6626257 0.6626257 1.3144041 1.1132061 0.6157354 0.7126442 0.6872180 0.6157354 0.5299277 9.0000000 9.0000000 0.7945437 0.8239592 1.0297869 0.9547243 
t15        0.8545757 0.8545757 0.7126442 0.0000000 1.2588231 1.0297869 0.9913169 1.6785349 1.5111773 0.9198342 0.9913169 1.0703373 0.9913169 0.8545757 9.0000000 9.0000000 0.9547243 0.9198342 1.3144041 1.0703373 
t4         1.5111773 1.8942965 1.7786835 1.2588231 0.0000000 2.1983953 1.8942965 2.7182557 9.0000000 1.7786835 1.5111773 2.4141569 9.0000000 1.5901977 9.0000000 9.0000000 1.8942965 2.1983953 2.4141569 1.7786835 
t17        0.8864954 0.6388142 0.6626257 1.0297869 2.1983953 0.0000000 0.1673577 1.0297869 1.5901977 0.3666350 0.3831192 0.4348639 1.1132061 0.8545757 3.2381161 9.0000000 0.6388142 0.6626257 0.7389627 0.6626257 
t18        0.8864954 0.6388142 0.6626257 0.9913169 1.8942965 0.1673577 0.0000000 1.0703373 1.6785349 0.4172160 0.3831192 0.5504769 0.9913169 0.7389627 2.4141569 9.0000000 0.7389627 0.7662384 0.6626257 0.5933457 
t8         1.2588231 1.2588231 1.3144041 1.6785349 2.7182557 1.0297869 1.0703373 0.0000000 1.5901977 1.1132061 1.2070784 1.5111773 1.7786835 1.2070784 3.2381161 9.0000000 0.7389627 0.7389627 1.4396946 1.6785349 
t2         1.3144041 1.2588231 1.1132061 1.5111773 9.0000000 1.5901977 1.6785349 1.5901977 0.0000000 1.4396946 2.0310377 2.0310377 1.5111773 0.9547243 9.0000000 9.0000000 1.5901977 1.8942965 2.1983953 2.7182557 
t9         0.7662384 0.6157354 0.6157354 0.9198342 1.7786835 0.3666350 0.4172160 1.1132061 1.4396946 0.0000000 0.3347153 0.4714565 0.8864954 0.7126442 2.0310377 9.0000000 0.5933457 0.6157354 0.5504769 0.4904449 
t16        0.8864954 0.6626257 0.7126442 0.9913169 1.5111773 0.3831192 0.3831192 1.2070784 2.0310377 0.3347153 0.0000000 0.4348639 0.9198342 0.6872180 1.5901977 3.2381161 0.6388142 0.6626257 0.6626257 0.5504769 
t13        0.7945437 0.7389627 0.6872180 1.0703373 2.4141569 0.4348639 0.5504769 1.5111773 2.0310377 0.4714565 0.4348639 0.0000000 0.7945437 0.7945437 2.0310377 9.0000000 0.7945437 0.7662384 0.7389627 0.6626257 
t20        0.7389627 0.6388142 0.6157354 0.9913169 9.0000000 1.1132061 0.9913169 1.7786835 1.5111773 0.8864954 0.9198342 0.7945437 0.0000000 0.2892469 9.0000000 9.0000000 1.2588231 1.2070784 1.1132061 1.0703373 
t3         0.4529370 0.4904449 0.5299277 0.8545757 1.5901977 0.8545757 0.7389627 1.2070784 0.9547243 0.7126442 0.6872180 0.7945437 0.2892469 0.0000000 9.0000000 9.0000000 0.8239592 0.8545757 1.1586745 1.0703373 
t1         2.1983953 9.0000000 9.0000000 9.0000000 9.0000000 3.2381161 2.4141569 3.2381161 9.0000000 2.0310377 1.5901977 2.0310377 9.0000000 9.0000000 0.0000000 0.2191023 2.4141569 2.7182557 2.1983953 2.4141569 
t10        9.0000000 9.0000000 9.0000000 9.0000000 9.0000000 9.0000000 9.0000000 9.0000000 9.0000000 9.0000000 3.2381161 9.0000000 9.0000000 9.0000000 0.2191023 0.0000000 2.0310377 2.1983953 2.7182557 2.7182557 
t11        0.7126442 0.7662384 0.7945437 0.9547243 1.8942965 0.6388142 0.7389627 0.7389627 1.5901977 0.5933457 0.6388142 0.7945437 1.2588231 0.8239592 2.4141569 2.0310377 0.0000000 0.0625362 0.9913169 0.9547243 
t6         0.7389627 0.7945437 0.8239592 0.9198342 2.1983953 0.6626257 0.7662384 0.7389627 1.8942965 0.6157354 0.6626257 0.7662384 1.2070784 0.8545757 2.7182557 2.1983953 0.0625362 0.0000000 0.9198342 0.8545757 
t5         0.9547243 1.1586745 1.0297869 1.3144041 2.4141569 0.7389627 0.6626257 1.4396946 2.1983953 0.5504769 0.6626257 0.7389627 1.1132061 1.1586745 2.1983953 2.7182557 0.9913169 0.9198342 0.0000000 0.1189538 
t14        0.8239592 1.0297869 0.9547243 1.0703373 1.7786835 0.6626257 0.5933457 1.6785349 2.7182557 0.4904449 0.5504769 0.6626257 1.0703373 1.0703373 2.4141569 2.7182557 0.9547243 0.8545757 0.1189538 0.0000000 
