20
t5         0.0000000 0.6872180 1.7786835 0.9547243 0.7126442 0.8239592 1.5111773 1.5901977 0.8239592 0.7389627 0.8239592 0.7662384 0.8239592 0.9198342 0.9547243 0.7945437 0.7945437 0.9198342 0.8239592 0.8864954 
t9         0.6872180 0.0000000 1.1586745 0.5933457 0.3347153 0.3505054 0.9913169 0.9913169 0.6388142 0.3192509 0.3040988 0.2746833 0.5933457 0.6872180 0.4904449 0.5099265 0.4714565 0.5504769 0.4904449 0.5099265 
t12        1.7786835 1.1586745 0.0000000 1.5901977 1.1132061 1.5901977 1.6785349 1.4396946 2.0310377 1.2070784 1.1586745 1.2070784 1.6785349 1.5111773 1.3744361 1.5901977 1.3144041 1.3144041 0.9913169 1.0297869 
t3         0.9547243 0.5933457 1.5901977 0.0000000 0.5504769 0.8864954 1.3144041 1.5901977 0.6157354 0.5099265 0.5933457 0.5504769 0.5716050 0.6626257 0.7662384 0.6872180 0.6157354 0.6626257 0.7126442 0.7662384 
t8         0.7126442 0.3347153 1.1132061 0.5504769 0.0000000 0.3666350 0.9913169 0.9913169 0.6388142 0.4172160 0.3999739 0.3831192 0.5504769 0.6626257 0.5933457 0.5299277 0.3666350 0.4529370 0.4714565 0.4714565 
t4         0.8239592 0.3505054 1.5901977 0.8864954 0.3666350 0.0000000 1.3144041 1.0297869 0.7389627 0.5933457 0.6157354 0.5933457 0.7662384 0.7662384 0.6626257 0.7126442 0.5933457 0.6388142 0.6388142 0.6872180 
t2         1.5111773 0.9913169 1.6785349 1.3144041 0.9913169 1.3144041 0.0000000 2.0310377 1.2588231 0.9913169 1.0297869 0.9547243 1.2070784 1.3744361 1.1132061 1.0703373 1.2588231 1.1586745 1.2588231 1.3144041 
t6         1.5901977 0.9913169 1.4396946 1.5901977 0.9913169 1.0297869 2.0310377 0.0000000 1.3744361 1.0703373 0.9547243 0.9913169 1.3144041 1.6785349 1.3144041 1.4396946 1.2070784 1.0297869 0.8545757 0.9198342 
t16        0.8239592 0.6388142 2.0310377 0.6157354 0.6388142 0.7389627 1.2588231 1.3744361 0.0000000 0.6388142 0.7126442 0.6388142 0.2603971 0.3040988 0.8545757 0.7662384 0.8239592 0.9547243 0.8864954 0.9547243 
t1         0.7389627 0.3192509 1.2070784 0.5099265 0.4172160 0.5933457 0.9913169 1.0703373 0.6388142 0.0000000 0.1073256 0.0845966 0.5299277 0.6872180 0.2463781 0.2463781 0.4904449 0.5716050 0.5099265 0.5299277 
t14        0.8239592 0.3040988 1.1586745 0.5933457 0.3999739 0.6157354 1.0297869 0.9547243 0.7126442 0.1073256 0.0000000 0.0625362 0.5933457 0.7662384 0.2603971 0.2892469 0.5099265 0.5716050 0.4348639 0.4529370 
t17        0.7662384 0.2746833 1.2070784 0.5504769 0.3831192 0.5933457 0.9547243 0.9913169 0.6388142 0.0845966 0.0625362 0.0000000 0.5299277 0.6872180 0.2463781 0.2463781 0.5099265 0.5933457 0.4904449 0.5099265 
t10        0.8239592 0.5933457 1.6785349 0.5716050 0.5504769 0.7662384 1.2070784 1.3144041 0.2603971 0.5299277 0.5933457 0.5299277 0.0000000 0.1073256 0.7126442 0.7389627 0.5933457 0.7126442 0.7126442 0.7662384 
t11        0.9198342 0.6872180 1.5111773 0.6626257 0.6626257 0.7662384 1.3744361 1.6785349 0.3040988 0.6872180 0.7662384 0.6872180 0.1073256 0.0000000 0.8545757 0.8239592 0.7126442 0.8545757 0.7945437 0.8545757 
t15        0.9547243 0.4904449 1.3744361 0.7662384 0.5933457 0.6626257 1.1132061 1.3144041 0.8545757 0.2463781 0.2603971 0.2463781 0.7126442 0.8545757 0.0000000 0.2603971 0.7126442 0.8545757 0.6872180 0.6872180 
t19        0.7945437 0.5099265 1.5901977 0.6872180 0.5299277 0.7126442 1.0703373 1.4396946 0.7662384 0.2463781 0.2892469 0.2463781 0.7389627 0.8239592 0.2603971 0.0000000 0.7126442 0.8239592 0.6626257 0.6626257 
t7         0.7945437 0.4714565 1.3144041 0.6157354 0.3666350 0.5933457 1.2588231 1.2070784 0.8239592 0.4904449 0.5099265 0.5099265 0.5933457 0.7126442 0.7126442 0.7126442 0.0000000 0.2058276 0.6157354 0.6388142 
t13        0.9198342 0.5504769 1.3144041 0.6626257 0.4529370 0.6388142 1.1586745 1.0297869 0.9547243 0.5716050 0.5716050 0.5933457 0.7126442 0.8545757 0.8545757 0.8239592 0.2058276 0.0000000 0.6872180 0.7389627 
t18        0.8239592 0.4904449 0.9913169 0.7126442 0.4714565 0.6388142 1.2588231 0.8545757 0.8864954 0.5099265 0.4348639 0.4904449 0.7126442 0.7945437 0.6872180 0.6626257 0.6157354 0.6872180 0.0000000 0.0625362 
t20        0.8864954 0.5099265 1.0297869 0.7662384 0.4714565 0.6872180 1.3144041 0.9198342 0.9547243 0.5299277 0.4529370 0.5099265 0.7662384 0.8545757 0.6872180 0.6626257 0.6388142 0.7389627 0.0625362 0.0000000 
