20
t4         0.0000000 0.5716050 0.5099265 0.5504769 0.6157354 0.6157354 0.6626257 0.6157354 0.7389627 0.7389627 0.8545757 0.7126442 0.7126442 0.6388142 0.5099265 0.4714565 0.5299277 0.5716050 0.7389627 0.7945437 
t12        0.5716050 0.0000000 0.6388142 0.4172160 0.4714565 0.5299277 0.8545757 0.8239592 0.9547243 0.9547243 1.1586745 1.0703373 0.5716050 0.4714565 0.4172160 0.3831192 0.3999739 0.4172160 0.6388142 0.6626257 
t16        0.5099265 0.6388142 0.0000000 0.6388142 0.7126442 0.6157354 0.4904449 0.4348639 0.6626257 0.5504769 0.6626257 0.5933457 0.7389627 0.6872180 0.6872180 0.6626257 0.5299277 0.6388142 0.7662384 0.7126442 
t11        0.5504769 0.4172160 0.6388142 0.0000000 0.5299277 0.5716050 0.6157354 0.6388142 0.8545757 0.7662384 0.7945437 0.7389627 0.4348639 0.5299277 0.4529370 0.4172160 0.4172160 0.3999739 0.4904449 0.5299277 
t3         0.6157354 0.4714565 0.7126442 0.5299277 0.0000000 0.4172160 1.1132061 0.9913169 0.8864954 0.8239592 1.1586745 1.1586745 0.7126442 0.6872180 0.6157354 0.5299277 0.5933457 0.5933457 0.7945437 0.7662384 
t19        0.6157354 0.5299277 0.6157354 0.5716050 0.4172160 0.0000000 0.8864954 0.7945437 0.9913169 0.7945437 1.0297869 1.0297869 0.7126442 0.6388142 0.5933457 0.4714565 0.5299277 0.5933457 0.7662384 0.7389627 
t5         0.6626257 0.8545757 0.4904449 0.6157354 1.1132061 0.8864954 0.0000000 0.1927838 0.6872180 0.6626257 0.5504769 0.5099265 0.8545757 0.7945437 0.6872180 0.6626257 0.6388142 0.6626257 0.8239592 0.8239592 
t15        0.6157354 0.8239592 0.4348639 0.6388142 0.9913169 0.7945437 0.1927838 0.0000000 0.5716050 0.6388142 0.4172160 0.4172160 0.7945437 0.7126442 0.7662384 0.7126442 0.6626257 0.6872180 0.7389627 0.7126442 
t18        0.7389627 0.9547243 0.6626257 0.8545757 0.8864954 0.9913169 0.6872180 0.5716050 0.0000000 0.2326162 0.7945437 0.8545757 1.2070784 0.9913169 0.8864954 0.8239592 0.7662384 0.8864954 1.0297869 0.9913169 
t10        0.7389627 0.9547243 0.5504769 0.7662384 0.8239592 0.7945437 0.6626257 0.6388142 0.2326162 0.0000000 0.7945437 0.7945437 1.2588231 0.9913169 0.9198342 0.8545757 0.6872180 0.8239592 1.0703373 1.0297869 
t2         0.8545757 1.1586745 0.6626257 0.7945437 1.1586745 1.0297869 0.5504769 0.4172160 0.7945437 0.7945437 0.0000000 0.1799630 0.9547243 0.9547243 1.1586745 1.0703373 0.8545757 0.9547243 0.9547243 0.9198342 
t9         0.7126442 1.0703373 0.5933457 0.7389627 1.1586745 1.0297869 0.5099265 0.4172160 0.8545757 0.7945437 0.1799630 0.0000000 0.8545757 1.1132061 1.1132061 1.0297869 0.8864954 0.8545757 0.8239592 0.8545757 
t6         0.7126442 0.5716050 0.7389627 0.4348639 0.7126442 0.7126442 0.8545757 0.7945437 1.2070784 1.2588231 0.9547243 0.8545757 0.0000000 0.4714565 0.4714565 0.4529370 0.4529370 0.4172160 0.1073256 0.1307650 
t7         0.6388142 0.4714565 0.6872180 0.5299277 0.6872180 0.6388142 0.7945437 0.7126442 0.9913169 0.9913169 0.9547243 1.1132061 0.4714565 0.0000000 0.2603971 0.2746833 0.1307650 0.1673577 0.5099265 0.4904449 
t8         0.5099265 0.4172160 0.6872180 0.4529370 0.6157354 0.5933457 0.6872180 0.7662384 0.8864954 0.9198342 1.1586745 1.1132061 0.4714565 0.2603971 0.0000000 0.1073256 0.2058276 0.2463781 0.5504769 0.5716050 
t13        0.4714565 0.3831192 0.6626257 0.4172160 0.5299277 0.4714565 0.6626257 0.7126442 0.8239592 0.8545757 1.0703373 1.0297869 0.4529370 0.2746833 0.1073256 0.0000000 0.2058276 0.2463781 0.5299277 0.5504769 
t14        0.5299277 0.3999739 0.5299277 0.4172160 0.5933457 0.5299277 0.6388142 0.6626257 0.7662384 0.6872180 0.8545757 0.8864954 0.4529370 0.1307650 0.2058276 0.2058276 0.0000000 0.0734853 0.5099265 0.5299277 
t1         0.5716050 0.4172160 0.6388142 0.3999739 0.5933457 0.5933457 0.6626257 0.6872180 0.8864954 0.8239592 0.9547243 0.8545757 0.4172160 0.1673577 0.2463781 0.2463781 0.0734853 0.0000000 0.4714565 0.4904449 
t20        0.7389627 0.6388142 0.7662384 0.4904449 0.7945437 0.7662384 0.8239592 0.7389627 1.0297869 1.0703373 0.9547243 0.8239592 0.1073256 0.5099265 0.5504769 0.5299277 0.5099265 0.4714565 0.0000000 0.0306165 
t17        0.7945437 0.6626257 0.7126442 0.5299277 0.7662384 0.7389627 0.8239592 0.7126442 0.9913169 1.0297869 0.9198342 0.8545757 0.1307650 0.4904449 0.5716050 0.5504769 0.5299277 0.4904449 0.0306165 0.0000000 
