20
t7         0.0000000 0.6872180 1.1132061 0.6388142 0.6626257 0.8864954 9.0000000 1.0297869 1.5901977 1.7786835 1.0703373 0.9547243 0.9913169 1.3144041 1.4396946 1.3144041 3.2381161 2.4141569 1.6785349 1.6785349 
t6         0.6872180 0.0000000 0.9198342 0.4529370 0.4714565 0.6388142 2.7182557 0.6157354 1.1586745 1.0297869 0.8239592 0.7662384 0.7945437 1.5901977 1.8942965 1.7786835 1.6785349 1.7786835 1.1132061 1.2070784 
t3         1.1132061 0.9198342 0.0000000 0.7126442 0.9198342 1.0297869 2.4141569 0.9198342 2.0310377 2.0310377 1.1132061 1.1586745 1.3744361 2.0310377 2.4141569 2.4141569 1.6785349 1.8942965 1.5901977 1.8942965 
t20        0.6388142 0.4529370 0.7126442 0.0000000 0.2191023 0.4904449 2.4141569 0.5933457 0.9913169 1.1586745 0.6872180 0.5299277 0.6388142 1.2588231 1.3144041 1.2588231 1.5111773 1.5901977 0.9913169 1.0703373 
t1         0.6626257 0.4714565 0.9198342 0.2191023 0.0000000 0.3666350 1.8942965 0.4904449 0.9547243 1.2070784 0.5933457 0.5099265 0.5716050 1.2588231 1.3144041 1.1586745 1.3144041 1.3744361 0.9198342 0.9913169 
t15        0.8864954 0.6388142 1.0297869 0.4904449 0.3666350 0.0000000 2.0310377 0.3505054 1.1132061 1.3144041 0.5716050 0.4529370 0.4714565 1.5901977 1.6785349 1.2588231 1.7786835 1.8942965 1.2070784 1.2588231 
t16        9.0000000 2.7182557 2.4141569 2.4141569 1.8942965 2.0310377 0.0000000 2.4141569 0.9547243 1.1132061 1.8942965 2.0310377 1.8942965 9.0000000 9.0000000 9.0000000 1.0297869 1.0703373 0.8864954 0.8864954 
t4         1.0297869 0.6157354 0.9198342 0.5933457 0.4904449 0.3505054 2.4141569 0.0000000 1.4396946 1.5901977 0.3505054 0.2326162 0.3192509 1.6785349 2.0310377 1.7786835 2.0310377 2.1983953 1.5111773 1.5901977 
t9         1.5901977 1.1586745 2.0310377 0.9913169 0.9547243 1.1132061 0.9547243 1.4396946 0.0000000 0.3999739 1.6785349 1.5111773 1.8942965 9.0000000 9.0000000 9.0000000 0.3666350 0.3831192 0.1549607 0.1927838 
t19        1.7786835 1.0297869 2.0310377 1.1586745 1.2070784 1.3144041 1.1132061 1.5901977 0.3999739 0.0000000 1.8942965 1.5901977 1.7786835 9.0000000 9.0000000 9.0000000 0.5716050 0.6157354 0.3666350 0.3999739 
t2         1.0703373 0.8239592 1.1132061 0.6872180 0.5933457 0.5716050 1.8942965 0.3505054 1.6785349 1.8942965 0.0000000 0.1927838 0.2892469 2.4141569 9.0000000 2.0310377 2.0310377 2.7182557 1.4396946 1.4396946 
t11        0.9547243 0.7662384 1.1586745 0.5299277 0.5099265 0.4529370 2.0310377 0.2326162 1.5111773 1.5901977 0.1927838 0.0000000 0.1549607 2.1983953 2.0310377 1.7786835 2.4141569 3.2381161 1.5111773 1.5111773 
t10        0.9913169 0.7945437 1.3744361 0.6388142 0.5716050 0.4714565 1.8942965 0.3192509 1.8942965 1.7786835 0.2892469 0.1549607 0.0000000 1.8942965 1.8942965 1.5111773 3.2381161 9.0000000 1.6785349 1.6785349 
t17        1.3144041 1.5901977 2.0310377 1.2588231 1.2588231 1.5901977 9.0000000 1.6785349 9.0000000 9.0000000 2.4141569 2.1983953 1.8942965 0.0000000 0.2326162 0.1673577 3.2381161 9.0000000 3.2381161 3.2381161 
t18        1.4396946 1.8942965 2.4141569 1.3144041 1.3144041 1.6785349 9.0000000 2.0310377 9.0000000 9.0000000 9.0000000 2.0310377 1.8942965 0.2326162 0.0000000 0.1927838 9.0000000 9.0000000 9.0000000 9.0000000 
t12        1.3144041 1.7786835 2.4141569 1.2588231 1.1586745 1.2588231 9.0000000 1.7786835 9.0000000 9.0000000 2.0310377 1.7786835 1.5111773 0.1673577 0.1927838 0.0000000 2.4141569 2.4141569 2.7182557 2.7182557 
t14        3.2381161 1.6785349 1.6785349 1.5111773 1.3144041 1.7786835 1.0297869 2.0310377 0.3666350 0.5716050 2.0310377 2.4141569 3.2381161 3.2381161 9.0000000 2.4141569 0.0000000 0.0306165 0.3666350 0.4172160 
t8         2.4141569 1.7786835 1.8942965 1.5901977 1.3744361 1.8942965 1.0703373 2.1983953 0.3831192 0.6157354 2.7182557 3.2381161 9.0000000 9.0000000 9.0000000 2.4141569 0.0306165 0.0000000 0.3831192 0.4348639 
t13        1.6785349 1.1132061 1.5901977 0.9913169 0.9198342 1.2070784 0.8864954 1.5111773 0.1549607 0.3666350 1.4396946 1.5111773 1.6785349 3.2381161 9.0000000 2.7182557 0.3666350 0.3831192 0.0000000 0.0306165 
t5         1.6785349 1.2070784 1.8942965 1.0703373 0.9913169 1.2588231 0.8864954 1.5901977 0.1927838 0.3999739 1.4396946 1.5111773 1.6785349 3.2381161 9.0000000 2.7182557 0.4172160 0.4348639 0.0306165 0.0000000 
