20
t4         0.0000000 1.3144041 1.1586745 1.1132061 0.9198342 0.8864954 1.3144041 1.1586745 1.2070784 2.4141569 0.8864954 0.8239592 0.9198342 0.9913169 1.0297869 1.1132061 0.9913169 0.9547243 1.4396946 1.4396946 
t20        1.3144041 0.0000000 1.8942965 1.2588231 1.2070784 0.9913169 0.9913169 1.0703373 0.9913169 1.7786835 1.0297869 1.2070784 1.2070784 1.3144041 0.9913169 0.9547243 0.8545757 0.8239592 1.0703373 1.1132061 
t18        1.1586745 1.8942965 0.0000000 1.0703373 1.2070784 0.8545757 1.0703373 1.4396946 1.0703373 1.0297869 1.0703373 1.1132061 0.8864954 0.8545757 1.0703373 1.0703373 1.1132061 1.2070784 1.7786835 1.7786835 
t9         1.1132061 1.2588231 1.0703373 0.0000000 1.3144041 1.0703373 1.5111773 1.1132061 1.2070784 1.3144041 1.2588231 1.3144041 1.3144041 1.1586745 1.0297869 1.0703373 1.3744361 1.4396946 1.2588231 1.2070784 
t3         0.9198342 1.2070784 1.2070784 1.3144041 0.0000000 0.6157354 1.0297869 0.6388142 0.6626257 1.2070784 0.7126442 0.7662384 0.7126442 0.6872180 0.9198342 0.8864954 0.9198342 0.8239592 0.8239592 0.8545757 
t11        0.8864954 0.9913169 0.8545757 1.0703373 0.6157354 0.0000000 0.6872180 0.7389627 0.7662384 1.3144041 0.4348639 0.5933457 0.7662384 0.7126442 0.7945437 0.8545757 0.7662384 0.7945437 0.8239592 0.8239592 
t10        1.3144041 0.9913169 1.0703373 1.5111773 1.0297869 0.6872180 0.0000000 1.1132061 1.1132061 1.3144041 1.1586745 0.9913169 1.0703373 0.9913169 0.8239592 0.8864954 0.6626257 0.6157354 1.3144041 1.3144041 
t2         1.1586745 1.0703373 1.4396946 1.1132061 0.6388142 0.7389627 1.1132061 0.0000000 0.4714565 1.3744361 0.8864954 0.8864954 1.3144041 1.2588231 0.7945437 0.8545757 0.9913169 0.9913169 0.5099265 0.5504769 
t6         1.2070784 0.9913169 1.0703373 1.2070784 0.6626257 0.7662384 1.1132061 0.4714565 0.0000000 1.6785349 0.9198342 0.9198342 1.0297869 1.1132061 0.8864954 0.9198342 1.0703373 1.0297869 0.6157354 0.5933457 
t14        2.4141569 1.7786835 1.0297869 1.3144041 1.2070784 1.3144041 1.3144041 1.3744361 1.6785349 0.0000000 1.7786835 1.3744361 0.9547243 1.1132061 0.6388142 0.6388142 1.0297869 0.8864954 1.6785349 1.6785349 
t13        0.8864954 1.0297869 1.0703373 1.2588231 0.7126442 0.4348639 1.1586745 0.8864954 0.9198342 1.7786835 0.0000000 0.2191023 0.8239592 0.9198342 0.9547243 1.0297869 1.2070784 1.1586745 0.8545757 0.8545757 
t12        0.8239592 1.2070784 1.1132061 1.3144041 0.7662384 0.5933457 0.9913169 0.8864954 0.9198342 1.3744361 0.2191023 0.0000000 1.0297869 0.9913169 0.7662384 0.8239592 1.2588231 1.2588231 0.9547243 0.9547243 
t5         0.9198342 1.2070784 0.8864954 1.3144041 0.7126442 0.7662384 1.0703373 1.3144041 1.0297869 0.9547243 0.8239592 1.0297869 0.0000000 0.1189538 0.9547243 0.9547243 1.0703373 0.9913169 1.2588231 1.2588231 
t7         0.9913169 1.3144041 0.8545757 1.1586745 0.6872180 0.7126442 0.9913169 1.2588231 1.1132061 1.1132061 0.9198342 0.9913169 0.1189538 0.0000000 1.0297869 1.0297869 1.1132061 1.0703373 1.5111773 1.5111773 
t17        1.0297869 0.9913169 1.0703373 1.0297869 0.9198342 0.7945437 0.8239592 0.7945437 0.8864954 0.6388142 0.9547243 0.7662384 0.9547243 1.0297869 0.0000000 0.0734853 0.6388142 0.6157354 0.9547243 0.9547243 
t16        1.1132061 0.9547243 1.0703373 1.0703373 0.8864954 0.8545757 0.8864954 0.8545757 0.9198342 0.6388142 1.0297869 0.8239592 0.9547243 1.0297869 0.0734853 0.0000000 0.7126442 0.6872180 1.0703373 1.0703373 
t8         0.9913169 0.8545757 1.1132061 1.3744361 0.9198342 0.7662384 0.6626257 0.9913169 1.0703373 1.0297869 1.2070784 1.2588231 1.0703373 1.1132061 0.6388142 0.7126442 0.0000000 0.0625362 1.1132061 1.1132061 
t1         0.9547243 0.8239592 1.2070784 1.4396946 0.8239592 0.7945437 0.6157354 0.9913169 1.0297869 0.8864954 1.1586745 1.2588231 0.9913169 1.0703373 0.6157354 0.6872180 0.0625362 0.0000000 0.9547243 0.9547243 
t15        1.4396946 1.0703373 1.7786835 1.2588231 0.8239592 0.8239592 1.3144041 0.5099265 0.6157354 1.6785349 0.8545757 0.9547243 1.2588231 1.5111773 0.9547243 1.0703373 1.1132061 0.9547243 0.0000000 0.0202715 
t19        1.4396946 1.1132061 1.7786835 1.2070784 0.8545757 0.8239592 1.3144041 0.5504769 0.5933457 1.6785349 0.8545757 0.9547243 1.2588231 1.5111773 0.9547243 1.0703373 1.1132061 0.9547243 0.0202715 0.0000000 
