20
t13        0.0000000 1.0703373 1.5111773 2.4141569 1.0703373 1.0703373 1.0703373 0.9547243 1.5901977 1.3144041 1.8942965 1.5111773 1.3144041 1.6785349 0.9913169 1.2070784 1.0703373 1.1586745 1.4396946 1.4396946 
t14        1.0703373 0.0000000 1.3744361 2.0310377 1.1586745 1.1586745 0.8545757 0.9547243 1.6785349 0.9547243 1.6785349 1.5901977 1.2070784 1.3744361 0.9198342 1.2070784 0.7389627 0.7945437 1.1132061 1.1132061 
t8         1.5111773 1.3744361 0.0000000 3.2381161 1.7786835 1.2070784 1.1586745 1.4396946 2.0310377 1.1132061 1.5901977 1.3744361 2.0310377 2.1983953 1.0297869 1.3744361 1.2588231 1.1586745 1.3144041 1.3744361 
t3         2.4141569 2.0310377 3.2381161 0.0000000 1.7786835 3.2381161 3.2381161 2.0310377 2.7182557 2.0310377 1.6785349 2.7182557 2.7182557 9.0000000 2.4141569 2.4141569 1.7786835 1.7786835 2.1983953 2.4141569 
t5         1.0703373 1.1586745 1.7786835 1.7786835 0.0000000 0.9913169 0.9913169 0.9547243 0.9913169 1.1586745 1.2070784 1.1586745 0.7126442 0.9913169 0.7126442 0.7662384 1.0703373 1.1132061 0.6388142 0.6388142 
t11        1.0703373 1.1586745 1.2070784 3.2381161 0.9913169 0.0000000 0.9198342 1.3144041 1.1586745 0.8545757 1.1132061 0.9913169 1.2070784 1.3144041 0.6388142 0.8545757 0.7389627 0.7945437 1.1132061 1.1586745 
t16        1.0703373 0.8545757 1.1586745 3.2381161 0.9913169 0.9198342 0.0000000 0.7389627 1.5901977 1.2588231 1.1132061 1.2070784 1.3144041 1.3144041 0.6626257 0.9198342 0.8864954 0.8864954 1.1132061 1.1132061 
t7         0.9547243 0.9547243 1.4396946 2.0310377 0.9547243 1.3144041 0.7389627 0.0000000 1.7786835 1.5111773 1.7786835 2.7182557 1.6785349 1.2588231 0.7389627 0.8545757 0.8545757 0.9198342 1.1586745 1.1586745 
t19        1.5901977 1.6785349 2.0310377 2.7182557 0.9913169 1.1586745 1.5901977 1.7786835 0.0000000 1.8942965 2.0310377 1.6785349 1.1586745 0.9547243 1.5901977 1.2588231 1.7786835 1.6785349 0.8864954 0.8545757 
t6         1.3144041 0.9547243 1.1132061 2.0310377 1.1586745 0.8545757 1.2588231 1.5111773 1.8942965 0.0000000 0.5716050 0.5933457 0.9913169 1.7786835 0.7662384 1.0297869 0.6872180 0.7126442 1.1132061 1.1586745 
t20        1.8942965 1.6785349 1.5901977 1.6785349 1.2070784 1.1132061 1.1132061 1.7786835 2.0310377 0.5716050 0.0000000 0.6157354 1.1586745 1.7786835 1.0703373 1.2070784 1.2588231 1.2588231 1.1586745 1.2070784 
t17        1.5111773 1.5901977 1.3744361 2.7182557 1.1586745 0.9913169 1.2070784 2.7182557 1.6785349 0.5933457 0.6157354 0.0000000 1.2588231 1.7786835 0.9198342 1.1132061 0.9547243 0.9913169 1.3144041 1.3744361 
t1         1.3144041 1.2070784 2.0310377 2.7182557 0.7126442 1.2070784 1.3144041 1.6785349 1.1586745 0.9913169 1.1586745 1.2588231 0.0000000 0.7126442 0.9913169 1.0297869 0.9913169 1.0297869 0.3666350 0.3666350 
t4         1.6785349 1.3744361 2.1983953 9.0000000 0.9913169 1.3144041 1.3144041 1.2588231 0.9547243 1.7786835 1.7786835 1.7786835 0.7126442 0.0000000 0.8864954 1.0297869 1.4396946 1.5111773 0.6157354 0.5933457 
t12        0.9913169 0.9198342 1.0297869 2.4141569 0.7126442 0.6388142 0.6626257 0.7389627 1.5901977 0.7662384 1.0703373 0.9198342 0.9913169 0.8864954 0.0000000 0.2603971 0.5716050 0.6157354 0.7945437 0.8239592 
t9         1.2070784 1.2070784 1.3744361 2.4141569 0.7662384 0.8545757 0.9198342 0.8545757 1.2588231 1.0297869 1.2070784 1.1132061 1.0297869 1.0297869 0.2603971 0.0000000 0.7126442 0.7662384 0.9547243 0.9547243 
t15        1.0703373 0.7389627 1.2588231 1.7786835 1.0703373 0.7389627 0.8864954 0.8545757 1.7786835 0.6872180 1.2588231 0.9547243 0.9913169 1.4396946 0.5716050 0.7126442 0.0000000 0.0202715 0.8864954 0.9198342 
t10        1.1586745 0.7945437 1.1586745 1.7786835 1.1132061 0.7945437 0.8864954 0.9198342 1.6785349 0.7126442 1.2588231 0.9913169 1.0297869 1.5111773 0.6157354 0.7662384 0.0202715 0.0000000 0.9198342 0.9547243 
t2         1.4396946 1.1132061 1.3144041 2.1983953 0.6388142 1.1132061 1.1132061 1.1586745 0.8864954 1.1132061 1.1586745 1.3144041 0.3666350 0.6157354 0.7945437 0.9547243 0.8864954 0.9198342 0.0000000 0.0100673 
t18        1.4396946 1.1132061 1.3744361 2.4141569 0.6388142 1.1586745 1.1132061 1.1586745 0.8545757 1.1586745 1.2070784 1.3744361 0.3666350 0.5933457 0.8239592 0.9547243 0.9198342 0.9547243 0.0100673 0.0000000 
