20
t10        0.0000000 1.5901977 2.1983953 1.0297869 1.1586745 1.1132061 1.5901977 9.0000000 9.0000000 1.3744361 1.3144041 1.7786835 2.0310377 2.1983953 2.7182557 2.4141569 2.1983953 1.8942965 2.1983953 2.7182557 
t14        1.5901977 0.0000000 1.1132061 1.2588231 1.3744361 1.2070784 0.9913169 1.5111773 1.4396946 1.2588231 1.1586745 0.9547243 1.0703373 1.3144041 0.9198342 1.0703373 1.3744361 1.3144041 1.5111773 1.3144041 
t7         2.1983953 1.1132061 0.0000000 1.7786835 1.6785349 1.7786835 0.5299277 1.7786835 1.5111773 1.5111773 1.6785349 0.6157354 0.4714565 0.5299277 0.4714565 0.5716050 1.5111773 1.7786835 3.2381161 2.1983953 
t15        1.0297869 1.2588231 1.7786835 0.0000000 0.5299277 0.9547243 1.5901977 1.5901977 1.8942965 0.7945437 0.8864954 1.3744361 1.6785349 1.3744361 2.0310377 1.7786835 1.8942965 2.0310377 1.4396946 1.7786835 
t16        1.1586745 1.3744361 1.6785349 0.5299277 0.0000000 0.9547243 1.4396946 1.7786835 1.6785349 0.7662384 0.8864954 1.1132061 1.6785349 1.1586745 1.5901977 1.7786835 1.5111773 1.4396946 1.2588231 1.3144041 
t13        1.1132061 1.2070784 1.7786835 0.9547243 0.9547243 0.0000000 1.5901977 2.1983953 2.0310377 0.3999739 0.4172160 1.6785349 2.4141569 3.2381161 1.7786835 2.1983953 1.5111773 1.5111773 1.6785349 2.0310377 
t19        1.5901977 0.9913169 0.5299277 1.5901977 1.4396946 1.5901977 0.0000000 1.7786835 1.5111773 1.6785349 1.7786835 0.5299277 0.4172160 0.5099265 0.5099265 0.5933457 1.1586745 1.2070784 1.7786835 1.5901977 
t20        9.0000000 1.5111773 1.7786835 1.5901977 1.7786835 2.1983953 1.7786835 0.0000000 0.2746833 1.8942965 2.0310377 1.3744361 1.8942965 1.5111773 1.3144041 1.7786835 0.7662384 0.6872180 0.7126442 0.7662384 
t12        9.0000000 1.4396946 1.5111773 1.8942965 1.6785349 2.0310377 1.5111773 0.2746833 0.0000000 1.5111773 1.5901977 1.4396946 1.8942965 1.4396946 1.2588231 2.0310377 0.7389627 0.6157354 0.6872180 0.6157354 
t9         1.3744361 1.2588231 1.5111773 0.7945437 0.7662384 0.3999739 1.6785349 1.8942965 1.5111773 0.0000000 0.1927838 1.7786835 2.0310377 2.0310377 2.1983953 2.7182557 1.5111773 1.6785349 1.4396946 1.5111773 
t2         1.3144041 1.1586745 1.6785349 0.8864954 0.8864954 0.4172160 1.7786835 2.0310377 1.5901977 0.1927838 0.0000000 1.3144041 1.6785349 1.5901977 1.4396946 1.8942965 1.4396946 1.4396946 1.1132061 1.3144041 
t1         1.7786835 0.9547243 0.6157354 1.3744361 1.1132061 1.6785349 0.5299277 1.3744361 1.4396946 1.7786835 1.3144041 0.0000000 0.3192509 0.3192509 0.4348639 0.6388142 1.1132061 1.3144041 1.5901977 1.5111773 
t3         2.0310377 1.0703373 0.4714565 1.6785349 1.6785349 2.4141569 0.4172160 1.8942965 1.8942965 2.0310377 1.6785349 0.3192509 0.0000000 0.2746833 0.4348639 0.5099265 1.2070784 1.5111773 2.1983953 1.8942965 
t4         2.1983953 1.3144041 0.5299277 1.3744361 1.1586745 3.2381161 0.5099265 1.5111773 1.4396946 2.0310377 1.5901977 0.3192509 0.2746833 0.0000000 0.4529370 0.6388142 1.3744361 1.3744361 1.5901977 1.5111773 
t6         2.7182557 0.9198342 0.4714565 2.0310377 1.5901977 1.7786835 0.5099265 1.3144041 1.2588231 2.1983953 1.4396946 0.4348639 0.4348639 0.4529370 0.0000000 0.2326162 1.3744361 1.5111773 2.7182557 1.5901977 
t18        2.4141569 1.0703373 0.5716050 1.7786835 1.7786835 2.1983953 0.5933457 1.7786835 2.0310377 2.7182557 1.8942965 0.6388142 0.5099265 0.6388142 0.2326162 0.0000000 1.5901977 1.5901977 9.0000000 2.7182557 
t5         2.1983953 1.3744361 1.5111773 1.8942965 1.5111773 1.5111773 1.1586745 0.7662384 0.7389627 1.5111773 1.4396946 1.1132061 1.2070784 1.3744361 1.3744361 1.5901977 0.0000000 0.2191023 0.7389627 0.6626257 
t11        1.8942965 1.3144041 1.7786835 2.0310377 1.4396946 1.5111773 1.2070784 0.6872180 0.6157354 1.6785349 1.4396946 1.3144041 1.5111773 1.3744361 1.5111773 1.5901977 0.2191023 0.0000000 0.5099265 0.4714565 
t17        2.1983953 1.5111773 3.2381161 1.4396946 1.2588231 1.6785349 1.7786835 0.7126442 0.6872180 1.4396946 1.1132061 1.5901977 2.1983953 1.5901977 2.7182557 9.0000000 0.7389627 0.5099265 0.0000000 0.1427653 
t8         2.7182557 1.3144041 2.1983953 1.7786835 1.3144041 2.0310377 1.5901977 0.7662384 0.6157354 1.5111773 1.3144041 1.5111773 1.8942965 1.5111773 1.5901977 2.7182557 0.6626257 0.4714565 0.1427653 0.0000000 
