20
t13        0.0000000 0.7945437 0.8864954 1.5901977 0.8864954 1.5901977 1.5111773 2.0310377 1.1586745 0.8545757 0.7662384 0.6388142 0.6157354 0.7126442 2.1983953 2.7182557 0.8864954 0.9547243 1.4396946 1.4396946 
t17        0.7945437 0.0000000 1.1586745 2.1983953 0.6388142 1.5111773 1.5111773 2.0310377 0.7389627 0.6388142 0.6388142 0.6157354 0.5933457 0.5933457 1.5901977 1.6785349 0.9913169 0.9913169 1.5111773 1.4396946 
t14        0.8864954 1.1586745 0.0000000 1.5111773 0.8239592 1.2070784 0.7662384 1.2070784 0.9913169 0.7945437 0.7945437 0.6872180 0.7945437 0.7945437 1.3744361 1.5901977 0.6388142 0.6626257 2.0310377 2.0310377 
t8         1.5901977 2.1983953 1.5111773 0.0000000 1.5901977 2.7182557 9.0000000 1.6785349 2.0310377 1.5901977 1.2070784 1.1586745 1.7786835 1.8942965 0.9913169 1.1132061 2.0310377 2.4141569 1.8942965 1.8942965 
t18        0.8864954 0.6388142 0.8239592 1.5901977 0.0000000 1.3144041 1.3744361 1.2588231 0.5504769 0.2746833 0.6388142 0.6872180 0.6157354 0.7389627 1.5111773 1.6785349 0.6626257 0.6388142 1.2070784 1.2070784 
t6         1.5901977 1.5111773 1.2070784 2.7182557 1.3144041 0.0000000 1.0703373 1.6785349 1.5111773 1.3144041 1.4396946 1.3744361 1.4396946 1.8942965 3.2381161 9.0000000 1.3144041 1.3744361 1.7786835 1.7786835 
t2         1.5111773 1.5111773 0.7662384 9.0000000 1.3744361 1.0703373 0.0000000 1.0703373 1.8942965 1.1132061 1.1586745 1.0703373 1.2588231 1.4396946 1.8942965 2.1983953 1.0703373 1.1586745 9.0000000 9.0000000 
t19        2.0310377 2.0310377 1.2070784 1.6785349 1.2588231 1.6785349 1.0703373 0.0000000 2.0310377 1.5111773 1.5901977 1.5901977 1.5111773 1.8942965 1.7786835 1.8942965 1.2070784 1.2070784 2.1983953 2.4141569 
t3         1.1586745 0.7389627 0.9913169 2.0310377 0.5504769 1.5111773 1.8942965 2.0310377 0.0000000 0.4172160 0.8239592 0.9913169 0.9547243 1.0703373 2.4141569 2.4141569 1.1132061 1.0297869 1.1586745 1.1586745 
t4         0.8545757 0.6388142 0.7945437 1.5901977 0.2746833 1.3144041 1.1132061 1.5111773 0.4172160 0.0000000 0.6626257 0.7126442 0.6626257 0.7662384 1.7786835 2.4141569 0.6388142 0.5933457 1.5111773 1.5111773 
t11        0.7662384 0.6388142 0.7945437 1.2070784 0.6388142 1.4396946 1.1586745 1.5901977 0.8239592 0.6626257 0.0000000 0.0958750 0.4348639 0.4529370 2.1983953 2.7182557 0.7126442 0.7126442 1.5111773 1.5901977 
t9         0.6388142 0.6157354 0.6872180 1.1586745 0.6872180 1.3744361 1.0703373 1.5901977 0.9913169 0.7126442 0.0958750 0.0000000 0.3999739 0.4172160 2.0310377 2.7182557 0.6626257 0.7126442 1.4396946 1.5111773 
t10        0.6157354 0.5933457 0.7945437 1.7786835 0.6157354 1.4396946 1.2588231 1.5111773 0.9547243 0.6626257 0.4348639 0.3999739 0.0000000 0.1307650 2.0310377 2.4141569 0.6626257 0.7126442 1.4396946 1.5111773 
t12        0.7126442 0.5933457 0.7945437 1.8942965 0.7389627 1.8942965 1.4396946 1.8942965 1.0703373 0.7662384 0.4529370 0.4172160 0.1307650 0.0000000 2.1983953 3.2381161 0.7945437 0.8545757 1.5111773 1.5901977 
t20        2.1983953 1.5901977 1.3744361 0.9913169 1.5111773 3.2381161 1.8942965 1.7786835 2.4141569 1.7786835 2.1983953 2.0310377 2.0310377 2.1983953 0.0000000 0.0625362 1.5901977 1.5901977 2.0310377 2.4141569 
t16        2.7182557 1.6785349 1.5901977 1.1132061 1.6785349 9.0000000 2.1983953 1.8942965 2.4141569 2.4141569 2.7182557 2.7182557 2.4141569 3.2381161 0.0625362 0.0000000 1.8942965 1.8942965 1.5901977 1.7786835 
t15        0.8864954 0.9913169 0.6388142 2.0310377 0.6626257 1.3144041 1.0703373 1.2070784 1.1132061 0.6388142 0.7126442 0.6626257 0.6626257 0.7945437 1.5901977 1.8942965 0.0000000 0.0306165 1.0703373 1.2070784 
t7         0.9547243 0.9913169 0.6626257 2.4141569 0.6388142 1.3744361 1.1586745 1.2070784 1.0297869 0.5933457 0.7126442 0.7126442 0.7126442 0.8545757 1.5901977 1.8942965 0.0306165 0.0000000 1.1132061 1.2588231 
t1         1.4396946 1.5111773 2.0310377 1.8942965 1.2070784 1.7786835 9.0000000 2.1983953 1.1586745 1.5111773 1.5111773 1.4396946 1.4396946 1.5111773 2.0310377 1.5901977 1.0703373 1.1132061 0.0000000 0.0411062 
t5         1.4396946 1.4396946 2.0310377 1.8942965 1.2070784 1.7786835 9.0000000 2.4141569 1.1586745 1.5111773 1.5901977 1.5111773 1.5111773 1.5901977 2.4141569 1.7786835 1.2070784 1.2588231 0.0411062 0.0000000 
