20
t3         0.0000000 1.4396946 1.3744361 2.7182557 0.9198342 0.9547243 1.2070784 1.1586745 1.1586745 1.1132061 0.9198342 1.2588231 1.4396946 1.1132061 1.3144041 1.0297869 1.1586745 1.2588231 1.0297869 1.1586745 
t2         1.4396946 0.0000000 1.4396946 1.5111773 1.2588231 2.1983953 1.5901977 1.4396946 1.3144041 1.3144041 1.5901977 1.5901977 1.4396946 1.3144041 1.6785349 1.3144041 1.1132061 1.2588231 1.3144041 1.2588231 
t12        1.3744361 1.4396946 0.0000000 9.0000000 1.3744361 1.2070784 1.6785349 1.3744361 2.1983953 2.1983953 1.1586745 1.2588231 1.6785349 1.3744361 2.1983953 1.8942965 1.6785349 1.5901977 1.6785349 1.5111773 
t7         2.7182557 1.5111773 9.0000000 0.0000000 2.4141569 2.0310377 1.5901977 1.4396946 1.5901977 1.8942965 1.8942965 1.6785349 1.8942965 2.4141569 2.0310377 1.7786835 1.7786835 2.0310377 1.3144041 1.1586745 
t5         0.9198342 1.2588231 1.3744361 2.4141569 0.0000000 1.0703373 1.0703373 0.8545757 0.9547243 0.9198342 0.8545757 1.1132061 1.4396946 1.2588231 1.4396946 1.0297869 0.9547243 0.9547243 1.1132061 1.2070784 
t20        0.9547243 2.1983953 1.2070784 2.0310377 1.0703373 0.0000000 1.3744361 0.8545757 0.9913169 0.7945437 0.6872180 0.5933457 0.8239592 0.7389627 1.2588231 1.0703373 1.5111773 1.5901977 0.9913169 0.9547243 
t10        1.2070784 1.5901977 1.6785349 1.5901977 1.0703373 1.3744361 0.0000000 0.9198342 1.1586745 1.1586745 1.1132061 1.2070784 1.0703373 0.8864954 0.9198342 0.9547243 0.6157354 0.6872180 1.1132061 1.0297869 
t1         1.1586745 1.4396946 1.3744361 1.4396946 0.8545757 0.8545757 0.9198342 0.0000000 0.5504769 0.8864954 0.7662384 0.9913169 1.0297869 0.8864954 1.0297869 0.9913169 1.1132061 1.1132061 1.1132061 1.0297869 
t16        1.1586745 1.3144041 2.1983953 1.5901977 0.9547243 0.9913169 1.1586745 0.5504769 0.0000000 1.2588231 0.9547243 1.2588231 1.1132061 0.9198342 1.1132061 0.8545757 1.3144041 1.1586745 1.2070784 1.1586745 
t15        1.1132061 1.3144041 2.1983953 1.8942965 0.9198342 0.7945437 1.1586745 0.8864954 1.2588231 0.0000000 0.5299277 0.5099265 1.1586745 1.1586745 1.3744361 1.2588231 1.3144041 1.4396946 1.2588231 1.2588231 
t9         0.9198342 1.5901977 1.1586745 1.8942965 0.8545757 0.6872180 1.1132061 0.7662384 0.9547243 0.5299277 0.0000000 0.4348639 0.8864954 0.8239592 1.2070784 1.0703373 1.1586745 1.1132061 1.7786835 1.7786835 
t13        1.2588231 1.5901977 1.2588231 1.6785349 1.1132061 0.5933457 1.2070784 0.9913169 1.2588231 0.5099265 0.4348639 0.0000000 0.8239592 0.8864954 1.0703373 1.0297869 1.1132061 1.1586745 1.3144041 1.3144041 
t17        1.4396946 1.4396946 1.6785349 1.8942965 1.4396946 0.8239592 1.0703373 1.0297869 1.1132061 1.1586745 0.8864954 0.8239592 0.0000000 0.2892469 1.3144041 1.3144041 1.1586745 1.2070784 1.1586745 1.0297869 
t11        1.1132061 1.3144041 1.3744361 2.4141569 1.2588231 0.7389627 0.8864954 0.8864954 0.9198342 1.1586745 0.8239592 0.8864954 0.2892469 0.0000000 0.9913169 0.8545757 1.0703373 1.1586745 1.1586745 1.1132061 
t8         1.3144041 1.6785349 2.1983953 2.0310377 1.4396946 1.2588231 0.9198342 1.0297869 1.1132061 1.3744361 1.2070784 1.0703373 1.3144041 0.9913169 0.0000000 0.2326162 1.2070784 1.3744361 1.5111773 1.4396946 
t6         1.0297869 1.3144041 1.8942965 1.7786835 1.0297869 1.0703373 0.9547243 0.9913169 0.8545757 1.2588231 1.0703373 1.0297869 1.3144041 0.8545757 0.2326162 0.0000000 0.9913169 1.1132061 1.3144041 1.2070784 
t18        1.1586745 1.1132061 1.6785349 1.7786835 0.9547243 1.5111773 0.6157354 1.1132061 1.3144041 1.3144041 1.1586745 1.1132061 1.1586745 1.0703373 1.2070784 0.9913169 0.0000000 0.1189538 1.7786835 1.6785349 
t19        1.2588231 1.2588231 1.5901977 2.0310377 0.9547243 1.5901977 0.6872180 1.1132061 1.1586745 1.4396946 1.1132061 1.1586745 1.2070784 1.1586745 1.3744361 1.1132061 0.1189538 0.0000000 1.8942965 1.8942965 
t4         1.0297869 1.3144041 1.6785349 1.3144041 1.1132061 0.9913169 1.1132061 1.1132061 1.2070784 1.2588231 1.7786835 1.3144041 1.1586745 1.1586745 1.5111773 1.3144041 1.7786835 1.8942965 0.0000000 0.0845966 
t14        1.1586745 1.2588231 1.5111773 1.1586745 1.2070784 0.9547243 1.0297869 1.0297869 1.1586745 1.2588231 1.7786835 1.3144041 1.0297869 1.1132061 1.4396946 1.2070784 1.6785349 1.8942965 0.0845966 0.0000000 
