20
t7         0.0000000 1.7786835 9.0000000 2.4141569 3.2381161 1.8942965 9.0000000 2.7182557 9.0000000 3.2381161 9.0000000 2.4141569 2.1983953 2.0310377 9.0000000 9.0000000 1.8942965 9.0000000 1.6785349 1.5901977 
t19        1.7786835 0.0000000 1.3744361 2.7182557 1.8942965 1.0703373 1.4396946 1.7786835 1.6785349 1.5111773 1.6785349 1.4396946 1.4396946 1.1132061 1.6785349 1.4396946 1.2070784 1.2588231 0.9547243 0.9198342 
t10        9.0000000 1.3744361 0.0000000 9.0000000 9.0000000 3.2381161 1.7786835 9.0000000 9.0000000 2.1983953 2.4141569 9.0000000 9.0000000 3.2381161 2.0310377 2.0310377 2.0310377 2.0310377 2.0310377 2.0310377 
t6         2.4141569 2.7182557 9.0000000 0.0000000 0.7662384 0.6626257 1.5901977 1.7786835 0.9547243 0.8864954 0.9198342 1.1586745 1.3144041 0.9198342 0.9198342 0.8864954 0.7945437 1.5901977 0.7389627 0.7945437 
t3         3.2381161 1.8942965 9.0000000 0.7662384 0.0000000 1.0703373 1.7786835 1.8942965 1.7786835 1.7786835 0.9913169 1.5901977 2.1983953 1.2070784 0.8864954 0.8545757 0.9913169 1.4396946 1.1132061 1.0703373 
t20        1.8942965 1.0703373 3.2381161 0.6626257 1.0703373 0.0000000 0.6872180 1.0297869 1.0297869 0.7389627 0.8545757 0.7389627 0.9547243 0.2058276 0.6626257 0.7662384 0.2191023 0.5299277 0.1073256 0.1427653 
t9         9.0000000 1.4396946 1.7786835 1.5901977 1.7786835 0.6872180 0.0000000 0.9198342 1.3144041 1.0297869 1.3144041 0.8864954 0.9913169 1.0703373 1.1586745 1.1586745 0.8864954 1.3144041 0.7126442 0.8239592 
t11        2.7182557 1.7786835 9.0000000 1.7786835 1.8942965 1.0297869 0.9198342 0.0000000 2.7182557 1.5111773 1.0703373 1.7786835 1.8942965 1.4396946 1.2070784 1.2588231 1.3744361 1.8942965 1.2588231 1.2588231 
t4         9.0000000 1.6785349 9.0000000 0.9547243 1.7786835 1.0297869 1.3144041 2.7182557 0.0000000 0.8545757 2.1983953 1.1586745 1.2070784 1.5111773 1.7786835 1.5901977 1.3144041 1.3744361 0.9547243 0.9198342 
t2         3.2381161 1.5111773 2.1983953 0.8864954 1.7786835 0.7389627 1.0297869 1.5111773 0.8545757 0.0000000 1.1586745 1.4396946 1.3744361 0.9547243 1.2070784 1.1586745 0.8864954 1.2070784 0.7389627 0.7126442 
t16        9.0000000 1.6785349 2.4141569 0.9198342 0.9913169 0.8545757 1.3144041 1.0703373 2.1983953 1.1586745 0.0000000 1.5901977 1.5111773 1.1586745 0.3505054 0.3192509 1.1586745 1.7786835 0.9913169 1.0297869 
t18        2.4141569 1.4396946 9.0000000 1.1586745 1.5901977 0.7389627 0.8864954 1.7786835 1.1586745 1.4396946 1.5901977 0.0000000 0.3666350 0.9547243 1.3744361 1.5111773 0.8239592 1.1586745 0.8239592 0.8864954 
t8         2.1983953 1.4396946 9.0000000 1.3144041 2.1983953 0.9547243 0.9913169 1.8942965 1.2070784 1.3744361 1.5111773 0.3666350 0.0000000 1.3144041 1.4396946 1.5901977 1.2588231 1.3744361 0.9913169 1.0703373 
t15        2.0310377 1.1132061 3.2381161 0.9198342 1.2070784 0.2058276 1.0703373 1.4396946 1.5111773 0.9547243 1.1586745 0.9547243 1.3144041 0.0000000 1.0703373 1.1586745 0.3040988 0.6872180 0.2191023 0.2603971 
t14        9.0000000 1.6785349 2.0310377 0.9198342 0.8864954 0.6626257 1.1586745 1.2070784 1.7786835 1.2070784 0.3505054 1.3744361 1.4396946 1.0703373 0.0000000 0.0845966 0.8239592 1.7786835 0.8239592 0.8545757 
t17        9.0000000 1.4396946 2.0310377 0.8864954 0.8545757 0.7662384 1.1586745 1.2588231 1.5901977 1.1586745 0.3192509 1.5111773 1.5901977 1.1586745 0.0845966 0.0000000 0.9547243 1.6785349 0.9198342 0.9547243 
t5         1.8942965 1.2070784 2.0310377 0.7945437 0.9913169 0.2191023 0.8864954 1.3744361 1.3144041 0.8864954 1.1586745 0.8239592 1.2588231 0.3040988 0.8239592 0.9547243 0.0000000 0.5716050 0.2191023 0.2326162 
t13        9.0000000 1.2588231 2.0310377 1.5901977 1.4396946 0.5299277 1.3144041 1.8942965 1.3744361 1.2070784 1.7786835 1.1586745 1.3744361 0.6872180 1.7786835 1.6785349 0.5716050 0.0000000 0.5099265 0.5099265 
t12        1.6785349 0.9547243 2.0310377 0.7389627 1.1132061 0.1073256 0.7126442 1.2588231 0.9547243 0.7389627 0.9913169 0.8239592 0.9913169 0.2191023 0.8239592 0.9198342 0.2191023 0.5099265 0.0000000 0.0411062 
t1         1.5901977 0.9198342 2.0310377 0.7945437 1.0703373 0.1427653 0.8239592 1.2588231 0.9198342 0.7126442 1.0297869 0.8864954 1.0703373 0.2603971 0.8545757 0.9547243 0.2326162 0.5099265 0.0411062 0.0000000 
