20
t12        0.0000000 2.0310377 9.0000000 9.0000000 3.2381161 1.5901977 2.4141569 2.1983953 9.0000000 2.4141569 1.7786835 2.7182557 3.2381161 9.0000000 1.8942965 1.8942965 2.4141569 2.1983953 2.7182557 2.7182557 
t1         2.0310377 0.0000000 1.1132061 1.3144041 2.4141569 1.4396946 3.2381161 1.5901977 1.8942965 0.9913169 1.1132061 1.5111773 1.5111773 1.2588231 1.8942965 2.0310377 1.1586745 1.1586745 1.2588231 1.2588231 
t20        9.0000000 1.1132061 0.0000000 0.7126442 9.0000000 1.3144041 1.5901977 1.2070784 1.6785349 1.1132061 1.2070784 1.3144041 1.3144041 0.8864954 1.7786835 1.8942965 1.0297869 1.0703373 1.0703373 1.0703373 
t13        9.0000000 1.3144041 0.7126442 0.0000000 9.0000000 0.9913169 2.4141569 1.4396946 2.4141569 1.1586745 0.9913169 1.3144041 1.5901977 0.4904449 1.3744361 1.3144041 0.5299277 0.5504769 0.8864954 0.8864954 
t3         3.2381161 2.4141569 9.0000000 9.0000000 0.0000000 2.4141569 1.3144041 1.0703373 9.0000000 2.7182557 3.2381161 2.1983953 2.1983953 2.7182557 1.3144041 1.3144041 3.2381161 9.0000000 3.2381161 3.2381161 
t19        1.5901977 1.4396946 1.3144041 0.9913169 2.4141569 0.0000000 2.7182557 1.7786835 9.0000000 1.5111773 0.9198342 1.1132061 1.1132061 1.0703373 1.4396946 1.5111773 1.1132061 1.1586745 0.8864954 0.8864954 
t16        2.4141569 3.2381161 1.5901977 2.4141569 1.3144041 2.7182557 0.0000000 0.5716050 9.0000000 2.1983953 2.7182557 9.0000000 9.0000000 9.0000000 1.2588231 1.2588231 9.0000000 9.0000000 2.4141569 2.4141569 
t10        2.1983953 1.5901977 1.2070784 1.4396946 1.0703373 1.7786835 0.5716050 0.0000000 2.1983953 1.5901977 1.3744361 1.5901977 1.4396946 1.3744361 0.7945437 0.7945437 1.6785349 1.6785349 1.5111773 1.5111773 
t14        9.0000000 1.8942965 1.6785349 2.4141569 9.0000000 9.0000000 9.0000000 2.1983953 0.0000000 9.0000000 9.0000000 1.8942965 1.7786835 2.0310377 9.0000000 9.0000000 2.1983953 2.4141569 9.0000000 9.0000000 
t6         2.4141569 0.9913169 1.1132061 1.1586745 2.7182557 1.5111773 2.1983953 1.5901977 9.0000000 0.0000000 1.0297869 0.6388142 0.6626257 1.3744361 1.5111773 1.5111773 1.3144041 1.3744361 1.1132061 1.1132061 
t2         1.7786835 1.1132061 1.2070784 0.9913169 3.2381161 0.9198342 2.7182557 1.3744361 9.0000000 1.0297869 0.0000000 0.8864954 0.9198342 1.0703373 1.2588231 1.2588231 1.1586745 1.2070784 0.3666350 0.3666350 
t7         2.7182557 1.5111773 1.3144041 1.3144041 2.1983953 1.1132061 9.0000000 1.5901977 1.8942965 0.6388142 0.8864954 0.0000000 0.1427653 1.4396946 1.6785349 1.6785349 1.5901977 1.6785349 1.2070784 1.2070784 
t8         3.2381161 1.5111773 1.3144041 1.5901977 2.1983953 1.1132061 9.0000000 1.4396946 1.7786835 0.6626257 0.9198342 0.1427653 0.0000000 1.5111773 2.1983953 2.1983953 1.6785349 1.7786835 1.0703373 1.0703373 
t15        9.0000000 1.2588231 0.8864954 0.4904449 2.7182557 1.0703373 9.0000000 1.3744361 2.0310377 1.3744361 1.0703373 1.4396946 1.5111773 0.0000000 1.8942965 2.0310377 0.1427653 0.1549607 1.0703373 1.0703373 
t9         1.8942965 1.8942965 1.7786835 1.3744361 1.3144041 1.4396946 1.2588231 0.7945437 9.0000000 1.5111773 1.2588231 1.6785349 2.1983953 1.8942965 0.0000000 0.0100673 2.0310377 2.1983953 1.2070784 1.2070784 
t18        1.8942965 2.0310377 1.8942965 1.3144041 1.3144041 1.5111773 1.2588231 0.7945437 9.0000000 1.5111773 1.2588231 1.6785349 2.1983953 2.0310377 0.0100673 0.0000000 2.1983953 2.4141569 1.2070784 1.2070784 
t5         2.4141569 1.1586745 1.0297869 0.5299277 3.2381161 1.1132061 9.0000000 1.6785349 2.1983953 1.3144041 1.1586745 1.5901977 1.6785349 0.1427653 2.0310377 2.1983953 0.0000000 0.0100673 1.1132061 1.1132061 
t11        2.1983953 1.1586745 1.0703373 0.5504769 9.0000000 1.1586745 9.0000000 1.6785349 2.4141569 1.3744361 1.2070784 1.6785349 1.7786835 0.1549607 2.1983953 2.4141569 0.0100673 0.0000000 1.1586745 1.1586745 
t4         2.7182557 1.2588231 1.0703373 0.8864954 3.2381161 0.8864954 2.4141569 1.5111773 9.0000000 1.1132061 0.3666350 1.2070784 1.0703373 1.0703373 1.2070784 1.2070784 1.1132061 1.1586745 0.0000000 0.0000010 
t17        2.7182557 1.2588231 1.0703373 0.8864954 3.2381161 0.8864954 2.4141569 1.5111773 9.0000000 1.1132061 0.3666350 1.2070784 1.0703373 1.0703373 1.2070784 1.2070784 1.1132061 1.1586745 0.0000010 0.0000000 
