20
t5         0.0000000 0.3040988 0.7662384 0.9198342 0.7662384 0.8239592 0.8545757 0.8545757 0.8239592 0.5504769 0.9547243 0.7945437 0.6626257 0.6388142 0.7945437 0.8239592 0.5933457 0.5299277 0.6157354 0.6157354 
t6         0.3040988 0.0000000 0.6157354 0.6388142 0.5933457 0.8239592 0.7662384 0.7662384 0.8239592 0.3999739 0.7126442 0.6388142 0.5933457 0.6157354 0.7945437 0.8239592 0.4714565 0.4348639 0.6157354 0.6157354 
t18        0.7662384 0.6157354 0.0000000 0.4348639 0.3666350 0.7662384 0.6388142 0.7662384 0.8545757 0.6626257 0.6388142 0.6157354 0.5504769 0.5504769 0.7126442 0.7662384 0.7389627 0.7662384 0.5099265 0.5099265 
t19        0.9198342 0.6388142 0.4348639 0.0000000 0.4904449 0.8864954 0.8864954 0.7389627 0.8239592 0.7662384 0.7126442 0.6388142 0.5716050 0.6157354 0.8239592 0.8239592 0.7945437 0.7389627 0.5099265 0.5099265 
t2         0.7662384 0.5933457 0.3666350 0.4904449 0.0000000 0.6626257 0.6388142 0.7662384 0.8545757 0.5933457 0.7945437 0.6872180 0.5504769 0.6157354 0.5933457 0.6388142 0.9198342 0.8545757 0.5504769 0.5504769 
t7         0.8239592 0.8239592 0.7662384 0.8864954 0.6626257 0.0000000 0.3040988 0.7945437 0.8239592 0.9913169 1.0297869 0.9913169 0.7662384 0.8239592 0.2892469 0.3192509 1.0703373 0.9913169 0.7389627 0.7389627 
t17        0.8545757 0.7662384 0.6388142 0.8864954 0.6388142 0.3040988 0.0000000 0.7389627 0.6626257 0.8239592 0.9913169 0.8545757 0.7389627 0.6872180 0.1799630 0.2058276 0.9913169 0.9913169 0.6626257 0.6626257 
t13        0.8545757 0.7662384 0.7662384 0.7389627 0.7662384 0.7945437 0.7389627 0.0000000 0.1927838 0.6872180 0.7662384 0.7389627 0.7662384 0.5933457 0.6872180 0.6872180 0.9198342 0.8545757 0.5504769 0.5504769 
t15        0.8239592 0.8239592 0.8545757 0.8239592 0.8545757 0.8239592 0.6626257 0.1927838 0.0000000 0.7662384 0.8239592 0.7389627 0.6872180 0.5504769 0.7662384 0.7126442 0.8864954 0.8545757 0.5504769 0.5504769 
t14        0.5504769 0.3999739 0.6626257 0.7662384 0.5933457 0.9913169 0.8239592 0.6872180 0.7662384 0.0000000 0.8864954 0.8239592 0.5933457 0.5716050 0.7389627 0.7662384 0.3192509 0.2746833 0.6157354 0.6157354 
t11        0.9547243 0.7126442 0.6388142 0.7126442 0.7945437 1.0297869 0.9913169 0.7662384 0.8239592 0.8864954 0.0000000 0.1427653 0.6872180 0.7662384 0.9913169 1.0297869 0.7662384 0.8239592 0.7662384 0.7662384 
t3         0.7945437 0.6388142 0.6157354 0.6388142 0.6872180 0.9913169 0.8545757 0.7389627 0.7389627 0.8239592 0.1427653 0.0000000 0.6157354 0.6626257 0.9198342 0.9547243 0.8239592 0.7662384 0.6388142 0.6388142 
t4         0.6626257 0.5933457 0.5504769 0.5716050 0.5504769 0.7662384 0.7389627 0.7662384 0.6872180 0.5933457 0.6872180 0.6157354 0.0000000 0.1549607 0.7945437 0.8545757 0.8545757 0.7662384 0.3040988 0.3040988 
t1         0.6388142 0.6157354 0.5504769 0.6157354 0.6157354 0.8239592 0.6872180 0.5933457 0.5504769 0.5716050 0.7662384 0.6626257 0.1549607 0.0000000 0.7662384 0.8239592 0.8239592 0.7389627 0.2326162 0.2326162 
t10        0.7945437 0.7945437 0.7126442 0.8239592 0.5933457 0.2892469 0.1799630 0.6872180 0.7662384 0.7389627 0.9913169 0.9198342 0.7945437 0.7662384 0.0000000 0.0202715 1.0297869 0.8545757 0.7126442 0.7126442 
t12        0.8239592 0.8239592 0.7662384 0.8239592 0.6388142 0.3192509 0.2058276 0.6872180 0.7126442 0.7662384 1.0297869 0.9547243 0.8545757 0.8239592 0.0202715 0.0000000 0.9913169 0.8239592 0.7662384 0.7662384 
t9         0.5933457 0.4714565 0.7389627 0.7945437 0.9198342 1.0703373 0.9913169 0.9198342 0.8864954 0.3192509 0.7662384 0.8239592 0.8545757 0.8239592 1.0297869 0.9913169 0.0000000 0.0517447 0.7389627 0.7389627 
t8         0.5299277 0.4348639 0.7662384 0.7389627 0.8545757 0.9913169 0.9913169 0.8545757 0.8545757 0.2746833 0.8239592 0.7662384 0.7662384 0.7389627 0.8545757 0.8239592 0.0517447 0.0000000 0.6872180 0.6872180 
t16        0.6157354 0.6157354 0.5099265 0.5099265 0.5504769 0.7389627 0.6626257 0.5504769 0.5504769 0.6157354 0.7662384 0.6388142 0.3040988 0.2326162 0.7126442 0.7662384 0.7389627 0.6872180 0.0000000 0.0000010 
t20        0.6157354 0.6157354 0.5099265 0.5099265 0.5504769 0.7389627 0.6626257 0.5504769 0.5504769 0.6157354 0.7662384 0.6388142 0.3040988 0.2326162 0.7126442 0.7662384 0.7389627 0.6872180 0.0000010 0.0000000 
