20
t13        0.0000000 2.4141569 1.1132061 0.9198342 0.7945437 0.8864954 1.0703373 0.9198342 1.6785349 1.5901977 2.0310377 0.8864954 1.2070784 1.1132061 0.9198342 1.0297869 1.3144041 1.0703373 1.1586745 1.3144041 
t12        2.4141569 0.0000000 1.4396946 1.6785349 1.3144041 1.5901977 1.7786835 1.2588231 2.4141569 1.6785349 9.0000000 1.8942965 9.0000000 2.4141569 1.8942965 1.6785349 1.5111773 1.3144041 2.1983953 2.1983953 
t17        1.1132061 1.4396946 0.0000000 0.8545757 1.1586745 0.9547243 1.3144041 1.1586745 2.4141569 1.8942965 1.8942965 0.9198342 1.1586745 1.3144041 0.8545757 0.9198342 1.0297869 0.9198342 1.0703373 1.2070784 
t8         0.9198342 1.6785349 0.8545757 0.0000000 0.7389627 0.9547243 1.1132061 0.8864954 2.1983953 1.5901977 9.0000000 0.8239592 1.7786835 1.6785349 0.9913169 1.1132061 0.8864954 0.8864954 0.9913169 1.0703373 
t2         0.7945437 1.3144041 1.1586745 0.7389627 0.0000000 0.5933457 0.7126442 0.5504769 1.6785349 1.4396946 2.7182557 0.8239592 1.5901977 1.5901977 0.7389627 0.8864954 0.7662384 0.6872180 0.8239592 0.9198342 
t9         0.8864954 1.5901977 0.9547243 0.9547243 0.5933457 0.0000000 0.7945437 0.7389627 2.4141569 1.5111773 9.0000000 0.7389627 2.0310377 1.6785349 0.5099265 0.6388142 0.7945437 0.7945437 0.8864954 0.8864954 
t3         1.0703373 1.7786835 1.3144041 1.1132061 0.7126442 0.7945437 0.0000000 0.9913169 1.5111773 2.0310377 9.0000000 0.9913169 3.2381161 1.6785349 0.8864954 1.0297869 1.0703373 0.9547243 0.9913169 1.0297869 
t16        0.9198342 1.2588231 1.1586745 0.8864954 0.5504769 0.7389627 0.9913169 0.0000000 2.4141569 1.3744361 9.0000000 0.8239592 3.2381161 1.7786835 0.8239592 0.8239592 1.0297869 0.9547243 1.1586745 1.2588231 
t6         1.6785349 2.4141569 2.4141569 2.1983953 1.6785349 2.4141569 1.5111773 2.4141569 0.0000000 1.3144041 1.3744361 2.1983953 0.8239592 0.9913169 3.2381161 9.0000000 2.1983953 3.2381161 9.0000000 9.0000000 
t15        1.5901977 1.6785349 1.8942965 1.5901977 1.4396946 1.5111773 2.0310377 1.3744361 1.3144041 0.0000000 1.3144041 1.2588231 1.3744361 1.5111773 2.7182557 1.7786835 1.1586745 1.2588231 1.5901977 1.6785349 
t11        2.0310377 9.0000000 1.8942965 9.0000000 2.7182557 9.0000000 9.0000000 9.0000000 1.3744361 1.3144041 0.0000000 9.0000000 1.3744361 1.5111773 2.4141569 3.2381161 2.0310377 2.4141569 2.4141569 2.7182557 
t4         0.8864954 1.8942965 0.9198342 0.8239592 0.8239592 0.7389627 0.9913169 0.8239592 2.1983953 1.2588231 9.0000000 0.0000000 1.8942965 2.0310377 0.5716050 0.6626257 0.9198342 0.8239592 1.0703373 1.2588231 
t1         1.2070784 9.0000000 1.1586745 1.7786835 1.5901977 2.0310377 3.2381161 3.2381161 0.8239592 1.3744361 1.3744361 1.8942965 0.0000000 0.6388142 3.2381161 3.2381161 1.5901977 1.6785349 2.7182557 3.2381161 
t5         1.1132061 2.4141569 1.3144041 1.6785349 1.5901977 1.6785349 1.6785349 1.7786835 0.9913169 1.5111773 1.5111773 2.0310377 0.6388142 0.0000000 2.0310377 2.1983953 1.6785349 1.5901977 1.6785349 1.8942965 
t20        0.9198342 1.8942965 0.8545757 0.9913169 0.7389627 0.5099265 0.8864954 0.8239592 3.2381161 2.7182557 2.4141569 0.5716050 3.2381161 2.0310377 0.0000000 0.3347153 0.7662384 0.7389627 0.9198342 0.8864954 
t19        1.0297869 1.6785349 0.9198342 1.1132061 0.8864954 0.6388142 1.0297869 0.8239592 9.0000000 1.7786835 3.2381161 0.6626257 3.2381161 2.1983953 0.3347153 0.0000000 0.7945437 0.6872180 0.8864954 0.9198342 
t10        1.3144041 1.5111773 1.0297869 0.8864954 0.7662384 0.7945437 1.0703373 1.0297869 2.1983953 1.1586745 2.0310377 0.9198342 1.5901977 1.6785349 0.7662384 0.7945437 0.0000000 0.1799630 0.3999739 0.3999739 
t18        1.0703373 1.3144041 0.9198342 0.8864954 0.6872180 0.7945437 0.9547243 0.9547243 3.2381161 1.2588231 2.4141569 0.8239592 1.6785349 1.5901977 0.7389627 0.6872180 0.1799630 0.0000000 0.3040988 0.3040988 
t14        1.1586745 2.1983953 1.0703373 0.9913169 0.8239592 0.8864954 0.9913169 1.1586745 9.0000000 1.5901977 2.4141569 1.0703373 2.7182557 1.6785349 0.9198342 0.8864954 0.3999739 0.3040988 0.0000000 0.0411062 
t7         1.3144041 2.1983953 1.2070784 1.0703373 0.9198342 0.8864954 1.0297869 1.2588231 9.0000000 1.6785349 2.7182557 1.2588231 3.2381161 1.8942965 0.8864954 0.9198342 0.3999739 0.3040988 0.0411062 0.0000000 
