20
t13        0.0000000 1.5901977 1.0703373 9.0000000 1.4396946 1.2588231 0.9198342 1.1586745 1.0703373 9.0000000 1.7786835 1.1132061 1.2588231 1.1132061 1.7786835 1.5901977 1.6785349 2.4141569 2.7182557 2.1983953 
t1         1.5901977 0.0000000 1.5111773 2.4141569 1.1586745 1.6785349 0.7945437 1.3744361 1.4396946 1.5901977 1.5901977 1.2588231 1.4396946 1.2588231 1.5111773 1.2070784 1.3744361 1.3744361 1.5901977 1.6785349 
t6         1.0703373 1.5111773 0.0000000 2.1983953 1.1132061 1.0297869 0.6872180 0.8864954 1.2588231 9.0000000 2.1983953 1.5111773 1.5901977 0.7945437 1.0703373 1.1586745 1.4396946 1.4396946 1.4396946 1.5901977 
t18        9.0000000 2.4141569 2.1983953 0.0000000 3.2381161 1.6785349 3.2381161 2.0310377 9.0000000 2.4141569 1.6785349 9.0000000 9.0000000 9.0000000 9.0000000 9.0000000 9.0000000 9.0000000 9.0000000 9.0000000 
t4         1.4396946 1.1586745 1.1132061 3.2381161 0.0000000 0.9198342 0.9913169 1.0703373 0.8239592 1.7786835 1.0703373 0.8545757 1.0703373 0.9913169 1.2588231 1.5901977 1.5111773 1.2588231 1.1586745 1.4396946 
t14        1.2588231 1.6785349 1.0297869 1.6785349 0.9198342 0.0000000 0.8545757 1.2070784 1.1132061 1.5901977 0.7945437 1.0297869 1.0703373 0.9913169 1.2588231 1.3744361 1.1132061 1.1586745 1.1132061 1.3144041 
t7         0.9198342 0.7945437 0.6872180 3.2381161 0.9913169 0.8545757 0.0000000 0.4348639 0.8239592 1.4396946 1.2588231 0.8864954 1.4396946 0.6872180 1.2070784 0.7945437 0.8239592 1.6785349 1.6785349 1.7786835 
t11        1.1586745 1.3744361 0.8864954 2.0310377 1.0703373 1.2070784 0.4348639 0.0000000 0.8864954 1.5111773 1.3744361 1.1586745 2.0310377 0.7945437 1.2588231 1.0297869 1.0703373 2.7182557 2.7182557 2.7182557 
t3         1.0703373 1.4396946 1.2588231 9.0000000 0.8239592 1.1132061 0.8239592 0.8864954 0.0000000 2.4141569 1.3144041 0.4348639 0.8239592 0.9198342 1.5111773 1.4396946 1.5111773 0.8545757 0.8239592 0.9547243 
t20        9.0000000 1.5901977 9.0000000 2.4141569 1.7786835 1.5901977 1.4396946 1.5111773 2.4141569 0.0000000 0.8864954 1.7786835 9.0000000 1.5111773 2.7182557 1.5901977 1.4396946 9.0000000 2.7182557 2.4141569 
t2         1.7786835 1.5901977 2.1983953 1.6785349 1.0703373 0.7945437 1.2588231 1.3744361 1.3144041 0.8864954 0.0000000 1.2588231 1.7786835 1.2070784 2.7182557 2.0310377 1.5111773 1.4396946 1.5111773 1.3744361 
t10        1.1132061 1.2588231 1.5111773 9.0000000 0.8545757 1.0297869 0.8864954 1.1586745 0.4348639 1.7786835 1.2588231 0.0000000 0.3999739 0.8864954 1.4396946 1.3144041 1.3144041 0.5299277 0.5099265 0.6626257 
t8         1.2588231 1.4396946 1.5901977 9.0000000 1.0703373 1.0703373 1.4396946 2.0310377 0.8239592 9.0000000 1.7786835 0.3999739 0.0000000 1.2070784 1.7786835 9.0000000 2.7182557 0.3505054 0.3040988 0.4172160 
t9         1.1132061 1.2588231 0.7945437 9.0000000 0.9913169 0.9913169 0.6872180 0.7945437 0.9198342 1.5111773 1.2070784 0.8864954 1.2070784 0.0000000 0.4172160 1.1132061 1.3744361 1.2070784 1.3144041 1.3744361 
t15        1.7786835 1.5111773 1.0703373 9.0000000 1.2588231 1.2588231 1.2070784 1.2588231 1.5111773 2.7182557 2.7182557 1.4396946 1.7786835 0.4172160 0.0000000 1.3744361 1.4396946 1.6785349 2.0310377 2.4141569 
t16        1.5901977 1.2070784 1.1586745 9.0000000 1.5901977 1.3744361 0.7945437 1.0297869 1.4396946 1.5901977 2.0310377 1.3144041 9.0000000 1.1132061 1.3744361 0.0000000 0.2463781 2.1983953 2.4141569 2.7182557 
t5         1.6785349 1.3744361 1.4396946 9.0000000 1.5111773 1.1132061 0.8239592 1.0703373 1.5111773 1.4396946 1.5111773 1.3144041 2.7182557 1.3744361 1.4396946 0.2463781 0.0000000 2.4141569 2.4141569 2.1983953 
t17        2.4141569 1.3744361 1.4396946 9.0000000 1.2588231 1.1586745 1.6785349 2.7182557 0.8545757 9.0000000 1.4396946 0.5299277 0.3505054 1.2070784 1.6785349 2.1983953 2.4141569 0.0000000 0.0625362 0.1799630 
t19        2.7182557 1.5901977 1.4396946 9.0000000 1.1586745 1.1132061 1.6785349 2.7182557 0.8239592 2.7182557 1.5111773 0.5099265 0.3040988 1.3144041 2.0310377 2.4141569 2.4141569 0.0625362 0.0000000 0.1427653 
t12        2.1983953 1.6785349 1.5901977 9.0000000 1.4396946 1.3144041 1.7786835 2.7182557 0.9547243 2.4141569 1.3744361 0.6626257 0.4172160 1.3744361 2.4141569 2.7182557 2.1983953 0.1799630 0.1427653 0.0000000 
