20
t6         0.0000000 0.6388142 0.7389627 0.6626257 0.6626257 1.0703373 0.7389627 0.5099265 0.6626257 0.5716050 0.5933457 0.9913169 0.9547243 0.7662384 0.6872180 0.7945437 0.7945437 0.7945437 0.8864954 0.8864954 
t9         0.6388142 0.0000000 0.4172160 0.8239592 0.7945437 1.3744361 1.2588231 0.7126442 0.6388142 0.7389627 0.7662384 1.5901977 1.5111773 1.1132061 0.9198342 1.0703373 0.8239592 0.8239592 1.3144041 1.3144041 
t19        0.7389627 0.4172160 0.0000000 0.9198342 0.8545757 1.2588231 0.9913169 0.7126442 0.8545757 0.8545757 0.8239592 1.3744361 1.3144041 0.9547243 0.9547243 1.0703373 0.9547243 0.9547243 1.2070784 1.2070784 
t14        0.6626257 0.8239592 0.9198342 0.0000000 0.1549607 0.6388142 0.6872180 0.5099265 0.6388142 0.7662384 0.8545757 0.6157354 0.6388142 0.9198342 0.5099265 0.5504769 0.8864954 0.8864954 1.2070784 1.2070784 
t13        0.6626257 0.7945437 0.8545757 0.1549607 0.0000000 0.5504769 0.6872180 0.4714565 0.5299277 0.7945437 0.9547243 0.5933457 0.6157354 0.9547243 0.4172160 0.4904449 0.9913169 0.9913169 1.1586745 1.1586745 
t2         1.0703373 1.3744361 1.2588231 0.6388142 0.5504769 0.0000000 0.5716050 0.7945437 0.7389627 1.0297869 1.0703373 0.4714565 0.5504769 1.0297869 0.7389627 0.8545757 1.3744361 1.3744361 1.3144041 1.3144041 
t8         0.7389627 1.2588231 0.9913169 0.6872180 0.6872180 0.5716050 0.0000000 0.8545757 0.9198342 1.0703373 1.2588231 0.5716050 0.5933457 1.1132061 0.8239592 0.9198342 1.1586745 1.1586745 1.2588231 1.2070784 
t15        0.5099265 0.7126442 0.7126442 0.5099265 0.4714565 0.7945437 0.8545757 0.0000000 0.2058276 0.5716050 0.5933457 0.9547243 0.8239592 0.8864954 0.5933457 0.6626257 0.8864954 0.8864954 1.0703373 1.0703373 
t1         0.6626257 0.6388142 0.8545757 0.6388142 0.5299277 0.7389627 0.9198342 0.2058276 0.0000000 0.7389627 0.8239592 0.9913169 0.8864954 0.9547243 0.6626257 0.7389627 0.8239592 0.8239592 1.0703373 1.0703373 
t4         0.5716050 0.7389627 0.8545757 0.7662384 0.7945437 1.0297869 1.0703373 0.5716050 0.7389627 0.0000000 0.1927838 1.2070784 1.3144041 0.9198342 0.8239592 1.0703373 0.6157354 0.6157354 1.0703373 1.0703373 
t10        0.5933457 0.7662384 0.8239592 0.8545757 0.9547243 1.0703373 1.2588231 0.5933457 0.8239592 0.1927838 0.0000000 1.3744361 1.4396946 0.8864954 0.9198342 1.0703373 0.7126442 0.7126442 1.1586745 1.1586745 
t5         0.9913169 1.5901977 1.3744361 0.6157354 0.5933457 0.4714565 0.5716050 0.9547243 0.9913169 1.2070784 1.3744361 0.0000000 0.0845966 1.0703373 0.7662384 0.8545757 1.3144041 1.3144041 1.1132061 1.0703373 
t11        0.9547243 1.5111773 1.3144041 0.6388142 0.6157354 0.5504769 0.5933457 0.8239592 0.8864954 1.3144041 1.4396946 0.0845966 0.0000000 1.2070784 0.7945437 0.8864954 1.3744361 1.3744361 1.1132061 1.0703373 
t16        0.7662384 1.1132061 0.9547243 0.9198342 0.9547243 1.0297869 1.1132061 0.8864954 0.9547243 0.9198342 0.8864954 1.0703373 1.2070784 0.0000000 0.9198342 1.0297869 1.0297869 1.0297869 0.2058276 0.2326162 
t20        0.6872180 0.9198342 0.9547243 0.5099265 0.4172160 0.7389627 0.8239592 0.5933457 0.6626257 0.8239592 0.9198342 0.7662384 0.7945437 0.9198342 0.0000000 0.0734853 1.0297869 1.0297869 1.0703373 1.0703373 
t3         0.7945437 1.0703373 1.0703373 0.5504769 0.4904449 0.8545757 0.9198342 0.6626257 0.7389627 1.0703373 1.0703373 0.8545757 0.8864954 1.0297869 0.0734853 0.0000000 1.2588231 1.2588231 1.2588231 1.2588231 
t17        0.7945437 0.8239592 0.9547243 0.8864954 0.9913169 1.3744361 1.1586745 0.8864954 0.8239592 0.6157354 0.7126442 1.3144041 1.3744361 1.0297869 1.0297869 1.2588231 0.0000000 0.0000010 1.2070784 1.2070784 
t7         0.7945437 0.8239592 0.9547243 0.8864954 0.9913169 1.3744361 1.1586745 0.8864954 0.8239592 0.6157354 0.7126442 1.3144041 1.3744361 1.0297869 1.0297869 1.2588231 0.0000010 0.0000000 1.2070784 1.2070784 
t18        0.8864954 1.3144041 1.2070784 1.2070784 1.1586745 1.3144041 1.2588231 1.0703373 1.0703373 1.0703373 1.1586745 1.1132061 1.1132061 0.2058276 1.0703373 1.2588231 1.2070784 1.2070784 0.0000000 0.0202715 
t12        0.8864954 1.3144041 1.2070784 1.2070784 1.1586745 1.3144041 1.2070784 1.0703373 1.0703373 1.0703373 1.1586745 1.0703373 1.0703373 0.2326162 1.0703373 1.2588231 1.2070784 1.2070784 0.0202715 0.0000000 
