20
t8         0.0000000 0.9198342 1.0297869 1.2588231 0.7126442 1.2070784 3.2381161 0.7389627 0.8545757 1.2588231 1.8942965 9.0000000 9.0000000 1.7786835 1.1132061 0.8864954 2.1983953 2.1983953 1.7786835 1.6785349 
t3         0.9198342 0.0000000 1.2070784 1.3744361 0.8239592 1.0703373 1.1132061 1.3144041 0.9547243 1.6785349 2.4141569 2.4141569 2.1983953 1.5901977 2.1983953 1.5111773 3.2381161 9.0000000 2.7182557 2.7182557 
t19        1.0297869 1.2070784 0.0000000 1.5111773 1.3144041 1.3744361 2.1983953 1.1586745 1.3744361 2.1983953 1.8942965 9.0000000 9.0000000 1.3744361 2.0310377 1.5901977 2.7182557 2.4141569 2.0310377 3.2381161 
t1         1.2588231 1.3744361 1.5111773 0.0000000 1.2588231 1.8942965 9.0000000 1.1586745 1.6785349 1.2070784 1.5111773 2.7182557 2.1983953 1.7786835 1.8942965 2.0310377 9.0000000 9.0000000 1.6785349 1.6785349 
t9         0.7126442 0.8239592 1.3144041 1.2588231 0.0000000 1.0297869 1.8942965 1.0297869 0.8239592 1.1586745 1.6785349 9.0000000 2.0310377 3.2381161 1.3744361 0.9198342 9.0000000 9.0000000 2.4141569 2.4141569 
t10        1.2070784 1.0703373 1.3744361 1.8942965 1.0297869 0.0000000 1.5901977 0.9913169 0.8864954 1.7786835 2.7182557 2.7182557 1.5901977 9.0000000 2.0310377 1.5111773 1.7786835 2.1983953 2.4141569 9.0000000 
t20        3.2381161 1.1132061 2.1983953 9.0000000 1.8942965 1.5901977 0.0000000 1.4396946 1.5901977 9.0000000 9.0000000 2.4141569 9.0000000 9.0000000 2.0310377 2.7182557 9.0000000 9.0000000 9.0000000 9.0000000 
t5         0.7389627 1.3144041 1.1586745 1.1586745 1.0297869 0.9913169 1.4396946 0.0000000 0.7126442 1.7786835 2.1983953 3.2381161 9.0000000 1.7786835 1.1132061 0.7945437 1.5111773 1.6785349 2.1983953 1.6785349 
t12        0.8545757 0.9547243 1.3744361 1.6785349 0.8239592 0.8864954 1.5901977 0.7126442 0.0000000 1.4396946 3.2381161 9.0000000 2.4141569 9.0000000 0.9547243 0.7945437 1.7786835 2.0310377 3.2381161 9.0000000 
t17        1.2588231 1.6785349 2.1983953 1.2070784 1.1586745 1.7786835 9.0000000 1.7786835 1.4396946 0.0000000 0.5504769 9.0000000 1.7786835 9.0000000 3.2381161 1.4396946 9.0000000 9.0000000 9.0000000 9.0000000 
t13        1.8942965 2.4141569 1.8942965 1.5111773 1.6785349 2.7182557 9.0000000 2.1983953 3.2381161 0.5504769 0.0000000 9.0000000 2.7182557 3.2381161 1.7786835 1.7786835 9.0000000 9.0000000 9.0000000 2.7182557 
t15        9.0000000 2.4141569 9.0000000 2.7182557 9.0000000 2.7182557 2.4141569 3.2381161 9.0000000 9.0000000 9.0000000 0.0000000 1.5111773 9.0000000 9.0000000 2.7182557 9.0000000 9.0000000 9.0000000 9.0000000 
t4         9.0000000 2.1983953 9.0000000 2.1983953 2.0310377 1.5901977 9.0000000 9.0000000 2.4141569 1.7786835 2.7182557 1.5111773 0.0000000 9.0000000 2.1983953 2.4141569 9.0000000 9.0000000 3.2381161 9.0000000 
t7         1.7786835 1.5901977 1.3744361 1.7786835 3.2381161 9.0000000 9.0000000 1.7786835 9.0000000 9.0000000 3.2381161 9.0000000 9.0000000 0.0000000 9.0000000 2.7182557 0.9913169 0.9913169 0.6388142 0.7945437 
t2         1.1132061 2.1983953 2.0310377 1.8942965 1.3744361 2.0310377 2.0310377 1.1132061 0.9547243 3.2381161 1.7786835 9.0000000 2.1983953 9.0000000 0.0000000 0.6157354 2.0310377 2.0310377 9.0000000 1.8942965 
t18        0.8864954 1.5111773 1.5901977 2.0310377 0.9198342 1.5111773 2.7182557 0.7945437 0.7945437 1.4396946 1.7786835 2.7182557 2.4141569 2.7182557 0.6157354 0.0000000 2.1983953 2.4141569 2.4141569 2.0310377 
t16        2.1983953 3.2381161 2.7182557 9.0000000 9.0000000 1.7786835 9.0000000 1.5111773 1.7786835 9.0000000 9.0000000 9.0000000 9.0000000 0.9913169 2.0310377 2.1983953 0.0000000 0.0845966 1.1132061 1.1586745 
t11        2.1983953 9.0000000 2.4141569 9.0000000 9.0000000 2.1983953 9.0000000 1.6785349 2.0310377 9.0000000 9.0000000 9.0000000 9.0000000 0.9913169 2.0310377 2.4141569 0.0845966 0.0000000 1.0297869 1.1586745 
t6         1.7786835 2.7182557 2.0310377 1.6785349 2.4141569 2.4141569 9.0000000 2.1983953 3.2381161 9.0000000 9.0000000 9.0000000 3.2381161 0.6388142 9.0000000 2.4141569 1.1132061 1.0297869 0.0000000 0.3040988 
t14        1.6785349 2.7182557 3.2381161 1.6785349 2.4141569 9.0000000 9.0000000 1.6785349 9.0000000 9.0000000 2.7182557 9.0000000 9.0000000 0.7945437 1.8942965 2.0310377 1.1586745 1.1586745 0.3040988 0.0000000 
