20
t12        0.0000000 1.3744361 1.3144041 0.8864954 0.9913169 1.5111773 2.0310377 1.3744361 1.5111773 1.5901977 1.3144041 1.2070784 0.9913169 0.9198342 0.8864954 0.8864954 1.0703373 1.0703373 1.5901977 1.5901977 
t6         1.3744361 0.0000000 0.9547243 0.9547243 1.1586745 0.9913169 1.1132061 0.8239592 1.7786835 1.5111773 0.7389627 0.6626257 1.3744361 1.3744361 1.2588231 1.0297869 0.6388142 0.6388142 1.2070784 1.3144041 
t14        1.3144041 0.9547243 0.0000000 1.4396946 1.5111773 1.2588231 1.3144041 0.8239592 9.0000000 2.1983953 0.8239592 0.7662384 2.1983953 1.5901977 1.5901977 1.1586745 0.8239592 0.8239592 1.1586745 1.1586745 
t20        0.8864954 0.9547243 1.4396946 0.0000000 0.6872180 1.6785349 1.6785349 1.5111773 1.3744361 1.2588231 1.3144041 1.2070784 1.1586745 1.1586745 0.5933457 0.6872180 1.1586745 1.1586745 3.2381161 9.0000000 
t4         0.9913169 1.1586745 1.5111773 0.6872180 0.0000000 1.3144041 1.7786835 1.1132061 2.4141569 1.5111773 1.1132061 0.8864954 1.3144041 1.1586745 0.6388142 0.5933457 0.9547243 0.9547243 2.1983953 2.1983953 
t11        1.5111773 0.9913169 1.2588231 1.6785349 1.3144041 0.0000000 0.8545757 1.0703373 2.1983953 1.6785349 0.9913169 0.9198342 1.4396946 1.2588231 1.6785349 1.3744361 0.8239592 0.8239592 0.9547243 0.9913169 
t3         2.0310377 1.1132061 1.3144041 1.6785349 1.7786835 0.8545757 0.0000000 1.3744361 2.1983953 1.6785349 1.1132061 1.1132061 1.6785349 1.3744361 1.8942965 1.4396946 0.9913169 0.9913169 0.8545757 0.8545757 
t18        1.3744361 0.8239592 0.8239592 1.5111773 1.1132061 1.0703373 1.3744361 0.0000000 2.1983953 1.8942965 0.3831192 0.4529370 1.4396946 1.5111773 1.5901977 1.1132061 0.3999739 0.3999739 1.0703373 1.1586745 
t16        1.5111773 1.7786835 9.0000000 1.3744361 2.4141569 2.1983953 2.1983953 2.1983953 0.0000000 0.3666350 1.8942965 1.8942965 1.1132061 1.4396946 1.7786835 2.7182557 1.6785349 1.6785349 2.0310377 2.1983953 
t2         1.5901977 1.5111773 2.1983953 1.2588231 1.5111773 1.6785349 1.6785349 1.8942965 0.3666350 0.0000000 1.2588231 1.4396946 1.4396946 1.5111773 1.5901977 1.7786835 1.2070784 1.2070784 1.3144041 1.3744361 
t8         1.3144041 0.7389627 0.8239592 1.3144041 1.1132061 0.9913169 1.1132061 0.3831192 1.8942965 1.2588231 0.0000000 0.2746833 1.0703373 1.2588231 0.9913169 0.8239592 0.2892469 0.2892469 1.0703373 1.1586745 
t13        1.2070784 0.6626257 0.7662384 1.2070784 0.8864954 0.9198342 1.1132061 0.4529370 1.8942965 1.4396946 0.2746833 0.0000000 1.2588231 1.2588231 0.9913169 0.9198342 0.3666350 0.3666350 1.0703373 1.1132061 
t5         0.9913169 1.3744361 2.1983953 1.1586745 1.3144041 1.4396946 1.6785349 1.4396946 1.1132061 1.4396946 1.0703373 1.2588231 0.0000000 0.1927838 1.2070784 1.0703373 0.9198342 0.9198342 1.5901977 1.7786835 
t9         0.9198342 1.3744361 1.5901977 1.1586745 1.1586745 1.2588231 1.3744361 1.5111773 1.4396946 1.5111773 1.2588231 1.2588231 0.1927838 0.0000000 1.2588231 1.0297869 0.9198342 0.9198342 1.3744361 1.5111773 
t1         0.8864954 1.2588231 1.5901977 0.5933457 0.6388142 1.6785349 1.8942965 1.5901977 1.7786835 1.5901977 0.9913169 0.9913169 1.2070784 1.2588231 0.0000000 0.2058276 0.9198342 0.9198342 2.4141569 2.7182557 
t15        0.8864954 1.0297869 1.1586745 0.6872180 0.5933457 1.3744361 1.4396946 1.1132061 2.7182557 1.7786835 0.8239592 0.9198342 1.0703373 1.0297869 0.2058276 0.0000000 0.7662384 0.7662384 1.5111773 1.6785349 
t10        1.0703373 0.6388142 0.8239592 1.1586745 0.9547243 0.8239592 0.9913169 0.3999739 1.6785349 1.2070784 0.2892469 0.3666350 0.9198342 0.9198342 0.9198342 0.7662384 0.0000000 0.0000010 0.9547243 1.0297869 
t7         1.0703373 0.6388142 0.8239592 1.1586745 0.9547243 0.8239592 0.9913169 0.3999739 1.6785349 1.2070784 0.2892469 0.3666350 0.9198342 0.9198342 0.9198342 0.7662384 0.0000010 0.0000000 0.9547243 1.0297869 
t19        1.5901977 1.2070784 1.1586745 3.2381161 2.1983953 0.9547243 0.8545757 1.0703373 2.0310377 1.3144041 1.0703373 1.0703373 1.5901977 1.3744361 2.4141569 1.5111773 0.9547243 0.9547243 0.0000000 0.0202715 
t17        1.5901977 1.3144041 1.1586745 9.0000000 2.1983953 0.9913169 0.8545757 1.1586745 2.1983953 1.3744361 1.1586745 1.1132061 1.7786835 1.5111773 2.7182557 1.6785349 1.0297869 1.0297869 0.0202715 0.0000000 
