20
t3         0.0000000 2.1983953 1.3744361 1.5111773 0.7389627 2.0310377 0.7126442 0.7945437 0.5933457 0.6872180 2.7182557 1.2588231 1.3744361 1.1586745 1.7786835 1.8942965 1.0297869 1.2070784 1.3144041 1.2588231 
t20        2.1983953 0.0000000 1.8942965 9.0000000 1.7786835 1.3144041 2.4141569 2.1983953 2.0310377 1.5901977 1.8942965 1.0297869 1.8942965 1.5111773 2.1983953 1.5111773 2.1983953 1.7786835 2.4141569 1.7786835 
t15        1.3744361 1.8942965 0.0000000 9.0000000 1.3744361 1.5901977 1.7786835 1.6785349 1.7786835 1.2588231 9.0000000 1.5111773 1.6785349 2.0310377 2.1983953 1.6785349 1.8942965 1.8942965 9.0000000 9.0000000 
t10        1.5111773 9.0000000 9.0000000 0.0000000 1.4396946 3.2381161 1.2070784 1.3144041 1.1586745 1.3144041 2.4141569 1.5901977 2.4141569 2.0310377 3.2381161 9.0000000 1.4396946 1.5901977 1.5901977 1.7786835 
t6         0.7389627 1.7786835 1.3744361 1.4396946 0.0000000 1.8942965 0.5504769 0.5933457 0.9547243 1.0703373 2.4141569 2.0310377 2.7182557 1.8942965 2.1983953 9.0000000 1.4396946 1.4396946 2.1983953 1.5111773 
t18        2.0310377 1.3144041 1.5901977 3.2381161 1.8942965 0.0000000 9.0000000 9.0000000 2.4141569 2.0310377 2.7182557 1.0297869 1.7786835 1.5901977 1.2070784 1.5111773 9.0000000 9.0000000 2.0310377 1.8942965 
t14        0.7126442 2.4141569 1.7786835 1.2070784 0.5504769 9.0000000 0.0000000 0.2603971 0.7389627 1.0297869 2.4141569 1.4396946 1.7786835 1.4396946 2.4141569 2.0310377 1.3144041 1.7786835 2.0310377 1.3744361 
t17        0.7945437 2.1983953 1.6785349 1.3144041 0.5933457 9.0000000 0.2603971 0.0000000 0.8864954 1.0703373 2.0310377 1.8942965 2.4141569 2.0310377 9.0000000 9.0000000 1.3744361 1.7786835 1.8942965 1.5901977 
t1         0.5933457 2.0310377 1.7786835 1.1586745 0.9547243 2.4141569 0.7389627 0.8864954 0.0000000 0.3505054 3.2381161 1.7786835 1.3744361 1.2070784 2.1983953 1.6785349 0.6388142 0.7126442 1.3744361 1.1586745 
t16        0.6872180 1.5901977 1.2588231 1.3144041 1.0703373 2.0310377 1.0297869 1.0703373 0.3505054 0.0000000 2.1983953 1.6785349 1.4396946 1.2588231 1.7786835 2.4141569 0.4904449 0.5504769 1.5901977 1.3744361 
t13        2.7182557 1.8942965 9.0000000 2.4141569 2.4141569 2.7182557 2.4141569 2.0310377 3.2381161 2.1983953 0.0000000 1.1586745 2.0310377 3.2381161 2.7182557 2.4141569 9.0000000 9.0000000 1.7786835 1.7786835 
t12        1.2588231 1.0297869 1.5111773 1.5901977 2.0310377 1.0297869 1.4396946 1.8942965 1.7786835 1.6785349 1.1586745 0.0000000 1.1132061 1.2588231 2.1983953 1.4396946 9.0000000 3.2381161 1.5111773 1.2588231 
t4         1.3744361 1.8942965 1.6785349 2.4141569 2.7182557 1.7786835 1.7786835 2.4141569 1.3744361 1.4396946 2.0310377 1.1132061 0.0000000 0.2603971 0.9198342 0.8239592 1.5111773 1.4396946 1.3144041 1.1586745 
t11        1.1586745 1.5111773 2.0310377 2.0310377 1.8942965 1.5901977 1.4396946 2.0310377 1.2070784 1.2588231 3.2381161 1.2588231 0.2603971 0.0000000 0.9198342 0.8864954 1.2588231 1.0703373 1.3744361 1.2588231 
t7         1.7786835 2.1983953 2.1983953 3.2381161 2.1983953 1.2070784 2.4141569 9.0000000 2.1983953 1.7786835 2.7182557 2.1983953 0.9198342 0.9198342 0.0000000 0.4172160 3.2381161 1.8942965 2.4141569 3.2381161 
t9         1.8942965 1.5111773 1.6785349 9.0000000 9.0000000 1.5111773 2.0310377 9.0000000 1.6785349 2.4141569 2.4141569 1.4396946 0.8239592 0.8864954 0.4172160 0.0000000 9.0000000 9.0000000 2.0310377 1.8942965 
t19        1.0297869 2.1983953 1.8942965 1.4396946 1.4396946 9.0000000 1.3144041 1.3744361 0.6388142 0.4904449 9.0000000 9.0000000 1.5111773 1.2588231 3.2381161 9.0000000 0.0000000 0.1673577 1.5901977 1.3744361 
t5         1.2070784 1.7786835 1.8942965 1.5901977 1.4396946 9.0000000 1.7786835 1.7786835 0.7126442 0.5504769 9.0000000 3.2381161 1.4396946 1.0703373 1.8942965 9.0000000 0.1673577 0.0000000 2.0310377 1.5901977 
t2         1.3144041 2.4141569 9.0000000 1.5901977 2.1983953 2.0310377 2.0310377 1.8942965 1.3744361 1.5901977 1.7786835 1.5111773 1.3144041 1.3744361 2.4141569 2.0310377 1.5901977 2.0310377 0.0000000 0.1189538 
t8         1.2588231 1.7786835 9.0000000 1.7786835 1.5111773 1.8942965 1.3744361 1.5901977 1.1586745 1.3744361 1.7786835 1.2588231 1.1586745 1.2588231 3.2381161 1.8942965 1.3744361 1.5901977 0.1189538 0.0000000 
