20
t7         0.0000000 0.9198342 1.1586745 1.0297869 0.9913169 1.1132061 0.9198342 0.8864954 0.8239592 0.7389627 0.8545757 1.3144041 1.4396946 1.2070784 1.4396946 1.4396946 1.4396946 1.1132061 1.1132061 1.1132061 
t20        0.9198342 0.0000000 1.1586745 0.6872180 0.9198342 1.2070784 0.6872180 0.8239592 0.7945437 0.9913169 0.8864954 1.2588231 1.3744361 1.2588231 1.3744361 1.6785349 1.5111773 0.9547243 0.9547243 0.9198342 
t12        1.1586745 1.1586745 0.0000000 1.2070784 1.1132061 0.9913169 1.2070784 1.1586745 1.2588231 1.2588231 1.2588231 0.8864954 0.9198342 0.7662384 0.7945437 0.8545757 0.7945437 0.8864954 0.8864954 0.8864954 
t10        1.0297869 0.6872180 1.2070784 0.0000000 1.0297869 1.1132061 0.8864954 0.7126442 0.7389627 0.8239592 0.8864954 1.3744361 1.2070784 1.1132061 1.3144041 1.3744361 1.3144041 1.1132061 1.1132061 1.0297869 
t14        0.9913169 0.9198342 1.1132061 1.0297869 0.0000000 0.5933457 0.9198342 0.7662384 0.8545757 0.8864954 0.8239592 0.7662384 0.8239592 0.7662384 0.9547243 0.9198342 0.8545757 0.6872180 0.6872180 0.6626257 
t3         1.1132061 1.2070784 0.9913169 1.1132061 0.5933457 0.0000000 1.0297869 0.7662384 0.7662384 0.7945437 0.7945437 0.8864954 0.9547243 0.8545757 0.9547243 1.0703373 0.9913169 0.6157354 0.6626257 0.6157354 
t5         0.9198342 0.6872180 1.2070784 0.8864954 0.9198342 1.0297869 0.0000000 0.6626257 0.7662384 0.9547243 0.7662384 1.1132061 1.0703373 0.9547243 1.2070784 1.2588231 1.0297869 0.7389627 0.7945437 0.7662384 
t17        0.8864954 0.8239592 1.1586745 0.7126442 0.7662384 0.7662384 0.6626257 0.0000000 0.1427653 0.3192509 0.2603971 1.2070784 1.1586745 0.9913169 1.1132061 1.0703373 1.1132061 0.7945437 0.8239592 0.8239592 
t8         0.8239592 0.7945437 1.2588231 0.7389627 0.8545757 0.7662384 0.7662384 0.1427653 0.0000000 0.3347153 0.2892469 1.1132061 0.9547243 0.8545757 0.9198342 0.9547243 0.9547243 0.7662384 0.8239592 0.7945437 
t19        0.7389627 0.9913169 1.2588231 0.8239592 0.8864954 0.7945437 0.9547243 0.3192509 0.3347153 0.0000000 0.3040988 1.2070784 1.1132061 0.9913169 1.0297869 1.1586745 1.1132061 0.8239592 0.8545757 0.7945437 
t1         0.8545757 0.8864954 1.2588231 0.8864954 0.8239592 0.7945437 0.7662384 0.2603971 0.2892469 0.3040988 0.0000000 1.1586745 1.1586745 1.1586745 1.2588231 1.2070784 1.1586745 0.8545757 0.9198342 0.8545757 
t11        1.3144041 1.2588231 0.8864954 1.3744361 0.7662384 0.8864954 1.1132061 1.2070784 1.1132061 1.2070784 1.1586745 0.0000000 0.1799630 0.1427653 0.2058276 0.2191023 0.1799630 0.6626257 0.6388142 0.6157354 
t15        1.4396946 1.3744361 0.9198342 1.2070784 0.8239592 0.9547243 1.0703373 1.1586745 0.9547243 1.1132061 1.1586745 0.1799630 0.0000000 0.0845966 0.1673577 0.1549607 0.1073256 0.6626257 0.6626257 0.6388142 
t9         1.2070784 1.2588231 0.7662384 1.1132061 0.7662384 0.8545757 0.9547243 0.9913169 0.8545757 0.9913169 1.1586745 0.1427653 0.0845966 0.0000000 0.0958750 0.1307650 0.0845966 0.5933457 0.5504769 0.5504769 
t16        1.4396946 1.3744361 0.7945437 1.3144041 0.9547243 0.9547243 1.2070784 1.1132061 0.9198342 1.0297869 1.2588231 0.2058276 0.1673577 0.0958750 0.0000000 0.1927838 0.1549607 0.7662384 0.7389627 0.7126442 
t13        1.4396946 1.6785349 0.8545757 1.3744361 0.9198342 1.0703373 1.2588231 1.0703373 0.9547243 1.1586745 1.2070784 0.2191023 0.1549607 0.1307650 0.1927838 0.0000000 0.1549607 0.7662384 0.7389627 0.7126442 
t6         1.4396946 1.5111773 0.7945437 1.3144041 0.8545757 0.9913169 1.0297869 1.1132061 0.9547243 1.1132061 1.1586745 0.1799630 0.1073256 0.0845966 0.1549607 0.1549607 0.0000000 0.6872180 0.6626257 0.6388142 
t4         1.1132061 0.9547243 0.8864954 1.1132061 0.6872180 0.6157354 0.7389627 0.7945437 0.7662384 0.8239592 0.8545757 0.6626257 0.6626257 0.5933457 0.7662384 0.7662384 0.6872180 0.0000000 0.0734853 0.0517447 
t2         1.1132061 0.9547243 0.8864954 1.1132061 0.6872180 0.6626257 0.7945437 0.8239592 0.8239592 0.8545757 0.9198342 0.6388142 0.6626257 0.5504769 0.7389627 0.7389627 0.6626257 0.0734853 0.0000000 0.0202715 
t18        1.1132061 0.9198342 0.8864954 1.0297869 0.6626257 0.6157354 0.7662384 0.8239592 0.7945437 0.7945437 0.8545757 0.6157354 0.6388142 0.5504769 0.7126442 0.7126442 0.6388142 0.0517447 0.0202715 0.0000000 
