20
t3         0.0000000 1.8942965 1.3144041 1.5901977 1.5901977 2.7182557 1.4396946 2.0310377 1.2070784 1.3744361 1.4396946 1.0703373 1.0703373 1.0297869 1.3144041 1.4396946 1.3744361 1.3144041 1.6785349 1.4396946 
t9         1.8942965 0.0000000 1.0703373 1.5901977 2.1983953 1.5111773 1.7786835 1.5901977 1.5901977 1.2588231 1.4396946 1.1132061 1.3144041 1.6785349 1.8942965 1.6785349 1.5901977 1.5901977 1.5901977 1.5901977 
t18        1.3144041 1.0703373 0.0000000 1.8942965 9.0000000 1.4396946 1.2588231 0.9913169 0.7945437 0.7389627 1.2070784 1.3144041 1.2070784 1.1586745 1.0703373 0.9913169 1.5901977 1.3744361 1.6785349 1.7786835 
t1         1.5901977 1.5901977 1.8942965 0.0000000 0.9198342 1.2070784 1.7786835 1.5111773 1.6785349 1.2588231 1.6785349 1.5111773 1.6785349 1.2588231 2.0310377 1.7786835 1.5901977 1.4396946 2.1983953 1.8942965 
t6         1.5901977 2.1983953 9.0000000 0.9198342 0.0000000 2.0310377 1.2588231 1.8942965 1.8942965 2.1983953 2.4141569 2.7182557 9.0000000 2.4141569 1.6785349 1.8942965 9.0000000 2.4141569 9.0000000 9.0000000 
t14        2.7182557 1.5111773 1.4396946 1.2070784 2.0310377 0.0000000 0.8545757 0.7662384 0.7945437 0.7126442 0.7389627 1.5901977 1.8942965 1.6785349 0.7662384 0.9913169 2.0310377 2.0310377 9.0000000 9.0000000 
t7         1.4396946 1.7786835 1.2588231 1.7786835 1.2588231 0.8545757 0.0000000 0.5504769 0.9198342 0.9913169 0.6388142 1.2070784 1.5111773 1.3744361 0.5504769 0.5504769 2.4141569 1.8942965 9.0000000 9.0000000 
t11        2.0310377 1.5901977 0.9913169 1.5111773 1.8942965 0.7662384 0.5504769 0.0000000 0.8239592 0.8239592 0.4904449 1.2070784 1.4396946 1.4396946 0.4348639 0.4348639 2.1983953 2.0310377 2.0310377 2.4141569 
t17        1.2070784 1.5901977 0.7945437 1.6785349 1.8942965 0.7945437 0.9198342 0.8239592 0.0000000 0.4904449 0.7945437 1.2070784 1.2588231 1.3144041 0.8239592 0.7389627 1.4396946 1.2070784 2.7182557 9.0000000 
t19        1.3744361 1.2588231 0.7389627 1.2588231 2.1983953 0.7126442 0.9913169 0.8239592 0.4904449 0.0000000 0.9198342 1.1132061 1.0297869 1.1132061 0.8239592 0.7945437 1.5901977 1.4396946 2.4141569 2.4141569 
t5         1.4396946 1.4396946 1.2070784 1.6785349 2.4141569 0.7389627 0.6388142 0.4904449 0.7945437 0.9198342 0.0000000 1.0297869 1.3744361 1.2588231 0.4529370 0.4904449 1.7786835 1.5901977 2.7182557 2.1983953 
t8         1.0703373 1.1132061 1.3144041 1.5111773 2.7182557 1.5901977 1.2070784 1.2070784 1.2070784 1.1132061 1.0297869 0.0000000 0.2463781 0.2191023 1.3144041 1.4396946 1.5901977 1.5111773 2.4141569 2.7182557 
t2         1.0703373 1.3144041 1.2070784 1.6785349 9.0000000 1.8942965 1.5111773 1.4396946 1.2588231 1.0297869 1.3744361 0.2463781 0.0000000 0.3347153 1.5901977 1.5901977 1.2070784 1.2070784 2.1983953 2.0310377 
t10        1.0297869 1.6785349 1.1586745 1.2588231 2.4141569 1.6785349 1.3744361 1.4396946 1.3144041 1.1132061 1.2588231 0.2191023 0.3347153 0.0000000 1.5901977 1.5901977 1.6785349 1.7786835 2.4141569 2.1983953 
t4         1.3144041 1.8942965 1.0703373 2.0310377 1.6785349 0.7662384 0.5504769 0.4348639 0.8239592 0.8239592 0.4529370 1.3144041 1.5901977 1.5901977 0.0000000 0.2191023 3.2381161 2.7182557 2.4141569 2.4141569 
t20        1.4396946 1.6785349 0.9913169 1.7786835 1.8942965 0.9913169 0.5504769 0.4348639 0.7389627 0.7945437 0.4904449 1.4396946 1.5901977 1.5901977 0.2191023 0.0000000 2.0310377 1.8942965 1.8942965 1.8942965 
t13        1.3744361 1.5901977 1.5901977 1.5901977 9.0000000 2.0310377 2.4141569 2.1983953 1.4396946 1.5901977 1.7786835 1.5901977 1.2070784 1.6785349 3.2381161 2.0310377 0.0000000 0.0958750 1.6785349 1.5901977 
t12        1.3144041 1.5901977 1.3744361 1.4396946 2.4141569 2.0310377 1.8942965 2.0310377 1.2070784 1.4396946 1.5901977 1.5111773 1.2070784 1.7786835 2.7182557 1.8942965 0.0958750 0.0000000 1.7786835 1.6785349 
t15        1.6785349 1.5901977 1.6785349 2.1983953 9.0000000 9.0000000 9.0000000 2.0310377 2.7182557 2.4141569 2.7182557 2.4141569 2.1983953 2.4141569 2.4141569 1.8942965 1.6785349 1.7786835 0.0000000 0.0411062 
t16        1.4396946 1.5901977 1.7786835 1.8942965 9.0000000 9.0000000 9.0000000 2.4141569 9.0000000 2.4141569 2.1983953 2.7182557 2.0310377 2.1983953 2.4141569 1.8942965 1.5901977 1.6785349 0.0411062 0.0000000 
