20
t12        0.0000000 0.7126442 1.0703373 2.0310377 3.2381161 9.0000000 1.6785349 9.0000000 2.0310377 2.1983953 1.3144041 1.5901977 1.8942965 2.1983953 1.0703373 1.4396946 1.7786835 1.8942965 2.7182557 3.2381161 
t14        0.7126442 0.0000000 0.8864954 1.3144041 1.7786835 3.2381161 1.3144041 3.2381161 1.4396946 1.3744361 1.4396946 1.2588231 1.5901977 1.5901977 1.3144041 1.4396946 1.3744361 1.2588231 1.1586745 1.2070784 
t15        1.0703373 0.8864954 0.0000000 1.4396946 2.1983953 9.0000000 2.4141569 2.4141569 1.6785349 1.5111773 9.0000000 3.2381161 1.4396946 1.8942965 1.4396946 1.3744361 1.7786835 1.6785349 2.1983953 2.4141569 
t11        2.0310377 1.3144041 1.4396946 0.0000000 2.0310377 1.4396946 2.1983953 1.1132061 1.0297869 0.7945437 2.1983953 1.7786835 2.7182557 9.0000000 1.5111773 1.5111773 1.2070784 1.2588231 1.6785349 1.6785349 
t13        3.2381161 1.7786835 2.1983953 2.0310377 0.0000000 1.4396946 9.0000000 3.2381161 9.0000000 9.0000000 9.0000000 9.0000000 9.0000000 9.0000000 1.6785349 1.4396946 9.0000000 9.0000000 2.0310377 1.8942965 
t10        9.0000000 3.2381161 9.0000000 1.4396946 1.4396946 0.0000000 9.0000000 1.6785349 2.1983953 2.4141569 3.2381161 2.1983953 3.2381161 9.0000000 2.4141569 1.6785349 2.0310377 1.8942965 9.0000000 9.0000000 
t2         1.6785349 1.3144041 2.4141569 2.1983953 9.0000000 9.0000000 0.0000000 2.1983953 1.8942965 1.5901977 0.3347153 0.3192509 0.9547243 0.9913169 1.2070784 1.2588231 2.4141569 2.4141569 1.3144041 1.3144041 
t3         9.0000000 3.2381161 2.4141569 1.1132061 3.2381161 1.6785349 2.1983953 0.0000000 1.0297869 0.6872180 9.0000000 2.1983953 9.0000000 9.0000000 2.4141569 2.4141569 1.2070784 1.3144041 9.0000000 9.0000000 
t18        2.0310377 1.4396946 1.6785349 1.0297869 9.0000000 2.1983953 1.8942965 1.0297869 0.0000000 0.3999739 2.4141569 2.1983953 1.7786835 2.0310377 2.0310377 2.0310377 1.2070784 1.1132061 2.1983953 2.1983953 
t4         2.1983953 1.3744361 1.5111773 0.7945437 9.0000000 2.4141569 1.5901977 0.6872180 0.3999739 0.0000000 2.4141569 1.5111773 1.8942965 2.1983953 1.5111773 1.6785349 0.9547243 0.9198342 1.7786835 1.7786835 
t16        1.3144041 1.4396946 9.0000000 2.1983953 9.0000000 3.2381161 0.3347153 9.0000000 2.4141569 2.4141569 0.0000000 0.1799630 0.9198342 1.0703373 1.4396946 1.7786835 2.7182557 2.7182557 1.5901977 1.6785349 
t20        1.5901977 1.2588231 3.2381161 1.7786835 9.0000000 2.1983953 0.3192509 2.1983953 2.1983953 1.5111773 0.1799630 0.0000000 0.7945437 0.8864954 1.4396946 1.3744361 2.7182557 2.7182557 1.3744361 1.3744361 
t6         1.8942965 1.5901977 1.4396946 2.7182557 9.0000000 3.2381161 0.9547243 9.0000000 1.7786835 1.8942965 0.9198342 0.7945437 0.0000000 0.1427653 1.3744361 1.5111773 1.6785349 1.5901977 9.0000000 9.0000000 
t17        2.1983953 1.5901977 1.8942965 9.0000000 9.0000000 9.0000000 0.9913169 9.0000000 2.0310377 2.1983953 1.0703373 0.8864954 0.1427653 0.0000000 2.0310377 2.1983953 2.0310377 1.8942965 3.2381161 3.2381161 
t1         1.0703373 1.3144041 1.4396946 1.5111773 1.6785349 2.4141569 1.2070784 2.4141569 2.0310377 1.5111773 1.4396946 1.4396946 1.3744361 2.0310377 0.0000000 0.1307650 1.5901977 1.5111773 1.3744361 1.4396946 
t8         1.4396946 1.4396946 1.3744361 1.5111773 1.4396946 1.6785349 1.2588231 2.4141569 2.0310377 1.6785349 1.7786835 1.3744361 1.5111773 2.1983953 0.1307650 0.0000000 1.5901977 1.5111773 1.4396946 1.5111773 
t5         1.7786835 1.3744361 1.7786835 1.2070784 9.0000000 2.0310377 2.4141569 1.2070784 1.2070784 0.9547243 2.7182557 2.7182557 1.6785349 2.0310377 1.5901977 1.5901977 0.0000000 0.0411062 1.4396946 1.5111773 
t7         1.8942965 1.2588231 1.6785349 1.2588231 9.0000000 1.8942965 2.4141569 1.3144041 1.1132061 0.9198342 2.7182557 2.7182557 1.5901977 1.8942965 1.5111773 1.5111773 0.0411062 0.0000000 1.3744361 1.4396946 
t19        2.7182557 1.1586745 2.1983953 1.6785349 2.0310377 9.0000000 1.3144041 9.0000000 2.1983953 1.7786835 1.5901977 1.3744361 9.0000000 3.2381161 1.3744361 1.4396946 1.4396946 1.3744361 0.0000000 0.0100673 
t9         3.2381161 1.2070784 2.4141569 1.6785349 1.8942965 9.0000000 1.3144041 9.0000000 2.1983953 1.7786835 1.6785349 1.3744361 9.0000000 3.2381161 1.4396946 1.5111773 1.5111773 1.4396946 0.0100673 0.0000000 
