20
t9         0.0000000 0.7945437 0.8545757 0.7662384 1.5901977 0.9913169 1.2588231 0.9198342 0.9913169 0.8864954 0.8239592 0.9198342 0.7126442 0.8239592 1.0703373 1.1132061 0.7662384 1.0297869 1.1132061 1.0297869 
t3         0.7945437 0.0000000 0.2746833 0.5099265 1.3744361 0.7126442 0.7389627 0.4904449 0.4904449 0.4904449 0.5716050 0.7945437 0.5933457 0.6626257 0.7945437 0.8864954 0.4714565 0.5933457 0.5099265 0.5099265 
t6         0.8545757 0.2746833 0.0000000 0.4348639 1.0703373 0.6626257 0.7945437 0.4172160 0.4348639 0.4714565 0.5933457 0.9198342 0.6626257 0.6626257 0.7389627 0.9198342 0.5299277 0.6157354 0.5933457 0.5299277 
t20        0.7662384 0.5099265 0.4348639 0.0000000 0.9913169 0.5933457 0.5504769 0.4172160 0.3831192 0.3831192 0.5933457 0.9547243 0.7126442 0.6157354 0.6388142 0.8864954 0.4529370 0.5933457 0.4714565 0.4348639 
t17        1.5901977 1.3744361 1.0703373 0.9913169 0.0000000 0.9547243 1.5111773 1.4396946 1.1586745 1.2070784 0.9913169 1.5901977 1.6785349 0.9547243 1.2588231 1.3144041 1.1132061 1.2070784 1.3744361 1.2070784 
t11        0.9913169 0.7126442 0.6626257 0.5933457 0.9547243 0.0000000 1.0297869 0.9547243 0.8239592 0.7662384 0.4904449 0.9198342 0.8239592 0.5504769 0.6626257 0.6626257 0.9198342 1.0703373 0.9547243 0.8545757 
t16        1.2588231 0.7389627 0.7945437 0.5504769 1.5111773 1.0297869 0.0000000 0.6626257 0.6388142 0.5504769 0.7945437 1.0703373 1.2588231 1.0297869 0.9198342 1.2070784 0.6872180 0.8864954 0.5716050 0.5099265 
t8         0.9198342 0.4904449 0.4172160 0.4172160 1.4396946 0.9547243 0.6626257 0.0000000 0.3666350 0.3347153 0.6388142 1.3144041 0.9198342 0.8239592 0.7126442 0.9198342 0.5504769 0.5933457 0.4529370 0.3831192 
t7         0.9913169 0.4904449 0.4348639 0.3831192 1.1586745 0.8239592 0.6388142 0.3666350 0.0000000 0.3831192 0.6626257 1.1132061 0.7945437 0.6872180 0.7662384 0.9198342 0.5933457 0.6872180 0.4348639 0.3666350 
t19        0.8864954 0.4904449 0.4714565 0.3831192 1.2070784 0.7662384 0.5504769 0.3347153 0.3831192 0.0000000 0.6872180 1.2588231 0.8864954 0.7389627 0.9198342 1.0297869 0.5099265 0.5504769 0.4172160 0.3831192 
t4         0.8239592 0.5716050 0.5933457 0.5933457 0.9913169 0.4904449 0.7945437 0.6388142 0.6626257 0.6872180 0.0000000 0.8545757 0.6626257 0.3192509 0.3831192 0.3505054 0.7126442 0.8545757 0.7945437 0.7662384 
t10        0.9198342 0.7945437 0.9198342 0.9547243 1.5901977 0.9198342 1.0703373 1.3144041 1.1132061 1.2588231 0.8545757 0.0000000 0.3040988 0.9198342 1.1586745 1.1586745 1.0703373 1.3144041 1.3744361 1.1586745 
t15        0.7126442 0.5933457 0.6626257 0.7126442 1.6785349 0.8239592 1.2588231 0.9198342 0.7945437 0.8864954 0.6626257 0.3040988 0.0000000 0.6872180 0.7945437 0.7945437 0.7945437 0.9547243 0.8239592 0.7662384 
t12        0.8239592 0.6626257 0.6626257 0.6157354 0.9547243 0.5504769 1.0297869 0.8239592 0.6872180 0.7389627 0.3192509 0.9198342 0.6872180 0.0000000 0.3831192 0.3192509 0.7389627 0.9198342 0.7662384 0.7945437 
t5         1.0703373 0.7945437 0.7389627 0.6388142 1.2588231 0.6626257 0.9198342 0.7126442 0.7662384 0.9198342 0.3831192 1.1586745 0.7945437 0.3831192 0.0000000 0.3666350 0.8864954 0.9198342 0.8239592 0.7945437 
t2         1.1132061 0.8864954 0.9198342 0.8864954 1.3144041 0.6626257 1.2070784 0.9198342 0.9198342 1.0297869 0.3505054 1.1586745 0.7945437 0.3192509 0.3666350 0.0000000 0.9198342 1.0297869 0.9198342 0.8864954 
t13        0.7662384 0.4714565 0.5299277 0.4529370 1.1132061 0.9198342 0.6872180 0.5504769 0.5933457 0.5099265 0.7126442 1.0703373 0.7945437 0.7389627 0.8864954 0.9198342 0.0000000 0.2463781 0.5504769 0.5299277 
t1         1.0297869 0.5933457 0.6157354 0.5933457 1.2070784 1.0703373 0.8864954 0.5933457 0.6872180 0.5504769 0.8545757 1.3144041 0.9547243 0.9198342 0.9198342 1.0297869 0.2463781 0.0000000 0.7662384 0.6626257 
t14        1.1132061 0.5099265 0.5933457 0.4714565 1.3744361 0.9547243 0.5716050 0.4529370 0.4348639 0.4172160 0.7945437 1.3744361 0.8239592 0.7662384 0.8239592 0.9198342 0.5504769 0.7662384 0.0000000 0.0845966 
t18        1.0297869 0.5099265 0.5299277 0.4348639 1.2070784 0.8545757 0.5099265 0.3831192 0.3666350 0.3831192 0.7662384 1.1586745 0.7662384 0.7945437 0.7945437 0.8864954 0.5299277 0.6626257 0.0845966 0.0000000 
