20
t17        0.0000000 2.0310377 2.4141569 1.7786835 2.0310377 1.7786835 1.7786835 2.1983953 3.2381161 2.0310377 2.7182557 2.4141569 3.2381161 1.7786835 2.0310377 2.1983953 9.0000000 2.4141569 1.7786835 1.6785349 
t9         2.0310377 0.0000000 1.0297869 1.4396946 1.5901977 1.5111773 1.1586745 1.0703373 0.6388142 1.4396946 1.5111773 3.2381161 2.7182557 0.6626257 0.6872180 0.6872180 1.3744361 1.7786835 1.0297869 0.9913169 
t6         2.4141569 1.0297869 0.0000000 1.0297869 1.5901977 1.8942965 1.2588231 2.0310377 1.2588231 1.0703373 1.0297869 2.1983953 2.1983953 1.5111773 1.5111773 1.2588231 1.8942965 1.4396946 1.0703373 1.1132061 
t19        1.7786835 1.4396946 1.0297869 0.0000000 0.8545757 1.3744361 1.4396946 1.3744361 1.2588231 1.1132061 1.1132061 2.1983953 9.0000000 1.0703373 1.1132061 0.9547243 1.4396946 1.0297869 0.9198342 0.9547243 
t2         2.0310377 1.5901977 1.5901977 0.8545757 0.0000000 2.1983953 2.1983953 1.6785349 1.7786835 1.5111773 1.6785349 9.0000000 9.0000000 1.5901977 1.5901977 1.8942965 2.1983953 1.3744361 1.7786835 1.8942965 
t16        1.7786835 1.5111773 1.8942965 1.3744361 2.1983953 0.0000000 0.4714565 2.1983953 2.0310377 1.5901977 2.0310377 9.0000000 9.0000000 1.2070784 1.5111773 1.2588231 9.0000000 2.7182557 1.0703373 1.0703373 
t12        1.7786835 1.1586745 1.2588231 1.4396946 2.1983953 0.4714565 0.0000000 9.0000000 2.1983953 1.8942965 2.1983953 9.0000000 9.0000000 0.9913169 0.9547243 1.0703373 1.7786835 2.1983953 1.0297869 0.9198342 
t20        2.1983953 1.0703373 2.0310377 1.3744361 1.6785349 2.1983953 9.0000000 0.0000000 0.3999739 1.5901977 1.4396946 9.0000000 9.0000000 0.8239592 0.8545757 0.8864954 1.5901977 2.4141569 1.1132061 1.0297869 
t10        3.2381161 0.6388142 1.2588231 1.2588231 1.7786835 2.0310377 2.1983953 0.3999739 0.0000000 1.3144041 1.3144041 3.2381161 9.0000000 0.5933457 0.6157354 0.5716050 1.4396946 1.7786835 0.9913169 0.9913169 
t3         2.0310377 1.4396946 1.0703373 1.1132061 1.5111773 1.5901977 1.8942965 1.5901977 1.3144041 0.0000000 0.2603971 2.0310377 2.7182557 1.2588231 1.2588231 1.1132061 0.8239592 0.9198342 1.1132061 1.1586745 
t11        2.7182557 1.5111773 1.0297869 1.1132061 1.6785349 2.0310377 2.1983953 1.4396946 1.3144041 0.2603971 0.0000000 2.0310377 1.8942965 1.1586745 1.1586745 1.1586745 0.7389627 0.6872180 1.1586745 1.1132061 
t7         2.4141569 3.2381161 2.1983953 2.1983953 9.0000000 9.0000000 9.0000000 9.0000000 3.2381161 2.0310377 2.0310377 0.0000000 0.2746833 2.0310377 1.8942965 9.0000000 9.0000000 3.2381161 2.1983953 2.0310377 
t18        3.2381161 2.7182557 2.1983953 9.0000000 9.0000000 9.0000000 9.0000000 9.0000000 9.0000000 2.7182557 1.8942965 0.2746833 0.0000000 2.0310377 2.4141569 9.0000000 9.0000000 2.7182557 9.0000000 3.2381161 
t14        1.7786835 0.6626257 1.5111773 1.0703373 1.5901977 1.2070784 0.9913169 0.8239592 0.5933457 1.2588231 1.1586745 2.0310377 2.0310377 0.0000000 0.2746833 0.3040988 1.7786835 1.5901977 0.9198342 0.9913169 
t13        2.0310377 0.6872180 1.5111773 1.1132061 1.5901977 1.5111773 0.9547243 0.8545757 0.6157354 1.2588231 1.1586745 1.8942965 2.4141569 0.2746833 0.0000000 0.3666350 1.3744361 1.4396946 0.8864954 0.9547243 
t4         2.1983953 0.6872180 1.2588231 0.9547243 1.8942965 1.2588231 1.0703373 0.8864954 0.5716050 1.1132061 1.1586745 9.0000000 9.0000000 0.3040988 0.3666350 0.0000000 1.2070784 1.1132061 0.9198342 0.9198342 
t15        9.0000000 1.3744361 1.8942965 1.4396946 2.1983953 9.0000000 1.7786835 1.5901977 1.4396946 0.8239592 0.7389627 9.0000000 9.0000000 1.7786835 1.3744361 1.2070784 0.0000000 0.4172160 1.2070784 1.2070784 
t8         2.4141569 1.7786835 1.4396946 1.0297869 1.3744361 2.7182557 2.1983953 2.4141569 1.7786835 0.9198342 0.6872180 3.2381161 2.7182557 1.5901977 1.4396946 1.1132061 0.4172160 0.0000000 1.5901977 1.6785349 
t1         1.7786835 1.0297869 1.0703373 0.9198342 1.7786835 1.0703373 1.0297869 1.1132061 0.9913169 1.1132061 1.1586745 2.1983953 9.0000000 0.9198342 0.8864954 0.9198342 1.2070784 1.5901977 0.0000000 0.0845966 
t5         1.6785349 0.9913169 1.1132061 0.9547243 1.8942965 1.0703373 0.9198342 1.0297869 0.9913169 1.1586745 1.1132061 2.0310377 3.2381161 0.9913169 0.9547243 0.9198342 1.2070784 1.6785349 0.0845966 0.0000000 
