20
t13        0.0000000 0.3831192 0.4529370 0.5099265 1.0703373 0.2746833 0.5299277 0.3999739 0.3999739 0.4904449 0.3666350 0.2191023 0.6388142 0.5099265 0.2603971 0.2463781 0.7126442 0.7389627 0.6157354 0.6388142 
t18        0.3831192 0.0000000 0.4172160 0.4529370 0.9547243 0.4172160 0.6872180 0.4172160 0.4172160 0.6157354 0.5504769 0.3505054 0.7945437 0.7389627 0.3040988 0.2892469 0.7945437 0.8239592 0.8864954 0.8545757 
t6         0.4529370 0.4172160 0.0000000 0.5933457 0.9198342 0.5099265 0.8239592 0.3999739 0.3505054 0.5716050 0.5299277 0.4172160 0.8239592 0.7662384 0.3192509 0.2746833 0.7945437 0.8239592 0.8864954 0.8545757 
t1         0.5099265 0.4529370 0.5933457 0.0000000 0.7126442 0.4904449 1.0297869 0.4529370 0.5299277 0.6157354 0.6157354 0.4172160 0.7126442 0.7662384 0.4172160 0.3831192 0.9913169 1.0297869 0.8545757 0.8545757 
t11        1.0703373 0.9547243 0.9198342 0.7126442 0.0000000 0.9913169 1.4396946 0.9913169 1.1132061 0.9547243 0.9547243 0.8864954 1.5111773 1.3744361 0.8545757 0.7945437 1.4396946 1.4396946 1.3144041 1.3144041 
t9         0.2746833 0.4172160 0.5099265 0.4904449 0.9913169 0.0000000 0.5716050 0.5099265 0.4529370 0.4529370 0.4172160 0.2892469 0.6872180 0.5933457 0.2463781 0.2603971 0.8545757 0.8864954 0.7126442 0.7389627 
t16        0.5299277 0.6872180 0.8239592 1.0297869 1.4396946 0.5716050 0.0000000 0.8545757 0.8239592 0.8545757 0.7126442 0.6157354 0.9198342 0.7945437 0.6872180 0.6626257 1.2588231 1.3144041 1.1586745 1.1132061 
t8         0.3999739 0.4172160 0.3999739 0.4529370 0.9913169 0.5099265 0.8545757 0.0000000 0.1549607 0.6157354 0.5299277 0.2892469 0.7126442 0.7126442 0.2892469 0.2746833 0.5933457 0.6157354 0.8239592 0.8545757 
t15        0.3999739 0.4172160 0.3505054 0.5299277 1.1132061 0.4529370 0.8239592 0.1549607 0.0000000 0.5716050 0.5099265 0.3040988 0.7662384 0.7126442 0.2892469 0.2746833 0.5933457 0.6157354 0.7945437 0.8239592 
t5         0.4904449 0.6157354 0.5716050 0.6157354 0.9547243 0.4529370 0.8545757 0.6157354 0.5716050 0.0000000 0.5299277 0.3999739 0.5299277 0.4904449 0.4348639 0.3999739 0.9913169 1.0297869 0.8239592 0.8545757 
t4         0.3666350 0.5504769 0.5299277 0.6157354 0.9547243 0.4172160 0.7126442 0.5299277 0.5099265 0.5299277 0.0000000 0.1799630 0.6626257 0.5716050 0.3831192 0.3505054 0.8239592 0.8545757 0.5933457 0.6157354 
t2         0.2191023 0.3505054 0.4172160 0.4172160 0.8864954 0.2892469 0.6157354 0.2892469 0.3040988 0.3999739 0.1799630 0.0000000 0.5504769 0.4529370 0.2326162 0.2058276 0.6626257 0.6872180 0.6157354 0.6388142 
t12        0.6388142 0.7945437 0.8239592 0.7126442 1.5111773 0.6872180 0.9198342 0.7126442 0.7662384 0.5299277 0.6626257 0.5504769 0.0000000 0.1073256 0.6388142 0.6157354 1.0297869 1.0703373 0.9913169 1.0297869 
t10        0.5099265 0.7389627 0.7662384 0.7662384 1.3744361 0.5933457 0.7945437 0.7126442 0.7126442 0.4904449 0.5716050 0.4529370 0.1073256 0.0000000 0.5933457 0.5716050 0.9198342 0.9547243 0.7945437 0.8239592 
t14        0.2603971 0.3040988 0.3192509 0.4172160 0.8545757 0.2463781 0.6872180 0.2892469 0.2892469 0.4348639 0.3831192 0.2326162 0.6388142 0.5933457 0.0000000 0.0306165 0.5299277 0.5504769 0.6388142 0.6626257 
t20        0.2463781 0.2892469 0.2746833 0.3831192 0.7945437 0.2603971 0.6626257 0.2746833 0.2746833 0.3999739 0.3505054 0.2058276 0.6157354 0.5716050 0.0306165 0.0000000 0.5099265 0.5299277 0.6626257 0.6872180 
t7         0.7126442 0.7945437 0.7945437 0.9913169 1.4396946 0.8545757 1.2588231 0.5933457 0.5933457 0.9913169 0.8239592 0.6626257 1.0297869 0.9198342 0.5299277 0.5099265 0.0000000 0.0202715 1.3744361 1.3744361 
t3         0.7389627 0.8239592 0.8239592 1.0297869 1.4396946 0.8864954 1.3144041 0.6157354 0.6157354 1.0297869 0.8545757 0.6872180 1.0703373 0.9547243 0.5504769 0.5299277 0.0202715 0.0000000 1.4396946 1.4396946 
t19        0.6157354 0.8864954 0.8864954 0.8545757 1.3144041 0.7126442 1.1586745 0.8239592 0.7945437 0.8239592 0.5933457 0.6157354 0.9913169 0.7945437 0.6388142 0.6626257 1.3744361 1.4396946 0.0000000 0.0100673 
t17        0.6388142 0.8545757 0.8545757 0.8545757 1.3144041 0.7389627 1.1132061 0.8545757 0.8239592 0.8545757 0.6157354 0.6388142 1.0297869 0.8239592 0.6626257 0.6872180 1.3744361 1.4396946 0.0100673 0.0000000 
