20
t4         0.0000000 0.8239592 0.9913169 1.3144041 0.9913169 0.9547243 0.9198342 1.3744361 1.0297869 1.0703373 1.2070784 1.0297869 1.0297869 1.1132061 1.7786835 2.0310377 1.3744361 1.5111773 0.9913169 0.9913169 
t13        0.8239592 0.0000000 0.9913169 1.2588231 1.4396946 1.0297869 0.8239592 1.2588231 1.1132061 1.2070784 1.2070784 0.8545757 0.9198342 0.8239592 2.0310377 1.8942965 1.2070784 1.3144041 0.6626257 0.7126442 
t9         0.9913169 0.9913169 0.0000000 1.4396946 1.0297869 1.1586745 0.8864954 1.2588231 0.9547243 0.9198342 1.3744361 0.7945437 0.8545757 0.8864954 2.0310377 1.8942965 2.7182557 9.0000000 0.7126442 0.7126442 
t6         1.3144041 1.2588231 1.4396946 0.0000000 2.0310377 1.4396946 1.6785349 2.0310377 1.7786835 2.0310377 2.4141569 1.7786835 1.5111773 2.0310377 2.1983953 2.0310377 2.1983953 2.0310377 1.5901977 1.6785349 
t2         0.9913169 1.4396946 1.0297869 2.0310377 0.0000000 0.9913169 1.2588231 1.4396946 1.3744361 1.2588231 1.7786835 1.3744361 1.3144041 1.3144041 1.6785349 1.6785349 3.2381161 9.0000000 1.2070784 1.2588231 
t5         0.9547243 1.0297869 1.1586745 1.4396946 0.9913169 0.0000000 1.0703373 1.5111773 1.3744361 1.3744361 1.6785349 1.3744361 1.2588231 1.1586745 1.2070784 1.2070784 2.1983953 2.1983953 0.9913169 0.9547243 
t14        0.9198342 0.8239592 0.8864954 1.6785349 1.2588231 1.0703373 0.0000000 1.1132061 0.5504769 0.7945437 0.8545757 0.4529370 0.5504769 0.4348639 1.2588231 1.1586745 1.8942965 2.1983953 0.3831192 0.3831192 
t10        1.3744361 1.2588231 1.2588231 2.0310377 1.4396946 1.5111773 1.1132061 0.0000000 1.4396946 0.5099265 0.9198342 1.2070784 1.2070784 1.3744361 1.6785349 1.6785349 3.2381161 9.0000000 1.2070784 1.2070784 
t15        1.0297869 1.1132061 0.9547243 1.7786835 1.3744361 1.3744361 0.5504769 1.4396946 0.0000000 1.5901977 1.5901977 0.4529370 0.5716050 0.3666350 1.3744361 1.5901977 2.7182557 3.2381161 0.3999739 0.4172160 
t8         1.0703373 1.2070784 0.9198342 2.0310377 1.2588231 1.3744361 0.7945437 0.5099265 1.5901977 0.0000000 0.3999739 0.9547243 0.8864954 1.0703373 3.2381161 2.7182557 2.4141569 2.7182557 0.9547243 0.9547243 
t16        1.2070784 1.2070784 1.3744361 2.4141569 1.7786835 1.6785349 0.8545757 0.9198342 1.5901977 0.3999739 0.0000000 1.0703373 0.9913169 1.1132061 2.4141569 2.0310377 2.1983953 2.0310377 0.9547243 0.9547243 
t18        1.0297869 0.8545757 0.7945437 1.7786835 1.3744361 1.3744361 0.4529370 1.2070784 0.4529370 0.9547243 1.0703373 0.0000000 0.3192509 0.2191023 1.4396946 1.3144041 1.5901977 1.8942965 0.1927838 0.1927838 
t12        1.0297869 0.9198342 0.8545757 1.5111773 1.3144041 1.2588231 0.5504769 1.2070784 0.5716050 0.8864954 0.9913169 0.3192509 0.0000000 0.3040988 1.7786835 1.4396946 2.1983953 3.2381161 0.2746833 0.2746833 
t7         1.1132061 0.8239592 0.8864954 2.0310377 1.3144041 1.1586745 0.4348639 1.3744361 0.3666350 1.0703373 1.1132061 0.2191023 0.3040988 0.0000000 1.8942965 1.5901977 2.1983953 3.2381161 0.1427653 0.1549607 
t19        1.7786835 2.0310377 2.0310377 2.1983953 1.6785349 1.2070784 1.2588231 1.6785349 1.3744361 3.2381161 2.4141569 1.4396946 1.7786835 1.8942965 0.0000000 0.1189538 1.8942965 2.0310377 1.5111773 1.5901977 
t17        2.0310377 1.8942965 1.8942965 2.0310377 1.6785349 1.2070784 1.1586745 1.6785349 1.5901977 2.7182557 2.0310377 1.3144041 1.4396946 1.5901977 0.1189538 0.0000000 1.7786835 1.8942965 1.3744361 1.4396946 
t11        1.3744361 1.2070784 2.7182557 2.1983953 3.2381161 2.1983953 1.8942965 3.2381161 2.7182557 2.4141569 2.1983953 1.5901977 2.1983953 2.1983953 1.8942965 1.7786835 0.0000000 0.0306165 2.1983953 2.1983953 
t1         1.5111773 1.3144041 9.0000000 2.0310377 9.0000000 2.1983953 2.1983953 9.0000000 3.2381161 2.7182557 2.0310377 1.8942965 3.2381161 3.2381161 2.0310377 1.8942965 0.0306165 0.0000000 3.2381161 3.2381161 
t20        0.9913169 0.6626257 0.7126442 1.5901977 1.2070784 0.9913169 0.3831192 1.2070784 0.3999739 0.9547243 0.9547243 0.1927838 0.2746833 0.1427653 1.5111773 1.3744361 2.1983953 3.2381161 0.0000000 0.0202715 
t3         0.9913169 0.7126442 0.7126442 1.6785349 1.2588231 0.9547243 0.3831192 1.2070784 0.4172160 0.9547243 0.9547243 0.1927838 0.2746833 0.1549607 1.5901977 1.4396946 2.1983953 3.2381161 0.0202715 0.0000000 
