20
t14        0.0000000 0.9547243 1.2588231 1.1586745 1.8942965 0.6872180 0.7389627 0.6872180 0.8545757 0.6626257 0.8545757 0.9913169 0.7389627 0.9547243 0.7945437 0.7945437 0.7662384 0.7662384 0.6157354 0.6626257 
t19        0.9547243 0.0000000 0.7945437 1.4396946 9.0000000 1.0703373 0.8239592 0.7662384 1.0703373 0.9198342 0.9198342 1.3744361 0.8864954 1.0297869 1.0297869 1.0297869 0.9913169 1.1132061 0.8864954 0.8864954 
t13        1.2588231 0.7945437 0.0000000 2.4141569 3.2381161 1.0297869 0.8864954 0.8545757 1.1586745 0.8864954 1.1132061 1.7786835 0.9198342 1.1132061 1.0703373 1.0703373 0.8545757 0.9547243 0.9913169 0.9913169 
t18        1.1586745 1.4396946 2.4141569 0.0000000 2.1983953 1.2070784 0.8864954 0.7945437 1.2070784 0.9547243 0.7662384 1.3744361 0.8864954 1.0703373 0.9913169 0.9198342 1.0297869 1.0297869 0.6388142 0.6388142 
t9         1.8942965 9.0000000 3.2381161 2.1983953 0.0000000 1.3744361 9.0000000 1.5901977 2.4141569 2.1983953 2.4141569 1.7786835 2.1983953 1.8942965 2.4141569 2.4141569 9.0000000 2.7182557 2.4141569 2.4141569 
t2         0.6872180 1.0703373 1.0297869 1.2070784 1.3744361 0.0000000 0.9547243 0.8864954 0.8239592 0.6157354 0.9198342 1.3144041 0.5933457 0.7945437 0.7126442 0.7662384 0.7662384 0.7126442 0.7945437 0.8239592 
t17        0.7389627 0.8239592 0.8864954 0.8864954 9.0000000 0.9547243 0.0000000 0.5099265 0.7389627 0.5099265 0.5504769 0.9198342 0.5099265 0.7389627 0.8864954 0.8864954 0.8864954 0.9547243 0.3999739 0.3999739 
t16        0.6872180 0.7662384 0.8545757 0.7945437 1.5901977 0.8864954 0.5099265 0.0000000 0.6388142 0.3999739 0.3505054 0.4714565 0.4904449 0.6626257 0.7389627 0.7126442 0.7662384 0.7945437 0.2746833 0.2746833 
t7         0.8545757 1.0703373 1.1586745 1.2070784 2.4141569 0.8239592 0.7389627 0.6388142 0.0000000 0.2326162 0.7389627 1.2588231 0.2746833 0.4529370 0.7389627 0.7945437 0.8239592 0.7662384 0.6157354 0.6157354 
t12        0.6626257 0.9198342 0.8864954 0.9547243 2.1983953 0.6157354 0.5099265 0.3999739 0.2326162 0.0000000 0.4904449 0.8545757 0.1073256 0.2191023 0.5299277 0.5504769 0.6388142 0.5933457 0.3505054 0.3505054 
t1         0.8545757 0.9198342 1.1132061 0.7662384 2.4141569 0.9198342 0.5504769 0.3505054 0.7389627 0.4904449 0.0000000 0.6388142 0.5299277 0.6872180 0.7389627 0.7389627 0.7945437 0.7945437 0.3666350 0.3666350 
t3         0.9913169 1.3744361 1.7786835 1.3744361 1.7786835 1.3144041 0.9198342 0.4714565 1.2588231 0.8545757 0.6388142 0.0000000 0.9913169 0.9913169 1.1586745 1.0703373 1.2070784 1.2588231 0.6388142 0.5933457 
t4         0.7389627 0.8864954 0.9198342 0.8864954 2.1983953 0.5933457 0.5099265 0.4904449 0.2746833 0.1073256 0.5299277 0.9913169 0.0000000 0.2603971 0.6157354 0.6388142 0.7662384 0.7389627 0.4172160 0.4172160 
t11        0.9547243 1.0297869 1.1132061 1.0703373 1.8942965 0.7945437 0.7389627 0.6626257 0.4529370 0.2191023 0.6872180 0.9913169 0.2603971 0.0000000 0.6626257 0.6872180 0.8545757 0.7945437 0.5933457 0.5933457 
t15        0.7945437 1.0297869 1.0703373 0.9913169 2.4141569 0.7126442 0.8864954 0.7389627 0.7389627 0.5299277 0.7389627 1.1586745 0.6157354 0.6626257 0.0000000 0.0625362 0.1549607 0.0958750 0.6872180 0.7126442 
t6         0.7945437 1.0297869 1.0703373 0.9198342 2.4141569 0.7662384 0.8864954 0.7126442 0.7945437 0.5504769 0.7389627 1.0703373 0.6388142 0.6872180 0.0625362 0.0000000 0.1673577 0.1073256 0.6626257 0.6872180 
t10        0.7662384 0.9913169 0.8545757 1.0297869 9.0000000 0.7662384 0.8864954 0.7662384 0.8239592 0.6388142 0.7945437 1.2070784 0.7662384 0.8545757 0.1549607 0.1673577 0.0000000 0.0958750 0.6872180 0.7126442 
t8         0.7662384 1.1132061 0.9547243 1.0297869 2.7182557 0.7126442 0.9547243 0.7945437 0.7662384 0.5933457 0.7945437 1.2588231 0.7389627 0.7945437 0.0958750 0.1073256 0.0958750 0.0000000 0.7126442 0.7389627 
t5         0.6157354 0.8864954 0.9913169 0.6388142 2.4141569 0.7945437 0.3999739 0.2746833 0.6157354 0.3505054 0.3666350 0.6388142 0.4172160 0.5933457 0.6872180 0.6626257 0.6872180 0.7126442 0.0000000 0.0202715 
t20        0.6626257 0.8864954 0.9913169 0.6388142 2.4141569 0.8239592 0.3999739 0.2746833 0.6157354 0.3505054 0.3666350 0.5933457 0.4172160 0.5933457 0.7126442 0.6872180 0.7126442 0.7389627 0.0202715 0.0000000 
