20
t11        0.0000000 1.3144041 2.7182557 1.6785349 1.6785349 1.3144041 2.4141569 2.7182557 1.8942965 1.3744361 2.1983953 1.1132061 1.4396946 1.1586745 1.2070784 1.1586745 1.0297869 1.1132061 0.9198342 0.8864954 
t3         1.3144041 0.0000000 1.0297869 1.3144041 1.3144041 1.0297869 1.1132061 1.2070784 2.0310377 1.6785349 1.4396946 1.1132061 1.4396946 1.3144041 1.4396946 1.1586745 1.1132061 1.0703373 1.5901977 1.5901977 
t5         2.7182557 1.0297869 0.0000000 1.7786835 1.0297869 0.9913169 1.1132061 0.9913169 1.6785349 2.0310377 1.2588231 1.1586745 1.5111773 2.1983953 1.8942965 0.7662384 0.9913169 0.9547243 2.4141569 2.1983953 
t14        1.6785349 1.3144041 1.7786835 0.0000000 1.1132061 1.2070784 1.7786835 2.0310377 1.0297869 1.6785349 1.7786835 1.4396946 1.6785349 1.3144041 1.5901977 1.3144041 1.7786835 1.4396946 1.5901977 1.6785349 
t7         1.6785349 1.3144041 1.0297869 1.1132061 0.0000000 1.3144041 1.2070784 1.2070784 1.4396946 1.5901977 1.2070784 1.1586745 1.7786835 2.4141569 2.4141569 1.2070784 1.6785349 1.5111773 1.6785349 1.6785349 
t10        1.3144041 1.0297869 0.9913169 1.2070784 1.3144041 0.0000000 1.4396946 1.3144041 1.3144041 2.0310377 0.8864954 0.8545757 1.8942965 1.5901977 1.7786835 0.6388142 0.6872180 0.6157354 2.0310377 2.1983953 
t15        2.4141569 1.1132061 1.1132061 1.7786835 1.2070784 1.4396946 0.0000000 0.8545757 1.5901977 1.6785349 2.1983953 1.5111773 1.6785349 2.1983953 1.6785349 1.3144041 1.5901977 1.4396946 1.6785349 1.7786835 
t12        2.7182557 1.2070784 0.9913169 2.0310377 1.2070784 1.3144041 0.8545757 0.0000000 1.7786835 2.0310377 1.5111773 1.5111773 2.4141569 3.2381161 3.2381161 1.6785349 1.5901977 1.5901977 1.7786835 1.6785349 
t1         1.8942965 2.0310377 1.6785349 1.0297869 1.4396946 1.3144041 1.5901977 1.7786835 0.0000000 0.7126442 2.0310377 1.5901977 0.8545757 0.8545757 0.9547243 1.4396946 1.8942965 1.8942965 1.3144041 1.3144041 
t4         1.3744361 1.6785349 2.0310377 1.6785349 1.5901977 2.0310377 1.6785349 2.0310377 0.7126442 0.0000000 1.3744361 1.1586745 0.8545757 0.9547243 0.8239592 1.3144041 1.4396946 1.5901977 1.3144041 1.3144041 
t20        2.1983953 1.4396946 1.2588231 1.7786835 1.2070784 0.8864954 2.1983953 1.5111773 2.0310377 1.3744361 0.0000000 0.4172160 1.8942965 3.2381161 2.1983953 0.8864954 0.9547243 0.9198342 3.2381161 2.7182557 
t19        1.1132061 1.1132061 1.1586745 1.4396946 1.1586745 0.8545757 1.5111773 1.5111773 1.5901977 1.1586745 0.4172160 0.0000000 1.5111773 1.6785349 1.4396946 0.7389627 0.8545757 0.7945437 1.5901977 1.5901977 
t8         1.4396946 1.4396946 1.5111773 1.6785349 1.7786835 1.8942965 1.6785349 2.4141569 0.8545757 0.8545757 1.8942965 1.5111773 0.0000000 0.2326162 0.1549607 2.1983953 2.7182557 3.2381161 1.3144041 1.1586745 
t2         1.1586745 1.3144041 2.1983953 1.3144041 2.4141569 1.5901977 2.1983953 3.2381161 0.8545757 0.9547243 3.2381161 1.6785349 0.2326162 0.0000000 0.1799630 2.0310377 2.7182557 2.4141569 1.2588231 1.1132061 
t6         1.2070784 1.4396946 1.8942965 1.5901977 2.4141569 1.7786835 1.6785349 3.2381161 0.9547243 0.8239592 2.1983953 1.4396946 0.1549607 0.1799630 0.0000000 2.1983953 2.7182557 3.2381161 1.5111773 1.3144041 
t18        1.1586745 1.1586745 0.7662384 1.3144041 1.2070784 0.6388142 1.3144041 1.6785349 1.4396946 1.3144041 0.8864954 0.7389627 2.1983953 2.0310377 2.1983953 0.0000000 0.2191023 0.2058276 1.6785349 1.5901977 
t13        1.0297869 1.1132061 0.9913169 1.7786835 1.6785349 0.6872180 1.5901977 1.5901977 1.8942965 1.4396946 0.9547243 0.8545757 2.7182557 2.7182557 2.7182557 0.2191023 0.0000000 0.0845966 1.3144041 1.3144041 
t16        1.1132061 1.0703373 0.9547243 1.4396946 1.5111773 0.6157354 1.4396946 1.5901977 1.8942965 1.5901977 0.9198342 0.7945437 3.2381161 2.4141569 3.2381161 0.2058276 0.0845966 0.0000000 1.4396946 1.3144041 
t9         0.9198342 1.5901977 2.4141569 1.5901977 1.6785349 2.0310377 1.6785349 1.7786835 1.3144041 1.3144041 3.2381161 1.5901977 1.3144041 1.2588231 1.5111773 1.6785349 1.3144041 1.4396946 0.0000000 0.0411062 
t17        0.8864954 1.5901977 2.1983953 1.6785349 1.6785349 2.1983953 1.7786835 1.6785349 1.3144041 1.3144041 2.7182557 1.5901977 1.1586745 1.1132061 1.3144041 1.5901977 1.3144041 1.3144041 0.0411062 0.0000000 
