20
t1         0.0000000 1.7786835 2.7182557 9.0000000 3.2381161 9.0000000 2.1983953 2.4141569 1.7786835 9.0000000 2.7182557 9.0000000 9.0000000 2.1983953 2.0310377 9.0000000 1.5901977 1.8942965 1.8942965 2.4141569 
t3         1.7786835 0.0000000 2.4141569 1.1586745 1.5901977 1.1132061 1.6785349 0.8864954 1.3744361 0.8545757 1.1132061 1.1586745 1.4396946 1.2588231 1.4396946 1.5901977 1.7786835 0.8239592 0.9198342 0.9198342 
t10        2.7182557 2.4141569 0.0000000 2.0310377 1.8942965 1.1586745 1.6785349 2.0310377 1.5111773 1.2588231 1.6785349 1.5901977 1.2588231 2.0310377 1.7786835 1.7786835 2.0310377 1.5111773 1.5111773 1.5111773 
t15        9.0000000 1.1586745 2.0310377 0.0000000 1.1132061 1.0703373 1.8942965 0.8864954 1.0297869 1.1586745 1.2588231 1.2070784 1.4396946 1.1586745 1.2070784 1.8942965 2.1983953 0.7662384 0.9913169 0.9547243 
t16        3.2381161 1.5901977 1.8942965 1.1132061 0.0000000 1.2070784 1.7786835 1.6785349 1.2070784 1.5111773 1.5111773 1.6785349 1.6785349 1.5111773 1.3144041 9.0000000 2.0310377 1.0703373 1.2588231 1.2070784 
t8         9.0000000 1.1132061 1.1586745 1.0703373 1.2070784 0.0000000 0.8545757 0.6626257 0.9198342 0.5504769 0.6872180 1.2070784 2.0310377 0.8864954 1.0703373 1.1586745 1.1586745 0.6872180 0.8545757 0.8864954 
t14        2.1983953 1.6785349 1.6785349 1.8942965 1.7786835 0.8545757 0.0000000 1.6785349 1.7786835 1.4396946 1.5901977 2.1983953 1.5901977 2.0310377 2.4141569 1.5111773 1.5901977 2.1983953 2.4141569 2.4141569 
t19        2.4141569 0.8864954 2.0310377 0.8864954 1.6785349 0.6626257 1.6785349 0.0000000 0.8239592 0.5933457 0.8239592 1.2588231 2.0310377 0.8545757 0.9198342 1.6785349 1.8942965 0.7389627 0.8864954 0.8545757 
t20        1.7786835 1.3744361 1.5111773 1.0297869 1.2070784 0.9198342 1.7786835 0.8239592 0.0000000 1.0703373 1.1586745 1.6785349 3.2381161 0.9913169 1.1132061 1.5111773 1.6785349 0.8239592 1.0297869 0.9913169 
t9         9.0000000 0.8545757 1.2588231 1.1586745 1.5111773 0.5504769 1.4396946 0.5933457 1.0703373 0.0000000 0.4714565 1.3744361 1.4396946 0.9913169 1.3144041 1.2588231 1.5111773 0.6872180 0.7662384 0.7389627 
t6         2.7182557 1.1132061 1.6785349 1.2588231 1.5111773 0.6872180 1.5901977 0.8239592 1.1586745 0.4714565 0.0000000 1.5111773 1.5901977 0.8864954 1.0297869 1.3144041 1.2070784 0.8545757 1.0703373 0.9913169 
t13        9.0000000 1.1586745 1.5901977 1.2070784 1.6785349 1.2070784 2.1983953 1.2588231 1.6785349 1.3744361 1.5111773 0.0000000 0.3666350 1.5111773 1.5111773 9.0000000 3.2381161 0.9547243 1.0703373 1.1132061 
t12        9.0000000 1.4396946 1.2588231 1.4396946 1.6785349 2.0310377 1.5901977 2.0310377 3.2381161 1.4396946 1.5901977 0.3666350 0.0000000 1.6785349 1.4396946 9.0000000 1.6785349 1.2070784 1.4396946 1.5111773 
t18        2.1983953 1.2588231 2.0310377 1.1586745 1.5111773 0.8864954 2.0310377 0.8545757 0.9913169 0.9913169 0.8864954 1.5111773 1.6785349 0.0000000 0.1427653 1.6785349 1.5111773 0.7389627 0.8239592 0.7945437 
t7         2.0310377 1.4396946 1.7786835 1.2070784 1.3144041 1.0703373 2.4141569 0.9198342 1.1132061 1.3144041 1.0297869 1.5111773 1.4396946 0.1427653 0.0000000 1.7786835 1.5901977 0.7945437 0.8864954 0.8545757 
t4         9.0000000 1.5901977 1.7786835 1.8942965 9.0000000 1.1586745 1.5111773 1.6785349 1.5111773 1.2588231 1.3144041 9.0000000 9.0000000 1.6785349 1.7786835 0.0000000 0.3505054 1.4396946 1.5111773 1.5901977 
t5         1.5901977 1.7786835 2.0310377 2.1983953 2.0310377 1.1586745 1.5901977 1.8942965 1.6785349 1.5111773 1.2070784 3.2381161 1.6785349 1.5111773 1.5901977 0.3505054 0.0000000 1.3144041 1.6785349 1.8942965 
t11        1.8942965 0.8239592 1.5111773 0.7662384 1.0703373 0.6872180 2.1983953 0.7389627 0.8239592 0.6872180 0.8545757 0.9547243 1.2070784 0.7389627 0.7945437 1.4396946 1.3144041 0.0000000 0.1189538 0.1307650 
t2         1.8942965 0.9198342 1.5111773 0.9913169 1.2588231 0.8545757 2.4141569 0.8864954 1.0297869 0.7662384 1.0703373 1.0703373 1.4396946 0.8239592 0.8864954 1.5111773 1.6785349 0.1189538 0.0000000 0.0306165 
t17        2.4141569 0.9198342 1.5111773 0.9547243 1.2070784 0.8864954 2.4141569 0.8545757 0.9913169 0.7389627 0.9913169 1.1132061 1.5111773 0.7945437 0.8545757 1.5901977 1.8942965 0.1307650 0.0306165 0.0000000 
