20
t20        0.0000000 0.5099265 0.8545757 0.6157354 0.7945437 0.8864954 1.1132061 0.7945437 0.6872180 0.7126442 0.6872180 0.8239592 0.6872180 0.8239592 1.0297869 1.0297869 0.6626257 0.7126442 0.3999739 0.3666350 
t14        0.5099265 0.0000000 0.8545757 0.6626257 0.5933457 0.6157354 0.6157354 0.2892469 0.2892469 0.3666350 0.2892469 0.4348639 0.5933457 0.5933457 0.7945437 0.8545757 0.5933457 0.6157354 0.8239592 0.7662384 
t17        0.8545757 0.8545757 0.0000000 0.5933457 0.9913169 1.3144041 1.2588231 0.9547243 0.9913169 0.8239592 0.9198342 1.2588231 1.0703373 1.1132061 1.3144041 1.3144041 1.1132061 1.2070784 1.0297869 0.9913169 
t11        0.6157354 0.6626257 0.5933457 0.0000000 0.9198342 1.3144041 1.3144041 0.7389627 0.8545757 0.8239592 0.7126442 0.9913169 0.7945437 0.8864954 1.1586745 1.2588231 0.8864954 0.9198342 1.0297869 0.9913169 
t16        0.7945437 0.5933457 0.9913169 0.9198342 0.0000000 0.4348639 0.5504769 0.8545757 0.6626257 0.7662384 0.6872180 0.9198342 0.2463781 0.2603971 0.5933457 0.5933457 0.4714565 0.4904449 1.1586745 1.0703373 
t8         0.8864954 0.6157354 1.3144041 1.3144041 0.4348639 0.0000000 0.3831192 0.8239592 0.8239592 0.8239592 0.8239592 0.9198342 0.5299277 0.4904449 0.4904449 0.5504769 0.4904449 0.5099265 1.1586745 1.0703373 
t3         1.1132061 0.6157354 1.2588231 1.3144041 0.5504769 0.3831192 0.0000000 0.9547243 0.9547243 0.9198342 0.9547243 1.1132061 0.6388142 0.5716050 0.7662384 0.8545757 0.7389627 0.7662384 1.1586745 1.1132061 
t2         0.7945437 0.2892469 0.9547243 0.7389627 0.8545757 0.8239592 0.9547243 0.0000000 0.3040988 0.3831192 0.2603971 0.3831192 0.7662384 0.7126442 0.7945437 0.8545757 0.6872180 0.7126442 0.9913169 0.9547243 
t18        0.6872180 0.2892469 0.9913169 0.8545757 0.6626257 0.8239592 0.9547243 0.3040988 0.0000000 0.2463781 0.1799630 0.2746833 0.7126442 0.6872180 0.8545757 0.9547243 0.6626257 0.6626257 0.9913169 0.9547243 
t1         0.7126442 0.3666350 0.8239592 0.8239592 0.7662384 0.8239592 0.9198342 0.3831192 0.2463781 0.0000000 0.2463781 0.3666350 0.7662384 0.7662384 0.9198342 0.9913169 0.6872180 0.6872180 1.0703373 1.0297869 
t13        0.6872180 0.2892469 0.9198342 0.7126442 0.6872180 0.8239592 0.9547243 0.2603971 0.1799630 0.2463781 0.0000000 0.2326162 0.6157354 0.5933457 0.7945437 0.8864954 0.5504769 0.5504769 0.9913169 0.9547243 
t15        0.8239592 0.4348639 1.2588231 0.9913169 0.9198342 0.9198342 1.1132061 0.3831192 0.2746833 0.3666350 0.2326162 0.0000000 0.9198342 0.8239592 1.0297869 1.1586745 0.7389627 0.7389627 0.9913169 0.9547243 
t6         0.6872180 0.5933457 1.0703373 0.7945437 0.2463781 0.5299277 0.6388142 0.7662384 0.7126442 0.7662384 0.6157354 0.9198342 0.0000000 0.1189538 0.5716050 0.5299277 0.3999739 0.4172160 1.0297869 0.9547243 
t5         0.8239592 0.5933457 1.1132061 0.8864954 0.2603971 0.4904449 0.5716050 0.7126442 0.6872180 0.7662384 0.5933457 0.8239592 0.1189538 0.0000000 0.5933457 0.6157354 0.4172160 0.4348639 0.9547243 0.8864954 
t4         1.0297869 0.7945437 1.3144041 1.1586745 0.5933457 0.4904449 0.7662384 0.7945437 0.8545757 0.9198342 0.7945437 1.0297869 0.5716050 0.5933457 0.0000000 0.1307650 0.3666350 0.3666350 1.2588231 1.3144041 
t19        1.0297869 0.8545757 1.3144041 1.2588231 0.5933457 0.5504769 0.8545757 0.8545757 0.9547243 0.9913169 0.8864954 1.1586745 0.5299277 0.6157354 0.1307650 0.0000000 0.4529370 0.4529370 1.4396946 1.5111773 
t10        0.6626257 0.5933457 1.1132061 0.8864954 0.4714565 0.4904449 0.7389627 0.6872180 0.6626257 0.6872180 0.5504769 0.7389627 0.3999739 0.4172160 0.3666350 0.4529370 0.0000000 0.0202715 0.8545757 0.8239592 
t7         0.7126442 0.6157354 1.2070784 0.9198342 0.4904449 0.5099265 0.7662384 0.7126442 0.6626257 0.6872180 0.5504769 0.7389627 0.4172160 0.4348639 0.3666350 0.4529370 0.0202715 0.0000000 0.9198342 0.8864954 
t9         0.3999739 0.8239592 1.0297869 1.0297869 1.1586745 1.1586745 1.1586745 0.9913169 0.9913169 1.0703373 0.9913169 0.9913169 1.0297869 0.9547243 1.2588231 1.4396946 0.8545757 0.9198342 0.0000000 0.0202715 
t12        0.3666350 0.7662384 0.9913169 0.9913169 1.0703373 1.0703373 1.1132061 0.9547243 0.9547243 1.0297869 0.9547243 0.9547243 0.9547243 0.8864954 1.3144041 1.5111773 0.8239592 0.8864954 0.0202715 0.0000000 
