20
t5         0.0000000 9.0000000 1.4396946 1.3744361 2.7182557 1.2588231 1.3144041 1.0703373 2.7182557 1.6785349 3.2381161 2.0310377 2.0310377 1.5901977 1.8942965 2.7182557 2.4141569 9.0000000 2.0310377 2.0310377 
t18        9.0000000 0.0000000 1.5111773 9.0000000 2.1983953 1.5901977 9.0000000 2.4141569 9.0000000 1.4396946 9.0000000 2.0310377 9.0000000 9.0000000 9.0000000 9.0000000 2.7182557 2.4141569 9.0000000 9.0000000 
t12        1.4396946 1.5111773 0.0000000 1.2588231 0.9198342 0.7945437 1.4396946 1.3144041 1.5111773 0.4348639 1.4396946 0.5716050 1.4396946 1.3744361 1.4396946 2.0310377 1.1132061 1.0703373 1.5111773 1.5111773 
t11        1.3744361 9.0000000 1.2588231 0.0000000 1.4396946 1.2070784 0.3192509 0.4172160 9.0000000 0.9198342 1.4396946 1.0703373 1.1132061 1.5111773 1.6785349 1.6785349 1.7786835 1.5111773 1.3144041 1.3144041 
t6         2.7182557 2.1983953 0.9198342 1.4396946 0.0000000 1.2588231 1.2588231 1.6785349 1.6785349 1.0297869 1.3744361 1.2588231 1.3144041 1.5111773 9.0000000 9.0000000 0.7945437 0.7662384 1.5901977 1.5901977 
t19        1.2588231 1.5901977 0.7945437 1.2070784 1.2588231 0.0000000 1.0703373 1.4396946 1.3144041 0.7662384 9.0000000 0.8545757 2.0310377 1.6785349 3.2381161 9.0000000 1.4396946 1.6785349 1.2070784 1.2070784 
t16        1.3144041 9.0000000 1.4396946 0.3192509 1.2588231 1.0703373 0.0000000 0.3999739 2.4141569 1.0703373 2.0310377 1.3744361 1.3744361 1.8942965 1.8942965 1.7786835 1.6785349 1.7786835 1.0703373 1.0703373 
t14        1.0703373 2.4141569 1.3144041 0.4172160 1.6785349 1.4396946 0.3999739 0.0000000 3.2381161 0.9913169 3.2381161 1.2588231 1.1586745 1.5901977 1.6785349 1.8942965 2.4141569 2.1983953 1.2070784 1.2070784 
t3         2.7182557 9.0000000 1.5111773 9.0000000 1.6785349 1.3144041 2.4141569 3.2381161 0.0000000 1.0297869 1.2070784 1.0297869 3.2381161 3.2381161 9.0000000 9.0000000 2.1983953 2.0310377 1.5111773 1.5111773 
t17        1.6785349 1.4396946 0.4348639 0.9198342 1.0297869 0.7662384 1.0703373 0.9913169 1.0297869 0.0000000 1.1132061 0.3831192 1.7786835 2.0310377 1.6785349 2.1983953 1.1586745 1.0297869 1.3744361 1.3744361 
t8         3.2381161 9.0000000 1.4396946 1.4396946 1.3744361 9.0000000 2.0310377 3.2381161 1.2070784 1.1132061 0.0000000 1.4396946 2.1983953 2.7182557 1.7786835 2.0310377 1.8942965 1.5901977 2.1983953 2.1983953 
t9         2.0310377 2.0310377 0.5716050 1.0703373 1.2588231 0.8545757 1.3744361 1.2588231 1.0297869 0.3831192 1.4396946 0.0000000 1.5901977 1.5901977 1.5111773 2.7182557 0.9547243 0.9913169 1.3744361 1.3744361 
t20        2.0310377 9.0000000 1.4396946 1.1132061 1.3144041 2.0310377 1.3744361 1.1586745 3.2381161 1.7786835 2.1983953 1.5901977 0.0000000 0.3347153 0.9913169 1.1586745 2.1983953 2.1983953 0.9913169 0.9913169 
t10        1.5901977 9.0000000 1.3744361 1.5111773 1.5111773 1.6785349 1.8942965 1.5901977 3.2381161 2.0310377 2.7182557 1.5901977 0.3347153 0.0000000 1.1132061 1.3744361 2.0310377 2.0310377 1.0297869 1.0297869 
t13        1.8942965 9.0000000 1.4396946 1.6785349 9.0000000 3.2381161 1.8942965 1.6785349 9.0000000 1.6785349 1.7786835 1.5111773 0.9913169 1.1132061 0.0000000 0.2058276 2.7182557 2.7182557 1.3144041 1.3144041 
t4         2.7182557 9.0000000 2.0310377 1.6785349 9.0000000 9.0000000 1.7786835 1.8942965 9.0000000 2.1983953 2.0310377 2.7182557 1.1586745 1.3744361 0.2058276 0.0000000 9.0000000 9.0000000 1.5111773 1.5111773 
t2         2.4141569 2.7182557 1.1132061 1.7786835 0.7945437 1.4396946 1.6785349 2.4141569 2.1983953 1.1586745 1.8942965 0.9547243 2.1983953 2.0310377 2.7182557 9.0000000 0.0000000 0.1189538 2.7182557 2.7182557 
t7         9.0000000 2.4141569 1.0703373 1.5111773 0.7662384 1.6785349 1.7786835 2.1983953 2.0310377 1.0297869 1.5901977 0.9913169 2.1983953 2.0310377 2.7182557 9.0000000 0.1189538 0.0000000 9.0000000 9.0000000 
t1         2.0310377 9.0000000 1.5111773 1.3144041 1.5901977 1.2070784 1.0703373 1.2070784 1.5111773 1.3744361 2.1983953 1.3744361 0.9913169 1.0297869 1.3144041 1.5111773 2.7182557 9.0000000 0.0000000 0.0000010 
t15        2.0310377 9.0000000 1.5111773 1.3144041 1.5901977 1.2070784 1.0703373 1.2070784 1.5111773 1.3744361 2.1983953 1.3744361 0.9913169 1.0297869 1.3144041 1.5111773 2.7182557 9.0000000 0.0000010 0.0000000 
