20
t1         0.0000000 1.5111773 1.3144041 1.2070784 1.1586745 1.4396946 2.0310377 1.5111773 1.5901977 0.8864954 0.7662384 0.8239592 1.6785349 1.8942965 1.5111773 1.3744361 1.6785349 1.4396946 1.4396946 1.4396946 
t9         1.5111773 0.0000000 2.1983953 0.9547243 1.3144041 2.0310377 1.3744361 2.7182557 1.7786835 2.7182557 2.1983953 1.6785349 9.0000000 9.0000000 9.0000000 2.4141569 2.7182557 9.0000000 9.0000000 9.0000000 
t6         1.3144041 2.1983953 0.0000000 1.3744361 1.1132061 2.1983953 1.3744361 1.5901977 1.3144041 1.3744361 1.5111773 1.6785349 1.5901977 1.0703373 0.7662384 0.9198342 0.8545757 1.7786835 1.7786835 1.7786835 
t16        1.2070784 0.9547243 1.3744361 0.0000000 0.6388142 1.6785349 1.5111773 1.5901977 1.5111773 1.7786835 1.5111773 1.3744361 9.0000000 2.4141569 2.0310377 2.0310377 1.8942965 1.5901977 1.5901977 1.5901977 
t2         1.1586745 1.3144041 1.1132061 0.6388142 0.0000000 1.8942965 1.8942965 1.5111773 2.4141569 1.6785349 1.5901977 1.4396946 9.0000000 2.4141569 2.1983953 1.3744361 1.3144041 1.4396946 1.4396946 1.4396946 
t18        1.4396946 2.0310377 2.1983953 1.6785349 1.8942965 0.0000000 1.5901977 1.7786835 1.7786835 0.7662384 0.7389627 0.8545757 1.5901977 1.4396946 2.7182557 1.3744361 1.6785349 1.8942965 1.8942965 1.8942965 
t12        2.0310377 1.3744361 1.3744361 1.5111773 1.8942965 1.5901977 0.0000000 0.8864954 0.7126442 1.7786835 1.6785349 1.6785349 1.7786835 1.3144041 1.5111773 1.3144041 1.3744361 9.0000000 9.0000000 9.0000000 
t19        1.5111773 2.7182557 1.5901977 1.5901977 1.5111773 1.7786835 0.8864954 0.0000000 0.5299277 1.7786835 1.5111773 1.7786835 3.2381161 1.5901977 1.7786835 1.3744361 1.2070784 2.4141569 2.4141569 2.4141569 
t5         1.5901977 1.7786835 1.3144041 1.5111773 2.4141569 1.7786835 0.7126442 0.5299277 0.0000000 1.4396946 1.5901977 2.0310377 1.8942965 1.1132061 1.3744361 1.3744361 1.3744361 9.0000000 9.0000000 9.0000000 
t10        0.8864954 2.7182557 1.3744361 1.7786835 1.6785349 0.7662384 1.7786835 1.7786835 1.4396946 0.0000000 0.2746833 0.4172160 1.8942965 1.5901977 2.7182557 1.7786835 2.4141569 2.0310377 2.0310377 2.0310377 
t4         0.7662384 2.1983953 1.5111773 1.5111773 1.5901977 0.7389627 1.6785349 1.5111773 1.5901977 0.2746833 0.0000000 0.5099265 2.1983953 1.6785349 2.1983953 1.7786835 2.4141569 2.4141569 2.4141569 2.4141569 
t13        0.8239592 1.6785349 1.6785349 1.3744361 1.4396946 0.8545757 1.6785349 1.7786835 2.0310377 0.4172160 0.5099265 0.0000000 1.8942965 1.7786835 2.0310377 1.4396946 1.6785349 9.0000000 9.0000000 9.0000000 
t8         1.6785349 9.0000000 1.5901977 9.0000000 9.0000000 1.5901977 1.7786835 3.2381161 1.8942965 1.8942965 2.1983953 1.8942965 0.0000000 0.6157354 1.0703373 0.9198342 1.0703373 9.0000000 9.0000000 9.0000000 
t20        1.8942965 9.0000000 1.0703373 2.4141569 2.4141569 1.4396946 1.3144041 1.5901977 1.1132061 1.5901977 1.6785349 1.7786835 0.6157354 0.0000000 1.1586745 0.7662384 0.8864954 9.0000000 9.0000000 9.0000000 
t3         1.5111773 9.0000000 0.7662384 2.0310377 2.1983953 2.7182557 1.5111773 1.7786835 1.3744361 2.7182557 2.1983953 2.0310377 1.0703373 1.1586745 0.0000000 0.3192509 0.3347153 2.7182557 2.7182557 2.7182557 
t17        1.3744361 2.4141569 0.9198342 2.0310377 1.3744361 1.3744361 1.3144041 1.3744361 1.3744361 1.7786835 1.7786835 1.4396946 0.9198342 0.7662384 0.3192509 0.0000000 0.1927838 9.0000000 9.0000000 9.0000000 
t15        1.6785349 2.7182557 0.8545757 1.8942965 1.3144041 1.6785349 1.3744361 1.2070784 1.3744361 2.4141569 2.4141569 1.6785349 1.0703373 0.8864954 0.3347153 0.1927838 0.0000000 3.2381161 3.2381161 3.2381161 
t11        1.4396946 9.0000000 1.7786835 1.5901977 1.4396946 1.8942965 9.0000000 2.4141569 9.0000000 2.0310377 2.4141569 9.0000000 9.0000000 9.0000000 2.7182557 9.0000000 3.2381161 0.0000000 0.0000010 0.0000010 
t14        1.4396946 9.0000000 1.7786835 1.5901977 1.4396946 1.8942965 9.0000000 2.4141569 9.0000000 2.0310377 2.4141569 9.0000000 9.0000000 9.0000000 2.7182557 9.0000000 3.2381161 0.0000010 0.0000000 0.0000010 
t7         1.4396946 9.0000000 1.7786835 1.5901977 1.4396946 1.8942965 9.0000000 2.4141569 9.0000000 2.0310377 2.4141569 9.0000000 9.0000000 9.0000000 2.7182557 9.0000000 3.2381161 0.0000010 0.0000010 0.0000000 
