20
t4         0.0000000 1.7786835 1.2070784 3.2381161 1.5901977 1.8942965 1.8942965 9.0000000 1.4396946 2.7182557 1.5901977 1.6785349 1.6785349 2.0310377 1.3744361 2.0310377 1.6785349 1.8942965 2.0310377 2.0310377 
t8         1.7786835 0.0000000 1.3744361 1.0297869 1.8942965 1.2588231 1.2588231 2.7182557 1.3144041 2.1983953 9.0000000 1.2588231 1.1586745 1.2070784 1.3744361 2.4141569 1.4396946 1.0703373 1.8942965 1.6785349 
t9         1.2070784 1.3744361 0.0000000 1.6785349 1.5901977 0.9913169 1.5111773 1.2588231 0.9198342 1.5901977 1.4396946 0.9547243 1.0297869 1.7786835 1.5901977 1.0297869 1.3744361 1.6785349 0.9198342 1.0703373 
t18        3.2381161 1.0297869 1.6785349 0.0000000 0.8239592 1.3744361 0.6872180 0.8545757 1.4396946 1.6785349 2.0310377 1.6785349 1.5901977 0.7389627 0.9198342 1.5901977 0.8864954 0.7945437 1.5111773 1.3744361 
t11        1.5901977 1.8942965 1.5901977 0.8239592 0.0000000 1.8942965 1.0297869 1.1586745 1.4396946 1.8942965 2.4141569 1.4396946 1.5901977 0.9913169 1.1586745 1.8942965 1.1586745 1.1586745 1.5901977 1.4396946 
t1         1.8942965 1.2588231 0.9913169 1.3744361 1.8942965 0.0000000 2.1983953 1.2070784 1.1586745 0.8864954 0.9547243 1.5901977 1.3144041 1.4396946 1.3144041 0.9547243 1.2588231 1.1132061 1.0703373 1.0703373 
t13        1.8942965 1.2588231 1.5111773 0.6872180 1.0297869 2.1983953 0.0000000 0.7389627 1.6785349 9.0000000 2.7182557 1.5901977 1.4396946 0.9547243 1.1132061 2.1983953 1.1586745 1.1132061 1.7786835 1.5111773 
t10        9.0000000 2.7182557 1.2588231 0.8545757 1.1586745 1.2070784 0.7389627 0.0000000 2.0310377 2.1983953 1.5901977 1.1132061 1.2588231 1.1132061 1.1132061 1.2588231 1.0703373 1.2588231 1.2588231 1.1132061 
t5         1.4396946 1.3144041 0.9198342 1.4396946 1.4396946 1.1586745 1.6785349 2.0310377 0.0000000 1.6785349 1.5901977 0.7389627 0.7662384 0.9913169 1.1132061 1.3144041 0.9547243 0.9913169 0.9913169 1.2588231 
t7         2.7182557 2.1983953 1.5901977 1.6785349 1.8942965 0.8864954 9.0000000 2.1983953 1.6785349 0.0000000 0.5299277 9.0000000 2.7182557 1.3744361 1.8942965 1.7786835 1.5901977 2.0310377 1.5901977 2.4141569 
t15        1.5901977 9.0000000 1.4396946 2.0310377 2.4141569 0.9547243 2.7182557 1.5901977 1.5901977 0.5299277 0.0000000 2.4141569 2.7182557 1.8942965 1.6785349 1.6785349 2.1983953 2.7182557 1.2588231 1.5901977 
t2         1.6785349 1.2588231 0.9547243 1.6785349 1.4396946 1.5901977 1.5901977 1.1132061 0.7389627 9.0000000 2.4141569 0.0000000 0.2892469 1.3744361 1.2070784 1.4396946 1.2070784 1.2588231 1.2070784 1.5111773 
t6         1.6785349 1.1586745 1.0297869 1.5901977 1.5901977 1.3144041 1.4396946 1.2588231 0.7662384 2.7182557 2.7182557 0.2892469 0.0000000 1.0703373 0.9913169 1.5111773 1.0297869 1.0703373 1.3144041 1.6785349 
t12        2.0310377 1.2070784 1.7786835 0.7389627 0.9913169 1.4396946 0.9547243 1.1132061 0.9913169 1.3744361 1.8942965 1.3744361 1.0703373 0.0000000 0.2746833 1.1132061 0.3040988 0.2191023 1.0703373 1.0703373 
t3         1.3744361 1.3744361 1.5901977 0.9198342 1.1586745 1.3144041 1.1132061 1.1132061 1.1132061 1.8942965 1.6785349 1.2070784 0.9913169 0.2746833 0.0000000 1.1132061 0.3040988 0.2603971 0.8864954 0.9198342 
t20        2.0310377 2.4141569 1.0297869 1.5901977 1.8942965 0.9547243 2.1983953 1.2588231 1.3144041 1.7786835 1.6785349 1.4396946 1.5111773 1.1132061 1.1132061 0.0000000 1.0297869 1.5111773 0.1927838 0.2058276 
t17        1.6785349 1.4396946 1.3744361 0.8864954 1.1586745 1.2588231 1.1586745 1.0703373 0.9547243 1.5901977 2.1983953 1.2070784 1.0297869 0.3040988 0.3040988 1.0297869 0.0000000 0.2603971 0.9913169 1.0703373 
t14        1.8942965 1.0703373 1.6785349 0.7945437 1.1586745 1.1132061 1.1132061 1.2588231 0.9913169 2.0310377 2.7182557 1.2588231 1.0703373 0.2191023 0.2603971 1.5111773 0.2603971 0.0000000 1.2070784 1.2588231 
t19        2.0310377 1.8942965 0.9198342 1.5111773 1.5901977 1.0703373 1.7786835 1.2588231 0.9913169 1.5901977 1.2588231 1.2070784 1.3144041 1.0703373 0.8864954 0.1927838 0.9913169 1.2070784 0.0000000 0.1307650 
t16        2.0310377 1.6785349 1.0703373 1.3744361 1.4396946 1.0703373 1.5111773 1.1132061 1.2588231 2.4141569 1.5901977 1.5111773 1.6785349 1.0703373 0.9198342 0.2058276 1.0703373 1.2588231 0.1307650 0.0000000 
