20
t19        0.0000000 2.7182557 0.7945437 2.4141569 0.9913169 1.6785349 9.0000000 1.0703373 2.1983953 1.5111773 1.6785349 1.8942965 1.3744361 1.3744361 1.2070784 1.8942965 1.4396946 2.0310377 1.1586745 0.9913169 
t9         2.7182557 0.0000000 9.0000000 9.0000000 2.1983953 9.0000000 9.0000000 2.4141569 9.0000000 2.7182557 2.1983953 9.0000000 2.1983953 1.5111773 9.0000000 1.8942965 9.0000000 9.0000000 1.6785349 3.2381161 
t18        0.7945437 9.0000000 0.0000000 1.4396946 0.7945437 1.8942965 9.0000000 0.9547243 9.0000000 2.1983953 9.0000000 1.8942965 0.8864954 1.1132061 1.1132061 2.4141569 2.1983953 2.4141569 0.7662384 0.9547243 
t8         2.4141569 9.0000000 1.4396946 0.0000000 2.4141569 9.0000000 9.0000000 1.6785349 9.0000000 9.0000000 9.0000000 9.0000000 2.1983953 1.5901977 1.5901977 9.0000000 2.0310377 9.0000000 1.5111773 1.1586745 
t3         0.9913169 2.1983953 0.7945437 2.4141569 0.0000000 1.7786835 1.3744361 1.2588231 9.0000000 1.8942965 1.7786835 2.4141569 0.8864954 1.0297869 1.2588231 3.2381161 2.0310377 2.4141569 0.9547243 0.9547243 
t1         1.6785349 9.0000000 1.8942965 9.0000000 1.7786835 0.0000000 9.0000000 2.1983953 9.0000000 9.0000000 1.3744361 1.2588231 3.2381161 3.2381161 2.7182557 3.2381161 1.4396946 1.7786835 1.5901977 1.8942965 
t5         9.0000000 9.0000000 9.0000000 9.0000000 1.3744361 9.0000000 0.0000000 9.0000000 2.1983953 2.1983953 9.0000000 9.0000000 2.4141569 2.4141569 9.0000000 9.0000000 1.3144041 1.6785349 2.1983953 9.0000000 
t12        1.0703373 2.4141569 0.9547243 1.6785349 1.2588231 2.1983953 9.0000000 0.0000000 9.0000000 1.4396946 9.0000000 2.4141569 1.4396946 1.1132061 0.5504769 1.1132061 1.7786835 2.7182557 1.0703373 1.1586745 
t7         2.1983953 9.0000000 9.0000000 9.0000000 9.0000000 9.0000000 2.1983953 9.0000000 0.0000000 0.9547243 9.0000000 9.0000000 1.7786835 2.1983953 9.0000000 9.0000000 2.1983953 9.0000000 2.4141569 2.7182557 
t4         1.5111773 2.7182557 2.1983953 9.0000000 1.8942965 9.0000000 2.1983953 1.4396946 0.9547243 0.0000000 9.0000000 9.0000000 1.6785349 2.7182557 1.4396946 9.0000000 3.2381161 9.0000000 2.7182557 3.2381161 
t11        1.6785349 2.1983953 9.0000000 9.0000000 1.7786835 1.3744361 9.0000000 9.0000000 9.0000000 9.0000000 0.0000000 0.8545757 3.2381161 3.2381161 3.2381161 1.5901977 2.7182557 9.0000000 2.7182557 2.4141569 
t13        1.8942965 9.0000000 1.8942965 9.0000000 2.4141569 1.2588231 9.0000000 2.4141569 9.0000000 9.0000000 0.8545757 0.0000000 1.8942965 2.7182557 3.2381161 1.6785349 1.5901977 1.1586745 1.6785349 1.5111773 
t10        1.3744361 2.1983953 0.8864954 2.1983953 0.8864954 3.2381161 2.4141569 1.4396946 1.7786835 1.6785349 3.2381161 1.8942965 0.0000000 0.7126442 1.5901977 3.2381161 9.0000000 2.1983953 0.7126442 0.7389627 
t16        1.3744361 1.5111773 1.1132061 1.5901977 1.0297869 3.2381161 2.4141569 1.1132061 2.1983953 2.7182557 3.2381161 2.7182557 0.7126442 0.0000000 2.4141569 2.7182557 1.8942965 1.8942965 0.6626257 0.7945437 
t14        1.2070784 9.0000000 1.1132061 1.5901977 1.2588231 2.7182557 9.0000000 0.5504769 9.0000000 1.4396946 3.2381161 3.2381161 1.5901977 2.4141569 0.0000000 0.9547243 3.2381161 9.0000000 1.7786835 1.8942965 
t2         1.8942965 1.8942965 2.4141569 9.0000000 3.2381161 3.2381161 9.0000000 1.1132061 9.0000000 9.0000000 1.5901977 1.6785349 3.2381161 2.7182557 0.9547243 0.0000000 9.0000000 9.0000000 3.2381161 2.7182557 
t15        1.4396946 9.0000000 2.1983953 2.0310377 2.0310377 1.4396946 1.3144041 1.7786835 2.1983953 3.2381161 2.7182557 1.5901977 9.0000000 1.8942965 3.2381161 9.0000000 0.0000000 0.5299277 1.7786835 1.6785349 
t17        2.0310377 9.0000000 2.4141569 9.0000000 2.4141569 1.7786835 1.6785349 2.7182557 9.0000000 9.0000000 9.0000000 1.1586745 2.1983953 1.8942965 9.0000000 9.0000000 0.5299277 0.0000000 2.4141569 2.1983953 
t20        1.1586745 1.6785349 0.7662384 1.5111773 0.9547243 1.5901977 2.1983953 1.0703373 2.4141569 2.7182557 2.7182557 1.6785349 0.7126442 0.6626257 1.7786835 3.2381161 1.7786835 2.4141569 0.0000000 0.2746833 
t6         0.9913169 3.2381161 0.9547243 1.1586745 0.9547243 1.8942965 9.0000000 1.1586745 2.7182557 3.2381161 2.4141569 1.5111773 0.7389627 0.7945437 1.8942965 2.7182557 1.6785349 2.1983953 0.2746833 0.0000000 
