20
t14        0.0000000 1.3144041 1.2070784 2.7182557 1.0703373 1.4396946 1.8942965 1.3144041 1.2588231 1.4396946 1.1586745 1.7786835 1.4396946 1.5901977 1.1586745 1.6785349 1.7786835 1.6785349 1.0703373 1.0703373 
t1         1.3144041 0.0000000 1.1132061 1.5901977 1.2588231 1.4396946 1.2588231 1.2070784 1.3144041 1.1132061 1.0297869 1.5901977 1.1132061 1.1586745 1.3744361 1.3744361 1.4396946 1.4396946 1.4396946 1.3144041 
t18        1.2070784 1.1132061 0.0000000 1.4396946 1.2070784 1.2070784 1.7786835 1.2588231 1.3744361 1.3144041 1.2070784 1.7786835 1.2588231 1.5901977 1.0297869 2.0310377 1.7786835 2.0310377 1.2070784 1.2070784 
t8         2.7182557 1.5901977 1.4396946 0.0000000 1.5901977 1.5901977 1.7786835 1.8942965 1.3744361 1.7786835 1.5901977 1.5111773 1.5901977 1.6785349 1.1132061 1.5111773 1.7786835 1.5901977 1.2070784 1.3144041 
t17        1.0703373 1.2588231 1.2070784 1.5901977 0.0000000 0.5716050 1.1586745 1.1132061 0.9198342 0.5716050 0.5299277 1.2588231 0.9547243 1.3744361 1.1132061 0.9913169 1.1586745 1.2588231 1.1132061 1.1586745 
t12        1.4396946 1.4396946 1.2070784 1.5901977 0.5716050 0.0000000 1.1586745 1.3744361 1.2070784 0.6872180 0.6388142 1.5901977 1.0703373 1.2588231 0.9547243 1.3744361 1.3144041 1.5901977 0.9198342 0.9913169 
t9         1.8942965 1.2588231 1.7786835 1.7786835 1.1586745 1.1586745 0.0000000 1.6785349 1.3744361 1.1586745 1.0703373 0.4904449 0.6626257 0.7389627 1.5901977 0.5504769 0.5299277 0.6157354 1.3144041 1.3744361 
t19        1.3144041 1.2070784 1.2588231 1.8942965 1.1132061 1.3744361 1.6785349 0.0000000 0.3505054 1.5901977 1.1132061 1.3744361 1.1132061 1.5111773 1.5111773 1.5111773 1.3144041 1.3144041 1.5901977 1.6785349 
t5         1.2588231 1.3144041 1.3744361 1.3744361 0.9198342 1.2070784 1.3744361 0.3505054 0.0000000 1.0703373 0.8239592 1.3144041 0.9547243 1.2588231 1.4396946 1.3144041 1.1586745 1.1586745 1.4396946 1.4396946 
t20        1.4396946 1.1132061 1.3144041 1.7786835 0.5716050 0.6872180 1.1586745 1.5901977 1.0703373 0.0000000 0.2746833 1.5111773 1.0703373 1.4396946 1.3744361 1.3144041 1.3744361 1.4396946 1.3744361 1.4396946 
t4         1.1586745 1.0297869 1.2070784 1.5901977 0.5299277 0.6388142 1.0703373 1.1132061 0.8239592 0.2746833 0.0000000 1.5901977 0.9913169 1.3744361 1.5111773 1.3144041 1.4396946 1.4396946 1.4396946 1.5901977 
t16        1.7786835 1.5901977 1.7786835 1.5111773 1.2588231 1.5901977 0.4904449 1.3744361 1.3144041 1.5111773 1.5901977 0.0000000 0.8239592 0.9198342 1.2588231 0.1927838 0.2058276 0.1927838 1.1586745 1.2070784 
t15        1.4396946 1.1132061 1.2588231 1.5901977 0.9547243 1.0703373 0.6626257 1.1132061 0.9547243 1.0703373 0.9913169 0.8239592 0.0000000 0.2058276 1.2588231 0.9198342 0.8864954 0.8864954 1.2070784 1.2070784 
t3         1.5901977 1.1586745 1.5901977 1.6785349 1.3744361 1.2588231 0.7389627 1.5111773 1.2588231 1.4396946 1.3744361 0.9198342 0.2058276 0.0000000 1.3744361 0.9913169 0.8239592 0.8864954 1.2070784 1.1586745 
t10        1.1586745 1.3744361 1.0297869 1.1132061 1.1132061 0.9547243 1.5901977 1.5111773 1.4396946 1.3744361 1.5111773 1.2588231 1.2588231 1.3744361 0.0000000 1.3144041 1.6785349 1.7786835 0.1799630 0.2326162 
t2         1.6785349 1.3744361 2.0310377 1.5111773 0.9913169 1.3744361 0.5504769 1.5111773 1.3144041 1.3144041 1.3144041 0.1927838 0.9198342 0.9913169 1.3144041 0.0000000 0.1673577 0.1799630 1.3144041 1.3744361 
t7         1.7786835 1.4396946 1.7786835 1.7786835 1.1586745 1.3144041 0.5299277 1.3144041 1.1586745 1.3744361 1.4396946 0.2058276 0.8864954 0.8239592 1.6785349 0.1673577 0.0000000 0.0958750 1.4396946 1.5111773 
t13        1.6785349 1.4396946 2.0310377 1.5901977 1.2588231 1.5901977 0.6157354 1.3144041 1.1586745 1.4396946 1.4396946 0.1927838 0.8864954 0.8864954 1.7786835 0.1799630 0.0958750 0.0000000 1.5901977 1.6785349 
t11        1.0703373 1.4396946 1.2070784 1.2070784 1.1132061 0.9198342 1.3144041 1.5901977 1.4396946 1.3744361 1.4396946 1.1586745 1.2070784 1.2070784 0.1799630 1.3144041 1.4396946 1.5901977 0.0000000 0.0411062 
t6         1.0703373 1.3144041 1.2070784 1.3144041 1.1586745 0.9913169 1.3744361 1.6785349 1.4396946 1.4396946 1.5901977 1.2070784 1.2070784 1.1586745 0.2326162 1.3744361 1.5111773 1.6785349 0.0411062 0.0000000 
