20
t2         0.0000000 1.1586745 1.3744361 1.3744361 1.8942965 1.5901977 1.4396946 1.0297869 1.6785349 1.3144041 1.5111773 1.3744361 1.3744361 1.2588231 3.2381161 2.7182557 9.0000000 9.0000000 1.8942965 2.4141569 
t13        1.1586745 0.0000000 1.5111773 1.7786835 1.6785349 1.6785349 1.6785349 0.9913169 9.0000000 1.6785349 1.6785349 1.8942965 1.8942965 1.5901977 3.2381161 3.2381161 2.1983953 9.0000000 1.5901977 1.5111773 
t19        1.3744361 1.5111773 0.0000000 1.1586745 1.3744361 0.4529370 0.4348639 1.0297869 2.1983953 0.7945437 0.9547243 0.7389627 0.9547243 0.7126442 9.0000000 2.4141569 1.5111773 1.7786835 1.7786835 1.6785349 
t10        1.3744361 1.7786835 1.1586745 0.0000000 0.8239592 1.3744361 1.3744361 1.5901977 9.0000000 0.7126442 0.5933457 0.7945437 0.7945437 0.6157354 9.0000000 9.0000000 1.1132061 1.1132061 2.4141569 9.0000000 
t20        1.8942965 1.6785349 1.3744361 0.8239592 0.0000000 1.6785349 1.5111773 1.2588231 2.7182557 0.6388142 0.7126442 0.7389627 0.8545757 0.5504769 9.0000000 9.0000000 0.7945437 0.7389627 3.2381161 2.7182557 
t17        1.5901977 1.6785349 0.4529370 1.3744361 1.6785349 0.0000000 0.2191023 1.1132061 2.0310377 1.1132061 1.4396946 0.9547243 1.3744361 1.0703373 2.0310377 1.5901977 3.2381161 9.0000000 1.8942965 2.1983953 
t4         1.4396946 1.6785349 0.4348639 1.3744361 1.5111773 0.2191023 0.0000000 1.0703373 1.7786835 0.8864954 1.1586745 0.8545757 1.0703373 0.7662384 1.6785349 1.6785349 2.0310377 2.7182557 2.7182557 3.2381161 
t6         1.0297869 0.9913169 1.0297869 1.5901977 1.2588231 1.1132061 1.0703373 0.0000000 1.8942965 0.9913169 1.2070784 1.0703373 1.0703373 0.9547243 2.0310377 1.8942965 3.2381161 9.0000000 1.6785349 1.6785349 
t3         1.6785349 9.0000000 2.1983953 9.0000000 2.7182557 2.0310377 1.7786835 1.8942965 0.0000000 1.6785349 9.0000000 2.1983953 1.6785349 1.6785349 2.7182557 9.0000000 9.0000000 9.0000000 9.0000000 2.7182557 
t8         1.3144041 1.6785349 0.7945437 0.7126442 0.6388142 1.1132061 0.8864954 0.9913169 1.6785349 0.0000000 0.3999739 0.3666350 0.3347153 0.1307650 2.4141569 2.1983953 1.0297869 1.0297869 1.8942965 2.0310377 
t15        1.5111773 1.6785349 0.9547243 0.5933457 0.7126442 1.4396946 1.1586745 1.2070784 9.0000000 0.3999739 0.0000000 0.3666350 0.4529370 0.2746833 9.0000000 9.0000000 0.9547243 0.8545757 1.7786835 1.8942965 
t11        1.3744361 1.8942965 0.7389627 0.7945437 0.7389627 0.9547243 0.8545757 1.0703373 2.1983953 0.3666350 0.3666350 0.0000000 0.4714565 0.2746833 9.0000000 9.0000000 1.2588231 1.1586745 1.8942965 1.8942965 
t5         1.3744361 1.8942965 0.9547243 0.7945437 0.8545757 1.3744361 1.0703373 1.0703373 1.6785349 0.3347153 0.4529370 0.4714565 0.0000000 0.2191023 2.1983953 1.8942965 1.1586745 1.0703373 1.5901977 1.5901977 
t1         1.2588231 1.5901977 0.7126442 0.6157354 0.5504769 1.0703373 0.7662384 0.9547243 1.6785349 0.1307650 0.2746833 0.2746833 0.2191023 0.0000000 9.0000000 9.0000000 0.9547243 0.9198342 1.6785349 1.7786835 
t16        3.2381161 3.2381161 9.0000000 9.0000000 9.0000000 2.0310377 1.6785349 2.0310377 2.7182557 2.4141569 9.0000000 9.0000000 2.1983953 9.0000000 0.0000000 0.1189538 9.0000000 9.0000000 3.2381161 2.4141569 
t9         2.7182557 3.2381161 2.4141569 9.0000000 9.0000000 1.5901977 1.6785349 1.8942965 9.0000000 2.1983953 9.0000000 9.0000000 1.8942965 9.0000000 0.1189538 0.0000000 9.0000000 9.0000000 9.0000000 3.2381161 
t7         9.0000000 2.1983953 1.5111773 1.1132061 0.7945437 3.2381161 2.0310377 3.2381161 9.0000000 1.0297869 0.9547243 1.2588231 1.1586745 0.9547243 9.0000000 9.0000000 0.0000000 0.1427653 2.4141569 2.4141569 
t18        9.0000000 9.0000000 1.7786835 1.1132061 0.7389627 9.0000000 2.7182557 9.0000000 9.0000000 1.0297869 0.8545757 1.1586745 1.0703373 0.9198342 9.0000000 9.0000000 0.1427653 0.0000000 2.0310377 2.1983953 
t14        1.8942965 1.5901977 1.7786835 2.4141569 3.2381161 1.8942965 2.7182557 1.6785349 9.0000000 1.8942965 1.7786835 1.8942965 1.5901977 1.6785349 3.2381161 9.0000000 2.4141569 2.0310377 0.0000000 0.1189538 
t12        2.4141569 1.5111773 1.6785349 9.0000000 2.7182557 2.1983953 3.2381161 1.6785349 2.7182557 2.0310377 1.8942965 1.8942965 1.5901977 1.7786835 2.4141569 3.2381161 2.4141569 2.1983953 0.1189538 0.0000000 
