20
t15        0.0000000 0.8864954 0.6872180 0.7389627 0.9913169 0.7945437 0.5716050 0.6872180 0.7126442 0.7662384 0.7126442 0.8545757 0.8239592 0.8239592 0.7662384 0.7945437 0.9198342 0.9913169 0.9198342 0.8239592 
t13        0.8864954 0.0000000 0.5504769 0.6626257 0.9913169 1.2070784 1.0297869 0.9547243 1.0297869 1.1586745 0.8864954 0.9913169 1.1132061 1.2588231 0.7662384 0.7662384 1.1586745 1.1132061 1.3144041 1.3144041 
t4         0.6872180 0.5504769 0.0000000 0.7126442 0.8864954 1.0703373 0.9547243 0.8239592 0.9198342 0.9198342 0.7389627 0.9913169 1.0297869 1.3144041 0.6872180 0.7126442 0.9547243 0.9198342 1.0703373 1.0297869 
t3         0.7389627 0.6626257 0.7126442 0.0000000 0.4714565 0.7389627 0.7945437 0.7389627 0.8545757 0.9913169 0.6872180 0.8239592 0.7389627 0.7662384 0.3831192 0.3666350 0.9547243 0.9198342 1.5901977 1.3744361 
t11        0.9913169 0.9913169 0.8864954 0.4714565 0.0000000 0.9913169 0.9547243 0.8545757 0.8864954 1.3144041 1.0297869 1.3144041 1.0703373 1.0703373 0.6626257 0.7126442 1.0297869 1.0703373 1.1132061 1.0703373 
t12        0.7945437 1.2070784 1.0703373 0.7389627 0.9913169 0.0000000 0.6872180 0.6872180 0.6388142 0.7389627 1.0703373 1.0703373 0.3666350 0.4172160 1.1132061 1.1586745 1.1132061 1.2070784 0.7389627 0.6872180 
t8         0.5716050 1.0297869 0.9547243 0.7945437 0.9547243 0.6872180 0.0000000 0.3040988 0.5504769 0.6872180 0.8239592 0.9913169 0.7662384 0.7389627 0.7662384 0.7945437 0.7126442 0.7662384 0.7945437 0.7389627 
t19        0.6872180 0.9547243 0.8239592 0.7389627 0.8545757 0.6872180 0.3040988 0.0000000 0.6388142 0.7945437 0.9913169 1.3144041 0.7945437 0.7945437 0.7389627 0.7662384 0.7945437 0.8545757 0.8239592 0.7662384 
t18        0.7126442 1.0297869 0.9198342 0.8545757 0.8864954 0.6388142 0.5504769 0.6388142 0.0000000 0.2746833 1.0297869 1.2070784 0.7389627 0.5933457 0.8545757 0.8864954 0.9913169 0.9547243 0.5504769 0.5099265 
t6         0.7662384 1.1586745 0.9198342 0.9913169 1.3144041 0.7389627 0.6872180 0.7945437 0.2746833 0.0000000 1.0703373 1.3144041 0.8545757 0.7126442 1.0297869 1.0297869 0.9913169 1.0297869 0.6626257 0.6872180 
t16        0.7126442 0.8864954 0.7389627 0.6872180 1.0297869 1.0703373 0.8239592 0.9913169 1.0297869 1.0703373 0.0000000 0.2191023 0.7389627 0.8239592 0.9547243 0.8864954 1.0703373 1.1132061 1.7786835 1.7786835 
t5         0.8545757 0.9913169 0.9913169 0.8239592 1.3144041 1.0703373 0.9913169 1.3144041 1.2070784 1.3144041 0.2191023 0.0000000 0.8864954 0.9198342 1.1586745 1.0703373 1.1132061 1.3144041 1.4396946 1.4396946 
t20        0.8239592 1.1132061 1.0297869 0.7389627 1.0703373 0.3666350 0.7662384 0.7945437 0.7389627 0.8545757 0.7389627 0.8864954 0.0000000 0.2326162 1.0297869 0.9913169 0.9547243 1.0297869 0.7945437 0.7945437 
t7         0.8239592 1.2588231 1.3144041 0.7662384 1.0703373 0.4172160 0.7389627 0.7945437 0.5933457 0.7126442 0.8239592 0.9198342 0.2326162 0.0000000 1.0703373 1.0297869 0.9547243 1.3144041 0.8864954 0.8864954 
t2         0.7662384 0.7662384 0.6872180 0.3831192 0.6626257 1.1132061 0.7662384 0.7389627 0.8545757 1.0297869 0.9547243 1.1586745 1.0297869 1.0703373 0.0000000 0.0734853 1.1132061 1.2588231 1.5111773 1.4396946 
t14        0.7945437 0.7662384 0.7126442 0.3666350 0.7126442 1.1586745 0.7945437 0.7662384 0.8864954 1.0297869 0.8864954 1.0703373 0.9913169 1.0297869 0.0734853 0.0000000 1.1132061 1.2588231 1.5901977 1.5111773 
t10        0.9198342 1.1586745 0.9547243 0.9547243 1.0297869 1.1132061 0.7126442 0.7945437 0.9913169 0.9913169 1.0703373 1.1132061 0.9547243 0.9547243 1.1132061 1.1132061 0.0000000 0.1307650 1.1132061 1.0297869 
t1         0.9913169 1.1132061 0.9198342 0.9198342 1.0703373 1.2070784 0.7662384 0.8545757 0.9547243 1.0297869 1.1132061 1.3144041 1.0297869 1.3144041 1.2588231 1.2588231 0.1307650 0.0000000 1.1132061 1.0297869 
t17        0.9198342 1.3144041 1.0703373 1.5901977 1.1132061 0.7389627 0.7945437 0.8239592 0.5504769 0.6626257 1.7786835 1.4396946 0.7945437 0.8864954 1.5111773 1.5901977 1.1132061 1.1132061 0.0000000 0.0411062 
t9         0.8239592 1.3144041 1.0297869 1.3744361 1.0703373 0.6872180 0.7389627 0.7662384 0.5099265 0.6872180 1.7786835 1.4396946 0.7945437 0.8864954 1.4396946 1.5111773 1.0297869 1.0297869 0.0411062 0.0000000 
