20
t20        0.0000000 0.8864954 1.4396946 0.7389627 1.0703373 1.0297869 0.9198342 1.5901977 1.5111773 0.9913169 0.8239592 1.0703373 1.3144041 0.9547243 0.8545757 0.7662384 0.8239592 0.6626257 0.7389627 0.8239592 
t7         0.8864954 0.0000000 1.3144041 1.2070784 0.8545757 0.9913169 0.8239592 1.2070784 1.0703373 0.9547243 0.7389627 1.3744361 1.6785349 1.0703373 0.9547243 0.8239592 0.8545757 0.8864954 0.8239592 0.8864954 
t12        1.4396946 1.3144041 0.0000000 1.2070784 1.5111773 1.4396946 1.3144041 1.8942965 1.8942965 1.6785349 1.5901977 1.3144041 1.5111773 1.3744361 1.5901977 0.9198342 1.0703373 1.3144041 1.3744361 1.4396946 
t4         0.7389627 1.2070784 1.2070784 0.0000000 1.0297869 1.0297869 0.8864954 1.5111773 1.3144041 0.9547243 0.9198342 0.4904449 0.5504769 0.6872180 0.6872180 0.8864954 0.8545757 0.3666350 0.4172160 0.4348639 
t11        1.0703373 0.8545757 1.5111773 1.0297869 0.0000000 0.3999739 0.4172160 1.0703373 1.0703373 0.3505054 0.3347153 1.5901977 1.7786835 1.2588231 1.1586745 0.7945437 0.8545757 0.8545757 0.8864954 0.9198342 
t9         1.0297869 0.9913169 1.4396946 1.0297869 0.3999739 0.0000000 0.3347153 1.5111773 1.3744361 0.3831192 0.4172160 1.2588231 1.6785349 1.3744361 1.3144041 0.8864954 0.9198342 0.8545757 0.9547243 0.9913169 
t5         0.9198342 0.8239592 1.3144041 0.8864954 0.4172160 0.3347153 0.0000000 1.1132061 1.2070784 0.4529370 0.4714565 1.2588231 1.3744361 1.4396946 1.3744361 0.7945437 0.8239592 0.9198342 0.8864954 1.0297869 
t15        1.5901977 1.2070784 1.8942965 1.5111773 1.0703373 1.5111773 1.1132061 0.0000000 0.1673577 1.2588231 1.0703373 2.0310377 2.1983953 2.0310377 1.8942965 1.3144041 1.3144041 1.2588231 1.8942965 2.0310377 
t13        1.5111773 1.0703373 1.8942965 1.3144041 1.0703373 1.3744361 1.2070784 0.1673577 0.0000000 1.1132061 0.9198342 1.7786835 1.5901977 1.2588231 1.2588231 1.0703373 1.1132061 0.9913169 1.3744361 1.4396946 
t18        0.9913169 0.9547243 1.6785349 0.9547243 0.3505054 0.3831192 0.4529370 1.2588231 1.1132061 0.0000000 0.2326162 1.1586745 1.5901977 1.1132061 1.1132061 0.9198342 0.9547243 0.7389627 0.7389627 0.7945437 
t19        0.8239592 0.7389627 1.5901977 0.9198342 0.3347153 0.4172160 0.4714565 1.0703373 0.9198342 0.2326162 0.0000000 1.3744361 1.5901977 0.9913169 1.0703373 0.8239592 0.8239592 0.7662384 0.7662384 0.8239592 
t10        1.0703373 1.3744361 1.3144041 0.4904449 1.5901977 1.2588231 1.2588231 2.0310377 1.7786835 1.1586745 1.3744361 0.0000000 0.1549607 0.8864954 0.9198342 1.0297869 1.0297869 0.5716050 0.5933457 0.5716050 
t6         1.3144041 1.6785349 1.5111773 0.5504769 1.7786835 1.6785349 1.3744361 2.1983953 1.5901977 1.5901977 1.5901977 0.1549607 0.0000000 1.0703373 1.2070784 1.2588231 1.2070784 0.7389627 0.7662384 0.7126442 
t2         0.9547243 1.0703373 1.3744361 0.6872180 1.2588231 1.3744361 1.4396946 2.0310377 1.2588231 1.1132061 0.9913169 0.8864954 1.0703373 0.0000000 0.1307650 0.9913169 1.0297869 0.3999739 0.4714565 0.4714565 
t16        0.8545757 0.9547243 1.5901977 0.6872180 1.1586745 1.3144041 1.3744361 1.8942965 1.2588231 1.1132061 1.0703373 0.9198342 1.2070784 0.1307650 0.0000000 0.9913169 1.0297869 0.3999739 0.4348639 0.4529370 
t17        0.7662384 0.8239592 0.9198342 0.8864954 0.7945437 0.8864954 0.7945437 1.3144041 1.0703373 0.9198342 0.8239592 1.0297869 1.2588231 0.9913169 0.9913169 0.0000000 0.0734853 0.6872180 0.8545757 0.7945437 
t3         0.8239592 0.8545757 1.0703373 0.8545757 0.8545757 0.9198342 0.8239592 1.3144041 1.1132061 0.9547243 0.8239592 1.0297869 1.2070784 1.0297869 1.0297869 0.0734853 0.0000000 0.7126442 0.8239592 0.7662384 
t14        0.6626257 0.8864954 1.3144041 0.3666350 0.8545757 0.8545757 0.9198342 1.2588231 0.9913169 0.7389627 0.7662384 0.5716050 0.7389627 0.3999739 0.3999739 0.6872180 0.7126442 0.0000000 0.1073256 0.1189538 
t8         0.7389627 0.8239592 1.3744361 0.4172160 0.8864954 0.9547243 0.8864954 1.8942965 1.3744361 0.7389627 0.7662384 0.5933457 0.7662384 0.4714565 0.4348639 0.8545757 0.8239592 0.1073256 0.0000000 0.0517447 
t1         0.8239592 0.8864954 1.4396946 0.4348639 0.9198342 0.9913169 1.0297869 2.0310377 1.4396946 0.7945437 0.8239592 0.5716050 0.7126442 0.4714565 0.4529370 0.7945437 0.7662384 0.1189538 0.0517447 0.0000000 
