20
t10        0.0000000 0.4904449 0.7662384 0.2326162 0.4714565 0.5504769 0.5099265 0.3666350 0.3831192 0.4172160 0.5299277 0.4172160 0.3831192 0.5504769 0.5504769 0.4714565 0.4348639 0.4529370 0.5504769 0.5299277 
t2         0.4904449 0.0000000 0.6388142 0.6157354 0.4529370 0.5716050 0.5716050 0.4529370 0.4714565 0.4714565 0.5504769 0.7945437 0.7945437 0.6157354 0.6388142 0.4904449 0.4529370 0.4529370 0.5933457 0.5716050 
t7         0.7662384 0.6388142 0.0000000 0.6872180 0.8545757 1.0297869 1.1132061 0.7662384 0.7126442 0.8545757 0.9198342 1.2588231 1.1586745 0.7945437 0.7662384 0.8239592 0.7389627 0.7389627 0.9198342 0.8864954 
t3         0.2326162 0.6157354 0.6872180 0.0000000 0.5933457 0.6157354 0.6626257 0.4714565 0.3999739 0.5099265 0.5299277 0.3999739 0.4714565 0.5933457 0.5716050 0.5716050 0.5716050 0.5504769 0.5099265 0.4904449 
t1         0.4714565 0.4529370 0.8545757 0.5933457 0.0000000 0.2603971 0.3666350 0.3831192 0.3831192 0.4172160 0.5933457 0.6872180 0.6157354 0.5299277 0.5504769 0.2603971 0.2463781 0.2603971 0.5933457 0.5716050 
t12        0.5504769 0.5716050 1.0297869 0.6157354 0.2603971 0.0000000 0.3505054 0.4172160 0.4348639 0.3999739 0.7389627 0.7662384 0.7126442 0.4714565 0.4904449 0.3192509 0.2746833 0.2892469 0.7389627 0.7389627 
t15        0.5099265 0.5716050 1.1132061 0.6626257 0.3666350 0.3505054 0.0000000 0.3505054 0.4348639 0.5099265 0.8239592 0.7389627 0.5933457 0.5099265 0.5504769 0.3831192 0.3505054 0.3666350 0.8864954 0.8545757 
t19        0.3666350 0.4529370 0.7662384 0.4714565 0.3831192 0.4172160 0.3505054 0.0000000 0.2058276 0.2326162 0.5099265 0.5716050 0.5299277 0.3999739 0.4172160 0.3040988 0.2892469 0.3040988 0.5716050 0.5504769 
t18        0.3831192 0.4714565 0.7126442 0.3999739 0.3831192 0.4348639 0.4348639 0.2058276 0.0000000 0.2058276 0.5099265 0.5716050 0.6157354 0.3999739 0.3999739 0.3192509 0.3040988 0.2892469 0.4904449 0.4714565 
t17        0.4172160 0.4714565 0.8545757 0.5099265 0.4172160 0.3999739 0.5099265 0.2326162 0.2058276 0.0000000 0.6157354 0.6626257 0.6626257 0.4714565 0.5299277 0.3999739 0.3831192 0.3831192 0.6388142 0.6157354 
t11        0.5299277 0.5504769 0.9198342 0.5299277 0.5933457 0.7389627 0.8239592 0.5099265 0.5099265 0.6157354 0.0000000 0.7126442 0.8239592 0.7662384 0.7389627 0.5504769 0.5933457 0.6388142 0.0845966 0.0845966 
t16        0.4172160 0.7945437 1.2588231 0.3999739 0.6872180 0.7662384 0.7389627 0.5716050 0.5716050 0.6626257 0.7126442 0.0000000 0.1673577 0.5933457 0.6388142 0.6872180 0.6388142 0.6872180 0.6872180 0.6626257 
t8         0.3831192 0.7945437 1.1586745 0.4714565 0.6157354 0.7126442 0.5933457 0.5299277 0.6157354 0.6626257 0.8239592 0.1673577 0.0000000 0.6157354 0.6626257 0.5933457 0.5504769 0.5716050 0.8239592 0.7945437 
t6         0.5504769 0.6157354 0.7945437 0.5933457 0.5299277 0.4714565 0.5099265 0.3999739 0.3999739 0.4714565 0.7662384 0.5933457 0.6157354 0.0000000 0.0517447 0.4348639 0.3192509 0.3831192 0.7662384 0.7662384 
t20        0.5504769 0.6388142 0.7662384 0.5716050 0.5504769 0.4904449 0.5504769 0.4172160 0.3999739 0.5299277 0.7389627 0.6388142 0.6626257 0.0517447 0.0000000 0.4714565 0.3505054 0.4172160 0.7389627 0.7389627 
t4         0.4714565 0.4904449 0.8239592 0.5716050 0.2603971 0.3192509 0.3831192 0.3040988 0.3192509 0.3999739 0.5504769 0.6872180 0.5933457 0.4348639 0.4714565 0.0000000 0.0734853 0.0734853 0.6388142 0.6157354 
t9         0.4348639 0.4529370 0.7389627 0.5716050 0.2463781 0.2746833 0.3505054 0.2892469 0.3040988 0.3831192 0.5933457 0.6388142 0.5504769 0.3192509 0.3505054 0.0734853 0.0000000 0.0517447 0.6626257 0.6388142 
t13        0.4529370 0.4529370 0.7389627 0.5504769 0.2603971 0.2892469 0.3666350 0.3040988 0.2892469 0.3831192 0.6388142 0.6872180 0.5716050 0.3831192 0.4172160 0.0734853 0.0517447 0.0000000 0.6872180 0.6626257 
t14        0.5504769 0.5933457 0.9198342 0.5099265 0.5933457 0.7389627 0.8864954 0.5716050 0.4904449 0.6388142 0.0845966 0.6872180 0.8239592 0.7662384 0.7389627 0.6388142 0.6626257 0.6872180 0.0000000 0.0202715 
t5         0.5299277 0.5716050 0.8864954 0.4904449 0.5716050 0.7389627 0.8545757 0.5504769 0.4714565 0.6157354 0.0845966 0.6626257 0.7945437 0.7662384 0.7389627 0.6157354 0.6388142 0.6626257 0.0202715 0.0000000 
