20
t5         0.0000000 0.5933457 0.4714565 0.5299277 1.0703373 1.0297869 0.4348639 1.0297869 0.5504769 0.5099265 0.8239592 0.5299277 0.5504769 0.8239592 0.9913169 1.0297869 0.7662384 0.7662384 0.5716050 0.5504769 
t8         0.5933457 0.0000000 0.7662384 0.9198342 1.2070784 1.3744361 0.6872180 1.3144041 0.6626257 0.7389627 0.7662384 0.4529370 0.4348639 0.8239592 1.0703373 1.1132061 0.7389627 0.7389627 0.8239592 0.7945437 
t1         0.4714565 0.7662384 0.0000000 0.6157354 1.2588231 1.0703373 0.4529370 1.0297869 0.5099265 0.5933457 0.7662384 0.6388142 0.7389627 0.7945437 0.9547243 1.0297869 0.6872180 0.6872180 0.5716050 0.5299277 
t2         0.5299277 0.9198342 0.6157354 0.0000000 1.1586745 1.2070784 0.6157354 1.0703373 0.3347153 0.2892469 1.0297869 0.7389627 0.6872180 1.0297869 1.0297869 1.0703373 0.8545757 0.8545757 0.8864954 0.7945437 
t7         1.0703373 1.2070784 1.2588231 1.1586745 0.0000000 0.3347153 0.9913169 0.3347153 1.0703373 0.9547243 0.9547243 0.9913169 0.9547243 0.9547243 0.2746833 0.2326162 0.7945437 0.7945437 1.0297869 0.9913169 
t10        1.0297869 1.3744361 1.0703373 1.2070784 0.3347153 0.0000000 0.9198342 0.1927838 1.1132061 0.9913169 1.1586745 0.8545757 0.9547243 1.3144041 0.2058276 0.1549607 1.0703373 1.0703373 1.1132061 1.1132061 
t13        0.4348639 0.6872180 0.4529370 0.6157354 0.9913169 0.9198342 0.0000000 0.8239592 0.5504769 0.5504769 0.8545757 0.6157354 0.6872180 0.9913169 0.8864954 0.8864954 0.8545757 0.8545757 0.2058276 0.1427653 
t9         1.0297869 1.3144041 1.0297869 1.0703373 0.3347153 0.1927838 0.8239592 0.0000000 1.0703373 1.0297869 1.1132061 0.9198342 0.9913169 1.0703373 0.2058276 0.1549607 0.8864954 0.8864954 0.9913169 0.9198342 
t15        0.5504769 0.6626257 0.5099265 0.3347153 1.0703373 1.1132061 0.5504769 1.0703373 0.0000000 0.1427653 0.8864954 0.5299277 0.5504769 0.8545757 0.9198342 0.9913169 0.7662384 0.7662384 0.6872180 0.6157354 
t19        0.5099265 0.7389627 0.5933457 0.2892469 0.9547243 0.9913169 0.5504769 1.0297869 0.1427653 0.0000000 0.9547243 0.5504769 0.5299277 0.9547243 0.9198342 0.9913169 0.7662384 0.7662384 0.7126442 0.6626257 
t12        0.8239592 0.7662384 0.7662384 1.0297869 0.9547243 1.1586745 0.8545757 1.1132061 0.8864954 0.9547243 0.0000000 0.6157354 0.6872180 0.2746833 0.8545757 0.8864954 0.2326162 0.2191023 1.1586745 1.0297869 
t16        0.5299277 0.4529370 0.6388142 0.7389627 0.9913169 0.8545757 0.6157354 0.9198342 0.5299277 0.5504769 0.6157354 0.0000000 0.1673577 0.7389627 0.8239592 0.7945437 0.6872180 0.6872180 0.7945437 0.7389627 
t11        0.5504769 0.4348639 0.7389627 0.6872180 0.9547243 0.9547243 0.6872180 0.9913169 0.5504769 0.5299277 0.6872180 0.1673577 0.0000000 0.7945437 0.8545757 0.8545757 0.7126442 0.7126442 0.9198342 0.8545757 
t3         0.8239592 0.8239592 0.7945437 1.0297869 0.9547243 1.3144041 0.9913169 1.0703373 0.8545757 0.9547243 0.2746833 0.7389627 0.7945437 0.0000000 0.8545757 0.9198342 0.1189538 0.1073256 1.1586745 1.0703373 
t4         0.9913169 1.0703373 0.9547243 1.0297869 0.2746833 0.2058276 0.8864954 0.2058276 0.9198342 0.9198342 0.8545757 0.8239592 0.8545757 0.8545757 0.0000000 0.0625362 0.6872180 0.7126442 1.0703373 0.9913169 
t20        1.0297869 1.1132061 1.0297869 1.0703373 0.2326162 0.1549607 0.8864954 0.1549607 0.9913169 0.9913169 0.8864954 0.7945437 0.8545757 0.9198342 0.0625362 0.0000000 0.7662384 0.7662384 1.0703373 0.9913169 
t6         0.7662384 0.7389627 0.6872180 0.8545757 0.7945437 1.0703373 0.8545757 0.8864954 0.7662384 0.7662384 0.2326162 0.6872180 0.7126442 0.1189538 0.6872180 0.7662384 0.0000000 0.0100673 1.0703373 0.9547243 
t18        0.7662384 0.7389627 0.6872180 0.8545757 0.7945437 1.0703373 0.8545757 0.8864954 0.7662384 0.7662384 0.2191023 0.6872180 0.7126442 0.1073256 0.7126442 0.7662384 0.0100673 0.0000000 1.0703373 0.9547243 
t14        0.5716050 0.8239592 0.5716050 0.8864954 1.0297869 1.1132061 0.2058276 0.9913169 0.6872180 0.7126442 1.1586745 0.7945437 0.9198342 1.1586745 1.0703373 1.0703373 1.0703373 1.0703373 0.0000000 0.0517447 
t17        0.5504769 0.7945437 0.5299277 0.7945437 0.9913169 1.1132061 0.1427653 0.9198342 0.6157354 0.6626257 1.0297869 0.7389627 0.8545757 1.0703373 0.9913169 0.9913169 0.9547243 0.9547243 0.0517447 0.0000000 
