20
t8         0.0000000 0.7945437 1.4396946 0.9198342 1.6785349 1.2588231 2.1983953 1.3144041 1.3144041 1.3744361 1.3144041 1.3144041 0.9547243 1.2588231 1.1132061 1.0703373 1.0703373 0.9913169 1.3144041 1.1586745 
t3         0.7945437 0.0000000 0.9547243 0.4172160 1.2588231 0.9547243 1.5111773 0.7126442 0.6872180 0.5933457 0.6872180 0.5933457 0.4348639 0.5716050 0.8239592 0.6626257 0.8545757 0.7945437 0.6872180 0.7662384 
t6         1.4396946 0.9547243 0.0000000 0.9198342 1.0703373 0.7662384 0.8545757 0.8239592 0.7126442 1.5901977 1.8942965 1.3744361 1.0703373 0.9198342 0.8864954 0.7126442 0.9547243 0.9198342 1.8942965 1.5111773 
t18        0.9198342 0.4172160 0.9198342 0.0000000 0.9547243 0.7945437 1.0703373 0.6626257 0.6388142 0.6626257 0.7945437 0.3999739 0.4172160 0.5716050 0.7126442 0.5716050 0.6872180 0.7126442 0.4714565 0.5299277 
t15        1.6785349 1.2588231 1.0703373 0.9547243 0.0000000 1.0297869 1.2588231 0.5716050 0.5716050 1.8942965 2.1983953 1.3144041 1.0703373 1.7786835 0.7945437 0.6388142 1.1132061 1.1586745 1.2588231 1.1586745 
t9         1.2588231 0.9547243 0.7662384 0.7945437 1.0297869 0.0000000 0.8864954 0.7662384 0.7389627 1.4396946 1.6785349 1.1586745 0.9547243 1.2588231 0.8864954 0.7662384 0.7945437 0.8545757 1.1132061 1.3744361 
t11        2.1983953 1.5111773 0.8545757 1.0703373 1.2588231 0.8864954 0.0000000 1.1586745 1.1586745 1.7786835 2.7182557 1.0297869 1.3144041 1.6785349 1.3744361 1.1132061 1.3144041 1.2588231 1.1132061 1.1586745 
t14        1.3144041 0.7126442 0.8239592 0.6626257 0.5716050 0.7662384 1.1586745 0.0000000 0.1927838 1.1586745 1.2588231 0.7389627 0.7662384 0.9913169 0.3999739 0.3666350 0.7126442 0.6872180 0.8864954 0.9198342 
t13        1.3144041 0.6872180 0.7126442 0.6388142 0.5716050 0.7389627 1.1586745 0.1927838 0.0000000 1.1132061 1.3144041 0.7945437 0.7945437 0.8864954 0.3831192 0.3192509 0.6626257 0.6388142 1.0297869 0.9913169 
t1         1.3744361 0.5933457 1.5901977 0.6626257 1.8942965 1.4396946 1.7786835 1.1586745 1.1132061 0.0000000 0.3040988 0.8864954 0.6626257 0.8864954 1.1586745 0.9913169 1.1132061 1.0703373 0.9913169 1.1132061 
t5         1.3144041 0.6872180 1.8942965 0.7945437 2.1983953 1.6785349 2.7182557 1.2588231 1.3144041 0.3040988 0.0000000 1.1132061 0.6388142 0.9913169 1.2070784 1.0703373 1.1586745 1.0703373 1.0297869 1.1132061 
t12        1.3144041 0.5933457 1.3744361 0.3999739 1.3144041 1.1586745 1.0297869 0.7389627 0.7945437 0.8864954 1.1132061 0.0000000 0.6626257 0.7945437 0.8864954 0.7126442 0.8864954 0.9198342 0.2746833 0.3505054 
t19        0.9547243 0.4348639 1.0703373 0.4172160 1.0703373 0.9547243 1.3144041 0.7662384 0.7945437 0.6626257 0.6388142 0.6626257 0.0000000 0.2892469 0.8864954 0.6626257 0.7662384 0.7945437 0.7126442 0.7662384 
t16        1.2588231 0.5716050 0.9198342 0.5716050 1.7786835 1.2588231 1.6785349 0.9913169 0.8864954 0.8864954 0.9913169 0.7945437 0.2892469 0.0000000 0.9547243 0.8864954 1.0703373 1.1132061 0.9198342 1.1586745 
t7         1.1132061 0.8239592 0.8864954 0.7126442 0.7945437 0.8864954 1.3744361 0.3999739 0.3831192 1.1586745 1.2070784 0.8864954 0.8864954 0.9547243 0.0000000 0.1549607 0.8239592 0.7945437 1.0297869 1.1586745 
t2         1.0703373 0.6626257 0.7126442 0.5716050 0.6388142 0.7662384 1.1132061 0.3666350 0.3192509 0.9913169 1.0703373 0.7126442 0.6626257 0.8864954 0.1549607 0.0000000 0.6626257 0.6157354 0.8864954 0.9547243 
t10        1.0703373 0.8545757 0.9547243 0.6872180 1.1132061 0.7945437 1.3144041 0.7126442 0.6626257 1.1132061 1.1586745 0.8864954 0.7662384 1.0703373 0.8239592 0.6626257 0.0000000 0.0958750 0.9198342 0.7662384 
t4         0.9913169 0.7945437 0.9198342 0.7126442 1.1586745 0.8545757 1.2588231 0.6872180 0.6388142 1.0703373 1.0703373 0.9198342 0.7945437 1.1132061 0.7945437 0.6157354 0.0958750 0.0000000 1.0297869 0.8864954 
t20        1.3144041 0.6872180 1.8942965 0.4714565 1.2588231 1.1132061 1.1132061 0.8864954 1.0297869 0.9913169 1.0297869 0.2746833 0.7126442 0.9198342 1.0297869 0.8864954 0.9198342 1.0297869 0.0000000 0.1673577 
t17        1.1586745 0.7662384 1.5111773 0.5299277 1.1586745 1.3744361 1.1586745 0.9198342 0.9913169 1.1132061 1.1132061 0.3505054 0.7662384 1.1586745 1.1586745 0.9547243 0.7662384 0.8864954 0.1673577 0.0000000 
