20
t12        0.0000000 2.0310377 1.8942965 1.7786835 1.8942965 9.0000000 1.6785349 1.3144041 9.0000000 9.0000000 9.0000000 9.0000000 9.0000000 9.0000000 9.0000000 2.1983953 1.8942965 3.2381161 9.0000000 9.0000000 
t8         2.0310377 0.0000000 1.8942965 1.3744361 0.6388142 9.0000000 1.4396946 1.4396946 1.4396946 9.0000000 1.5901977 3.2381161 1.3744361 9.0000000 3.2381161 1.2588231 1.1132061 2.1983953 9.0000000 9.0000000 
t9         1.8942965 1.8942965 0.0000000 2.1983953 1.3144041 1.7786835 1.6785349 1.1132061 1.4396946 9.0000000 1.5111773 2.4141569 2.1983953 2.7182557 3.2381161 1.4396946 1.6785349 1.5111773 2.0310377 2.1983953 
t6         1.7786835 1.3744361 2.1983953 0.0000000 1.1132061 1.8942965 2.7182557 9.0000000 3.2381161 9.0000000 3.2381161 2.0310377 3.2381161 9.0000000 9.0000000 2.1983953 2.1983953 1.8942965 2.4141569 2.7182557 
t11        1.8942965 0.6388142 1.3144041 1.1132061 0.0000000 9.0000000 1.1586745 1.2588231 1.6785349 9.0000000 1.7786835 9.0000000 2.7182557 2.4141569 2.7182557 1.5111773 1.5901977 1.7786835 2.1983953 2.4141569 
t3         9.0000000 9.0000000 1.7786835 1.8942965 9.0000000 0.0000000 9.0000000 9.0000000 3.2381161 2.0310377 2.0310377 2.4141569 3.2381161 9.0000000 9.0000000 9.0000000 9.0000000 2.7182557 2.0310377 2.1983953 
t2         1.6785349 1.4396946 1.6785349 2.7182557 1.1586745 9.0000000 0.0000000 0.6872180 1.5901977 9.0000000 2.0310377 1.8942965 2.7182557 9.0000000 9.0000000 1.6785349 1.6785349 1.8942965 9.0000000 9.0000000 
t5         1.3144041 1.4396946 1.1132061 9.0000000 1.2588231 9.0000000 0.6872180 0.0000000 1.4396946 2.4141569 2.0310377 2.1983953 1.7786835 9.0000000 9.0000000 1.0703373 1.1132061 1.5901977 9.0000000 9.0000000 
t7         9.0000000 1.4396946 1.4396946 3.2381161 1.6785349 3.2381161 1.5901977 1.4396946 0.0000000 2.7182557 0.5099265 0.5933457 0.4348639 9.0000000 9.0000000 2.7182557 3.2381161 2.7182557 2.4141569 2.7182557 
t17        9.0000000 9.0000000 9.0000000 9.0000000 9.0000000 2.0310377 9.0000000 2.4141569 2.7182557 0.0000000 2.7182557 2.4141569 2.1983953 9.0000000 2.7182557 9.0000000 9.0000000 9.0000000 0.7389627 0.7662384 
t15        9.0000000 1.5901977 1.5111773 3.2381161 1.7786835 2.0310377 2.0310377 2.0310377 0.5099265 2.7182557 0.0000000 0.3831192 0.2603971 9.0000000 9.0000000 9.0000000 9.0000000 9.0000000 9.0000000 3.2381161 
t16        9.0000000 3.2381161 2.4141569 2.0310377 9.0000000 2.4141569 1.8942965 2.1983953 0.5933457 2.4141569 0.3831192 0.0000000 0.3505054 9.0000000 9.0000000 9.0000000 9.0000000 9.0000000 9.0000000 9.0000000 
t4         9.0000000 1.3744361 2.1983953 3.2381161 2.7182557 3.2381161 2.7182557 1.7786835 0.4348639 2.1983953 0.2603971 0.3505054 0.0000000 9.0000000 9.0000000 9.0000000 2.4141569 9.0000000 9.0000000 9.0000000 
t10        9.0000000 9.0000000 2.7182557 9.0000000 2.4141569 9.0000000 9.0000000 9.0000000 9.0000000 9.0000000 9.0000000 9.0000000 9.0000000 0.0000000 0.1799630 9.0000000 9.0000000 2.1983953 2.7182557 3.2381161 
t20        9.0000000 3.2381161 3.2381161 9.0000000 2.7182557 9.0000000 9.0000000 9.0000000 9.0000000 2.7182557 9.0000000 9.0000000 9.0000000 0.1799630 0.0000000 9.0000000 9.0000000 1.7786835 9.0000000 3.2381161 
t1         2.1983953 1.2588231 1.4396946 2.1983953 1.5111773 9.0000000 1.6785349 1.0703373 2.7182557 9.0000000 9.0000000 9.0000000 9.0000000 9.0000000 9.0000000 0.0000000 0.3347153 0.4172160 1.7786835 1.7786835 
t19        1.8942965 1.1132061 1.6785349 2.1983953 1.5901977 9.0000000 1.6785349 1.1132061 3.2381161 9.0000000 9.0000000 9.0000000 2.4141569 9.0000000 9.0000000 0.3347153 0.0000000 0.6872180 1.7786835 1.7786835 
t14        3.2381161 2.1983953 1.5111773 1.8942965 1.7786835 2.7182557 1.8942965 1.5901977 2.7182557 9.0000000 9.0000000 9.0000000 9.0000000 2.1983953 1.7786835 0.4172160 0.6872180 0.0000000 2.4141569 2.4141569 
t18        9.0000000 9.0000000 2.0310377 2.4141569 2.1983953 2.0310377 9.0000000 9.0000000 2.4141569 0.7389627 9.0000000 9.0000000 9.0000000 2.7182557 9.0000000 1.7786835 1.7786835 2.4141569 0.0000000 0.0100673 
t13        9.0000000 9.0000000 2.1983953 2.7182557 2.4141569 2.1983953 9.0000000 9.0000000 2.7182557 0.7662384 3.2381161 9.0000000 9.0000000 3.2381161 3.2381161 1.7786835 1.7786835 2.4141569 0.0100673 0.0000000 
