20
t18        0.0000000 1.1586745 1.5901977 1.3144041 1.1132061 1.0703373 1.0297869 1.7786835 2.1983953 1.2588231 1.2588231 1.7786835 1.3744361 1.7786835 1.5901977 1.2588231 1.2588231 1.3144041 1.2588231 1.2070784 
t12        1.1586745 0.0000000 1.1586745 1.5901977 1.1132061 0.7662384 1.3144041 1.5111773 2.1983953 0.9547243 0.8864954 1.1586745 1.2070784 1.2588231 1.3144041 1.4396946 1.5111773 1.5111773 1.6785349 1.6785349 
t13        1.5901977 1.1586745 0.0000000 1.2588231 1.2588231 1.3144041 1.3744361 1.0703373 1.0703373 1.2070784 1.1586745 1.0297869 1.1132061 1.0703373 0.9913169 1.3744361 1.2588231 1.1586745 1.2588231 1.2588231 
t20        1.3144041 1.5901977 1.2588231 0.0000000 0.9913169 1.5901977 1.5111773 1.0703373 1.4396946 1.4396946 1.2588231 1.1132061 1.0297869 1.1586745 1.3744361 1.2588231 1.0297869 1.0703373 1.0297869 1.0297869 
t11        1.1132061 1.1132061 1.2588231 0.9913169 0.0000000 1.5111773 1.2588231 0.5716050 0.5716050 1.3144041 1.3144041 0.7126442 0.7945437 0.7662384 0.6872180 1.5901977 0.9547243 0.9913169 1.2588231 1.2588231 
t17        1.0703373 0.7662384 1.3144041 1.5901977 1.5111773 0.0000000 1.5111773 1.4396946 1.6785349 0.6626257 0.6872180 1.4396946 1.3144041 1.1586745 1.1586745 1.3744361 1.0297869 0.9913169 1.1586745 1.2070784 
t1         1.0297869 1.3144041 1.3744361 1.5111773 1.2588231 1.5111773 0.0000000 1.4396946 1.4396946 1.0297869 1.2070784 1.5901977 1.2070784 1.7786835 1.3144041 0.6872180 1.2070784 1.1586745 0.6872180 0.6626257 
t8         1.7786835 1.5111773 1.0703373 1.0703373 0.5716050 1.4396946 1.4396946 0.0000000 0.4529370 1.3744361 1.2070784 0.8239592 0.9198342 0.8545757 0.7389627 1.3144041 0.8864954 0.9198342 1.1586745 1.1586745 
t15        2.1983953 2.1983953 1.0703373 1.4396946 0.5716050 1.6785349 1.4396946 0.4529370 0.0000000 1.3144041 1.3144041 0.8545757 0.9547243 1.0297869 0.8545757 1.4396946 0.9913169 0.9547243 1.3744361 1.3744361 
t3         1.2588231 0.9547243 1.2070784 1.4396946 1.3144041 0.6626257 1.0297869 1.3744361 1.3144041 0.0000000 0.5716050 1.2070784 1.4396946 1.5901977 1.3144041 1.1586745 1.0703373 1.0297869 1.2070784 1.1586745 
t2         1.2588231 0.8864954 1.1586745 1.2588231 1.3144041 0.6872180 1.2070784 1.2070784 1.3144041 0.5716050 0.0000000 1.2588231 1.7786835 1.1586745 1.3144041 1.3144041 1.2588231 1.1586745 1.3144041 1.2588231 
t10        1.7786835 1.1586745 1.0297869 1.1132061 0.7126442 1.4396946 1.5901977 0.8239592 0.8545757 1.2070784 1.2588231 0.0000000 0.7126442 0.3666350 0.3347153 1.8942965 0.7945437 0.7662384 1.5111773 1.5111773 
t19        1.3744361 1.2070784 1.1132061 1.0297869 0.7945437 1.3144041 1.2070784 0.9198342 0.9547243 1.4396946 1.7786835 0.7126442 0.0000000 0.7389627 0.6872180 1.6785349 0.3505054 0.3192509 1.5901977 1.5901977 
t5         1.7786835 1.2588231 1.0703373 1.1586745 0.7662384 1.1586745 1.7786835 0.8545757 1.0297869 1.5901977 1.1586745 0.3666350 0.7389627 0.0000000 0.1427653 1.8942965 0.7389627 0.7389627 1.4396946 1.4396946 
t7         1.5901977 1.3144041 0.9913169 1.3744361 0.6872180 1.1586745 1.3144041 0.7389627 0.8545757 1.3144041 1.3144041 0.3347153 0.6872180 0.1427653 0.0000000 1.3744361 0.6157354 0.6157354 1.0297869 1.0297869 
t14        1.2588231 1.4396946 1.3744361 1.2588231 1.5901977 1.3744361 0.6872180 1.3144041 1.4396946 1.1586745 1.3144041 1.8942965 1.6785349 1.8942965 1.3744361 0.0000000 1.0703373 1.2070784 0.2463781 0.2326162 
t16        1.2588231 1.5111773 1.2588231 1.0297869 0.9547243 1.0297869 1.2070784 0.8864954 0.9913169 1.0703373 1.2588231 0.7945437 0.3505054 0.7389627 0.6157354 1.0703373 0.0000000 0.0625362 0.9547243 0.9547243 
t4         1.3144041 1.5111773 1.1586745 1.0703373 0.9913169 0.9913169 1.1586745 0.9198342 0.9547243 1.0297869 1.1586745 0.7662384 0.3192509 0.7389627 0.6157354 1.2070784 0.0625362 0.0000000 0.9913169 0.9913169 
t9         1.2588231 1.6785349 1.2588231 1.0297869 1.2588231 1.1586745 0.6872180 1.1586745 1.3744361 1.2070784 1.3144041 1.5111773 1.5901977 1.4396946 1.0297869 0.2463781 0.9547243 0.9913169 0.0000000 0.0100673 
t6         1.2070784 1.6785349 1.2588231 1.0297869 1.2588231 1.2070784 0.6626257 1.1586745 1.3744361 1.1586745 1.2588231 1.5111773 1.5901977 1.4396946 1.0297869 0.2326162 0.9547243 0.9913169 0.0100673 0.0000000 
