20
t16        0.0000000 0.4348639 0.5716050 0.8545757 0.4904449 0.4904449 0.6388142 0.5716050 0.5299277 1.3744361 0.7945437 0.8239592 0.7945437 0.5099265 0.8545757 0.9547243 0.5504769 0.5504769 0.6388142 0.6626257 
t2         0.4348639 0.0000000 0.5099265 0.7945437 0.4348639 0.3999739 0.5099265 0.4348639 0.4529370 1.2070784 0.5716050 0.5716050 0.6157354 0.3666350 0.6626257 0.7945437 0.5504769 0.5716050 0.4904449 0.5099265 
t7         0.5716050 0.5099265 0.0000000 0.8239592 0.5299277 0.3831192 0.5099265 0.4714565 0.6626257 1.5111773 0.6872180 0.7126442 0.7126442 0.5504769 0.7126442 0.7662384 0.2603971 0.2746833 0.6626257 0.6872180 
t8         0.8545757 0.7945437 0.8239592 0.0000000 0.6872180 0.5933457 0.7662384 0.6157354 0.9198342 1.2588231 0.8864954 0.9547243 0.8545757 0.7126442 0.9913169 1.0297869 0.6388142 0.6626257 0.7662384 0.7945437 
t3         0.4904449 0.4348639 0.5299277 0.6872180 0.0000000 0.3192509 0.4172160 0.4172160 0.4348639 1.2588231 0.6157354 0.6157354 0.5933457 0.3666350 0.7126442 0.7662384 0.3999739 0.3999739 0.4529370 0.4714565 
t18        0.4904449 0.3999739 0.3831192 0.5933457 0.3192509 0.0000000 0.1073256 0.0845966 0.3192509 1.0703373 0.4904449 0.5299277 0.5504769 0.2746833 0.6157354 0.6626257 0.2191023 0.2326162 0.3831192 0.3999739 
t6         0.6388142 0.5099265 0.5099265 0.7662384 0.4172160 0.1073256 0.0000000 0.1549607 0.3666350 1.1586745 0.5299277 0.5299277 0.5933457 0.3347153 0.7389627 0.7389627 0.3192509 0.3347153 0.3999739 0.4172160 
t17        0.5716050 0.4348639 0.4714565 0.6157354 0.4172160 0.0845966 0.1549607 0.0000000 0.3999739 1.2070784 0.6157354 0.6388142 0.6872180 0.3666350 0.6626257 0.7126442 0.2892469 0.3040988 0.4904449 0.5099265 
t20        0.5299277 0.4529370 0.6626257 0.9198342 0.4348639 0.3192509 0.3666350 0.3999739 0.0000000 1.1586745 0.5099265 0.5504769 0.5504769 0.1427653 0.8545757 0.9198342 0.4904449 0.5099265 0.2746833 0.2746833 
t1         1.3744361 1.2070784 1.5111773 1.2588231 1.2588231 1.0703373 1.1586745 1.2070784 1.1586745 0.0000000 1.3744361 1.3744361 1.3144041 1.0297869 0.5716050 0.5504769 1.5901977 1.6785349 1.1586745 1.1586745 
t15        0.7945437 0.5716050 0.6872180 0.8864954 0.6157354 0.4904449 0.5299277 0.6157354 0.5099265 1.3744361 0.0000000 0.0306165 0.1073256 0.4714565 1.0297869 1.0703373 0.5716050 0.5504769 0.4529370 0.4714565 
t19        0.8239592 0.5716050 0.7126442 0.9547243 0.6157354 0.5299277 0.5299277 0.6388142 0.5504769 1.3744361 0.0306165 0.0000000 0.1189538 0.5099265 1.0297869 1.0297869 0.5933457 0.5716050 0.4904449 0.5099265 
t14        0.7945437 0.6157354 0.7126442 0.8545757 0.5933457 0.5504769 0.5933457 0.6872180 0.5504769 1.3144041 0.1073256 0.1189538 0.0000000 0.5099265 0.8864954 0.8864954 0.6388142 0.6626257 0.4904449 0.5099265 
t5         0.5099265 0.3666350 0.5504769 0.7126442 0.3666350 0.2746833 0.3347153 0.3666350 0.1427653 1.0297869 0.4714565 0.5099265 0.5099265 0.0000000 0.6872180 0.7662384 0.4714565 0.4904449 0.1307650 0.1427653 
t13        0.8545757 0.6626257 0.7126442 0.9913169 0.7126442 0.6157354 0.7389627 0.6626257 0.8545757 0.5716050 1.0297869 1.0297869 0.8864954 0.6872180 0.0000000 0.0734853 0.7662384 0.7945437 0.8239592 0.8545757 
t10        0.9547243 0.7945437 0.7662384 1.0297869 0.7662384 0.6626257 0.7389627 0.7126442 0.9198342 0.5504769 1.0703373 1.0297869 0.8864954 0.7662384 0.0734853 0.0000000 0.7662384 0.7945437 0.8545757 0.8864954 
t11        0.5504769 0.5504769 0.2603971 0.6388142 0.3999739 0.2191023 0.3192509 0.2892469 0.4904449 1.5901977 0.5716050 0.5933457 0.6388142 0.4714565 0.7662384 0.7662384 0.0000000 0.0100673 0.5933457 0.6157354 
t4         0.5504769 0.5716050 0.2746833 0.6626257 0.3999739 0.2326162 0.3347153 0.3040988 0.5099265 1.6785349 0.5504769 0.5716050 0.6626257 0.4904449 0.7945437 0.7945437 0.0100673 0.0000000 0.6157354 0.6388142 
t9         0.6388142 0.4904449 0.6626257 0.7662384 0.4529370 0.3831192 0.3999739 0.4904449 0.2746833 1.1586745 0.4529370 0.4904449 0.4904449 0.1307650 0.8239592 0.8545757 0.5933457 0.6157354 0.0000000 0.0100673 
t12        0.6626257 0.5099265 0.6872180 0.7945437 0.4714565 0.3999739 0.4172160 0.5099265 0.2746833 1.1586745 0.4714565 0.5099265 0.5099265 0.1427653 0.8545757 0.8864954 0.6157354 0.6388142 0.0100673 0.0000000 
