20
t20        0.0000000 9.0000000 0.5716050 0.8239592 0.5933457 1.2070784 1.5111773 1.5111773 1.5901977 1.7786835 2.7182557 1.6785349 1.2070784 1.5111773 1.3144041 1.5111773 1.5111773 1.7786835 9.0000000 9.0000000 
t14        9.0000000 0.0000000 9.0000000 2.7182557 2.0310377 1.8942965 2.0310377 2.4141569 1.8942965 0.6872180 0.6388142 0.6626257 2.1983953 1.5111773 2.7182557 3.2381161 9.0000000 2.7182557 2.7182557 1.7786835 
t4         0.5716050 9.0000000 0.0000000 1.0703373 0.6157354 1.4396946 1.6785349 1.8942965 2.0310377 9.0000000 9.0000000 2.0310377 1.7786835 1.7786835 2.7182557 2.4141569 1.8942965 2.1983953 9.0000000 9.0000000 
t2         0.8239592 2.7182557 1.0703373 0.0000000 0.9547243 1.4396946 1.7786835 2.4141569 2.1983953 1.8942965 2.0310377 1.7786835 1.7786835 1.6785349 1.5901977 2.0310377 3.2381161 3.2381161 3.2381161 2.7182557 
t3         0.5933457 2.0310377 0.6157354 0.9547243 0.0000000 1.0297869 1.4396946 1.3144041 1.2070784 1.5901977 3.2381161 1.3744361 1.1586745 1.3144041 1.5111773 1.5901977 1.5901977 1.4396946 2.0310377 2.0310377 
t6         1.2070784 1.8942965 1.4396946 1.4396946 1.0297869 0.0000000 3.2381161 0.6872180 0.4714565 1.6785349 1.8942965 1.7786835 0.3347153 0.3831192 2.0310377 9.0000000 0.7945437 0.9913169 1.4396946 1.5901977 
t9         1.5111773 2.0310377 1.6785349 1.7786835 1.4396946 3.2381161 0.0000000 2.0310377 2.1983953 9.0000000 9.0000000 9.0000000 2.1983953 2.4141569 0.3192509 0.2603971 2.4141569 2.0310377 9.0000000 9.0000000 
t17        1.5111773 2.4141569 1.8942965 2.4141569 1.3144041 0.6872180 2.0310377 0.0000000 0.7662384 1.7786835 1.5111773 2.0310377 0.7389627 0.7945437 1.4396946 1.4396946 0.3040988 0.2892469 1.3744361 1.3144041 
t7         1.5901977 1.8942965 2.0310377 2.1983953 1.2070784 0.4714565 2.1983953 0.7662384 0.0000000 2.1983953 2.1983953 9.0000000 0.3831192 0.4348639 1.8942965 1.8942965 0.7945437 0.9198342 1.4396946 1.6785349 
t13        1.7786835 0.6872180 9.0000000 1.8942965 1.5901977 1.6785349 9.0000000 1.7786835 2.1983953 0.0000000 0.2746833 0.2463781 2.1983953 1.4396946 9.0000000 9.0000000 1.5901977 2.0310377 9.0000000 3.2381161 
t12        2.7182557 0.6388142 9.0000000 2.0310377 3.2381161 1.8942965 9.0000000 1.5111773 2.1983953 0.2746833 0.0000000 0.3040988 3.2381161 1.8942965 9.0000000 9.0000000 1.7786835 1.6785349 9.0000000 9.0000000 
t10        1.6785349 0.6626257 2.0310377 1.7786835 1.3744361 1.7786835 9.0000000 2.0310377 9.0000000 0.2463781 0.3040988 0.0000000 9.0000000 2.4141569 9.0000000 9.0000000 2.1983953 2.0310377 9.0000000 9.0000000 
t8         1.2070784 2.1983953 1.7786835 1.7786835 1.1586745 0.3347153 2.1983953 0.7389627 0.3831192 2.1983953 3.2381161 9.0000000 0.0000000 0.2326162 2.0310377 2.0310377 0.7662384 0.8239592 1.3144041 1.3744361 
t16        1.5111773 1.5111773 1.7786835 1.6785349 1.3144041 0.3831192 2.4141569 0.7945437 0.4348639 1.4396946 1.8942965 2.4141569 0.2326162 0.0000000 2.1983953 1.8942965 0.9198342 0.9913169 1.5111773 1.6785349 
t5         1.3144041 2.7182557 2.7182557 1.5901977 1.5111773 2.0310377 0.3192509 1.4396946 1.8942965 9.0000000 9.0000000 9.0000000 2.0310377 2.1983953 0.0000000 0.1673577 1.8942965 1.5901977 2.7182557 2.4141569 
t11        1.5111773 3.2381161 2.4141569 2.0310377 1.5901977 9.0000000 0.2603971 1.4396946 1.8942965 9.0000000 9.0000000 9.0000000 2.0310377 1.8942965 0.1673577 0.0000000 1.7786835 1.5901977 2.7182557 3.2381161 
t15        1.5111773 9.0000000 1.8942965 3.2381161 1.5901977 0.7945437 2.4141569 0.3040988 0.7945437 1.5901977 1.7786835 2.1983953 0.7662384 0.9198342 1.8942965 1.7786835 0.0000000 0.2191023 1.3744361 1.2588231 
t19        1.7786835 2.7182557 2.1983953 3.2381161 1.4396946 0.9913169 2.0310377 0.2892469 0.9198342 2.0310377 1.6785349 2.0310377 0.8239592 0.9913169 1.5901977 1.5901977 0.2191023 0.0000000 1.2588231 1.3144041 
t1         9.0000000 2.7182557 9.0000000 3.2381161 2.0310377 1.4396946 9.0000000 1.3744361 1.4396946 9.0000000 9.0000000 9.0000000 1.3144041 1.5111773 2.7182557 2.7182557 1.3744361 1.2588231 0.0000000 0.1673577 
t18        9.0000000 1.7786835 9.0000000 2.7182557 2.0310377 1.5901977 9.0000000 1.3144041 1.6785349 3.2381161 9.0000000 9.0000000 1.3744361 1.6785349 2.4141569 3.2381161 1.2588231 1.3144041 0.1673577 0.0000000 
