20
t4         0.0000000 1.7786835 1.1586745 3.2381161 2.4141569 9.0000000 2.0310377 2.1983953 2.7182557 3.2381161 2.0310377 2.4141569 9.0000000 9.0000000 1.6785349 2.0310377 1.8942965 1.8942965 1.5111773 1.5111773 
t18        1.7786835 0.0000000 1.6785349 1.0297869 0.9913169 1.0297869 9.0000000 1.5901977 1.5111773 1.8942965 1.5901977 1.8942965 1.3144041 1.3744361 1.5111773 9.0000000 3.2381161 3.2381161 1.4396946 1.4396946 
t19        1.1586745 1.6785349 0.0000000 1.6785349 2.0310377 2.7182557 1.0703373 9.0000000 1.3744361 2.0310377 9.0000000 9.0000000 9.0000000 9.0000000 1.0297869 1.0703373 1.2070784 1.2070784 0.9547243 0.9547243 
t11        3.2381161 1.0297869 1.6785349 0.0000000 0.9547243 1.0703373 2.4141569 0.6626257 1.3144041 1.5111773 0.7126442 0.6872180 1.2588231 1.1132061 2.0310377 3.2381161 2.1983953 2.1983953 2.4141569 2.4141569 
t7         2.4141569 0.9913169 2.0310377 0.9547243 0.0000000 0.5299277 2.1983953 1.8942965 1.3744361 1.2070784 2.7182557 2.4141569 0.7945437 0.6157354 2.1983953 1.7786835 1.8942965 1.8942965 2.4141569 2.4141569 
t13        9.0000000 1.0297869 2.7182557 1.0703373 0.5299277 0.0000000 2.1983953 2.4141569 1.4396946 1.5111773 2.4141569 2.7182557 0.6626257 0.6157354 2.1983953 2.0310377 2.1983953 2.1983953 2.0310377 2.0310377 
t3         2.0310377 9.0000000 1.0703373 2.4141569 2.1983953 2.1983953 0.0000000 9.0000000 1.5901977 2.4141569 9.0000000 9.0000000 3.2381161 2.7182557 0.6388142 0.2746833 0.2746833 0.2746833 0.6388142 0.6388142 
t10        2.1983953 1.5901977 9.0000000 0.6626257 1.8942965 2.4141569 9.0000000 0.0000000 9.0000000 9.0000000 0.3666350 0.3347153 2.7182557 2.1983953 9.0000000 9.0000000 9.0000000 9.0000000 9.0000000 9.0000000 
t1         2.7182557 1.5111773 1.3744361 1.3144041 1.3744361 1.4396946 1.5901977 9.0000000 0.0000000 0.2058276 2.4141569 3.2381161 1.5901977 1.3744361 2.4141569 1.7786835 1.6785349 1.6785349 3.2381161 3.2381161 
t5         3.2381161 1.8942965 2.0310377 1.5111773 1.2070784 1.5111773 2.4141569 9.0000000 0.2058276 0.0000000 2.4141569 9.0000000 1.6785349 1.4396946 9.0000000 1.8942965 2.0310377 2.0310377 9.0000000 9.0000000 
t16        2.0310377 1.5901977 9.0000000 0.7126442 2.7182557 2.4141569 9.0000000 0.3666350 2.4141569 2.4141569 0.0000000 0.1799630 9.0000000 3.2381161 9.0000000 9.0000000 9.0000000 9.0000000 9.0000000 9.0000000 
t6         2.4141569 1.8942965 9.0000000 0.6872180 2.4141569 2.7182557 9.0000000 0.3347153 3.2381161 9.0000000 0.1799630 0.0000000 9.0000000 9.0000000 9.0000000 9.0000000 9.0000000 9.0000000 9.0000000 9.0000000 
t17        9.0000000 1.3144041 9.0000000 1.2588231 0.7945437 0.6626257 3.2381161 2.7182557 1.5901977 1.6785349 9.0000000 9.0000000 0.0000000 0.0845966 9.0000000 9.0000000 9.0000000 9.0000000 9.0000000 9.0000000 
t20        9.0000000 1.3744361 9.0000000 1.1132061 0.6157354 0.6157354 2.7182557 2.1983953 1.3744361 1.4396946 3.2381161 9.0000000 0.0845966 0.0000000 9.0000000 3.2381161 3.2381161 3.2381161 9.0000000 9.0000000 
t2         1.6785349 1.5111773 1.0297869 2.0310377 2.1983953 2.1983953 0.6388142 9.0000000 2.4141569 9.0000000 9.0000000 9.0000000 9.0000000 9.0000000 0.0000000 0.5933457 0.5933457 0.5933457 0.0517447 0.0517447 
t12        2.0310377 9.0000000 1.0703373 3.2381161 1.7786835 2.0310377 0.2746833 9.0000000 1.7786835 1.8942965 9.0000000 9.0000000 9.0000000 3.2381161 0.5933457 0.0000000 0.0625362 0.0625362 0.5933457 0.5933457 
t8         1.8942965 3.2381161 1.2070784 2.1983953 1.8942965 2.1983953 0.2746833 9.0000000 1.6785349 2.0310377 9.0000000 9.0000000 9.0000000 3.2381161 0.5933457 0.0625362 0.0000000 0.0000010 0.5933457 0.5933457 
t15        1.8942965 3.2381161 1.2070784 2.1983953 1.8942965 2.1983953 0.2746833 9.0000000 1.6785349 2.0310377 9.0000000 9.0000000 9.0000000 3.2381161 0.5933457 0.0625362 0.0000010 0.0000000 0.5933457 0.5933457 
t9         1.5111773 1.4396946 0.9547243 2.4141569 2.4141569 2.0310377 0.6388142 9.0000000 3.2381161 9.0000000 9.0000000 9.0000000 9.0000000 9.0000000 0.0517447 0.5933457 0.5933457 0.5933457 0.0000000 0.0000010 
t14        1.5111773 1.4396946 0.9547243 2.4141569 2.4141569 2.0310377 0.6388142 9.0000000 3.2381161 9.0000000 9.0000000 9.0000000 9.0000000 9.0000000 0.0517447 0.5933457 0.5933457 0.5933457 0.0000010 0.0000000 
