20
t5         0.0000000 0.9198342 1.2070784 0.9198342 1.2588231 1.0703373 1.0703373 1.2588231 1.3744361 1.0297869 1.0297869 1.2070784 1.1132061 1.1132061 0.7945437 0.7945437 0.9913169 0.9547243 0.9913169 0.9913169 
t17        0.9198342 0.0000000 0.9913169 1.2070784 1.5111773 1.2588231 1.1132061 1.3144041 1.6785349 0.9913169 0.9913169 1.0297869 1.1132061 1.3144041 0.8864954 0.9547243 1.3744361 1.1586745 0.9547243 0.9198342 
t3         1.2070784 0.9913169 0.0000000 0.8545757 0.8239592 1.2588231 0.9913169 0.9198342 1.1586745 1.2070784 1.1586745 1.3144041 1.0703373 1.2070784 0.8864954 0.8864954 1.5901977 1.5111773 1.0297869 1.0703373 
t13        0.9198342 1.2070784 0.8545757 0.0000000 0.8239592 0.9913169 1.1132061 1.0297869 0.9547243 0.9547243 1.0703373 1.0297869 0.8864954 1.0703373 0.8545757 0.8864954 0.9547243 0.8864954 0.8545757 0.9547243 
t7         1.2588231 1.5111773 0.8239592 0.8239592 0.0000000 1.3144041 1.0297869 1.1586745 0.8864954 1.2070784 1.0297869 1.2588231 0.8864954 1.1132061 0.9547243 1.0703373 1.2588231 1.4396946 1.0703373 1.0297869 
t16        1.0703373 1.2588231 1.2588231 0.9913169 1.3144041 0.0000000 1.2070784 1.1132061 1.3744361 0.9913169 1.2070784 1.1586745 0.8239592 0.9198342 1.3744361 1.2588231 1.4396946 1.5111773 1.1132061 1.1586745 
t9         1.0703373 1.1132061 0.9913169 1.1132061 1.0297869 1.2070784 0.0000000 0.7662384 1.0297869 1.0703373 1.2070784 1.3144041 0.8239592 0.8864954 1.2070784 1.2070784 1.1586745 1.1132061 1.0703373 1.0297869 
t12        1.2588231 1.3144041 0.9198342 1.0297869 1.1586745 1.1132061 0.7662384 0.0000000 1.2070784 1.1132061 1.4396946 1.2588231 1.0703373 1.0297869 1.2070784 1.0703373 1.3144041 1.3744361 1.1132061 1.1132061 
t14        1.3744361 1.6785349 1.1586745 0.9547243 0.8864954 1.3744361 1.0297869 1.2070784 0.0000000 0.5933457 0.6872180 0.6626257 0.8239592 0.9913169 1.2070784 1.2070784 2.0310377 1.7786835 0.5099265 0.5299277 
t11        1.0297869 0.9913169 1.2070784 0.9547243 1.2070784 0.9913169 1.0703373 1.1132061 0.5933457 0.0000000 0.3505054 0.3347153 0.8239592 1.0703373 1.3744361 1.2588231 1.4396946 1.3744361 0.2603971 0.2603971 
t20        1.0297869 0.9913169 1.1586745 1.0703373 1.0297869 1.2070784 1.2070784 1.4396946 0.6872180 0.3505054 0.0000000 0.4172160 1.2588231 1.2588231 1.3744361 1.2588231 1.3744361 1.5111773 0.3505054 0.3999739 
t6         1.2070784 1.0297869 1.3144041 1.0297869 1.2588231 1.1586745 1.3144041 1.2588231 0.6626257 0.3347153 0.4172160 0.0000000 1.0297869 1.1586745 1.6785349 1.6785349 2.0310377 1.8942965 0.3666350 0.3999739 
t4         1.1132061 1.1132061 1.0703373 0.8864954 0.8864954 0.8239592 0.8239592 1.0703373 0.8239592 0.8239592 1.2588231 1.0297869 0.0000000 0.2746833 0.9913169 0.9547243 1.5111773 1.3744361 0.8239592 0.7945437 
t15        1.1132061 1.3144041 1.2070784 1.0703373 1.1132061 0.9198342 0.8864954 1.0297869 0.9913169 1.0703373 1.2588231 1.1586745 0.2746833 0.0000000 1.1132061 1.0703373 1.6785349 1.5111773 0.9913169 0.9547243 
t8         0.7945437 0.8864954 0.8864954 0.8545757 0.9547243 1.3744361 1.2070784 1.2070784 1.2070784 1.3744361 1.3744361 1.6785349 0.9913169 1.1132061 0.0000000 0.0958750 0.6872180 0.6626257 0.9547243 1.0297869 
t10        0.7945437 0.9547243 0.8864954 0.8864954 1.0703373 1.2588231 1.2070784 1.0703373 1.2070784 1.2588231 1.2588231 1.6785349 0.9547243 1.0703373 0.0958750 0.0000000 0.6626257 0.6388142 0.9198342 1.0297869 
t19        0.9913169 1.3744361 1.5901977 0.9547243 1.2588231 1.4396946 1.1586745 1.3144041 2.0310377 1.4396946 1.3744361 2.0310377 1.5111773 1.6785349 0.6872180 0.6626257 0.0000000 0.0734853 1.1586745 1.2070784 
t1         0.9547243 1.1586745 1.5111773 0.8864954 1.4396946 1.5111773 1.1132061 1.3744361 1.7786835 1.3744361 1.5111773 1.8942965 1.3744361 1.5111773 0.6626257 0.6388142 0.0734853 0.0000000 1.1132061 1.1586745 
t18        0.9913169 0.9547243 1.0297869 0.8545757 1.0703373 1.1132061 1.0703373 1.1132061 0.5099265 0.2603971 0.3505054 0.3666350 0.8239592 0.9913169 0.9547243 0.9198342 1.1586745 1.1132061 0.0000000 0.0411062 
t2         0.9913169 0.9198342 1.0703373 0.9547243 1.0297869 1.1586745 1.0297869 1.1132061 0.5299277 0.2603971 0.3999739 0.3999739 0.7945437 0.9547243 1.0297869 1.0297869 1.2070784 1.1586745 0.0411062 0.0000000 
