20
t15        0.0000000 1.4396946 1.1132061 1.2588231 2.0310377 2.7182557 1.7786835 1.7786835 1.0703373 1.2588231 1.2070784 0.9547243 1.0297869 1.0703373 1.0703373 0.9547243 1.3744361 1.3744361 0.8864954 0.8864954 
t20        1.4396946 0.0000000 0.7126442 0.9913169 0.8545757 2.1983953 0.8864954 0.7945437 0.5716050 0.6388142 0.5933457 0.3347153 0.3666350 0.5504769 0.5716050 0.8545757 0.5504769 0.5504769 0.7945437 0.7945437 
t1         1.1132061 0.7126442 0.0000000 0.9198342 0.8239592 2.7182557 0.9198342 0.9913169 0.5504769 0.8545757 0.6388142 0.5933457 0.6872180 0.5299277 0.5299277 0.8545757 0.7126442 0.6872180 0.7662384 0.7662384 
t18        1.2588231 0.9913169 0.9198342 0.0000000 0.4172160 3.2381161 1.3144041 1.2588231 0.7126442 0.9547243 1.0297869 0.7945437 0.8545757 0.6626257 0.7126442 1.0297869 0.9547243 0.9913169 0.9198342 0.9198342 
t10        2.0310377 0.8545757 0.8239592 0.4172160 0.0000000 2.7182557 1.2070784 1.1132061 0.7389627 0.9198342 0.9198342 0.7389627 0.7662384 0.7126442 0.7662384 1.1586745 0.8239592 0.7945437 1.0297869 1.0297869 
t3         2.7182557 2.1983953 2.7182557 3.2381161 2.7182557 0.0000000 2.4141569 3.2381161 1.8942965 2.7182557 1.8942965 2.1983953 2.4141569 2.7182557 3.2381161 9.0000000 1.7786835 2.0310377 2.7182557 2.7182557 
t17        1.7786835 0.8864954 0.9198342 1.3144041 1.2070784 2.4141569 0.0000000 0.4172160 0.7662384 0.8864954 0.9198342 0.6157354 0.6157354 0.7662384 0.7389627 1.1132061 0.9198342 0.8545757 1.0703373 1.0703373 
t4         1.7786835 0.7945437 0.9913169 1.2588231 1.1132061 3.2381161 0.4172160 0.0000000 0.7945437 0.8239592 0.7389627 0.5933457 0.5716050 0.6388142 0.7126442 1.0297869 0.8545757 0.7945437 0.9913169 0.9913169 
t7         1.0703373 0.5716050 0.5504769 0.7126442 0.7389627 1.8942965 0.7662384 0.7945437 0.0000000 0.6388142 0.5716050 0.3831192 0.4172160 0.1427653 0.1307650 0.6872180 0.6388142 0.6626257 0.6157354 0.6157354 
t11        1.2588231 0.6388142 0.8545757 0.9547243 0.9198342 2.7182557 0.8864954 0.8239592 0.6388142 0.0000000 0.2058276 0.5099265 0.5099265 0.6872180 0.7126442 0.8864954 0.6388142 0.6388142 0.8239592 0.8239592 
t2         1.2070784 0.5933457 0.6388142 1.0297869 0.9198342 1.8942965 0.9198342 0.7389627 0.5716050 0.2058276 0.0000000 0.4348639 0.4172160 0.6626257 0.6388142 0.9547243 0.5933457 0.5933457 0.9547243 0.9547243 
t16        0.9547243 0.3347153 0.5933457 0.7945437 0.7389627 2.1983953 0.6157354 0.5933457 0.3831192 0.5099265 0.4348639 0.0000000 0.0411062 0.3666350 0.4172160 0.5504769 0.3999739 0.3999739 0.5099265 0.5099265 
t12        1.0297869 0.3666350 0.6872180 0.8545757 0.7662384 2.4141569 0.6157354 0.5716050 0.4172160 0.5099265 0.4172160 0.0411062 0.0000000 0.3999739 0.4348639 0.5716050 0.4348639 0.4348639 0.5504769 0.5504769 
t19        1.0703373 0.5504769 0.5299277 0.6626257 0.7126442 2.7182557 0.7662384 0.6388142 0.1427653 0.6872180 0.6626257 0.3666350 0.3999739 0.0000000 0.0958750 0.6388142 0.5933457 0.5933457 0.5716050 0.5716050 
t9         1.0703373 0.5716050 0.5299277 0.7126442 0.7662384 3.2381161 0.7389627 0.7126442 0.1307650 0.7126442 0.6388142 0.4172160 0.4348639 0.0958750 0.0000000 0.6626257 0.6157354 0.6388142 0.6157354 0.6157354 
t6         0.9547243 0.8545757 0.8545757 1.0297869 1.1586745 9.0000000 1.1132061 1.0297869 0.6872180 0.8864954 0.9547243 0.5504769 0.5716050 0.6388142 0.6626257 0.0000000 0.7945437 0.8239592 0.0411062 0.0411062 
t14        1.3744361 0.5504769 0.7126442 0.9547243 0.8239592 1.7786835 0.9198342 0.8545757 0.6388142 0.6388142 0.5933457 0.3999739 0.4348639 0.5933457 0.6157354 0.7945437 0.0000000 0.0411062 0.7389627 0.7389627 
t13        1.3744361 0.5504769 0.6872180 0.9913169 0.7945437 2.0310377 0.8545757 0.7945437 0.6626257 0.6388142 0.5933457 0.3999739 0.4348639 0.5933457 0.6388142 0.8239592 0.0411062 0.0000000 0.7662384 0.7662384 
t5         0.8864954 0.7945437 0.7662384 0.9198342 1.0297869 2.7182557 1.0703373 0.9913169 0.6157354 0.8239592 0.9547243 0.5099265 0.5504769 0.5716050 0.6157354 0.0411062 0.7389627 0.7662384 0.0000000 0.0000010 
t8         0.8864954 0.7945437 0.7662384 0.9198342 1.0297869 2.7182557 1.0703373 0.9913169 0.6157354 0.8239592 0.9547243 0.5099265 0.5504769 0.5716050 0.6157354 0.0411062 0.7389627 0.7662384 0.0000010 0.0000000 
