20
t17        0.0000000 1.3144041 1.2588231 1.3144041 1.6785349 1.0297869 1.1132061 1.5901977 1.7786835 1.8942965 1.8942965 1.2070784 1.3744361 1.3144041 1.3744361 1.2588231 1.5111773 1.5111773 1.2588231 1.2588231 
t3         1.3144041 0.0000000 0.7126442 1.1132061 1.4396946 0.5933457 1.2588231 1.1132061 1.4396946 1.6785349 1.3144041 1.2588231 0.6872180 0.7126442 1.5111773 1.4396946 1.3744361 1.3744361 1.2070784 1.2070784 
t20        1.2588231 0.7126442 0.0000000 1.2070784 1.2588231 0.5504769 0.9913169 1.0703373 1.1586745 1.5901977 1.3144041 0.9547243 0.5933457 0.6626257 1.1586745 1.0703373 1.3744361 1.3744361 0.9198342 0.9198342 
t1         1.3144041 1.1132061 1.2070784 0.0000000 1.0297869 0.9913169 0.8864954 1.5111773 1.4396946 1.4396946 1.2588231 1.1586745 1.1132061 1.1132061 1.2588231 1.2070784 1.6785349 1.5901977 1.1132061 1.1132061 
t9         1.6785349 1.4396946 1.2588231 1.0297869 0.0000000 0.9547243 1.2588231 1.3744361 1.6785349 1.8942965 1.6785349 2.7182557 1.1132061 1.0703373 1.6785349 1.7786835 1.4396946 1.5111773 1.3144041 1.3144041 
t5         1.0297869 0.5933457 0.5504769 0.9913169 0.9547243 0.0000000 0.9198342 1.0703373 1.0297869 1.5901977 1.3144041 0.8239592 0.3999739 0.4714565 0.8239592 0.8239592 1.3144041 1.3144041 0.7945437 0.7945437 
t13        1.1132061 1.2588231 0.9913169 0.8864954 1.2588231 0.9198342 0.0000000 1.0703373 1.1132061 1.5901977 1.4396946 0.5099265 1.2588231 1.2588231 0.5716050 0.5299277 1.5111773 1.5111773 0.4529370 0.4529370 
t6         1.5901977 1.1132061 1.0703373 1.5111773 1.3744361 1.0703373 1.0703373 0.0000000 0.3999739 0.4714565 0.4714565 1.3744361 0.9547243 0.9913169 1.5111773 1.2588231 0.5716050 0.5933457 0.9547243 0.9547243 
t8         1.7786835 1.4396946 1.1586745 1.4396946 1.6785349 1.0297869 1.1132061 0.3999739 0.0000000 0.4529370 0.4904449 1.5111773 1.0297869 1.0297869 1.6785349 1.4396946 0.5716050 0.5933457 0.8864954 0.8864954 
t11        1.8942965 1.6785349 1.5901977 1.4396946 1.8942965 1.5901977 1.5901977 0.4714565 0.4529370 0.0000000 0.2463781 1.6785349 1.2070784 1.2070784 2.0310377 1.5111773 0.5716050 0.5933457 1.1586745 1.1586745 
t7         1.8942965 1.3144041 1.3144041 1.2588231 1.6785349 1.3144041 1.4396946 0.4714565 0.4904449 0.2463781 0.0000000 1.5111773 1.0297869 0.9913169 1.3744361 1.2588231 0.6157354 0.6388142 1.2070784 1.2070784 
t2         1.2070784 1.2588231 0.9547243 1.1586745 2.7182557 0.8239592 0.5099265 1.3744361 1.5111773 1.6785349 1.5111773 0.0000000 0.8864954 1.0297869 0.2892469 0.2191023 1.2588231 1.2588231 0.6157354 0.6157354 
t15        1.3744361 0.6872180 0.5933457 1.1132061 1.1132061 0.3999739 1.2588231 0.9547243 1.0297869 1.2070784 1.0297869 0.8864954 0.0000000 0.2191023 0.7945437 0.8239592 0.9547243 0.9547243 1.0297869 1.0297869 
t18        1.3144041 0.7126442 0.6626257 1.1132061 1.0703373 0.4714565 1.2588231 0.9913169 1.0297869 1.2070784 0.9913169 1.0297869 0.2191023 0.0000000 0.9198342 0.9198342 1.0297869 1.0297869 1.2588231 1.2588231 
t4         1.3744361 1.5111773 1.1586745 1.2588231 1.6785349 0.8239592 0.5716050 1.5111773 1.6785349 2.0310377 1.3744361 0.2892469 0.7945437 0.9198342 0.0000000 0.1427653 1.2070784 1.2070784 0.6872180 0.6872180 
t10        1.2588231 1.4396946 1.0703373 1.2070784 1.7786835 0.8239592 0.5299277 1.2588231 1.4396946 1.5111773 1.2588231 0.2191023 0.8239592 0.9198342 0.1427653 0.0000000 1.2588231 1.2588231 0.6157354 0.6157354 
t12        1.5111773 1.3744361 1.3744361 1.6785349 1.4396946 1.3144041 1.5111773 0.5716050 0.5716050 0.5716050 0.6157354 1.2588231 0.9547243 1.0297869 1.2070784 1.2588231 0.0000000 0.0202715 1.1132061 1.1132061 
t16        1.5111773 1.3744361 1.3744361 1.5901977 1.5111773 1.3144041 1.5111773 0.5933457 0.5933457 0.5933457 0.6388142 1.2588231 0.9547243 1.0297869 1.2070784 1.2588231 0.0202715 0.0000000 1.1132061 1.1132061 
t14        1.2588231 1.2070784 0.9198342 1.1132061 1.3144041 0.7945437 0.4529370 0.9547243 0.8864954 1.1586745 1.2070784 0.6157354 1.0297869 1.2588231 0.6872180 0.6157354 1.1132061 1.1132061 0.0000000 0.0000010 
t19        1.2588231 1.2070784 0.9198342 1.1132061 1.3144041 0.7945437 0.4529370 0.9547243 0.8864954 1.1586745 1.2070784 0.6157354 1.0297869 1.2588231 0.6872180 0.6157354 1.1132061 1.1132061 0.0000010 0.0000000 
