20
t10        0.0000000 2.4141569 2.1983953 0.5299277 0.9198342 1.3744361 0.9198342 0.7945437 0.6626257 0.6157354 0.6157354 0.9547243 0.7389627 0.9913169 0.8864954 0.9198342 1.2070784 1.1586745 1.2588231 1.2070784 
t4         2.4141569 0.0000000 2.1983953 1.5901977 1.6785349 2.7182557 9.0000000 1.2588231 1.2588231 1.2070784 1.4396946 1.0703373 1.3144041 1.7786835 2.7182557 2.7182557 1.7786835 1.8942965 2.1983953 2.0310377 
t15        2.1983953 2.1983953 0.0000000 2.4141569 3.2381161 9.0000000 2.4141569 1.8942965 1.8942965 2.0310377 2.1983953 1.6785349 2.0310377 1.8942965 2.4141569 2.1983953 2.7182557 2.7182557 2.7182557 9.0000000 
t8         0.5299277 1.5901977 2.4141569 0.0000000 0.8239592 1.3744361 0.8545757 0.5933457 0.4529370 0.3505054 0.3999739 0.7126442 0.5504769 0.7126442 0.9198342 0.9913169 0.7945437 0.8545757 0.9198342 0.8239592 
t16        0.9198342 1.6785349 3.2381161 0.8239592 0.0000000 1.6785349 2.0310377 0.9547243 0.7945437 0.7945437 0.8545757 1.2070784 0.9198342 0.9547243 1.4396946 1.5111773 1.7786835 1.7786835 1.8942965 1.8942965 
t2         1.3744361 2.7182557 9.0000000 1.3744361 1.6785349 0.0000000 1.7786835 1.6785349 1.7786835 1.6785349 1.5111773 2.1983953 1.6785349 2.4141569 2.0310377 2.1983953 9.0000000 9.0000000 9.0000000 9.0000000 
t17        0.9198342 9.0000000 2.4141569 0.8545757 2.0310377 1.7786835 0.0000000 1.1586745 1.1132061 0.8239592 0.9547243 1.0703373 1.0703373 1.2588231 1.3744361 1.5111773 1.7786835 1.7786835 1.6785349 2.0310377 
t9         0.7945437 1.2588231 1.8942965 0.5933457 0.9547243 1.6785349 1.1586745 0.0000000 0.5504769 0.5716050 0.6626257 0.8239592 0.8239592 0.9913169 0.9913169 1.0297869 1.2588231 1.3744361 1.1586745 1.3144041 
t7         0.6626257 1.2588231 1.8942965 0.4529370 0.7945437 1.7786835 1.1132061 0.5504769 0.0000000 0.2746833 0.5933457 0.8239592 0.6388142 0.6626257 1.1132061 1.1586745 1.2588231 1.3144041 1.3744361 1.2588231 
t13        0.6157354 1.2070784 2.0310377 0.3505054 0.7945437 1.6785349 0.8239592 0.5716050 0.2746833 0.0000000 0.4714565 0.7945437 0.5099265 0.5716050 0.7662384 0.8239592 1.1586745 1.1586745 1.3144041 1.1586745 
t20        0.6157354 1.4396946 2.1983953 0.3999739 0.8545757 1.5111773 0.9547243 0.6626257 0.5933457 0.4714565 0.0000000 0.5504769 0.5099265 0.7389627 0.7945437 0.8239592 1.0297869 1.1132061 1.2070784 1.1586745 
t18        0.9547243 1.0703373 1.6785349 0.7126442 1.2070784 2.1983953 1.0703373 0.8239592 0.8239592 0.7945437 0.5504769 0.0000000 0.9198342 1.0703373 1.1132061 1.2070784 1.3744361 1.4396946 1.4396946 1.5111773 
t12        0.7389627 1.3144041 2.0310377 0.5504769 0.9198342 1.6785349 1.0703373 0.8239592 0.6388142 0.5099265 0.5099265 0.9198342 0.0000000 0.4172160 0.9547243 1.0703373 1.2588231 1.1586745 1.4396946 1.2588231 
t19        0.9913169 1.7786835 1.8942965 0.7126442 0.9547243 2.4141569 1.2588231 0.9913169 0.6626257 0.5716050 0.7389627 1.0703373 0.4172160 0.0000000 1.2588231 1.3144041 1.5901977 1.4396946 1.7786835 1.5111773 
t5         0.8864954 2.7182557 2.4141569 0.9198342 1.4396946 2.0310377 1.3744361 0.9913169 1.1132061 0.7662384 0.7945437 1.1132061 0.9547243 1.2588231 0.0000000 0.0517447 1.5901977 1.5901977 1.4396946 1.5111773 
t11        0.9198342 2.7182557 2.1983953 0.9913169 1.5111773 2.1983953 1.5111773 1.0297869 1.1586745 0.8239592 0.8239592 1.2070784 1.0703373 1.3144041 0.0517447 0.0000000 1.5901977 1.7786835 1.5111773 1.6785349 
t6         1.2070784 1.7786835 2.7182557 0.7945437 1.7786835 9.0000000 1.7786835 1.2588231 1.2588231 1.1586745 1.0297869 1.3744361 1.2588231 1.5901977 1.5901977 1.5901977 0.0000000 0.0625362 0.1927838 0.0625362 
t1         1.1586745 1.8942965 2.7182557 0.8545757 1.7786835 9.0000000 1.7786835 1.3744361 1.3144041 1.1586745 1.1132061 1.4396946 1.1586745 1.4396946 1.5901977 1.7786835 0.0625362 0.0000000 0.2191023 0.0625362 
t3         1.2588231 2.1983953 2.7182557 0.9198342 1.8942965 9.0000000 1.6785349 1.1586745 1.3744361 1.3144041 1.2070784 1.4396946 1.4396946 1.7786835 1.4396946 1.5111773 0.1927838 0.2191023 0.0000000 0.1549607 
t14        1.2070784 2.0310377 9.0000000 0.8239592 1.8942965 9.0000000 2.0310377 1.3144041 1.2588231 1.1586745 1.1586745 1.5111773 1.2588231 1.5111773 1.5111773 1.6785349 0.0625362 0.0625362 0.1549607 0.0000000 
