20
t3         0.0000000 2.7182557 0.7945437 1.0703373 1.2070784 1.2070784 2.4141569 1.5901977 1.1132061 1.5111773 0.8545757 0.8545757 1.3144041 0.9547243 1.1586745 0.9547243 1.4396946 1.3744361 0.9913169 0.8864954 
t18        2.7182557 0.0000000 1.3144041 2.1983953 1.7786835 1.8942965 1.8942965 1.5111773 1.8942965 9.0000000 9.0000000 3.2381161 1.7786835 2.7182557 3.2381161 1.6785349 9.0000000 1.6785349 1.5901977 1.7786835 
t13        0.7945437 1.3144041 0.0000000 0.7126442 0.8239592 1.1132061 1.3744361 1.1586745 0.9547243 0.7662384 0.4904449 0.6626257 0.7945437 0.6388142 0.9547243 0.6157354 1.0703373 0.8239592 0.5099265 0.4904449 
t6         1.0703373 2.1983953 0.7126442 0.0000000 1.3144041 1.6785349 2.0310377 0.9913169 1.0297869 1.3144041 0.8239592 0.9547243 0.9547243 0.7126442 0.9913169 1.1132061 1.5111773 1.1586745 1.0297869 1.0297869 
t1         1.2070784 1.7786835 0.8239592 1.3144041 0.0000000 0.3192509 1.7786835 1.5901977 1.2588231 1.5901977 1.0703373 1.2070784 1.6785349 1.3144041 1.3744361 1.2070784 1.5901977 1.2588231 0.9198342 0.9198342 
t9         1.2070784 1.8942965 1.1132061 1.6785349 0.3192509 0.0000000 9.0000000 2.7182557 1.7786835 1.8942965 1.5901977 1.8942965 2.0310377 1.5901977 1.5111773 1.3744361 2.0310377 1.5111773 1.3744361 1.4396946 
t5         2.4141569 1.8942965 1.3744361 2.0310377 1.7786835 9.0000000 0.0000000 1.8942965 9.0000000 3.2381161 1.2588231 1.2070784 2.1983953 1.2588231 1.8942965 2.1983953 2.7182557 1.6785349 1.3744361 1.5901977 
t14        1.5901977 1.5111773 1.1586745 0.9913169 1.5901977 2.7182557 1.8942965 0.0000000 1.3744361 1.5901977 1.5111773 1.4396946 1.5111773 1.0297869 1.2070784 1.6785349 2.0310377 1.8942965 1.4396946 1.3744361 
t4         1.1132061 1.8942965 0.9547243 1.0297869 1.2588231 1.7786835 9.0000000 1.3744361 0.0000000 1.6785349 1.0703373 1.3144041 1.6785349 1.6785349 1.5111773 1.2070784 1.4396946 1.3744361 1.2588231 1.1586745 
t11        1.5111773 9.0000000 0.7662384 1.3144041 1.5901977 1.8942965 3.2381161 1.5901977 1.6785349 0.0000000 1.3744361 1.5901977 1.7786835 1.2070784 1.4396946 1.3744361 2.7182557 1.3144041 1.5111773 1.5111773 
t10        0.8545757 9.0000000 0.4904449 0.8239592 1.0703373 1.5901977 1.2588231 1.5111773 1.0703373 1.3744361 0.0000000 0.3347153 0.6872180 0.6626257 1.0297869 0.8864954 1.2588231 1.4396946 0.8545757 0.7945437 
t2         0.8545757 3.2381161 0.6626257 0.9547243 1.2070784 1.8942965 1.2070784 1.4396946 1.3144041 1.5901977 0.3347153 0.0000000 0.6626257 0.7389627 1.1586745 1.0297869 1.4396946 1.3744361 1.0703373 0.9913169 
t12        1.3144041 1.7786835 0.7945437 0.9547243 1.6785349 2.0310377 2.1983953 1.5111773 1.6785349 1.7786835 0.6872180 0.6626257 0.0000000 1.1132061 1.4396946 1.1132061 1.1586745 1.6785349 1.4396946 1.3144041 
t17        0.9547243 2.7182557 0.6388142 0.7126442 1.3144041 1.5901977 1.2588231 1.0297869 1.6785349 1.2070784 0.6626257 0.7389627 1.1132061 0.0000000 0.4529370 1.2070784 1.5901977 1.3744361 1.0297869 0.9547243 
t8         1.1586745 3.2381161 0.9547243 0.9913169 1.3744361 1.5111773 1.8942965 1.2070784 1.5111773 1.4396946 1.0297869 1.1586745 1.4396946 0.4529370 0.0000000 2.1983953 1.8942965 1.5901977 1.5111773 1.3744361 
t7         0.9547243 1.6785349 0.6157354 1.1132061 1.2070784 1.3744361 2.1983953 1.6785349 1.2070784 1.3744361 0.8864954 1.0297869 1.1132061 1.2070784 2.1983953 0.0000000 1.3744361 1.2588231 0.9913169 0.9198342 
t15        1.4396946 9.0000000 1.0703373 1.5111773 1.5901977 2.0310377 2.7182557 2.0310377 1.4396946 2.7182557 1.2588231 1.4396946 1.1586745 1.5901977 1.8942965 1.3744361 0.0000000 1.7786835 1.1586745 1.1132061 
t20        1.3744361 1.6785349 0.8239592 1.1586745 1.2588231 1.5111773 1.6785349 1.8942965 1.3744361 1.3144041 1.4396946 1.3744361 1.6785349 1.3744361 1.5901977 1.2588231 1.7786835 0.0000000 0.3999739 0.3666350 
t16        0.9913169 1.5901977 0.5099265 1.0297869 0.9198342 1.3744361 1.3744361 1.4396946 1.2588231 1.5111773 0.8545757 1.0703373 1.4396946 1.0297869 1.5111773 0.9913169 1.1586745 0.3999739 0.0000000 0.0306165 
t19        0.8864954 1.7786835 0.4904449 1.0297869 0.9198342 1.4396946 1.5901977 1.3744361 1.1586745 1.5111773 0.7945437 0.9913169 1.3144041 0.9547243 1.3744361 0.9198342 1.1132061 0.3666350 0.0306165 0.0000000 
