20
t19        0.0000000 1.5111773 1.3744361 1.3144041 1.3144041 1.2070784 2.0310377 0.9913169 1.5111773 1.0297869 1.1586745 1.3144041 0.8545757 1.5111773 1.3744361 1.2588231 1.3744361 1.2070784 1.2070784 1.2588231 
t14        1.5111773 0.0000000 1.3744361 1.2070784 1.4396946 1.2070784 1.6785349 1.0703373 1.4396946 1.0297869 0.9913169 1.3744361 1.1132061 0.9913169 1.7786835 1.5901977 1.3744361 1.0297869 1.2588231 1.2070784 
t15        1.3744361 1.3744361 0.0000000 1.0297869 2.0310377 1.2070784 1.5111773 1.3144041 1.2070784 1.1586745 1.4396946 1.0703373 1.1132061 1.3744361 2.1983953 1.8942965 1.3144041 1.5901977 1.1586745 1.3144041 
t6         1.3144041 1.2070784 1.0297869 0.0000000 1.8942965 1.0297869 3.2381161 1.7786835 1.1586745 1.1586745 0.9913169 0.7389627 0.9198342 0.9198342 1.3744361 1.2070784 1.1132061 1.1132061 0.9913169 0.9913169 
t3         1.3144041 1.4396946 2.0310377 1.8942965 0.0000000 1.3144041 0.7662384 0.5716050 1.3144041 1.0297869 1.3744361 1.2588231 0.9547243 1.2070784 1.8942965 1.5111773 1.0703373 0.9913169 1.1132061 1.0703373 
t18        1.2070784 1.2070784 1.2070784 1.0297869 1.3144041 0.0000000 1.8942965 1.0297869 1.1586745 0.8239592 0.7389627 0.6388142 0.5504769 0.9547243 0.8864954 0.8864954 1.1586745 1.2588231 1.0297869 0.9913169 
t16        2.0310377 1.6785349 1.5111773 3.2381161 0.7662384 1.8942965 0.0000000 0.9547243 1.3744361 1.3744361 2.0310377 1.3744361 1.2588231 1.7786835 1.6785349 1.6785349 1.3744361 1.4396946 1.4396946 1.5111773 
t12        0.9913169 1.0703373 1.3144041 1.7786835 0.5716050 1.0297869 0.9547243 0.0000000 1.3144041 0.9913169 1.1132061 1.0297869 0.9913169 1.5111773 1.5901977 1.3144041 1.5111773 1.3744361 1.5901977 1.8942965 
t5         1.5111773 1.4396946 1.2070784 1.1586745 1.3144041 1.1586745 1.3744361 1.3144041 0.0000000 0.9198342 1.0703373 1.1586745 1.1132061 0.5716050 1.2588231 0.9913169 0.5716050 0.6388142 0.5299277 0.5933457 
t17        1.0297869 1.0297869 1.1586745 1.1586745 1.0297869 0.8239592 1.3744361 0.9913169 0.9198342 0.0000000 0.3999739 0.9913169 0.8545757 1.0297869 1.1586745 1.1586745 1.0297869 1.0703373 1.0703373 0.9913169 
t13        1.1586745 0.9913169 1.4396946 0.9913169 1.3744361 0.7389627 2.0310377 1.1132061 1.0703373 0.3999739 0.0000000 0.9547243 0.9198342 1.3744361 1.0297869 1.1586745 1.2070784 1.2070784 1.2588231 1.3144041 
t7         1.3144041 1.3744361 1.0703373 0.7389627 1.2588231 0.6388142 1.3744361 1.0297869 1.1586745 0.9913169 0.9547243 0.0000000 0.4529370 1.1586745 1.3144041 1.1586745 0.9198342 1.2070784 1.1586745 1.2070784 
t2         0.8545757 1.1132061 1.1132061 0.9198342 0.9547243 0.5504769 1.2588231 0.9913169 1.1132061 0.8545757 0.9198342 0.4529370 0.0000000 1.1132061 1.2070784 1.0703373 1.1132061 1.0703373 1.0703373 0.8864954 
t8         1.5111773 0.9913169 1.3744361 0.9198342 1.2070784 0.9547243 1.7786835 1.5111773 0.5716050 1.0297869 1.3744361 1.1586745 1.1132061 0.0000000 1.3144041 0.9913169 0.2746833 0.2746833 0.3831192 0.4172160 
t11        1.3744361 1.7786835 2.1983953 1.3744361 1.8942965 0.8864954 1.6785349 1.5901977 1.2588231 1.1586745 1.0297869 1.3144041 1.2070784 1.3144041 0.0000000 0.3505054 1.2070784 1.2070784 1.1586745 1.3744361 
t10        1.2588231 1.5901977 1.8942965 1.2070784 1.5111773 0.8864954 1.6785349 1.3144041 0.9913169 1.1586745 1.1586745 1.1586745 1.0703373 0.9913169 0.3505054 0.0000000 0.9913169 1.1132061 1.1132061 1.3744361 
t4         1.3744361 1.3744361 1.3144041 1.1132061 1.0703373 1.1586745 1.3744361 1.5111773 0.5716050 1.0297869 1.2070784 0.9198342 1.1132061 0.2746833 1.2070784 0.9913169 0.0000000 0.1799630 0.4348639 0.4714565 
t20        1.2070784 1.0297869 1.5901977 1.1132061 0.9913169 1.2588231 1.4396946 1.3744361 0.6388142 1.0703373 1.2070784 1.2070784 1.0703373 0.2746833 1.2070784 1.1132061 0.1799630 0.0000000 0.3999739 0.4348639 
t1         1.2070784 1.2588231 1.1586745 0.9913169 1.1132061 1.0297869 1.4396946 1.5901977 0.5299277 1.0703373 1.2588231 1.1586745 1.0703373 0.3831192 1.1586745 1.1132061 0.4348639 0.3999739 0.0000000 0.2058276 
t9         1.2588231 1.2070784 1.3144041 0.9913169 1.0703373 0.9913169 1.5111773 1.8942965 0.5933457 0.9913169 1.3144041 1.2070784 0.8864954 0.4172160 1.3744361 1.3744361 0.4714565 0.4348639 0.2058276 0.0000000 
