20
t11        0.0000000 0.7662384 0.6872180 0.9198342 1.0297869 1.0297869 0.3505054 0.4714565 0.7662384 0.7389627 0.9547243 0.9913169 0.7945437 0.7662384 0.9198342 0.9547243 0.9198342 0.9547243 0.9547243 1.0297869 
t15        0.7662384 0.0000000 0.4714565 0.9198342 0.7662384 0.6872180 0.8239592 1.0297869 0.5099265 0.5933457 0.8864954 0.8545757 0.7126442 0.5504769 0.7389627 0.6626257 0.6626257 0.6872180 0.7945437 0.7945437 
t4         0.6872180 0.4714565 0.0000000 0.6388142 0.7662384 0.7126442 0.7662384 0.9547243 0.4348639 0.5099265 0.6872180 0.5504769 0.7126442 0.3831192 0.5099265 0.6388142 0.6157354 0.6388142 0.8239592 0.8239592 
t5         0.9198342 0.9198342 0.6388142 0.0000000 0.9198342 1.0297869 0.9913169 1.2588231 0.9198342 0.8864954 1.2070784 0.9547243 0.3999739 0.7662384 0.8239592 0.4348639 0.7662384 0.7945437 0.5299277 0.5299277 
t9         1.0297869 0.7662384 0.7662384 0.9198342 0.0000000 0.3666350 0.9547243 1.3144041 0.6626257 0.7662384 0.8239592 0.8239592 0.6872180 0.7389627 0.7662384 0.7126442 0.5504769 0.5716050 0.7126442 0.6388142 
t2         1.0297869 0.6872180 0.7126442 1.0297869 0.3666350 0.0000000 0.9547243 1.0297869 0.6388142 0.6872180 0.6872180 0.8545757 0.7945437 0.6872180 0.8239592 0.8545757 0.7389627 0.7662384 0.9198342 0.8864954 
t10        0.3505054 0.8239592 0.7662384 0.9913169 0.9547243 0.9547243 0.0000000 0.3666350 0.6872180 0.7945437 1.1132061 0.9198342 0.7945437 0.8545757 0.8545757 0.7945437 0.9913169 1.0297869 0.9547243 1.0297869 
t19        0.4714565 1.0297869 0.9547243 1.2588231 1.3144041 1.0297869 0.3666350 0.0000000 0.8239592 0.8864954 1.3744361 1.2070784 0.9547243 1.0297869 1.2070784 1.2070784 1.2588231 1.3144041 1.2588231 1.3744361 
t1         0.7662384 0.5099265 0.4348639 0.9198342 0.6626257 0.6388142 0.6872180 0.8239592 0.0000000 0.2603971 0.7662384 0.6157354 0.6388142 0.4714565 0.5099265 0.6388142 0.6388142 0.6626257 0.7945437 0.7945437 
t20        0.7389627 0.5933457 0.5099265 0.8864954 0.7662384 0.6872180 0.7945437 0.8864954 0.2603971 0.0000000 0.7389627 0.6388142 0.6157354 0.4529370 0.5099265 0.6872180 0.6388142 0.6157354 0.7662384 0.7389627 
t18        0.9547243 0.8864954 0.6872180 1.2070784 0.8239592 0.6872180 1.1132061 1.3744361 0.7662384 0.7389627 0.0000000 0.4348639 1.2070784 0.6872180 0.6626257 1.2588231 0.7662384 0.7662384 1.0703373 1.0703373 
t17        0.9913169 0.8545757 0.5504769 0.9547243 0.8239592 0.8545757 0.9198342 1.2070784 0.6157354 0.6388142 0.4348639 0.0000000 0.8239592 0.6157354 0.6388142 0.8239592 0.7389627 0.7662384 0.7662384 0.7389627 
t16        0.7945437 0.7126442 0.7126442 0.3999739 0.6872180 0.7945437 0.7945437 0.9547243 0.6388142 0.6157354 1.2070784 0.8239592 0.0000000 0.7126442 0.7662384 0.1427653 0.7389627 0.7126442 0.1927838 0.1799630 
t6         0.7662384 0.5504769 0.3831192 0.7662384 0.7389627 0.6872180 0.8545757 1.0297869 0.4714565 0.4529370 0.6872180 0.6157354 0.7126442 0.0000000 0.2463781 0.7126442 0.6388142 0.6626257 0.8545757 0.8545757 
t8         0.9198342 0.7389627 0.5099265 0.8239592 0.7662384 0.8239592 0.8545757 1.2070784 0.5099265 0.5099265 0.6626257 0.6388142 0.7662384 0.2463781 0.0000000 0.8239592 0.6626257 0.6872180 0.8545757 0.8864954 
t12        0.9547243 0.6626257 0.6388142 0.4348639 0.7126442 0.8545757 0.7945437 1.2070784 0.6388142 0.6872180 1.2588231 0.8239592 0.1427653 0.7126442 0.8239592 0.0000000 0.8239592 0.7945437 0.1799630 0.1673577 
t13        0.9198342 0.6626257 0.6157354 0.7662384 0.5504769 0.7389627 0.9913169 1.2588231 0.6388142 0.6388142 0.7662384 0.7389627 0.7389627 0.6388142 0.6626257 0.8239592 0.0000000 0.0100673 0.7389627 0.7389627 
t7         0.9547243 0.6872180 0.6388142 0.7945437 0.5716050 0.7662384 1.0297869 1.3144041 0.6626257 0.6157354 0.7662384 0.7662384 0.7126442 0.6626257 0.6872180 0.7945437 0.0100673 0.0000000 0.7389627 0.7389627 
t14        0.9547243 0.7945437 0.8239592 0.5299277 0.7126442 0.9198342 0.9547243 1.2588231 0.7945437 0.7662384 1.0703373 0.7662384 0.1927838 0.8545757 0.8545757 0.1799630 0.7389627 0.7389627 0.0000000 0.0306165 
t3         1.0297869 0.7945437 0.8239592 0.5299277 0.6388142 0.8864954 1.0297869 1.3744361 0.7945437 0.7389627 1.0703373 0.7389627 0.1799630 0.8545757 0.8864954 0.1673577 0.7389627 0.7389627 0.0306165 0.0000000 
