20
t9         0.0000000 0.7945437 0.6157354 0.5716050 1.3144041 1.2588231 0.4904449 0.9547243 0.9547243 0.6157354 0.7126442 0.7945437 0.7126442 0.6872180 0.5099265 0.4714565 0.7945437 0.7945437 0.7662384 0.7662384 
t20        0.7945437 0.0000000 0.6157354 0.7662384 1.7786835 1.7786835 0.7945437 1.2070784 1.2588231 0.8545757 0.8239592 0.9547243 0.9198342 0.9547243 0.7126442 0.6626257 0.9913169 0.9913169 0.7389627 0.7389627 
t7         0.6157354 0.6157354 0.0000000 0.5099265 1.1132061 1.0297869 0.5099265 0.6872180 0.9198342 0.5933457 0.6388142 0.6872180 0.7945437 0.8545757 0.4904449 0.4904449 0.5933457 0.5933457 0.4904449 0.4904449 
t17        0.5716050 0.7662384 0.5099265 0.0000000 1.3144041 1.1586745 0.5299277 0.7389627 0.8545757 0.5504769 0.6388142 0.6626257 0.5716050 0.5933457 0.4529370 0.4348639 0.3999739 0.3999739 0.4714565 0.4714565 
t5         1.3144041 1.7786835 1.1132061 1.3144041 0.0000000 1.3144041 1.0297869 1.1132061 1.2070784 1.2070784 1.3744361 0.9913169 1.0297869 0.9913169 1.0703373 1.0703373 1.2588231 1.2588231 1.1586745 1.1586745 
t19        1.2588231 1.7786835 1.0297869 1.1586745 1.3144041 0.0000000 0.9547243 0.9198342 0.9547243 1.3144041 1.0703373 1.3144041 1.1132061 1.0703373 1.2588231 1.2070784 1.4396946 1.4396946 0.9913169 0.9913169 
t12        0.4904449 0.7945437 0.5099265 0.5299277 1.0297869 0.9547243 0.0000000 0.8239592 0.7662384 0.3666350 0.4172160 0.4904449 0.4348639 0.4529370 0.2892469 0.2746833 0.7945437 0.7945437 0.6157354 0.6157354 
t6         0.9547243 1.2070784 0.6872180 0.7389627 1.1132061 0.9198342 0.8239592 0.0000000 0.6388142 0.7662384 0.9198342 0.8239592 0.6388142 0.7945437 0.6872180 0.7126442 0.8239592 0.8239592 0.8545757 0.8545757 
t18        0.9547243 1.2588231 0.9198342 0.8545757 1.2070784 0.9547243 0.7662384 0.6388142 0.0000000 0.8864954 0.8239592 0.7662384 0.6872180 0.7126442 0.6872180 0.6872180 0.9913169 0.9913169 0.9198342 0.9198342 
t1         0.6157354 0.8545757 0.5933457 0.5504769 1.2070784 1.3144041 0.3666350 0.7662384 0.8864954 0.0000000 0.2892469 0.5504769 0.4529370 0.4714565 0.2603971 0.3040988 0.8545757 0.8545757 0.5933457 0.5933457 
t13        0.7126442 0.8239592 0.6388142 0.6388142 1.3744361 1.0703373 0.4172160 0.9198342 0.8239592 0.2892469 0.0000000 0.6157354 0.4904449 0.5299277 0.3192509 0.3831192 0.8864954 0.8864954 0.7126442 0.7126442 
t14        0.7945437 0.9547243 0.6872180 0.6626257 0.9913169 1.3144041 0.4904449 0.8239592 0.7662384 0.5504769 0.6157354 0.0000000 0.2463781 0.2191023 0.4172160 0.3999739 0.7389627 0.7389627 0.7662384 0.7662384 
t8         0.7126442 0.9198342 0.7945437 0.5716050 1.0297869 1.1132061 0.4348639 0.6388142 0.6872180 0.4529370 0.4904449 0.2463781 0.0000000 0.1927838 0.3999739 0.3999739 0.7945437 0.7945437 0.7126442 0.7126442 
t3         0.6872180 0.9547243 0.8545757 0.5933457 0.9913169 1.0703373 0.4529370 0.7945437 0.7126442 0.4714565 0.5299277 0.2191023 0.1927838 0.0000000 0.3831192 0.3666350 0.7945437 0.7945437 0.7662384 0.7662384 
t10        0.5099265 0.7126442 0.4904449 0.4529370 1.0703373 1.2588231 0.2892469 0.6872180 0.6872180 0.2603971 0.3192509 0.4172160 0.3999739 0.3831192 0.0000000 0.0734853 0.6388142 0.6388142 0.5504769 0.5504769 
t11        0.4714565 0.6626257 0.4904449 0.4348639 1.0703373 1.2070784 0.2746833 0.7126442 0.6872180 0.3040988 0.3831192 0.3999739 0.3999739 0.3666350 0.0734853 0.0000000 0.6626257 0.6626257 0.5504769 0.5504769 
t4         0.7945437 0.9913169 0.5933457 0.3999739 1.2588231 1.4396946 0.7945437 0.8239592 0.9913169 0.8545757 0.8864954 0.7389627 0.7945437 0.7945437 0.6388142 0.6626257 0.0000000 0.0000010 0.7126442 0.7126442 
t15        0.7945437 0.9913169 0.5933457 0.3999739 1.2588231 1.4396946 0.7945437 0.8239592 0.9913169 0.8545757 0.8864954 0.7389627 0.7945437 0.7945437 0.6388142 0.6626257 0.0000010 0.0000000 0.7126442 0.7126442 
t2         0.7662384 0.7389627 0.4904449 0.4714565 1.1586745 0.9913169 0.6157354 0.8545757 0.9198342 0.5933457 0.7126442 0.7662384 0.7126442 0.7662384 0.5504769 0.5504769 0.7126442 0.7126442 0.0000000 0.0000010 
t16        0.7662384 0.7389627 0.4904449 0.4714565 1.1586745 0.9913169 0.6157354 0.8545757 0.9198342 0.5933457 0.7126442 0.7662384 0.7126442 0.7662384 0.5504769 0.5504769 0.7126442 0.7126442 0.0000010 0.0000000 
