20
t2         0.0000000 9.0000000 3.2381161 9.0000000 9.0000000 9.0000000 9.0000000 3.2381161 3.2381161 2.7182557 3.2381161 2.7182557 2.4141569 2.7182557 9.0000000 9.0000000 9.0000000 3.2381161 2.7182557 2.4141569 
t3         9.0000000 0.0000000 0.1927838 0.4904449 0.3347153 0.2463781 0.3192509 0.4714565 0.4714565 0.3999739 0.3666350 0.2746833 0.2603971 0.3040988 0.3347153 0.3192509 0.2746833 0.2746833 0.6157354 0.6388142 
t7         3.2381161 0.1927838 0.0000000 0.3347153 0.1673577 0.1427653 0.2463781 0.3040988 0.3347153 0.2603971 0.2326162 0.1673577 0.1673577 0.2058276 0.2463781 0.2463781 0.1799630 0.1799630 0.4904449 0.5099265 
t13        9.0000000 0.4904449 0.3347153 0.0000000 0.2058276 0.3999739 0.5504769 0.5933457 0.7126442 0.5299277 0.5299277 0.4904449 0.4529370 0.5299277 0.5299277 0.5299277 0.4348639 0.4529370 0.7126442 0.7389627 
t12        9.0000000 0.3347153 0.1673577 0.2058276 0.0000000 0.2326162 0.3666350 0.4172160 0.4714565 0.3999739 0.3666350 0.3040988 0.2746833 0.3347153 0.3505054 0.3831192 0.2892469 0.2892469 0.5504769 0.5716050 
t9         9.0000000 0.2463781 0.1427653 0.3999739 0.2326162 0.0000000 0.3505054 0.4348639 0.4529370 0.3831192 0.3505054 0.2746833 0.2463781 0.3192509 0.3347153 0.3347153 0.2463781 0.2463781 0.5716050 0.5933457 
t18        9.0000000 0.3192509 0.2463781 0.5504769 0.3666350 0.3505054 0.0000000 0.4904449 0.4714565 0.4172160 0.3831192 0.2892469 0.2892469 0.2746833 0.3347153 0.3666350 0.3831192 0.3831192 0.7126442 0.7126442 
t5         3.2381161 0.4714565 0.3040988 0.5933457 0.4172160 0.4348639 0.4904449 0.0000000 0.2058276 0.1073256 0.1073256 0.4172160 0.3999739 0.5099265 0.4904449 0.5099265 0.2746833 0.2746833 0.7662384 0.7945437 
t8         3.2381161 0.4714565 0.3347153 0.7126442 0.4714565 0.4529370 0.4714565 0.2058276 0.0000000 0.1073256 0.0958750 0.4529370 0.4348639 0.4714565 0.5504769 0.5504769 0.3999739 0.3831192 0.7662384 0.7389627 
t20        2.7182557 0.3999739 0.2603971 0.5299277 0.3999739 0.3831192 0.4172160 0.1073256 0.1073256 0.0000000 0.0202715 0.3666350 0.3505054 0.4348639 0.4529370 0.4348639 0.2892469 0.2892469 0.6626257 0.6872180 
t10        3.2381161 0.3666350 0.2326162 0.5299277 0.3666350 0.3505054 0.3831192 0.1073256 0.0958750 0.0202715 0.0000000 0.3347153 0.3192509 0.3999739 0.4172160 0.3999739 0.2603971 0.2603971 0.6157354 0.6388142 
t16        2.7182557 0.2746833 0.1673577 0.4904449 0.3040988 0.2746833 0.2892469 0.4172160 0.4529370 0.3666350 0.3347153 0.0000000 0.0625362 0.1189538 0.1427653 0.1427653 0.2892469 0.2892469 0.6626257 0.6872180 
t19        2.4141569 0.2603971 0.1673577 0.4529370 0.2746833 0.2463781 0.2892469 0.3999739 0.4348639 0.3505054 0.3192509 0.0625362 0.0000000 0.1307650 0.1427653 0.1307650 0.2463781 0.2603971 0.6388142 0.6626257 
t1         2.7182557 0.3040988 0.2058276 0.5299277 0.3347153 0.3192509 0.2746833 0.5099265 0.4714565 0.4348639 0.3999739 0.1189538 0.1307650 0.0000000 0.1673577 0.1673577 0.3505054 0.3505054 0.7389627 0.7662384 
t4         9.0000000 0.3347153 0.2463781 0.5299277 0.3505054 0.3347153 0.3347153 0.4904449 0.5504769 0.4529370 0.4172160 0.1427653 0.1427653 0.1673577 0.0000000 0.1189538 0.3666350 0.3666350 0.7389627 0.7662384 
t14        9.0000000 0.3192509 0.2463781 0.5299277 0.3831192 0.3347153 0.3666350 0.5099265 0.5504769 0.4348639 0.3999739 0.1427653 0.1307650 0.1673577 0.1189538 0.0000000 0.3505054 0.3505054 0.7662384 0.7945437 
t15        9.0000000 0.2746833 0.1799630 0.4348639 0.2892469 0.2463781 0.3831192 0.2746833 0.3999739 0.2892469 0.2603971 0.2892469 0.2463781 0.3505054 0.3666350 0.3505054 0.0000000 0.0202715 0.6872180 0.7126442 
t17        3.2381161 0.2746833 0.1799630 0.4529370 0.2892469 0.2463781 0.3831192 0.2746833 0.3831192 0.2892469 0.2603971 0.2892469 0.2603971 0.3505054 0.3666350 0.3505054 0.0202715 0.0000000 0.6872180 0.7126442 
t11        2.7182557 0.6157354 0.4904449 0.7126442 0.5504769 0.5716050 0.7126442 0.7662384 0.7662384 0.6626257 0.6157354 0.6626257 0.6388142 0.7389627 0.7389627 0.7662384 0.6872180 0.6872180 0.0000000 0.0100673 
t6         2.4141569 0.6388142 0.5099265 0.7389627 0.5716050 0.5933457 0.7126442 0.7945437 0.7389627 0.6872180 0.6388142 0.6872180 0.6626257 0.7662384 0.7662384 0.7945437 0.7126442 0.7126442 0.0100673 0.0000000 
