20
t15        0.0000000 2.1983953 3.2381161 1.2070784 9.0000000 2.4141569 2.7182557 2.0310377 9.0000000 9.0000000 2.0310377 2.4141569 3.2381161 3.2381161 2.0310377 2.4141569 1.5111773 1.5901977 2.1983953 2.1983953 
t20        2.1983953 0.0000000 0.9198342 0.5933457 0.9547243 1.5111773 0.6157354 0.7126442 0.8239592 1.2588231 0.9198342 0.7945437 0.6626257 0.6626257 0.7945437 0.8545757 0.7662384 0.7945437 0.7662384 0.7389627 
t16        3.2381161 0.9198342 0.0000000 0.7126442 1.0703373 1.3744361 0.5504769 0.5299277 1.0703373 2.0310377 1.1132061 0.8239592 0.6626257 0.7662384 0.9198342 0.8864954 0.8864954 0.8864954 0.8864954 0.8545757 
t7         1.2070784 0.5933457 0.7126442 0.0000000 0.8239592 1.2588231 0.6157354 0.6872180 0.9547243 1.7786835 0.6872180 0.7126442 0.6872180 0.6388142 0.8545757 0.7389627 0.5299277 0.5299277 0.7389627 0.7126442 
t14        9.0000000 0.9547243 1.0703373 0.8239592 0.0000000 1.6785349 1.0297869 1.1586745 1.3144041 1.2070784 0.4172160 1.2070784 0.9547243 1.2588231 1.2588231 0.9913169 1.0703373 1.0703373 0.8864954 0.9198342 
t17        2.4141569 1.5111773 1.3744361 1.2588231 1.6785349 0.0000000 1.3744361 1.8942965 0.9913169 1.7786835 1.4396946 1.1132061 0.9547243 0.9198342 1.1586745 1.0297869 1.1586745 1.2588231 1.0703373 1.0297869 
t5         2.7182557 0.6157354 0.5504769 0.6157354 1.0297869 1.3744361 0.0000000 0.1927838 0.9913169 1.7786835 0.9547243 0.6872180 0.6157354 0.6157354 1.0297869 0.7662384 0.6872180 0.7389627 0.8239592 0.7945437 
t1         2.0310377 0.7126442 0.5299277 0.6872180 1.1586745 1.8942965 0.1927838 0.0000000 1.1132061 2.1983953 1.0703373 0.7662384 0.7126442 0.7389627 1.0703373 0.7945437 0.7389627 0.7945437 0.8864954 0.8545757 
t9         9.0000000 0.8239592 1.0703373 0.9547243 1.3144041 0.9913169 0.9913169 1.1132061 0.0000000 2.0310377 1.1132061 0.6626257 0.5716050 0.4348639 0.7126442 0.6626257 1.0297869 1.1132061 0.6872180 0.6626257 
t2         9.0000000 1.2588231 2.0310377 1.7786835 1.2070784 1.7786835 1.7786835 2.1983953 2.0310377 0.0000000 0.6872180 1.3144041 1.3744361 1.2070784 1.1586745 1.2588231 1.5111773 1.5111773 1.3144041 1.3744361 
t4         2.0310377 0.9198342 1.1132061 0.6872180 0.4172160 1.4396946 0.9547243 1.0703373 1.1132061 0.6872180 0.0000000 0.8545757 0.8545757 0.8545757 1.0297869 0.6872180 0.9913169 0.9913169 0.7662384 0.7662384 
t11        2.4141569 0.7945437 0.8239592 0.7126442 1.2070784 1.1132061 0.6872180 0.7662384 0.6626257 1.3144041 0.8545757 0.0000000 0.0734853 0.3666350 0.6626257 0.2603971 0.9547243 0.9913169 0.3666350 0.3505054 
t6         3.2381161 0.6626257 0.6626257 0.6872180 0.9547243 0.9547243 0.6157354 0.7126442 0.5716050 1.3744361 0.8545757 0.0734853 0.0000000 0.3347153 0.6388142 0.2463781 0.8864954 0.9198342 0.3192509 0.3040988 
t12        3.2381161 0.6626257 0.7662384 0.6388142 1.2588231 0.9198342 0.6157354 0.7389627 0.4348639 1.2070784 0.8545757 0.3666350 0.3347153 0.0000000 0.2746833 0.3347153 0.7126442 0.7126442 0.3999739 0.3831192 
t8         2.0310377 0.7945437 0.9198342 0.8545757 1.2588231 1.1586745 1.0297869 1.0703373 0.7126442 1.1586745 1.0297869 0.6626257 0.6388142 0.2746833 0.0000000 0.5716050 0.9198342 0.9198342 0.6388142 0.6157354 
t19        2.4141569 0.8545757 0.8864954 0.7389627 0.9913169 1.0297869 0.7662384 0.7945437 0.6626257 1.2588231 0.6872180 0.2603971 0.2463781 0.3347153 0.5716050 0.0000000 0.9198342 0.9913169 0.0734853 0.0625362 
t13        1.5111773 0.7662384 0.8864954 0.5299277 1.0703373 1.1586745 0.6872180 0.7389627 1.0297869 1.5111773 0.9913169 0.9547243 0.8864954 0.7126442 0.9198342 0.9198342 0.0000000 0.0306165 0.9198342 0.8864954 
t18        1.5901977 0.7945437 0.8864954 0.5299277 1.0703373 1.2588231 0.7389627 0.7945437 1.1132061 1.5111773 0.9913169 0.9913169 0.9198342 0.7126442 0.9198342 0.9913169 0.0306165 0.0000000 0.9913169 0.9547243 
t3         2.1983953 0.7662384 0.8864954 0.7389627 0.8864954 1.0703373 0.8239592 0.8864954 0.6872180 1.3144041 0.7662384 0.3666350 0.3192509 0.3999739 0.6388142 0.0734853 0.9198342 0.9913169 0.0000000 0.0100673 
t10        2.1983953 0.7389627 0.8545757 0.7126442 0.9198342 1.0297869 0.7945437 0.8545757 0.6626257 1.3744361 0.7662384 0.3505054 0.3040988 0.3831192 0.6157354 0.0625362 0.8864954 0.9547243 0.0100673 0.0000000 
