20
t12        0.0000000 0.5933457 0.4529370 0.4529370 0.4529370 0.4904449 0.3505054 0.3505054 0.4172160 0.4904449 0.5299277 0.4172160 0.3999739 0.6157354 0.6626257 0.3666350 0.3831192 1.2070784 1.1586745 1.1586745 
t5         0.5933457 0.0000000 0.6872180 0.5299277 0.4529370 0.4714565 0.5299277 0.4904449 0.5716050 0.6872180 0.6626257 0.5099265 0.5099265 0.7389627 0.7662384 0.4714565 0.4904449 1.2588231 1.3144041 1.3144041 
t10        0.4529370 0.6872180 0.0000000 0.4529370 0.5299277 0.5933457 0.2746833 0.2603971 0.5099265 0.5099265 0.5299277 0.4714565 0.4529370 0.4529370 0.4348639 0.3347153 0.3505054 2.0310377 2.1983953 2.1983953 
t7         0.4529370 0.5299277 0.4529370 0.0000000 0.4714565 0.5099265 0.2746833 0.2746833 0.2463781 0.0958750 0.1307650 0.2058276 0.1927838 0.5099265 0.5099265 0.2746833 0.2892469 1.3744361 1.4396946 1.4396946 
t11        0.4529370 0.4529370 0.5299277 0.4714565 0.0000000 0.0411062 0.3505054 0.3347153 0.4904449 0.4714565 0.5099265 0.4529370 0.4348639 0.7662384 0.7945437 0.3505054 0.3666350 1.1132061 1.0703373 1.0703373 
t1         0.4904449 0.4714565 0.5933457 0.5099265 0.0411062 0.0000000 0.3831192 0.3666350 0.5299277 0.5299277 0.5716050 0.4904449 0.4714565 0.7945437 0.8239592 0.3831192 0.3831192 1.0703373 1.0297869 1.0297869 
t2         0.3505054 0.5299277 0.2746833 0.2746833 0.3505054 0.3831192 0.0000000 0.0734853 0.2603971 0.3040988 0.3505054 0.2191023 0.2058276 0.4172160 0.4172160 0.1673577 0.1799630 1.3144041 1.3744361 1.3744361 
t14        0.3505054 0.4904449 0.2603971 0.2746833 0.3347153 0.3666350 0.0734853 0.0000000 0.2892469 0.3040988 0.3505054 0.2463781 0.2326162 0.4714565 0.4904449 0.1549607 0.1673577 1.3144041 1.3744361 1.3744361 
t15        0.4172160 0.5716050 0.5099265 0.2463781 0.4904449 0.5299277 0.2603971 0.2892469 0.0000000 0.3040988 0.3666350 0.0517447 0.0411062 0.5933457 0.6157354 0.3192509 0.3347153 1.6785349 1.7786835 1.7786835 
t9         0.4904449 0.6872180 0.5099265 0.0958750 0.4714565 0.5299277 0.3040988 0.3040988 0.3040988 0.0000000 0.0517447 0.2603971 0.2463781 0.6157354 0.6157354 0.3347153 0.3505054 1.5111773 1.5901977 1.5901977 
t3         0.5299277 0.6626257 0.5299277 0.1307650 0.5099265 0.5716050 0.3505054 0.3505054 0.3666350 0.0517447 0.0000000 0.3192509 0.3040988 0.6872180 0.6872180 0.3831192 0.3999739 1.7786835 1.8942965 1.8942965 
t8         0.4172160 0.5099265 0.4714565 0.2058276 0.4529370 0.4904449 0.2191023 0.2463781 0.0517447 0.2603971 0.3192509 0.0000000 0.0100673 0.5716050 0.5933457 0.2746833 0.2892469 1.5111773 1.5901977 1.5901977 
t17        0.3999739 0.5099265 0.4529370 0.1927838 0.4348639 0.4714565 0.2058276 0.2326162 0.0411062 0.2463781 0.3040988 0.0100673 0.0000000 0.5504769 0.5716050 0.2603971 0.2746833 1.5111773 1.5901977 1.5901977 
t4         0.6157354 0.7389627 0.4529370 0.5099265 0.7662384 0.7945437 0.4172160 0.4714565 0.5933457 0.6157354 0.6872180 0.5716050 0.5504769 0.0000000 0.0202715 0.5716050 0.5933457 1.6785349 1.7786835 1.7786835 
t13        0.6626257 0.7662384 0.4348639 0.5099265 0.7945437 0.8239592 0.4172160 0.4904449 0.6157354 0.6157354 0.6872180 0.5933457 0.5716050 0.0202715 0.0000000 0.5933457 0.6157354 1.6785349 1.7786835 1.7786835 
t20        0.3666350 0.4714565 0.3347153 0.2746833 0.3505054 0.3831192 0.1673577 0.1549607 0.3192509 0.3347153 0.3831192 0.2746833 0.2603971 0.5716050 0.5933457 0.0000000 0.0202715 1.1586745 1.2070784 1.2070784 
t16        0.3831192 0.4904449 0.3505054 0.2892469 0.3666350 0.3831192 0.1799630 0.1673577 0.3347153 0.3505054 0.3999739 0.2892469 0.2746833 0.5933457 0.6157354 0.0202715 0.0000000 1.1586745 1.2070784 1.2070784 
t18        1.2070784 1.2588231 2.0310377 1.3744361 1.1132061 1.0703373 1.3144041 1.3144041 1.6785349 1.5111773 1.7786835 1.5111773 1.5111773 1.6785349 1.6785349 1.1586745 1.1586745 0.0000000 0.0100673 0.0100673 
t6         1.1586745 1.3144041 2.1983953 1.4396946 1.0703373 1.0297869 1.3744361 1.3744361 1.7786835 1.5901977 1.8942965 1.5901977 1.5901977 1.7786835 1.7786835 1.2070784 1.2070784 0.0100673 0.0000000 0.0000010 
t19        1.1586745 1.3144041 2.1983953 1.4396946 1.0703373 1.0297869 1.3744361 1.3744361 1.7786835 1.5901977 1.8942965 1.5901977 1.5901977 1.7786835 1.7786835 1.2070784 1.2070784 0.0100673 0.0000010 0.0000000 
