20
t17        0.0000000 0.5299277 0.4714565 0.6388142 0.9198342 1.0703373 0.7126442 9.0000000 1.8942965 2.4141569 1.4396946 1.5111773 1.3144041 1.4396946 0.8864954 0.6626257 9.0000000 9.0000000 0.8239592 0.7662384 
t6         0.5299277 0.0000000 0.3999739 0.7126442 0.9913169 1.1586745 0.8864954 2.7182557 1.2070784 1.3144041 1.6785349 1.8942965 1.3744361 1.3744361 1.2070784 0.8545757 9.0000000 9.0000000 0.8545757 0.8864954 
t2         0.4714565 0.3999739 0.0000000 0.7126442 0.9913169 1.2588231 0.9547243 2.0310377 1.3144041 1.3744361 2.1983953 1.8942965 1.8942965 1.8942965 1.0703373 0.8864954 9.0000000 2.7182557 0.9547243 0.9547243 
t3         0.6388142 0.7126442 0.7126442 0.0000000 0.4348639 0.8545757 0.6626257 2.7182557 0.9913169 1.2588231 1.6785349 1.5901977 1.5901977 1.6785349 0.7389627 0.4172160 9.0000000 9.0000000 0.9913169 0.9547243 
t7         0.9198342 0.9913169 0.9913169 0.4348639 0.0000000 1.2070784 0.8239592 3.2381161 1.3744361 1.8942965 1.8942965 2.1983953 1.4396946 1.3744361 0.9547243 0.6157354 9.0000000 9.0000000 1.0297869 0.9913169 
t8         1.0703373 1.1586745 1.2588231 0.8545757 1.2070784 0.0000000 0.7126442 3.2381161 1.8942965 2.1983953 0.8239592 0.8864954 0.4172160 0.5504769 0.8239592 0.6388142 9.0000000 9.0000000 1.0703373 0.9913169 
t5         0.7126442 0.8864954 0.9547243 0.6626257 0.8239592 0.7126442 0.0000000 9.0000000 1.3144041 1.4396946 1.4396946 1.3144041 1.2070784 1.4396946 0.6872180 0.3831192 9.0000000 9.0000000 0.3666350 0.3505054 
t1         9.0000000 2.7182557 2.0310377 2.7182557 3.2381161 3.2381161 9.0000000 0.0000000 1.5901977 2.4141569 3.2381161 9.0000000 9.0000000 9.0000000 3.2381161 9.0000000 0.5299277 0.4714565 9.0000000 9.0000000 
t9         1.8942965 1.2070784 1.3144041 0.9913169 1.3744361 1.8942965 1.3144041 1.5901977 0.0000000 0.1799630 9.0000000 1.8942965 9.0000000 9.0000000 1.3144041 1.1586745 9.0000000 9.0000000 1.0703373 1.1132061 
t12        2.4141569 1.3144041 1.3744361 1.2588231 1.8942965 2.1983953 1.4396946 2.4141569 0.1799630 0.0000000 9.0000000 3.2381161 9.0000000 9.0000000 1.2588231 1.2070784 9.0000000 9.0000000 1.3144041 1.3144041 
t13        1.4396946 1.6785349 2.1983953 1.6785349 1.8942965 0.8239592 1.4396946 3.2381161 9.0000000 9.0000000 0.0000000 0.2746833 0.9547243 1.1132061 1.8942965 1.5111773 9.0000000 9.0000000 1.6785349 1.5901977 
t11        1.5111773 1.8942965 1.8942965 1.5901977 2.1983953 0.8864954 1.3144041 9.0000000 1.8942965 3.2381161 0.2746833 0.0000000 1.1132061 1.1586745 2.0310377 1.7786835 9.0000000 9.0000000 1.5901977 1.5901977 
t16        1.3144041 1.3744361 1.8942965 1.5901977 1.4396946 0.4172160 1.2070784 9.0000000 9.0000000 9.0000000 0.9547243 1.1132061 0.0000000 0.1427653 1.1586745 1.1132061 9.0000000 9.0000000 1.7786835 1.6785349 
t15        1.4396946 1.3744361 1.8942965 1.6785349 1.3744361 0.5504769 1.4396946 9.0000000 9.0000000 9.0000000 1.1132061 1.1586745 0.1427653 0.0000000 1.5111773 1.3144041 2.4141569 2.4141569 2.7182557 2.4141569 
t20        0.8864954 1.2070784 1.0703373 0.7389627 0.9547243 0.8239592 0.6872180 3.2381161 1.3144041 1.2588231 1.8942965 2.0310377 1.1586745 1.5111773 0.0000000 0.2892469 9.0000000 9.0000000 1.0297869 0.9547243 
t19        0.6626257 0.8545757 0.8864954 0.4172160 0.6157354 0.6388142 0.3831192 9.0000000 1.1586745 1.2070784 1.5111773 1.7786835 1.1132061 1.3144041 0.2892469 0.0000000 9.0000000 9.0000000 0.6388142 0.6157354 
t4         9.0000000 9.0000000 9.0000000 9.0000000 9.0000000 9.0000000 9.0000000 0.5299277 9.0000000 9.0000000 9.0000000 9.0000000 9.0000000 2.4141569 9.0000000 9.0000000 0.0000000 0.0845966 9.0000000 9.0000000 
t18        9.0000000 9.0000000 2.7182557 9.0000000 9.0000000 9.0000000 9.0000000 0.4714565 9.0000000 9.0000000 9.0000000 9.0000000 9.0000000 2.4141569 9.0000000 9.0000000 0.0845966 0.0000000 9.0000000 9.0000000 
t10        0.8239592 0.8545757 0.9547243 0.9913169 1.0297869 1.0703373 0.3666350 9.0000000 1.0703373 1.3144041 1.6785349 1.5901977 1.7786835 2.7182557 1.0297869 0.6388142 9.0000000 9.0000000 0.0000000 0.0411062 
t14        0.7662384 0.8864954 0.9547243 0.9547243 0.9913169 0.9913169 0.3505054 9.0000000 1.1132061 1.3144041 1.5901977 1.5901977 1.6785349 2.4141569 0.9547243 0.6157354 9.0000000 9.0000000 0.0411062 0.0000000 
