20
t9         0.0000000 1.8942965 2.1983953 9.0000000 2.0310377 9.0000000 2.0310377 2.0310377 1.2588231 9.0000000 2.1983953 1.4396946 1.5111773 2.1983953 1.3744361 1.7786835 2.0310377 2.0310377 1.8942965 1.8942965 
t17        1.8942965 0.0000000 1.1586745 2.1983953 0.9198342 2.4141569 1.5111773 2.1983953 0.9547243 9.0000000 1.3744361 1.3144041 1.5111773 1.6785349 0.9547243 1.6785349 1.7786835 1.4396946 1.4396946 1.4396946 
t7         2.1983953 1.1586745 0.0000000 3.2381161 1.1586745 9.0000000 3.2381161 9.0000000 0.7945437 2.7182557 1.7786835 1.7786835 1.3744361 1.5901977 1.5111773 9.0000000 9.0000000 3.2381161 9.0000000 9.0000000 
t12        9.0000000 2.1983953 3.2381161 0.0000000 1.5111773 9.0000000 9.0000000 2.0310377 1.5111773 2.1983953 2.4141569 9.0000000 2.4141569 2.4141569 1.7786835 2.0310377 2.4141569 2.4141569 2.7182557 2.7182557 
t4         2.0310377 0.9198342 1.1586745 1.5111773 0.0000000 2.7182557 9.0000000 1.3744361 0.4172160 1.6785349 1.3144041 1.4396946 1.2070784 1.2070784 1.0297869 1.8942965 1.6785349 1.2588231 2.4141569 2.4141569 
t5         9.0000000 2.4141569 9.0000000 9.0000000 2.7182557 0.0000000 9.0000000 1.8942965 9.0000000 9.0000000 9.0000000 1.7786835 1.6785349 3.2381161 9.0000000 9.0000000 1.4396946 1.4396946 9.0000000 9.0000000 
t3         2.0310377 1.5111773 3.2381161 9.0000000 9.0000000 9.0000000 0.0000000 3.2381161 9.0000000 9.0000000 9.0000000 1.8942965 3.2381161 9.0000000 9.0000000 0.8545757 3.2381161 9.0000000 0.9913169 0.9913169 
t11        2.0310377 2.1983953 9.0000000 2.0310377 1.3744361 1.8942965 3.2381161 0.0000000 1.8942965 9.0000000 2.7182557 1.7786835 2.4141569 1.6785349 2.4141569 9.0000000 0.6872180 0.6388142 2.7182557 2.7182557 
t14        1.2588231 0.9547243 0.7945437 1.5111773 0.4172160 9.0000000 9.0000000 1.8942965 0.0000000 1.1132061 1.0703373 1.2588231 1.1132061 1.2588231 0.9913169 1.7786835 2.1983953 1.5901977 2.7182557 2.7182557 
t19        9.0000000 9.0000000 2.7182557 2.1983953 1.6785349 9.0000000 9.0000000 9.0000000 1.1132061 0.0000000 2.1983953 1.8942965 1.7786835 1.3744361 1.3144041 9.0000000 9.0000000 9.0000000 9.0000000 9.0000000 
t2         2.1983953 1.3744361 1.7786835 2.4141569 1.3144041 9.0000000 9.0000000 2.7182557 1.0703373 2.1983953 0.0000000 2.1983953 2.7182557 0.9198342 0.8239592 9.0000000 9.0000000 9.0000000 9.0000000 9.0000000 
t18        1.4396946 1.3144041 1.7786835 9.0000000 1.4396946 1.7786835 1.8942965 1.7786835 1.2588231 1.8942965 2.1983953 0.0000000 0.3040988 1.8942965 2.4141569 3.2381161 2.4141569 1.8942965 2.7182557 2.7182557 
t1         1.5111773 1.5111773 1.3744361 2.4141569 1.2070784 1.6785349 3.2381161 2.4141569 1.1132061 1.7786835 2.7182557 0.3040988 0.0000000 2.4141569 1.8942965 2.0310377 2.0310377 1.8942965 1.6785349 1.6785349 
t6         2.1983953 1.6785349 1.5901977 2.4141569 1.2070784 3.2381161 9.0000000 1.6785349 1.2588231 1.3744361 0.9198342 1.8942965 2.4141569 0.0000000 0.4529370 1.7786835 1.5111773 1.3744361 3.2381161 3.2381161 
t13        1.3744361 0.9547243 1.5111773 1.7786835 1.0297869 9.0000000 9.0000000 2.4141569 0.9913169 1.3144041 0.8239592 2.4141569 1.8942965 0.4529370 0.0000000 1.8942965 2.4141569 1.8942965 3.2381161 3.2381161 
t15        1.7786835 1.6785349 9.0000000 2.0310377 1.8942965 9.0000000 0.8545757 9.0000000 1.7786835 9.0000000 9.0000000 3.2381161 2.0310377 1.7786835 1.8942965 0.0000000 3.2381161 9.0000000 0.3505054 0.3505054 
t20        2.0310377 1.7786835 9.0000000 2.4141569 1.6785349 1.4396946 3.2381161 0.6872180 2.1983953 9.0000000 9.0000000 2.4141569 2.0310377 1.5111773 2.4141569 3.2381161 0.0000000 0.0845966 9.0000000 9.0000000 
t8         2.0310377 1.4396946 3.2381161 2.4141569 1.2588231 1.4396946 9.0000000 0.6388142 1.5901977 9.0000000 9.0000000 1.8942965 1.8942965 1.3744361 1.8942965 9.0000000 0.0845966 0.0000000 9.0000000 9.0000000 
t16        1.8942965 1.4396946 9.0000000 2.7182557 2.4141569 9.0000000 0.9913169 2.7182557 2.7182557 9.0000000 9.0000000 2.7182557 1.6785349 3.2381161 3.2381161 0.3505054 9.0000000 9.0000000 0.0000000 0.0000010 
t10        1.8942965 1.4396946 9.0000000 2.7182557 2.4141569 9.0000000 0.9913169 2.7182557 2.7182557 9.0000000 9.0000000 2.7182557 1.6785349 3.2381161 3.2381161 0.3505054 9.0000000 9.0000000 0.0000010 0.0000000 
