20
t9         0.0000000 1.6785349 9.0000000 1.5901977 1.2588231 1.5111773 1.3744361 1.3744361 1.2588231 1.3144041 2.7182557 0.9913169 1.2070784 2.1983953 1.7786835 1.5901977 2.0310377 1.7786835 1.6785349 1.6785349 
t8         1.6785349 0.0000000 2.0310377 1.2070784 1.0703373 1.7786835 1.8942965 1.1132061 1.1586745 1.3144041 1.3144041 1.2070784 1.4396946 1.8942965 1.2588231 1.1586745 1.7786835 1.8942965 1.3744361 1.3144041 
t11        9.0000000 2.0310377 0.0000000 1.7786835 1.2070784 2.7182557 2.0310377 1.1132061 1.7786835 2.1983953 2.7182557 0.8864954 1.3144041 2.7182557 1.6785349 1.2588231 2.0310377 1.8942965 1.3744361 1.3744361 
t5         1.5901977 1.2070784 1.7786835 0.0000000 0.8864954 2.1983953 1.2070784 1.1132061 1.3744361 1.3744361 2.0310377 1.2588231 1.3744361 1.8942965 1.5111773 1.7786835 1.7786835 1.7786835 1.7786835 1.8942965 
t6         1.2588231 1.0703373 1.2070784 0.8864954 0.0000000 1.5901977 1.1586745 0.9198342 0.8864954 1.1586745 1.0297869 0.7126442 0.9547243 1.1132061 0.9913169 1.1132061 1.8942965 1.5901977 1.2070784 1.2070784 
t18        1.5111773 1.7786835 2.7182557 2.1983953 1.5901977 0.0000000 0.9913169 1.2588231 0.7662384 0.8864954 0.8545757 1.4396946 1.7786835 0.9547243 0.7126442 2.4141569 1.3144041 1.2070784 2.4141569 2.7182557 
t1         1.3744361 1.8942965 2.0310377 1.2070784 1.1586745 0.9913169 0.0000000 1.1586745 0.6872180 0.7389627 0.9198342 1.3744361 2.0310377 0.8239592 0.6872180 1.5901977 0.6626257 0.7662384 1.6785349 1.6785349 
t19        1.3744361 1.1132061 1.1132061 1.1132061 0.9198342 1.2588231 1.1586745 0.0000000 0.9913169 1.0297869 1.2070784 0.5299277 0.6872180 1.0703373 0.9547243 0.8864954 1.3144041 1.4396946 0.8545757 0.8864954 
t3         1.2588231 1.1586745 1.7786835 1.3744361 0.8864954 0.7662384 0.6872180 0.9913169 0.0000000 0.1799630 0.7945437 1.2070784 1.5901977 0.8864954 0.5933457 1.1132061 0.9547243 1.1586745 1.0703373 1.0297869 
t14        1.3144041 1.3144041 2.1983953 1.3744361 1.1586745 0.8864954 0.7389627 1.0297869 0.1799630 0.0000000 0.7389627 1.3144041 1.5111773 0.9198342 0.5716050 1.0703373 1.1132061 1.3744361 1.1586745 1.1132061 
t15        2.7182557 1.3144041 2.7182557 2.0310377 1.0297869 0.8545757 0.9198342 1.2070784 0.7945437 0.7389627 0.0000000 1.3144041 1.4396946 0.3192509 0.1549607 1.5111773 1.2070784 1.4396946 1.8942965 1.8942965 
t2         0.9913169 1.2070784 0.8864954 1.2588231 0.7126442 1.4396946 1.3744361 0.5299277 1.2070784 1.3144041 1.3144041 0.0000000 0.4172160 1.3144041 1.2588231 0.9198342 1.8942965 1.6785349 1.0297869 1.0297869 
t16        1.2070784 1.4396946 1.3144041 1.3744361 0.9547243 1.7786835 2.0310377 0.6872180 1.5901977 1.5111773 1.4396946 0.4172160 0.0000000 1.3744361 1.3144041 0.9198342 1.8942965 1.8942965 0.8545757 0.8864954 
t20        2.1983953 1.8942965 2.7182557 1.8942965 1.1132061 0.9547243 0.8239592 1.0703373 0.8864954 0.9198342 0.3192509 1.3144041 1.3744361 0.0000000 0.1927838 2.7182557 1.0703373 1.1132061 3.2381161 3.2381161 
t17        1.7786835 1.2588231 1.6785349 1.5111773 0.9913169 0.7126442 0.6872180 0.9547243 0.5933457 0.5716050 0.1549607 1.2588231 1.3144041 0.1927838 0.0000000 1.6785349 0.9198342 1.0297869 1.8942965 1.8942965 
t4         1.5901977 1.1586745 1.2588231 1.7786835 1.1132061 2.4141569 1.5901977 0.8864954 1.1132061 1.0703373 1.5111773 0.9198342 0.9198342 2.7182557 1.6785349 0.0000000 3.2381161 2.7182557 0.0958750 0.0845966 
t13        2.0310377 1.7786835 2.0310377 1.7786835 1.8942965 1.3144041 0.6626257 1.3144041 0.9547243 1.1132061 1.2070784 1.8942965 1.8942965 1.0703373 0.9198342 3.2381161 0.0000000 0.0845966 2.1983953 2.0310377 
t12        1.7786835 1.8942965 1.8942965 1.7786835 1.5901977 1.2070784 0.7662384 1.4396946 1.1586745 1.3744361 1.4396946 1.6785349 1.8942965 1.1132061 1.0297869 2.7182557 0.0845966 0.0000000 1.8942965 1.8942965 
t7         1.6785349 1.3744361 1.3744361 1.7786835 1.2070784 2.4141569 1.6785349 0.8545757 1.0703373 1.1586745 1.8942965 1.0297869 0.8545757 3.2381161 1.8942965 0.0958750 2.1983953 1.8942965 0.0000000 0.0202715 
t10        1.6785349 1.3144041 1.3744361 1.8942965 1.2070784 2.7182557 1.6785349 0.8864954 1.0297869 1.1132061 1.8942965 1.0297869 0.8864954 3.2381161 1.8942965 0.0845966 2.0310377 1.8942965 0.0202715 0.0000000 
