20
t11        0.0000000 9.0000000 9.0000000 1.7786835 9.0000000 9.0000000 9.0000000 9.0000000 9.0000000 9.0000000 9.0000000 9.0000000 9.0000000 9.0000000 2.7182557 9.0000000 9.0000000 9.0000000 9.0000000 9.0000000 
t13        9.0000000 0.0000000 2.4141569 9.0000000 2.7182557 1.7786835 1.5901977 3.2381161 2.1983953 1.7786835 1.8942965 1.8942965 1.2070784 1.3144041 1.8942965 1.8942965 9.0000000 9.0000000 1.5901977 2.0310377 
t19        9.0000000 2.4141569 0.0000000 0.7662384 3.2381161 9.0000000 9.0000000 1.5901977 1.6785349 0.9547243 1.7786835 2.4141569 1.6785349 2.1983953 2.7182557 1.7786835 2.4141569 9.0000000 1.5111773 1.3144041 
t14        1.7786835 9.0000000 0.7662384 0.0000000 1.8942965 9.0000000 9.0000000 3.2381161 2.1983953 1.3744361 9.0000000 1.8942965 1.8942965 2.7182557 9.0000000 2.0310377 9.0000000 2.7182557 1.7786835 1.6785349 
t5         9.0000000 2.7182557 3.2381161 1.8942965 0.0000000 1.3144041 0.9913169 9.0000000 3.2381161 9.0000000 2.4141569 3.2381161 2.0310377 9.0000000 2.0310377 2.7182557 0.8545757 0.7389627 2.1983953 1.8942965 
t9         9.0000000 1.7786835 9.0000000 9.0000000 1.3144041 0.0000000 0.8864954 9.0000000 9.0000000 2.4141569 9.0000000 9.0000000 2.4141569 9.0000000 9.0000000 2.4141569 1.3744361 1.1586745 9.0000000 2.4141569 
t4         9.0000000 1.5901977 9.0000000 9.0000000 0.9913169 0.8864954 0.0000000 2.4141569 9.0000000 9.0000000 9.0000000 2.1983953 9.0000000 9.0000000 2.1983953 2.1983953 0.7662384 0.5716050 1.5111773 1.3144041 
t8         9.0000000 3.2381161 1.5901977 3.2381161 9.0000000 9.0000000 2.4141569 0.0000000 0.7126442 0.6626257 1.4396946 1.0703373 3.2381161 2.7182557 1.0297869 1.3744361 1.5901977 1.6785349 1.0297869 1.1586745 
t15        9.0000000 2.1983953 1.6785349 2.1983953 3.2381161 9.0000000 9.0000000 0.7126442 0.0000000 1.1132061 1.5901977 1.6785349 2.7182557 1.8942965 1.5901977 1.8942965 2.1983953 2.1983953 1.3744361 1.5901977 
t3         9.0000000 1.7786835 0.9547243 1.3744361 9.0000000 2.4141569 9.0000000 0.6626257 1.1132061 0.0000000 1.8942965 1.6785349 3.2381161 3.2381161 1.5901977 1.5901977 3.2381161 9.0000000 1.2070784 1.1586745 
t16        9.0000000 1.8942965 1.7786835 9.0000000 2.4141569 9.0000000 9.0000000 1.4396946 1.5901977 1.8942965 0.0000000 0.9913169 1.5111773 1.7786835 1.8942965 1.8942965 9.0000000 9.0000000 2.1983953 1.5901977 
t12        9.0000000 1.8942965 2.4141569 1.8942965 3.2381161 9.0000000 2.1983953 1.0703373 1.6785349 1.6785349 0.9913169 0.0000000 1.2070784 1.2588231 1.2070784 1.1586745 1.8942965 1.5111773 1.0703373 1.2588231 
t2         9.0000000 1.2070784 1.6785349 1.8942965 2.0310377 2.4141569 9.0000000 3.2381161 2.7182557 3.2381161 1.5111773 1.2070784 0.0000000 0.6388142 1.7786835 1.4396946 2.0310377 2.0310377 1.3144041 1.4396946 
t17        9.0000000 1.3144041 2.1983953 2.7182557 9.0000000 9.0000000 9.0000000 2.7182557 1.8942965 3.2381161 1.7786835 1.2588231 0.6388142 0.0000000 1.6785349 1.0703373 2.7182557 3.2381161 1.4396946 1.5111773 
t7         2.7182557 1.8942965 2.7182557 9.0000000 2.0310377 9.0000000 2.1983953 1.0297869 1.5901977 1.5901977 1.8942965 1.2070784 1.7786835 1.6785349 0.0000000 0.3666350 1.7786835 1.4396946 1.3744361 1.4396946 
t18        9.0000000 1.8942965 1.7786835 2.0310377 2.7182557 2.4141569 2.1983953 1.3744361 1.8942965 1.5901977 1.8942965 1.1586745 1.4396946 1.0703373 0.3666350 0.0000000 1.6785349 1.6785349 1.2588231 1.3144041 
t6         9.0000000 9.0000000 2.4141569 9.0000000 0.8545757 1.3744361 0.7662384 1.5901977 2.1983953 3.2381161 9.0000000 1.8942965 2.0310377 2.7182557 1.7786835 1.6785349 0.0000000 0.3999739 1.3744361 1.3744361 
t1         9.0000000 9.0000000 9.0000000 2.7182557 0.7389627 1.1586745 0.5716050 1.6785349 2.1983953 9.0000000 9.0000000 1.5111773 2.0310377 3.2381161 1.4396946 1.6785349 0.3999739 0.0000000 1.1132061 1.1132061 
t10        9.0000000 1.5901977 1.5111773 1.7786835 2.1983953 9.0000000 1.5111773 1.0297869 1.3744361 1.2070784 2.1983953 1.0703373 1.3144041 1.4396946 1.3744361 1.2588231 1.3744361 1.1132061 0.0000000 0.2603971 
t20        9.0000000 2.0310377 1.3144041 1.6785349 1.8942965 2.4141569 1.3144041 1.1586745 1.5901977 1.1586745 1.5901977 1.2588231 1.4396946 1.5111773 1.4396946 1.3144041 1.3744361 1.1132061 0.2603971 0.0000000 
