20
t17        0.0000000 1.8942965 1.2070784 1.6785349 1.3744361 1.1132061 3.2381161 1.1586745 1.1132061 2.4141569 2.0310377 1.7786835 1.8942965 2.1983953 2.0310377 2.4141569 1.8942965 1.5901977 2.1983953 2.1983953 
t1         1.8942965 0.0000000 1.5111773 9.0000000 1.3744361 2.0310377 2.0310377 1.8942965 1.4396946 2.1983953 1.0297869 9.0000000 1.8942965 1.8942965 9.0000000 2.7182557 1.8942965 1.8942965 1.2588231 1.2588231 
t15        1.2070784 1.5111773 0.0000000 1.3144041 2.0310377 2.0310377 9.0000000 1.6785349 1.3744361 3.2381161 2.1983953 2.7182557 1.8942965 2.4141569 9.0000000 9.0000000 2.4141569 2.4141569 1.8942965 1.8942965 
t6         1.6785349 9.0000000 1.3144041 0.0000000 1.5901977 1.8942965 3.2381161 2.1983953 2.1983953 2.1983953 2.0310377 9.0000000 3.2381161 9.0000000 9.0000000 9.0000000 3.2381161 2.7182557 2.4141569 2.4141569 
t4         1.3744361 1.3744361 2.0310377 1.5901977 0.0000000 1.5111773 9.0000000 9.0000000 1.5111773 2.7182557 1.6785349 2.7182557 9.0000000 2.1983953 1.8942965 2.4141569 9.0000000 9.0000000 2.0310377 2.0310377 
t14        1.1132061 2.0310377 2.0310377 1.8942965 1.5111773 0.0000000 9.0000000 1.8942965 2.7182557 0.8545757 9.0000000 9.0000000 9.0000000 9.0000000 3.2381161 2.7182557 0.6388142 0.6388142 9.0000000 9.0000000 
t2         3.2381161 2.0310377 9.0000000 3.2381161 9.0000000 9.0000000 0.0000000 2.7182557 3.2381161 2.4141569 9.0000000 2.0310377 2.1983953 3.2381161 2.0310377 2.0310377 1.6785349 1.8942965 9.0000000 9.0000000 
t9         1.1586745 1.8942965 1.6785349 2.1983953 9.0000000 1.8942965 2.7182557 0.0000000 0.9198342 9.0000000 3.2381161 2.4141569 3.2381161 9.0000000 9.0000000 3.2381161 1.6785349 1.7786835 2.0310377 2.0310377 
t19        1.1132061 1.4396946 1.3744361 2.1983953 1.5111773 2.7182557 3.2381161 0.9198342 0.0000000 2.1983953 1.5111773 9.0000000 9.0000000 9.0000000 3.2381161 9.0000000 2.0310377 2.0310377 1.2588231 1.2588231 
t10        2.4141569 2.1983953 3.2381161 2.1983953 2.7182557 0.8545757 2.4141569 9.0000000 2.1983953 0.0000000 9.0000000 2.0310377 1.7786835 1.6785349 1.7786835 1.5901977 0.4172160 0.3999739 9.0000000 9.0000000 
t7         2.0310377 1.0297869 2.1983953 2.0310377 1.6785349 9.0000000 9.0000000 3.2381161 1.5111773 9.0000000 0.0000000 2.1983953 1.8942965 1.8942965 2.0310377 2.4141569 9.0000000 9.0000000 0.1927838 0.1927838 
t11        1.7786835 9.0000000 2.7182557 9.0000000 2.7182557 9.0000000 2.0310377 2.4141569 9.0000000 2.0310377 2.1983953 0.0000000 0.5099265 0.5299277 0.1799630 0.1549607 2.0310377 2.1983953 2.1983953 2.1983953 
t13        1.8942965 1.8942965 1.8942965 3.2381161 9.0000000 9.0000000 2.1983953 3.2381161 9.0000000 1.7786835 1.8942965 0.5099265 0.0000000 0.2746833 0.5504769 0.5716050 1.8942965 2.1983953 1.8942965 1.8942965 
t8         2.1983953 1.8942965 2.4141569 9.0000000 2.1983953 9.0000000 3.2381161 9.0000000 9.0000000 1.6785349 1.8942965 0.5299277 0.2746833 0.0000000 0.5299277 0.5933457 2.0310377 2.1983953 2.1983953 2.1983953 
t3         2.0310377 9.0000000 9.0000000 9.0000000 1.8942965 3.2381161 2.0310377 9.0000000 3.2381161 1.7786835 2.0310377 0.1799630 0.5504769 0.5299277 0.0000000 0.0734853 2.1983953 2.7182557 2.1983953 2.1983953 
t5         2.4141569 2.7182557 9.0000000 9.0000000 2.4141569 2.7182557 2.0310377 3.2381161 9.0000000 1.5901977 2.4141569 0.1549607 0.5716050 0.5933457 0.0734853 0.0000000 1.7786835 2.0310377 2.7182557 2.7182557 
t20        1.8942965 1.8942965 2.4141569 3.2381161 9.0000000 0.6388142 1.6785349 1.6785349 2.0310377 0.4172160 9.0000000 2.0310377 1.8942965 2.0310377 2.1983953 1.7786835 0.0000000 0.0517447 9.0000000 9.0000000 
t12        1.5901977 1.8942965 2.4141569 2.7182557 9.0000000 0.6388142 1.8942965 1.7786835 2.0310377 0.3999739 9.0000000 2.1983953 2.1983953 2.1983953 2.7182557 2.0310377 0.0517447 0.0000000 9.0000000 9.0000000 
t18        2.1983953 1.2588231 1.8942965 2.4141569 2.0310377 9.0000000 9.0000000 2.0310377 1.2588231 9.0000000 0.1927838 2.1983953 1.8942965 2.1983953 2.1983953 2.7182557 9.0000000 9.0000000 0.0000000 0.0000010 
t16        2.1983953 1.2588231 1.8942965 2.4141569 2.0310377 9.0000000 9.0000000 2.0310377 1.2588231 9.0000000 0.1927838 2.1983953 1.8942965 2.1983953 2.1983953 2.7182557 9.0000000 9.0000000 0.0000010 0.0000000 
