20
t16        0.0000000 1.2070784 1.2070784 1.3144041 0.9913169 0.7945437 0.8864954 1.1132061 1.2070784 1.3744361 0.9198342 0.9547243 0.9547243 0.8239592 1.0703373 1.1132061 1.0703373 1.0297869 1.2070784 1.2588231 
t18        1.2070784 0.0000000 1.2588231 1.3144041 1.0297869 0.5716050 1.1132061 1.1132061 1.4396946 1.7786835 0.8545757 0.9547243 0.6872180 0.6872180 1.0297869 1.0297869 1.2588231 1.3144041 0.9913169 0.9198342 
t3         1.2070784 1.2588231 0.0000000 1.2070784 1.2588231 0.9547243 1.2588231 1.5111773 1.5111773 1.5901977 1.4396946 1.5111773 0.9913169 0.9547243 1.4396946 1.4396946 0.9198342 0.9547243 1.2588231 1.3144041 
t6         1.3144041 1.3144041 1.2070784 0.0000000 1.2588231 1.1132061 0.9913169 2.0310377 1.0703373 1.1586745 1.3744361 1.3744361 0.9198342 0.9547243 1.1132061 1.0703373 1.6785349 1.7786835 0.9547243 0.9547243 
t7         0.9913169 1.0297869 1.2588231 1.2588231 0.0000000 0.5504769 1.1586745 0.9913169 1.5901977 1.3744361 0.8239592 0.9198342 0.5504769 0.5299277 0.9198342 0.9547243 1.1586745 1.1586745 1.2588231 1.2588231 
t20        0.7945437 0.5716050 0.9547243 1.1132061 0.5504769 0.0000000 0.9198342 0.8545757 1.0703373 1.0297869 0.5099265 0.5299277 0.3831192 0.3505054 0.7389627 0.7389627 1.0703373 1.0297869 0.9547243 0.9547243 
t1         0.8864954 1.1132061 1.2588231 0.9913169 1.1586745 0.9198342 0.0000000 1.4396946 0.4529370 0.4529370 1.0297869 1.1132061 0.8239592 0.8239592 1.3744361 1.3144041 0.7945437 0.7945437 0.6157354 0.6157354 
t12        1.1132061 1.1132061 1.5111773 2.0310377 0.9913169 0.8545757 1.4396946 0.0000000 1.5111773 1.3144041 1.2070784 1.2070784 0.7662384 0.7126442 0.3347153 0.3347153 1.3144041 1.3744361 1.2588231 1.3144041 
t14        1.2070784 1.4396946 1.5111773 1.0703373 1.5901977 1.0703373 0.4529370 1.5111773 0.0000000 0.3999739 1.2588231 1.3744361 1.0703373 1.1586745 1.4396946 1.3744361 1.3144041 1.3144041 0.6626257 0.6872180 
t2         1.3744361 1.7786835 1.5901977 1.1586745 1.3744361 1.0297869 0.4529370 1.3144041 0.3999739 0.0000000 1.2070784 1.2070784 0.9198342 0.9913169 1.2588231 1.2070784 1.1132061 1.1132061 0.6388142 0.6388142 
t5         0.9198342 0.8545757 1.4396946 1.3744361 0.8239592 0.5099265 1.0297869 1.2070784 1.2588231 1.2070784 0.0000000 0.1799630 0.6157354 0.5716050 1.1132061 1.2070784 1.2588231 1.2070784 1.3144041 1.3144041 
t13        0.9547243 0.9547243 1.5111773 1.3744361 0.9198342 0.5299277 1.1132061 1.2070784 1.3744361 1.2070784 0.1799630 0.0000000 0.6388142 0.5933457 1.2070784 1.2588231 1.7786835 1.6785349 1.3144041 1.2588231 
t15        0.9547243 0.6872180 0.9913169 0.9198342 0.5504769 0.3831192 0.8239592 0.7662384 1.0703373 0.9198342 0.6157354 0.6388142 0.0000000 0.0411062 0.6872180 0.6388142 0.9913169 0.9547243 0.8239592 0.8239592 
t4         0.8239592 0.6872180 0.9547243 0.9547243 0.5299277 0.3505054 0.8239592 0.7126442 1.1586745 0.9913169 0.5716050 0.5933457 0.0411062 0.0000000 0.6626257 0.6626257 1.0297869 0.9913169 0.8864954 0.8864954 
t9         1.0703373 1.0297869 1.4396946 1.1132061 0.9198342 0.7389627 1.3744361 0.3347153 1.4396946 1.2588231 1.1132061 1.2070784 0.6872180 0.6626257 0.0000000 0.0202715 1.4396946 1.5111773 1.1586745 1.1586745 
t8         1.1132061 1.0297869 1.4396946 1.0703373 0.9547243 0.7389627 1.3144041 0.3347153 1.3744361 1.2070784 1.2070784 1.2588231 0.6388142 0.6626257 0.0202715 0.0000000 1.3744361 1.4396946 1.1586745 1.1586745 
t19        1.0703373 1.2588231 0.9198342 1.6785349 1.1586745 1.0703373 0.7945437 1.3144041 1.3144041 1.1132061 1.2588231 1.7786835 0.9913169 1.0297869 1.4396946 1.3744361 0.0000000 0.0100673 1.2588231 1.3744361 
t10        1.0297869 1.3144041 0.9547243 1.7786835 1.1586745 1.0297869 0.7945437 1.3744361 1.3144041 1.1132061 1.2070784 1.6785349 0.9547243 0.9913169 1.5111773 1.4396946 0.0100673 0.0000000 1.2588231 1.3744361 
t17        1.2070784 0.9913169 1.2588231 0.9547243 1.2588231 0.9547243 0.6157354 1.2588231 0.6626257 0.6388142 1.3144041 1.3144041 0.8239592 0.8864954 1.1586745 1.1586745 1.2588231 1.2588231 0.0000000 0.0202715 
t11        1.2588231 0.9198342 1.3144041 0.9547243 1.2588231 0.9547243 0.6157354 1.3144041 0.6872180 0.6388142 1.3144041 1.2588231 0.8239592 0.8864954 1.1586745 1.1586745 1.3744361 1.3744361 0.0202715 0.0000000 
