20
t1         0.0000000 0.6626257 0.8239592 0.9913169 1.2070784 1.2588231 0.7945437 0.6872180 0.5716050 0.7389627 0.7662384 0.7389627 0.7389627 1.3144041 1.2588231 1.2588231 1.1132061 1.1586745 0.5099265 0.5099265 
t11        0.6626257 0.0000000 0.7945437 1.0297869 1.6785349 0.9913169 0.6388142 0.5933457 0.4529370 0.7389627 0.7126442 0.5716050 0.5716050 1.2070784 1.3744361 1.2588231 0.7126442 0.7389627 0.4348639 0.4348639 
t5         0.8239592 0.7945437 0.0000000 1.3744361 1.5901977 1.5111773 0.9547243 0.8545757 0.7662384 0.5716050 0.5716050 0.8239592 0.8239592 1.8942965 1.5111773 1.4396946 1.3744361 1.4396946 0.6872180 0.6872180 
t12        0.9913169 1.0297869 1.3744361 0.0000000 1.2588231 2.0310377 1.4396946 1.2588231 0.9547243 1.4396946 1.3144041 1.0297869 1.1132061 1.0297869 1.0297869 1.0703373 0.4172160 0.4904449 0.8864954 0.8864954 
t9         1.2070784 1.6785349 1.5901977 1.2588231 0.0000000 1.5111773 0.9547243 1.0703373 1.4396946 1.1132061 1.7786835 1.7786835 1.7786835 2.1983953 2.4141569 2.1983953 2.0310377 2.0310377 1.3744361 1.3744361 
t6         1.2588231 0.9913169 1.5111773 2.0310377 1.5111773 0.0000000 0.8239592 0.7389627 1.0297869 1.5901977 1.7786835 1.4396946 1.3144041 1.8942965 1.8942965 1.8942965 1.5901977 1.5901977 1.2070784 1.2070784 
t4         0.7945437 0.6388142 0.9547243 1.4396946 0.9547243 0.8239592 0.0000000 0.1799630 0.5504769 1.0703373 1.0297869 1.0703373 1.0297869 1.5901977 1.4396946 1.3744361 1.1132061 1.1586745 0.5716050 0.5716050 
t19        0.6872180 0.5933457 0.8545757 1.2588231 1.0703373 0.7389627 0.1799630 0.0000000 0.4172160 0.8545757 0.9913169 0.9198342 0.8864954 1.3744361 1.3744361 1.3144041 1.0703373 1.1132061 0.4904449 0.4904449 
t14        0.5716050 0.4529370 0.7662384 0.9547243 1.4396946 1.0297869 0.5504769 0.4172160 0.0000000 0.8864954 0.8864954 0.5716050 0.5716050 1.1586745 1.2070784 1.1586745 0.6872180 0.7126442 0.1673577 0.1673577 
t2         0.7389627 0.7389627 0.5716050 1.4396946 1.1132061 1.5901977 1.0703373 0.8545757 0.8864954 0.0000000 0.2463781 1.2070784 1.1586745 1.1132061 1.1586745 1.1132061 1.1586745 1.1132061 0.8545757 0.8545757 
t7         0.7662384 0.7126442 0.5716050 1.3144041 1.7786835 1.7786835 1.0297869 0.9913169 0.8864954 0.2463781 0.0000000 1.2070784 1.1586745 1.3744361 1.2588231 1.2588231 1.2070784 1.1132061 0.8545757 0.8545757 
t20        0.7389627 0.5716050 0.8239592 1.0297869 1.7786835 1.4396946 1.0703373 0.9198342 0.5716050 1.2070784 1.2070784 0.0000000 0.0517447 1.5901977 1.5111773 1.3744361 0.9913169 0.9547243 0.6157354 0.6157354 
t18        0.7389627 0.5716050 0.8239592 1.1132061 1.7786835 1.3144041 1.0297869 0.8864954 0.5716050 1.1586745 1.1586745 0.0517447 0.0000000 1.7786835 1.7786835 1.5901977 1.0297869 0.9913169 0.5933457 0.5933457 
t17        1.3144041 1.2070784 1.8942965 1.0297869 2.1983953 1.8942965 1.5901977 1.3744361 1.1586745 1.1132061 1.3744361 1.5901977 1.7786835 0.0000000 0.0734853 0.0845966 0.7126442 0.8239592 1.0703373 1.0703373 
t15        1.2588231 1.3744361 1.5111773 1.0297869 2.4141569 1.8942965 1.4396946 1.3744361 1.2070784 1.1586745 1.2588231 1.5111773 1.7786835 0.0734853 0.0000000 0.0202715 0.6872180 0.7945437 1.1132061 1.1132061 
t3         1.2588231 1.2588231 1.4396946 1.0703373 2.1983953 1.8942965 1.3744361 1.3144041 1.1586745 1.1132061 1.2588231 1.3744361 1.5901977 0.0845966 0.0202715 0.0000000 0.6626257 0.7662384 1.0703373 1.0703373 
t8         1.1132061 0.7126442 1.3744361 0.4172160 2.0310377 1.5901977 1.1132061 1.0703373 0.6872180 1.1586745 1.2070784 0.9913169 1.0297869 0.7126442 0.6872180 0.6626257 0.0000000 0.0517447 0.7662384 0.7662384 
t10        1.1586745 0.7389627 1.4396946 0.4904449 2.0310377 1.5901977 1.1586745 1.1132061 0.7126442 1.1132061 1.1132061 0.9547243 0.9913169 0.8239592 0.7945437 0.7662384 0.0517447 0.0000000 0.8864954 0.8864954 
t16        0.5099265 0.4348639 0.6872180 0.8864954 1.3744361 1.2070784 0.5716050 0.4904449 0.1673577 0.8545757 0.8545757 0.6157354 0.5933457 1.0703373 1.1132061 1.0703373 0.7662384 0.8864954 0.0000000 0.0000010 
t13        0.5099265 0.4348639 0.6872180 0.8864954 1.3744361 1.2070784 0.5716050 0.4904449 0.1673577 0.8545757 0.8545757 0.6157354 0.5933457 1.0703373 1.1132061 1.0703373 0.7662384 0.8864954 0.0000010 0.0000000 
