20
t2         0.0000000 0.6388142 0.9547243 0.8545757 1.3744361 1.3144041 1.3144041 0.9547243 1.4396946 0.8864954 1.3744361 1.2588231 1.1132061 1.2070784 0.9198342 0.8864954 1.0297869 0.8864954 0.8239592 0.8239592 
t13        0.6388142 0.0000000 0.9198342 0.9198342 0.8545757 1.0703373 1.0297869 0.7126442 1.0297869 0.6872180 1.1586745 1.0703373 0.8864954 0.9547243 0.8545757 0.8239592 0.8864954 0.8239592 0.9198342 0.8864954 
t7         0.9547243 0.9198342 0.0000000 0.9913169 0.9913169 1.1586745 0.9547243 0.7945437 0.8545757 0.7662384 1.0703373 0.9547243 0.7662384 0.9198342 0.7662384 0.8239592 0.9913169 0.9198342 0.6872180 0.6626257 
t17        0.8545757 0.9198342 0.9913169 0.0000000 0.7945437 0.8864954 0.9913169 0.8864954 1.0297869 0.8545757 1.3744361 1.4396946 0.7126442 0.7662384 0.8239592 0.6626257 0.9198342 0.7945437 0.4529370 0.4348639 
t11        1.3744361 0.8545757 0.9913169 0.7945437 0.0000000 0.7662384 1.0703373 0.9913169 1.0703373 1.1586745 0.9547243 0.9198342 1.0297869 1.0297869 1.1132061 1.2070784 0.9913169 0.8545757 0.7126442 0.6388142 
t18        1.3144041 1.0703373 1.1586745 0.8864954 0.7662384 0.0000000 0.7126442 1.0703373 1.2070784 0.9913169 1.3144041 1.2588231 0.9547243 1.0703373 0.9198342 0.9913169 0.7126442 0.6157354 0.7389627 0.7126442 
t10        1.3144041 1.0297869 0.9547243 0.9913169 1.0703373 0.7126442 0.0000000 1.1132061 1.2070784 1.1132061 1.2070784 1.0703373 1.0703373 1.3744361 1.1586745 1.0703373 0.4904449 0.4529370 0.9198342 0.8545757 
t16        0.9547243 0.7126442 0.7945437 0.8864954 0.9913169 1.0703373 1.1132061 0.0000000 0.4172160 0.2746833 1.5111773 1.0703373 0.5299277 0.5504769 0.2603971 0.2892469 0.9198342 0.7662384 0.7126442 0.7662384 
t8         1.4396946 1.0297869 0.8545757 1.0297869 1.0703373 1.2070784 1.2070784 0.4172160 0.0000000 0.3505054 1.7786835 1.3144041 0.9547243 0.9547243 0.3505054 0.4348639 1.1586745 0.9913169 0.7126442 0.7945437 
t20        0.8864954 0.6872180 0.7662384 0.8545757 1.1586745 0.9913169 1.1132061 0.2746833 0.3505054 0.0000000 1.3144041 1.2070784 0.7389627 0.7389627 0.2326162 0.3040988 0.8864954 0.7662384 0.7126442 0.7389627 
t14        1.3744361 1.1586745 1.0703373 1.3744361 0.9547243 1.3144041 1.2070784 1.5111773 1.7786835 1.3144041 0.0000000 0.2463781 1.6785349 1.5901977 1.7786835 1.6785349 1.0297869 0.8239592 1.1586745 1.2588231 
t6         1.2588231 1.0703373 0.9547243 1.4396946 0.9198342 1.2588231 1.0703373 1.0703373 1.3144041 1.2070784 0.2463781 0.0000000 1.3144041 1.2588231 1.0703373 1.1132061 0.9547243 0.8545757 1.0703373 1.0297869 
t9         1.1132061 0.8864954 0.7662384 0.7126442 1.0297869 0.9547243 1.0703373 0.5299277 0.9547243 0.7389627 1.6785349 1.3144041 0.0000000 0.1927838 0.6388142 0.6157354 0.8239592 0.7945437 0.6388142 0.6872180 
t15        1.2070784 0.9547243 0.9198342 0.7662384 1.0297869 1.0703373 1.3744361 0.5504769 0.9547243 0.7389627 1.5901977 1.2588231 0.1927838 0.0000000 0.7389627 0.7126442 1.0703373 0.9913169 0.7945437 0.8545757 
t19        0.9198342 0.8545757 0.7662384 0.8239592 1.1132061 0.9198342 1.1586745 0.2603971 0.3505054 0.2326162 1.7786835 1.0703373 0.6388142 0.7389627 0.0000000 0.1427653 0.9547243 0.8239592 0.6388142 0.6626257 
t3         0.8864954 0.8239592 0.8239592 0.6626257 1.2070784 0.9913169 1.0703373 0.2892469 0.4348639 0.3040988 1.6785349 1.1132061 0.6157354 0.7126442 0.1427653 0.0000000 0.8239592 0.7126442 0.6157354 0.6388142 
t1         1.0297869 0.8864954 0.9913169 0.9198342 0.9913169 0.7126442 0.4904449 0.9198342 1.1586745 0.8864954 1.0297869 0.9547243 0.8239592 1.0703373 0.9547243 0.8239592 0.0000000 0.1189538 0.6872180 0.7389627 
t5         0.8864954 0.8239592 0.9198342 0.7945437 0.8545757 0.6157354 0.4529370 0.7662384 0.9913169 0.7662384 0.8239592 0.8545757 0.7945437 0.9913169 0.8239592 0.7126442 0.1189538 0.0000000 0.6157354 0.6388142 
t4         0.8239592 0.9198342 0.6872180 0.4529370 0.7126442 0.7389627 0.9198342 0.7126442 0.7126442 0.7126442 1.1586745 1.0703373 0.6388142 0.7945437 0.6388142 0.6157354 0.6872180 0.6157354 0.0000000 0.0734853 
t12        0.8239592 0.8864954 0.6626257 0.4348639 0.6388142 0.7126442 0.8545757 0.7662384 0.7945437 0.7389627 1.2588231 1.0297869 0.6872180 0.8545757 0.6626257 0.6388142 0.7389627 0.6388142 0.0734853 0.0000000 
