20
t2         0.0000000 0.8239592 0.5933457 0.5099265 0.5933457 0.6388142 0.4904449 0.4904449 0.6157354 0.7662384 0.6388142 0.6388142 0.5099265 0.6157354 1.3744361 1.3144041 0.9913169 0.9913169 0.6626257 0.6626257 
t10        0.8239592 0.0000000 0.5099265 0.9198342 0.8864954 0.5299277 0.3999739 0.7126442 0.7945437 1.3744361 0.8239592 0.7945437 0.7126442 0.7662384 1.5111773 1.4396946 1.7786835 1.7786835 0.8864954 0.8864954 
t7         0.5933457 0.5099265 0.0000000 0.6626257 0.5716050 0.2463781 0.1549607 0.4904449 0.5504769 0.8545757 0.6388142 0.5933457 0.4172160 0.4529370 0.9547243 0.9198342 1.0703373 1.0703373 0.5504769 0.5504769 
t1         0.5099265 0.9198342 0.6626257 0.0000000 0.7389627 0.7389627 0.5933457 0.6872180 0.8239592 0.7662384 0.9547243 0.8239592 0.7126442 0.7389627 1.5901977 1.5111773 0.8864954 0.8864954 0.8864954 0.8864954 
t14        0.5933457 0.8864954 0.5716050 0.7389627 0.0000000 0.7662384 0.4904449 0.1799630 0.2746833 0.8864954 0.2603971 0.2463781 0.5504769 0.6872180 1.3144041 1.2588231 1.0703373 1.0703373 0.2191023 0.2191023 
t13        0.6388142 0.5299277 0.2463781 0.7389627 0.7662384 0.0000000 0.1927838 0.6626257 0.7389627 0.9198342 0.8864954 0.8239592 0.5099265 0.5504769 1.0703373 1.0297869 1.1132061 1.1132061 0.7662384 0.7662384 
t9         0.4904449 0.3999739 0.1549607 0.5933457 0.4904449 0.1927838 0.0000000 0.3999739 0.4904449 0.7662384 0.5504769 0.5099265 0.3040988 0.3999739 0.9913169 0.9547243 0.9547243 0.9547243 0.4904449 0.4904449 
t18        0.4904449 0.7126442 0.4904449 0.6872180 0.1799630 0.6626257 0.3999739 0.0000000 0.1189538 0.8545757 0.1799630 0.1427653 0.5299277 0.6872180 1.5111773 1.4396946 1.0703373 1.0703373 0.2058276 0.2058276 
t17        0.6157354 0.7945437 0.5504769 0.8239592 0.2746833 0.7389627 0.4904449 0.1189538 0.0000000 0.8545757 0.2603971 0.2191023 0.6388142 0.8239592 1.5111773 1.4396946 1.0703373 1.0703373 0.2463781 0.2463781 
t3         0.7662384 1.3744361 0.8545757 0.7662384 0.8864954 0.9198342 0.7662384 0.8545757 0.8545757 0.0000000 1.0297869 0.9913169 0.9198342 1.0297869 2.0310377 1.8942965 0.1073256 0.1073256 0.8864954 0.8864954 
t20        0.6388142 0.8239592 0.6388142 0.9547243 0.2603971 0.8864954 0.5504769 0.1799630 0.2603971 1.0297869 0.0000000 0.0411062 0.5504769 0.7662384 1.7786835 1.6785349 1.2070784 1.2070784 0.2191023 0.2191023 
t12        0.6388142 0.7945437 0.5933457 0.8239592 0.2463781 0.8239592 0.5099265 0.1427653 0.2191023 0.9913169 0.0411062 0.0000000 0.5299277 0.7389627 1.8942965 1.7786835 1.2588231 1.2588231 0.1927838 0.1927838 
t19        0.5099265 0.7126442 0.4172160 0.7126442 0.5504769 0.5099265 0.3040988 0.5299277 0.6388142 0.9198342 0.5504769 0.5299277 0.0000000 0.1549607 1.0703373 1.0297869 1.0297869 1.0297869 0.5716050 0.5716050 
t11        0.6157354 0.7662384 0.4529370 0.7389627 0.6872180 0.5504769 0.3999739 0.6872180 0.8239592 1.0297869 0.7662384 0.7389627 0.1549607 0.0000000 1.1586745 1.2070784 1.2070784 1.2070784 0.7389627 0.7389627 
t4         1.3744361 1.5111773 0.9547243 1.5901977 1.3144041 1.0703373 0.9913169 1.5111773 1.5111773 2.0310377 1.7786835 1.8942965 1.0703373 1.1586745 0.0000000 0.0100673 1.8942965 1.8942965 1.4396946 1.4396946 
t6         1.3144041 1.4396946 0.9198342 1.5111773 1.2588231 1.0297869 0.9547243 1.4396946 1.4396946 1.8942965 1.6785349 1.7786835 1.0297869 1.2070784 0.0100673 0.0000000 1.7786835 1.7786835 1.3744361 1.3744361 
t8         0.9913169 1.7786835 1.0703373 0.8864954 1.0703373 1.1132061 0.9547243 1.0703373 1.0703373 0.1073256 1.2070784 1.2588231 1.0297869 1.2070784 1.8942965 1.7786835 0.0000000 0.0000010 1.0297869 1.0297869 
t5         0.9913169 1.7786835 1.0703373 0.8864954 1.0703373 1.1132061 0.9547243 1.0703373 1.0703373 0.1073256 1.2070784 1.2588231 1.0297869 1.2070784 1.8942965 1.7786835 0.0000010 0.0000000 1.0297869 1.0297869 
t16        0.6626257 0.8864954 0.5504769 0.8864954 0.2191023 0.7662384 0.4904449 0.2058276 0.2463781 0.8864954 0.2191023 0.1927838 0.5716050 0.7389627 1.4396946 1.3744361 1.0297869 1.0297869 0.0000000 0.0000010 
t15        0.6626257 0.8864954 0.5504769 0.8864954 0.2191023 0.7662384 0.4904449 0.2058276 0.2463781 0.8864954 0.2191023 0.1927838 0.5716050 0.7389627 1.4396946 1.3744361 1.0297869 1.0297869 0.0000010 0.0000000 
