20
t10        0.0000000 0.8239592 0.9547243 0.7945437 0.8239592 0.6626257 0.6388142 1.0297869 0.8545757 0.9547243 0.9198342 1.2588231 0.9913169 0.7126442 0.7389627 0.6872180 1.3744361 1.2070784 0.7389627 0.7126442 
t14        0.8239592 0.0000000 0.9547243 0.6388142 0.7126442 0.5716050 0.5299277 0.9198342 0.6872180 0.9198342 0.7945437 0.8864954 0.7389627 0.5299277 0.4529370 0.4529370 0.7389627 0.6626257 0.7389627 0.6626257 
t12        0.9547243 0.9547243 0.0000000 0.4714565 0.7126442 0.7389627 0.7126442 1.0297869 0.8545757 0.9198342 0.8239592 1.0297869 0.7662384 0.7126442 0.5933457 0.7389627 1.3744361 1.1586745 0.8239592 0.7126442 
t9         0.7945437 0.6388142 0.4714565 0.0000000 0.7126442 0.5933457 0.5933457 0.9547243 0.7389627 0.9198342 0.7389627 1.0703373 0.7662384 0.5716050 0.5099265 0.4904449 0.9198342 0.7945437 0.6872180 0.7126442 
t1         0.8239592 0.7126442 0.7126442 0.7126442 0.0000000 0.5504769 0.7389627 1.0297869 0.7126442 0.8239592 0.6872180 0.9547243 0.6626257 0.5099265 0.5299277 0.4348639 0.8545757 0.8545757 0.7662384 0.6626257 
t4         0.6626257 0.5716050 0.7389627 0.5933457 0.5504769 0.0000000 0.4529370 1.0703373 0.5504769 0.7945437 0.6157354 0.9198342 0.5716050 0.3999739 0.3192509 0.2746833 0.8239592 0.7126442 0.5504769 0.4529370 
t16        0.6388142 0.5299277 0.7126442 0.5933457 0.7389627 0.4529370 0.0000000 0.8239592 0.7662384 1.0703373 0.6626257 0.7945437 0.8864954 0.5933457 0.4348639 0.4529370 0.9198342 0.7945437 0.7126442 0.6388142 
t18        1.0297869 0.9198342 1.0297869 0.9547243 1.0297869 1.0703373 0.8239592 0.0000000 1.5901977 1.6785349 1.4396946 1.8942965 1.5111773 1.0703373 1.1132061 0.9913169 1.3744361 1.5901977 1.6785349 1.3744361 
t8         0.8545757 0.6872180 0.8545757 0.7389627 0.7126442 0.5504769 0.7662384 1.5901977 0.0000000 0.8864954 0.3999739 0.5933457 0.9198342 0.6872180 0.5933457 0.6388142 0.9198342 0.7945437 0.9913169 0.7945437 
t7         0.9547243 0.9198342 0.9198342 0.9198342 0.8239592 0.7945437 1.0703373 1.6785349 0.8864954 0.0000000 0.7662384 1.0703373 0.5933457 0.3831192 0.6388142 0.7389627 1.0297869 0.8864954 0.4348639 0.4172160 
t11        0.9198342 0.7945437 0.8239592 0.7389627 0.6872180 0.6157354 0.6626257 1.4396946 0.3999739 0.7662384 0.0000000 0.5299277 1.0703373 0.6388142 0.5933457 0.6388142 0.9198342 0.8864954 0.8545757 0.7662384 
t5         1.2588231 0.8864954 1.0297869 1.0703373 0.9547243 0.9198342 0.7945437 1.8942965 0.5933457 1.0703373 0.5299277 0.0000000 1.1132061 0.8864954 0.8545757 0.9547243 1.2070784 0.9547243 0.9913169 0.8864954 
t13        0.9913169 0.7389627 0.7662384 0.7662384 0.6626257 0.5716050 0.8864954 1.5111773 0.9198342 0.5933457 1.0703373 1.1132061 0.0000000 0.2326162 0.5504769 0.5504769 0.9547243 0.7662384 0.3505054 0.3040988 
t15        0.7126442 0.5299277 0.7126442 0.5716050 0.5099265 0.3999739 0.5933457 1.0703373 0.6872180 0.3831192 0.6388142 0.8864954 0.2326162 0.0000000 0.3999739 0.4172160 0.8239592 0.6626257 0.2326162 0.1799630 
t17        0.7389627 0.4529370 0.5933457 0.5099265 0.5299277 0.3192509 0.4348639 1.1132061 0.5933457 0.6388142 0.5933457 0.8545757 0.5504769 0.3999739 0.0000000 0.1673577 0.6626257 0.5933457 0.5933457 0.4904449 
t19        0.6872180 0.4529370 0.7389627 0.4904449 0.4348639 0.2746833 0.4529370 0.9913169 0.6388142 0.7389627 0.6388142 0.9547243 0.5504769 0.4172160 0.1673577 0.0000000 0.7662384 0.7126442 0.5933457 0.4904449 
t20        1.3744361 0.7389627 1.3744361 0.9198342 0.8545757 0.8239592 0.9198342 1.3744361 0.9198342 1.0297869 0.9198342 1.2070784 0.9547243 0.8239592 0.6626257 0.7662384 0.0000000 0.1799630 1.0297869 0.9547243 
t2         1.2070784 0.6626257 1.1586745 0.7945437 0.8545757 0.7126442 0.7945437 1.5901977 0.7945437 0.8864954 0.8864954 0.9547243 0.7662384 0.6626257 0.5933457 0.7126442 0.1799630 0.0000000 0.8864954 0.7662384 
t6         0.7389627 0.7389627 0.8239592 0.6872180 0.7662384 0.5504769 0.7126442 1.6785349 0.9913169 0.4348639 0.8545757 0.9913169 0.3505054 0.2326162 0.5933457 0.5933457 1.0297869 0.8864954 0.0000000 0.0845966 
t3         0.7126442 0.6626257 0.7126442 0.7126442 0.6626257 0.4529370 0.6388142 1.3744361 0.7945437 0.4172160 0.7662384 0.8864954 0.3040988 0.1799630 0.4904449 0.4904449 0.9547243 0.7662384 0.0845966 0.0000000 
