20
t1         0.0000000 1.8942965 0.8545757 1.1132061 1.3744361 1.0297869 1.7786835 1.8942965 1.5111773 2.0310377 1.5901977 1.3144041 1.3144041 1.4396946 1.0703373 1.3744361 1.3144041 1.1132061 1.1586745 1.1132061 
t19        1.8942965 0.0000000 0.9547243 1.1132061 2.0310377 1.4396946 9.0000000 1.3744361 9.0000000 2.0310377 1.2070784 1.6785349 2.7182557 1.3744361 1.4396946 2.7182557 1.8942965 1.1132061 1.2070784 1.1586745 
t10        0.8545757 0.9547243 0.0000000 0.3831192 0.9198342 0.8864954 1.5111773 1.4396946 1.5901977 1.3144041 1.3144041 1.0703373 0.9547243 0.9198342 0.5933457 1.1132061 1.1586745 0.5933457 0.6626257 0.6157354 
t13        1.1132061 1.1132061 0.3831192 0.0000000 1.0297869 1.3144041 1.6785349 1.5901977 1.7786835 1.5901977 1.2070784 1.4396946 1.3744361 1.2588231 0.7662384 1.3144041 1.0703373 0.6872180 0.7662384 0.7126442 
t7         1.3744361 2.0310377 0.9198342 1.0297869 0.0000000 1.1132061 1.8942965 1.5111773 3.2381161 2.0310377 1.8942965 2.1983953 1.5901977 0.9547243 0.5716050 1.2070784 1.4396946 1.1132061 1.1586745 1.1586745 
t2         1.0297869 1.4396946 0.8864954 1.3144041 1.1132061 0.0000000 9.0000000 1.7786835 0.7389627 0.5716050 1.3744361 0.8545757 1.1132061 1.0703373 1.1132061 0.9547243 1.3144041 1.3144041 1.2588231 1.2588231 
t11        1.7786835 9.0000000 1.5111773 1.6785349 1.8942965 9.0000000 0.0000000 1.8942965 2.1983953 2.1983953 3.2381161 9.0000000 2.0310377 1.5901977 2.4141569 1.8942965 1.7786835 1.4396946 1.3744361 1.5111773 
t3         1.8942965 1.3744361 1.4396946 1.5901977 1.5111773 1.7786835 1.8942965 0.0000000 1.5901977 2.0310377 2.4141569 1.5901977 1.6785349 2.1983953 1.5901977 1.2588231 1.7786835 1.5111773 1.6785349 1.6785349 
t14        1.5111773 9.0000000 1.5901977 1.7786835 3.2381161 0.7389627 2.1983953 1.5901977 0.0000000 0.6388142 1.7786835 0.9547243 1.3144041 1.8942965 2.4141569 1.2588231 1.6785349 1.3144041 1.2588231 1.3144041 
t20        2.0310377 2.0310377 1.3144041 1.5901977 2.0310377 0.5716050 2.1983953 2.0310377 0.6388142 0.0000000 1.5111773 0.9913169 1.2588231 1.3744361 1.6785349 1.1132061 1.6785349 2.4141569 1.8942965 2.1983953 
t6         1.5901977 1.2070784 1.3144041 1.2070784 1.8942965 1.3744361 3.2381161 2.4141569 1.7786835 1.5111773 0.0000000 0.7126442 1.2588231 1.8942965 1.5901977 1.6785349 1.3144041 1.5901977 1.5111773 1.4396946 
t9         1.3144041 1.6785349 1.0703373 1.4396946 2.1983953 0.8545757 9.0000000 1.5901977 0.9547243 0.9913169 0.7126442 0.0000000 1.1132061 1.1586745 1.2070784 1.0297869 1.2070784 1.8942965 1.7786835 1.8942965 
t16        1.3144041 2.7182557 0.9547243 1.3744361 1.5901977 1.1132061 2.0310377 1.6785349 1.3144041 1.2588231 1.2588231 1.1132061 0.0000000 1.1586745 1.3144041 0.3831192 0.4348639 1.5901977 1.5901977 1.5901977 
t17        1.4396946 1.3744361 0.9198342 1.2588231 0.9547243 1.0703373 1.5901977 2.1983953 1.8942965 1.3744361 1.8942965 1.1586745 1.1586745 0.0000000 0.7945437 1.2070784 1.3144041 1.3144041 1.2588231 1.3744361 
t15        1.0703373 1.4396946 0.5933457 0.7662384 0.5716050 1.1132061 2.4141569 1.5901977 2.4141569 1.6785349 1.5901977 1.2070784 1.3144041 0.7945437 0.0000000 1.5111773 1.3144041 1.2070784 1.1586745 1.2070784 
t4         1.3744361 2.7182557 1.1132061 1.3144041 1.2070784 0.9547243 1.8942965 1.2588231 1.2588231 1.1132061 1.6785349 1.0297869 0.3831192 1.2070784 1.5111773 0.0000000 0.3505054 1.4396946 1.5111773 1.5901977 
t18        1.3144041 1.8942965 1.1586745 1.0703373 1.4396946 1.3144041 1.7786835 1.7786835 1.6785349 1.6785349 1.3144041 1.2070784 0.4348639 1.3144041 1.3144041 0.3505054 0.0000000 1.5111773 1.4396946 1.3744361 
t12        1.1132061 1.1132061 0.5933457 0.6872180 1.1132061 1.3144041 1.4396946 1.5111773 1.3144041 2.4141569 1.5901977 1.8942965 1.5901977 1.3144041 1.2070784 1.4396946 1.5111773 0.0000000 0.0845966 0.0306165 
t8         1.1586745 1.2070784 0.6626257 0.7662384 1.1586745 1.2588231 1.3744361 1.6785349 1.2588231 1.8942965 1.5111773 1.7786835 1.5901977 1.2588231 1.1586745 1.5111773 1.4396946 0.0845966 0.0000000 0.0517447 
t5         1.1132061 1.1586745 0.6157354 0.7126442 1.1586745 1.2588231 1.5111773 1.6785349 1.3144041 2.1983953 1.4396946 1.8942965 1.5901977 1.3744361 1.2070784 1.5901977 1.3744361 0.0306165 0.0517447 0.0000000 
