20
t5         0.0000000 1.2070784 1.3144041 1.5901977 2.4141569 2.1983953 1.4396946 1.8942965 1.6785349 1.5901977 1.2070784 1.3744361 1.5901977 1.7786835 1.2070784 1.3144041 9.0000000 9.0000000 2.0310377 2.0310377 
t7         1.2070784 0.0000000 0.3505054 0.9198342 9.0000000 1.2588231 0.7662384 0.7662384 0.7662384 0.7945437 0.5716050 0.6872180 1.7786835 1.0297869 0.8864954 0.8545757 2.1983953 2.0310377 0.8864954 0.9198342 
t15        1.3144041 0.3505054 0.0000000 0.9547243 9.0000000 1.6785349 0.6626257 0.8864954 0.7126442 0.8864954 0.8239592 0.7126442 2.7182557 0.9198342 0.8545757 0.9547243 1.6785349 2.0310377 1.1132061 1.2588231 
t19        1.5901977 0.9198342 0.9547243 0.0000000 3.2381161 1.7786835 0.9547243 0.9913169 0.7945437 1.3144041 1.2588231 1.0297869 1.4396946 1.0703373 0.9547243 1.2588231 1.8942965 2.4141569 1.3144041 1.3744361 
t12        2.4141569 9.0000000 9.0000000 3.2381161 0.0000000 2.1983953 2.0310377 1.7786835 1.7786835 9.0000000 9.0000000 9.0000000 1.8942965 9.0000000 9.0000000 2.7182557 9.0000000 9.0000000 9.0000000 9.0000000 
t11        2.1983953 1.2588231 1.6785349 1.7786835 2.1983953 0.0000000 1.5111773 1.0297869 1.1132061 1.7786835 1.4396946 3.2381161 2.1983953 1.4396946 1.3144041 1.4396946 2.1983953 2.1983953 1.0297869 1.1586745 
t3         1.4396946 0.7662384 0.6626257 0.9547243 2.0310377 1.5111773 0.0000000 0.9913169 0.7126442 1.1586745 1.2070784 1.0297869 2.1983953 1.1132061 1.0703373 1.2070784 9.0000000 9.0000000 1.1132061 0.9913169 
t13        1.8942965 0.7662384 0.8864954 0.9913169 1.7786835 1.0297869 0.9913169 0.0000000 0.6157354 1.1132061 1.0297869 1.6785349 1.5111773 1.0703373 0.9913169 0.9913169 1.8942965 2.7182557 1.1586745 1.2070784 
t4         1.6785349 0.7662384 0.7126442 0.7945437 1.7786835 1.1132061 0.7126442 0.6157354 0.0000000 1.4396946 1.2070784 1.1586745 2.0310377 1.1132061 0.9547243 0.8545757 1.3144041 1.5111773 1.0703373 1.1586745 
t20        1.5901977 0.7945437 0.8864954 1.3144041 9.0000000 1.7786835 1.1586745 1.1132061 1.4396946 0.0000000 0.4172160 1.1586745 1.8942965 1.5901977 1.4396946 1.3144041 9.0000000 9.0000000 1.3144041 1.3744361 
t9         1.2070784 0.5716050 0.8239592 1.2588231 9.0000000 1.4396946 1.2070784 1.0297869 1.2070784 0.4172160 0.0000000 1.3744361 2.1983953 1.3744361 1.1132061 1.1132061 1.8942965 2.1983953 1.1586745 1.1586745 
t2         1.3744361 0.6872180 0.7126442 1.0297869 9.0000000 3.2381161 1.0297869 1.6785349 1.1586745 1.1586745 1.3744361 0.0000000 1.7786835 1.1132061 1.1586745 0.9547243 2.0310377 2.1983953 1.0703373 1.2588231 
t18        1.5901977 1.7786835 2.7182557 1.4396946 1.8942965 2.1983953 2.1983953 1.5111773 2.0310377 1.8942965 2.1983953 1.7786835 0.0000000 2.1983953 2.7182557 2.0310377 2.4141569 3.2381161 1.8942965 2.4141569 
t17        1.7786835 1.0297869 0.9198342 1.0703373 9.0000000 1.4396946 1.1132061 1.0703373 1.1132061 1.5901977 1.3744361 1.1132061 2.1983953 0.0000000 0.2603971 0.8864954 9.0000000 9.0000000 0.9547243 1.0703373 
t6         1.2070784 0.8864954 0.8545757 0.9547243 9.0000000 1.3144041 1.0703373 0.9913169 0.9547243 1.4396946 1.1132061 1.1586745 2.7182557 0.2603971 0.0000000 0.8864954 9.0000000 9.0000000 0.9547243 0.9913169 
t14        1.3144041 0.8545757 0.9547243 1.2588231 2.7182557 1.4396946 1.2070784 0.9913169 0.8545757 1.3144041 1.1132061 0.9547243 2.0310377 0.8864954 0.8864954 0.0000000 9.0000000 3.2381161 0.4172160 0.4529370 
t10        9.0000000 2.1983953 1.6785349 1.8942965 9.0000000 2.1983953 9.0000000 1.8942965 1.3144041 9.0000000 1.8942965 2.0310377 2.4141569 9.0000000 9.0000000 9.0000000 0.0000000 0.1427653 9.0000000 9.0000000 
t1         9.0000000 2.0310377 2.0310377 2.4141569 9.0000000 2.1983953 9.0000000 2.7182557 1.5111773 9.0000000 2.1983953 2.1983953 3.2381161 9.0000000 9.0000000 3.2381161 0.1427653 0.0000000 2.0310377 2.4141569 
t16        2.0310377 0.8864954 1.1132061 1.3144041 9.0000000 1.0297869 1.1132061 1.1586745 1.0703373 1.3144041 1.1586745 1.0703373 1.8942965 0.9547243 0.9547243 0.4172160 9.0000000 2.0310377 0.0000000 0.1073256 
t8         2.0310377 0.9198342 1.2588231 1.3744361 9.0000000 1.1586745 0.9913169 1.2070784 1.1586745 1.3744361 1.1586745 1.2588231 2.4141569 1.0703373 0.9913169 0.4529370 9.0000000 2.4141569 0.1073256 0.0000000 
