20
t8         0.0000000 0.9547243 0.7945437 1.1132061 2.7182557 2.0310377 1.2588231 2.4141569 1.3744361 1.7786835 1.5901977 9.0000000 0.8239592 0.8864954 1.4396946 1.3144041 1.8942965 1.8942965 9.0000000 9.0000000 
t14        0.9547243 0.0000000 0.7662384 1.0703373 2.4141569 1.2070784 0.8545757 1.3144041 1.2070784 0.9913169 2.7182557 3.2381161 0.4529370 0.5504769 1.1586745 0.9547243 1.8942965 2.0310377 1.6785349 1.6785349 
t7         0.7945437 0.7662384 0.0000000 0.6388142 1.7786835 1.2588231 0.9913169 1.3744361 1.0297869 1.2070784 2.1983953 2.4141569 0.7945437 0.8545757 1.2588231 1.1132061 3.2381161 2.0310377 2.1983953 2.0310377 
t13        1.1132061 1.0703373 0.6388142 0.0000000 9.0000000 1.3144041 1.2588231 1.5111773 0.9913169 1.2588231 1.3144041 1.5901977 1.1586745 1.0703373 1.1586745 1.0297869 9.0000000 3.2381161 1.2588231 1.2070784 
t5         2.7182557 2.4141569 1.7786835 9.0000000 0.0000000 1.3744361 9.0000000 1.8942965 1.7786835 9.0000000 9.0000000 2.1983953 9.0000000 9.0000000 2.4141569 1.7786835 9.0000000 9.0000000 9.0000000 9.0000000 
t6         2.0310377 1.2070784 1.2588231 1.3144041 1.3744361 0.0000000 1.4396946 1.5901977 0.5933457 0.7945437 2.0310377 1.1586745 1.6785349 2.1983953 0.7945437 0.7389627 1.3144041 1.2588231 1.0703373 1.0297869 
t4         1.2588231 0.8545757 0.9913169 1.2588231 9.0000000 1.4396946 0.0000000 1.1586745 0.8864954 1.0703373 2.7182557 1.7786835 0.8545757 0.9198342 1.0703373 0.9198342 1.8942965 1.8942965 1.5901977 1.5901977 
t20        2.4141569 1.3144041 1.3744361 1.5111773 1.8942965 1.5901977 1.1586745 0.0000000 1.3144041 1.7786835 2.7182557 1.5901977 1.2588231 1.4396946 1.6785349 1.3744361 1.5111773 1.4396946 1.6785349 1.7786835 
t1         1.3744361 1.2070784 1.0297869 0.9913169 1.7786835 0.5933457 0.8864954 1.3144041 0.0000000 0.4172160 1.0297869 0.5504769 1.0703373 1.1132061 0.4529370 0.3999739 1.2070784 1.2070784 0.7389627 0.7126442 
t10        1.7786835 0.9913169 1.2070784 1.2588231 9.0000000 0.7945437 1.0703373 1.7786835 0.4172160 0.0000000 1.6785349 0.9198342 1.1132061 1.3744361 0.3347153 0.2746833 1.2588231 1.2070784 0.6626257 0.6388142 
t2         1.5901977 2.7182557 2.1983953 1.3144041 9.0000000 2.0310377 2.7182557 2.7182557 1.0297869 1.6785349 0.0000000 1.3744361 2.1983953 1.8942965 1.5111773 1.4396946 9.0000000 9.0000000 1.7786835 1.7786835 
t9         9.0000000 3.2381161 2.4141569 1.5901977 2.1983953 1.1586745 1.7786835 1.5901977 0.5504769 0.9198342 1.3744361 0.0000000 2.0310377 2.1983953 1.4396946 1.1586745 2.1983953 2.4141569 1.5111773 1.4396946 
t18        0.8239592 0.4529370 0.7945437 1.1586745 9.0000000 1.6785349 0.8545757 1.2588231 1.0703373 1.1132061 2.1983953 2.0310377 0.0000000 0.3040988 1.0703373 0.9913169 1.6785349 1.7786835 1.5111773 1.4396946 
t11        0.8864954 0.5504769 0.8545757 1.0703373 9.0000000 2.1983953 0.9198342 1.4396946 1.1132061 1.3744361 1.8942965 2.1983953 0.3040988 0.0000000 1.3144041 1.1132061 3.2381161 9.0000000 2.4141569 2.4141569 
t15        1.4396946 1.1586745 1.2588231 1.1586745 2.4141569 0.7945437 1.0703373 1.6785349 0.4529370 0.3347153 1.5111773 1.4396946 1.0703373 1.3144041 0.0000000 0.1307650 1.4396946 1.3744361 0.5504769 0.5299277 
t17        1.3144041 0.9547243 1.1132061 1.0297869 1.7786835 0.7389627 0.9198342 1.3744361 0.3999739 0.2746833 1.4396946 1.1586745 0.9913169 1.1132061 0.1307650 0.0000000 1.3144041 1.2588231 0.4529370 0.4348639 
t3         1.8942965 1.8942965 3.2381161 9.0000000 9.0000000 1.3144041 1.8942965 1.5111773 1.2070784 1.2588231 9.0000000 2.1983953 1.6785349 3.2381161 1.4396946 1.3144041 0.0000000 0.0411062 1.8942965 2.0310377 
t12        1.8942965 2.0310377 2.0310377 3.2381161 9.0000000 1.2588231 1.8942965 1.4396946 1.2070784 1.2070784 9.0000000 2.4141569 1.7786835 9.0000000 1.3744361 1.2588231 0.0411062 0.0000000 1.7786835 1.8942965 
t19        9.0000000 1.6785349 2.1983953 1.2588231 9.0000000 1.0703373 1.5901977 1.6785349 0.7389627 0.6626257 1.7786835 1.5111773 1.5111773 2.4141569 0.5504769 0.4529370 1.8942965 1.7786835 0.0000000 0.0100673 
t16        9.0000000 1.6785349 2.0310377 1.2070784 9.0000000 1.0297869 1.5901977 1.7786835 0.7126442 0.6388142 1.7786835 1.4396946 1.4396946 2.4141569 0.5299277 0.4348639 2.0310377 1.8942965 0.0100673 0.0000000 
