20
t6         0.0000000 0.0000010 0.0000010 0.0100673 0.0100673 0.0100673 0.0000010 0.0100673 0.0100673 0.0100673 0.0202715 0.0202715 0.0100673 0.0100673 0.0100673 0.0100673 0.0100673 0.0100673 0.0202715 0.0202715 
t15        0.0000010 0.0000000 0.0000010 0.0100673 0.0100673 0.0100673 0.0000010 0.0100673 0.0100673 0.0100673 0.0202715 0.0202715 0.0100673 0.0100673 0.0100673 0.0100673 0.0100673 0.0100673 0.0202715 0.0202715 
t8         0.0000010 0.0000010 0.0000000 0.0100673 0.0100673 0.0100673 0.0000010 0.0100673 0.0100673 0.0100673 0.0202715 0.0202715 0.0100673 0.0100673 0.0100673 0.0100673 0.0100673 0.0100673 0.0202715 0.0202715 
t19        0.0100673 0.0100673 0.0100673 0.0000000 0.0202715 0.0202715 0.0100673 0.0202715 0.0202715 0.0202715 0.0306165 0.0306165 0.0202715 0.0202715 0.0202715 0.0202715 0.0202715 0.0202715 0.0306165 0.0306165 
t7         0.0100673 0.0100673 0.0100673 0.0202715 0.0000000 0.0202715 0.0100673 0.0202715 0.0202715 0.0202715 0.0306165 0.0306165 0.0202715 0.0202715 0.0202715 0.0202715 0.0202715 0.0202715 0.0306165 0.0306165 
t1         0.0100673 0.0100673 0.0100673 0.0202715 0.0202715 0.0000000 0.0100673 0.0202715 0.0202715 0.0202715 0.0306165 0.0306165 0.0202715 0.0202715 0.0202715 0.0202715 0.0202715 0.0202715 0.0306165 0.0306165 
t4         0.0000010 0.0000010 0.0000010 0.0100673 0.0100673 0.0100673 0.0000000 0.0100673 0.0100673 0.0100673 0.0202715 0.0202715 0.0100673 0.0100673 0.0100673 0.0100673 0.0100673 0.0100673 0.0202715 0.0202715 
t9         0.0100673 0.0100673 0.0100673 0.0202715 0.0202715 0.0202715 0.0100673 0.0000000 0.0000010 0.0000010 0.0306165 0.0306165 0.0202715 0.0202715 0.0202715 0.0202715 0.0202715 0.0202715 0.0306165 0.0306165 
t10        0.0100673 0.0100673 0.0100673 0.0202715 0.0202715 0.0202715 0.0100673 0.0000010 0.0000000 0.0000010 0.0306165 0.0306165 0.0202715 0.0202715 0.0202715 0.0202715 0.0202715 0.0202715 0.0306165 0.0306165 
t18        0.0100673 0.0100673 0.0100673 0.0202715 0.0202715 0.0202715 0.0100673 0.0000010 0.0000010 0.0000000 0.0306165 0.0306165 0.0202715 0.0202715 0.0202715 0.0202715 0.0202715 0.0202715 0.0306165 0.0306165 
t5         0.0202715 0.0202715 0.0202715 0.0306165 0.0306165 0.0306165 0.0202715 0.0306165 0.0306165 0.0306165 0.0000000 0.0000010 0.0306165 0.0306165 0.0306165 0.0306165 0.0306165 0.0306165 0.0000010 0.0000010 
t14        0.0202715 0.0202715 0.0202715 0.0306165 0.0306165 0.0306165 0.0202715 0.0306165 0.0306165 0.0306165 0.0000010 0.0000000 0.0306165 0.0306165 0.0306165 0.0306165 0.0306165 0.0306165 0.0000010 0.0000010 
t16        0.0100673 0.0100673 0.0100673 0.0202715 0.0202715 0.0202715 0.0100673 0.0202715 0.0202715 0.0202715 0.0306165 0.0306165 0.0000000 0.0000010 0.0202715 0.0202715 0.0202715 0.0202715 0.0306165 0.0306165 
t17        0.0100673 0.0100673 0.0100673 0.0202715 0.0202715 0.0202715 0.0100673 0.0202715 0.0202715 0.0202715 0.0306165 0.0306165 0.0000010 0.0000000 0.0202715 0.0202715 0.0202715 0.0202715 0.0306165 0.0306165 
t3         0.0100673 0.0100673 0.0100673 0.0202715 0.0202715 0.0202715 0.0100673 0.0202715 0.0202715 0.0202715 0.0306165 0.0306165 0.0202715 0.0202715 0.0000000 0.0000010 0.0202715 0.0202715 0.0306165 0.0306165 
t2         0.0100673 0.0100673 0.0100673 0.0202715 0.0202715 0.0202715 0.0100673 0.0202715 0.0202715 0.0202715 0.0306165 0.0306165 0.0202715 0.0202715 0.0000010 0.0000000 0.0202715 0.0202715 0.0306165 0.0306165 
t20        0.0100673 0.0100673 0.0100673 0.0202715 0.0202715 0.0202715 0.0100673 0.0202715 0.0202715 0.0202715 0.0306165 0.0306165 0.0202715 0.0202715 0.0202715 0.0202715 0.0000000 0.0000010 0.0306165 0.0306165 
t13        0.0100673 0.0100673 0.0100673 0.0202715 0.0202715 0.0202715 0.0100673 0.0202715 0.0202715 0.0202715 0.0306165 0.0306165 0.0202715 0.0202715 0.0202715 0.0202715 0.0000010 0.0000000 0.0306165 0.0306165 
t11        0.0202715 0.0202715 0.0202715 0.0306165 0.0306165 0.0306165 0.0202715 0.0306165 0.0306165 0.0306165 0.0000010 0.0000010 0.0306165 0.0306165 0.0306165 0.0306165 0.0306165 0.0306165 0.0000000 0.0000010 
t12        0.0202715 0.0202715 0.0202715 0.0306165 0.0306165 0.0306165 0.0202715 0.0306165 0.0306165 0.0306165 0.0000010 0.0000010 0.0306165 0.0306165 0.0306165 0.0306165 0.0306165 0.0306165 0.0000010 0.0000000 
