20
t20        0.0000000 1.1132061 0.7126442 1.6785349 2.1983953 3.2381161 3.2381161 0.7945437 0.6157354 0.5299277 1.6785349 9.0000000 3.2381161 1.3144041 0.9913169 0.9913169 1.1132061 0.9547243 1.8942965 2.1983953 
t18        1.1132061 0.0000000 0.6872180 1.5111773 1.2588231 1.8942965 2.4141569 1.0297869 0.8864954 0.9198342 9.0000000 2.4141569 1.5901977 1.4396946 0.9198342 0.8864954 0.8239592 0.9547243 1.3744361 1.4396946 
t2         0.7126442 0.6872180 0.0000000 1.6785349 1.2070784 2.7182557 2.1983953 0.8239592 0.5716050 0.6388142 1.8942965 1.6785349 2.0310377 1.6785349 0.3505054 0.3040988 0.9913169 0.8239592 2.0310377 2.1983953 
t5         1.6785349 1.5111773 1.6785349 0.0000000 0.6626257 1.4396946 0.8239592 1.3744361 1.5111773 1.4396946 1.4396946 1.0703373 0.7389627 0.7389627 2.1983953 1.8942965 2.1983953 2.1983953 0.6388142 0.6626257 
t10        2.1983953 1.2588231 1.2070784 0.6626257 0.0000000 2.0310377 0.9547243 1.3744361 1.8942965 1.8942965 1.8942965 1.2070784 0.8864954 0.7945437 1.7786835 1.5111773 1.3744361 1.2588231 0.8864954 0.9198342 
t11        3.2381161 1.8942965 2.7182557 1.4396946 2.0310377 0.0000000 1.3144041 9.0000000 2.1983953 2.4141569 9.0000000 3.2381161 2.7182557 2.4141569 2.7182557 2.7182557 2.0310377 9.0000000 2.1983953 2.0310377 
t14        3.2381161 2.4141569 2.1983953 0.8239592 0.9547243 1.3144041 0.0000000 1.7786835 2.1983953 3.2381161 9.0000000 3.2381161 0.8864954 0.8864954 1.5111773 1.4396946 2.4141569 2.4141569 0.9198342 0.9547243 
t8         0.7945437 1.0297869 0.8239592 1.3744361 1.3744361 9.0000000 1.7786835 0.0000000 0.6388142 0.6626257 3.2381161 1.5111773 1.6785349 1.1586745 0.8545757 0.7389627 0.6872180 0.4904449 1.2588231 1.3144041 
t3         0.6157354 0.8864954 0.5716050 1.5111773 1.8942965 2.1983953 2.1983953 0.6388142 0.0000000 0.1799630 2.1983953 2.0310377 2.7182557 1.5111773 0.8864954 0.7945437 0.9198342 0.7662384 1.7786835 2.1983953 
t16        0.5299277 0.9198342 0.6388142 1.4396946 1.8942965 2.4141569 3.2381161 0.6626257 0.1799630 0.0000000 2.0310377 1.8942965 1.8942965 1.2588231 0.9198342 0.8239592 1.0703373 0.7662384 1.7786835 2.0310377 
t9         1.6785349 9.0000000 1.8942965 1.4396946 1.8942965 9.0000000 9.0000000 3.2381161 2.1983953 2.0310377 0.0000000 0.6157354 9.0000000 2.0310377 2.7182557 2.4141569 9.0000000 9.0000000 2.1983953 1.8942965 
t15        9.0000000 2.4141569 1.6785349 1.0703373 1.2070784 3.2381161 3.2381161 1.5111773 2.0310377 1.8942965 0.6157354 0.0000000 1.5901977 1.8942965 2.1983953 1.7786835 1.6785349 1.8942965 1.7786835 1.6785349 
t1         3.2381161 1.5901977 2.0310377 0.7389627 0.8864954 2.7182557 0.8864954 1.6785349 2.7182557 1.8942965 9.0000000 1.5901977 0.0000000 0.4172160 1.8942965 2.1983953 9.0000000 3.2381161 0.9547243 0.9547243 
t19        1.3144041 1.4396946 1.6785349 0.7389627 0.7945437 2.4141569 0.8864954 1.1586745 1.5111773 1.2588231 2.0310377 1.8942965 0.4172160 0.0000000 1.3744361 1.5111773 1.5111773 1.3144041 0.9547243 1.0297869 
t6         0.9913169 0.9198342 0.3505054 2.1983953 1.7786835 2.7182557 1.5111773 0.8545757 0.8864954 0.9198342 2.7182557 2.1983953 1.8942965 1.3744361 0.0000000 0.1073256 1.2070784 1.0297869 1.5901977 1.6785349 
t4         0.9913169 0.8864954 0.3040988 1.8942965 1.5111773 2.7182557 1.4396946 0.7389627 0.7945437 0.8239592 2.4141569 1.7786835 2.1983953 1.5111773 0.1073256 0.0000000 1.1586745 0.9547243 1.5111773 1.5901977 
t17        1.1132061 0.8239592 0.9913169 2.1983953 1.3744361 2.0310377 2.4141569 0.6872180 0.9198342 1.0703373 9.0000000 1.6785349 9.0000000 1.5111773 1.2070784 1.1586745 0.0000000 0.1549607 2.1983953 2.1983953 
t7         0.9547243 0.9547243 0.8239592 2.1983953 1.2588231 9.0000000 2.4141569 0.4904449 0.7662384 0.7662384 9.0000000 1.8942965 3.2381161 1.3144041 1.0297869 0.9547243 0.1549607 0.0000000 1.8942965 1.8942965 
t12        1.8942965 1.3744361 2.0310377 0.6388142 0.8864954 2.1983953 0.9198342 1.2588231 1.7786835 1.7786835 2.1983953 1.7786835 0.9547243 0.9547243 1.5901977 1.5111773 2.1983953 1.8942965 0.0000000 0.0306165 
t13        2.1983953 1.4396946 2.1983953 0.6626257 0.9198342 2.0310377 0.9547243 1.3144041 2.1983953 2.0310377 1.8942965 1.6785349 0.9547243 1.0297869 1.6785349 1.5901977 2.1983953 1.8942965 0.0306165 0.0000000 
