20
t6         0.0000000 2.0310377 1.2588231 1.3744361 1.0297869 1.5901977 1.5111773 1.4396946 1.4396946 1.1586745 1.6785349 1.5901977 1.2070784 1.4396946 1.5901977 1.5901977 1.2588231 1.2588231 1.4396946 1.4396946 
t4         2.0310377 0.0000000 0.5716050 1.1586745 0.7389627 0.7389627 1.5111773 1.3744361 0.9913169 0.7945437 0.9913169 1.0297869 0.6872180 0.7126442 1.2588231 1.2588231 0.7389627 0.7662384 0.9547243 0.9547243 
t16        1.2588231 0.5716050 0.0000000 0.6388142 0.2746833 0.3666350 0.6626257 0.6872180 0.6388142 0.5099265 0.6626257 0.6872180 0.2892469 0.3347153 0.7389627 0.7389627 0.3831192 0.3831192 0.6388142 0.6388142 
t19        1.3744361 1.1586745 0.6388142 0.0000000 0.8239592 0.9913169 1.2588231 1.5111773 1.2588231 1.0703373 0.9547243 1.0703373 0.9198342 0.9547243 1.2588231 1.3144041 0.7662384 0.7662384 1.1132061 1.1132061 
t5         1.0297869 0.7389627 0.2746833 0.8239592 0.0000000 0.3192509 0.8545757 0.8239592 0.7662384 0.5933457 0.8864954 0.7945437 0.2463781 0.2746833 0.7662384 0.7389627 0.5504769 0.5504769 0.5933457 0.5933457 
t12        1.5901977 0.7389627 0.3666350 0.9913169 0.3192509 0.0000000 0.9547243 0.7945437 0.6872180 0.7126442 0.7945437 0.8864954 0.2191023 0.2603971 0.7126442 0.7389627 0.6157354 0.6388142 0.7945437 0.7945437 
t18        1.5111773 1.5111773 0.6626257 1.2588231 0.8545757 0.9547243 0.0000000 0.7945437 1.1586745 0.9913169 1.2070784 1.2070784 0.7662384 0.8864954 0.4714565 0.4348639 0.9913169 0.9913169 0.5933457 0.5933457 
t1         1.4396946 1.3744361 0.6872180 1.5111773 0.8239592 0.7945437 0.7945437 0.0000000 0.6157354 1.0297869 1.2070784 1.5111773 0.6388142 0.7126442 0.8239592 0.8545757 0.9913169 1.0297869 0.8545757 0.8545757 
t3         1.4396946 0.9913169 0.6388142 1.2588231 0.7662384 0.6872180 1.1586745 0.6157354 0.0000000 0.8864954 1.1586745 1.1586745 0.5933457 0.7389627 0.9913169 1.0297869 0.9198342 0.9547243 0.9547243 0.9547243 
t8         1.1586745 0.7945437 0.5099265 1.0703373 0.5933457 0.7126442 0.9913169 1.0297869 0.8864954 0.0000000 0.4714565 0.3999739 0.6388142 0.7662384 0.7662384 0.7945437 0.6388142 0.6626257 1.0703373 1.0703373 
t7         1.6785349 0.9913169 0.6626257 0.9547243 0.8864954 0.7945437 1.2070784 1.2070784 1.1586745 0.4714565 0.0000000 0.5299277 0.8864954 0.8545757 1.3144041 1.3744361 0.7945437 0.8239592 1.2070784 1.2070784 
t13        1.5901977 1.0297869 0.6872180 1.0703373 0.7945437 0.8864954 1.2070784 1.5111773 1.1586745 0.3999739 0.5299277 0.0000000 0.8545757 0.8864954 1.2588231 1.2588231 0.8864954 0.8545757 1.5111773 1.5111773 
t11        1.2070784 0.6872180 0.2892469 0.9198342 0.2463781 0.2191023 0.7662384 0.6388142 0.5933457 0.6388142 0.8864954 0.8545757 0.0000000 0.0958750 0.7662384 0.7389627 0.6157354 0.6157354 0.5933457 0.5933457 
t9         1.4396946 0.7126442 0.3347153 0.9547243 0.2746833 0.2603971 0.8864954 0.7126442 0.7389627 0.7662384 0.8545757 0.8864954 0.0958750 0.0000000 0.8864954 0.8545757 0.5099265 0.5099265 0.6626257 0.6626257 
t15        1.5901977 1.2588231 0.7389627 1.2588231 0.7662384 0.7126442 0.4714565 0.8239592 0.9913169 0.7662384 1.3144041 1.2588231 0.7662384 0.8864954 0.0000000 0.0734853 0.9913169 0.9913169 0.5504769 0.5504769 
t17        1.5901977 1.2588231 0.7389627 1.3144041 0.7389627 0.7389627 0.4348639 0.8545757 1.0297869 0.7945437 1.3744361 1.2588231 0.7389627 0.8545757 0.0734853 0.0000000 0.9547243 0.9547243 0.5504769 0.5504769 
t2         1.2588231 0.7389627 0.3831192 0.7662384 0.5504769 0.6157354 0.9913169 0.9913169 0.9198342 0.6388142 0.7945437 0.8864954 0.6157354 0.5099265 0.9913169 0.9547243 0.0000000 0.0100673 0.8545757 0.8545757 
t14        1.2588231 0.7662384 0.3831192 0.7662384 0.5504769 0.6388142 0.9913169 1.0297869 0.9547243 0.6626257 0.8239592 0.8545757 0.6157354 0.5099265 0.9913169 0.9547243 0.0100673 0.0000000 0.8545757 0.8545757 
t10        1.4396946 0.9547243 0.6388142 1.1132061 0.5933457 0.7945437 0.5933457 0.8545757 0.9547243 1.0703373 1.2070784 1.5111773 0.5933457 0.6626257 0.5504769 0.5504769 0.8545757 0.8545757 0.0000000 0.0000010 
t20        1.4396946 0.9547243 0.6388142 1.1132061 0.5933457 0.7945437 0.5933457 0.8545757 0.9547243 1.0703373 1.2070784 1.5111773 0.5933457 0.6626257 0.5504769 0.5504769 0.8545757 0.8545757 0.0000010 0.0000000 
