20
t17        0.0000000 2.1983953 0.9198342 2.1983953 2.4141569 1.2588231 2.7182557 9.0000000 1.3144041 1.3144041 1.2588231 1.6785349 1.3144041 0.9547243 1.2070784 1.1132061 9.0000000 9.0000000 9.0000000 9.0000000 
t7         2.1983953 0.0000000 1.2588231 3.2381161 3.2381161 2.1983953 2.0310377 9.0000000 1.4396946 1.5111773 2.1983953 1.8942965 9.0000000 9.0000000 1.6785349 1.6785349 9.0000000 2.1983953 2.1983953 2.0310377 
t18        0.9198342 1.2588231 0.0000000 1.2070784 1.4396946 0.9547243 2.0310377 1.1586745 0.6626257 0.6626257 1.2070784 1.0297869 1.5111773 2.0310377 0.5716050 0.5716050 1.8942965 2.1983953 9.0000000 9.0000000 
t20        2.1983953 3.2381161 1.2070784 0.0000000 1.6785349 2.1983953 1.8942965 1.8942965 1.2070784 1.5111773 1.8942965 1.7786835 2.7182557 9.0000000 1.3144041 1.2588231 2.4141569 9.0000000 9.0000000 9.0000000 
t13        2.4141569 3.2381161 1.4396946 1.6785349 0.0000000 2.4141569 9.0000000 9.0000000 1.8942965 1.5901977 1.3744361 1.4396946 3.2381161 2.7182557 3.2381161 2.4141569 9.0000000 9.0000000 9.0000000 9.0000000 
t16        1.2588231 2.1983953 0.9547243 2.1983953 2.4141569 0.0000000 2.0310377 1.5111773 1.1586745 1.1132061 1.8942965 1.7786835 1.6785349 1.6785349 1.0297869 0.9198342 9.0000000 9.0000000 9.0000000 9.0000000 
t8         2.7182557 2.0310377 2.0310377 1.8942965 9.0000000 2.0310377 0.0000000 3.2381161 1.6785349 2.1983953 9.0000000 2.7182557 9.0000000 9.0000000 2.4141569 3.2381161 2.7182557 3.2381161 2.7182557 2.7182557 
t19        9.0000000 9.0000000 1.1586745 1.8942965 9.0000000 1.5111773 3.2381161 0.0000000 2.1983953 2.0310377 9.0000000 9.0000000 9.0000000 3.2381161 2.0310377 2.1983953 9.0000000 9.0000000 3.2381161 3.2381161 
t11        1.3144041 1.4396946 0.6626257 1.2070784 1.8942965 1.1586745 1.6785349 2.1983953 0.0000000 0.4714565 1.4396946 1.3744361 2.1983953 1.8942965 0.5933457 0.5933457 9.0000000 2.7182557 9.0000000 9.0000000 
t15        1.3144041 1.5111773 0.6626257 1.5111773 1.5901977 1.1132061 2.1983953 2.0310377 0.4714565 0.0000000 1.6785349 1.7786835 3.2381161 2.4141569 0.5099265 0.5933457 9.0000000 2.7182557 3.2381161 9.0000000 
t4         1.2588231 2.1983953 1.2070784 1.8942965 1.3744361 1.8942965 9.0000000 9.0000000 1.4396946 1.6785349 0.0000000 0.1549607 2.0310377 1.5901977 1.2588231 1.1132061 3.2381161 3.2381161 9.0000000 9.0000000 
t3         1.6785349 1.8942965 1.0297869 1.7786835 1.4396946 1.7786835 2.7182557 9.0000000 1.3744361 1.7786835 0.1549607 0.0000000 2.0310377 2.7182557 1.3144041 1.2070784 2.4141569 2.7182557 9.0000000 2.7182557 
t6         1.3144041 9.0000000 1.5111773 2.7182557 3.2381161 1.6785349 9.0000000 9.0000000 2.1983953 3.2381161 2.0310377 2.0310377 0.0000000 0.8545757 1.7786835 1.6785349 9.0000000 9.0000000 9.0000000 9.0000000 
t1         0.9547243 9.0000000 2.0310377 9.0000000 2.7182557 1.6785349 9.0000000 3.2381161 1.8942965 2.4141569 1.5901977 2.7182557 0.8545757 0.0000000 2.1983953 1.8942965 9.0000000 9.0000000 9.0000000 9.0000000 
t12        1.2070784 1.6785349 0.5716050 1.3144041 3.2381161 1.0297869 2.4141569 2.0310377 0.5933457 0.5099265 1.2588231 1.3144041 1.7786835 2.1983953 0.0000000 0.0517447 9.0000000 2.7182557 9.0000000 9.0000000 
t2         1.1132061 1.6785349 0.5716050 1.2588231 2.4141569 0.9198342 3.2381161 2.1983953 0.5933457 0.5933457 1.1132061 1.2070784 1.6785349 1.8942965 0.0517447 0.0000000 9.0000000 2.7182557 9.0000000 9.0000000 
t14        9.0000000 9.0000000 1.8942965 2.4141569 9.0000000 9.0000000 2.7182557 9.0000000 9.0000000 9.0000000 3.2381161 2.4141569 9.0000000 9.0000000 9.0000000 9.0000000 0.0000000 0.1799630 9.0000000 9.0000000 
t5         9.0000000 2.1983953 2.1983953 9.0000000 9.0000000 9.0000000 3.2381161 9.0000000 2.7182557 2.7182557 3.2381161 2.7182557 9.0000000 9.0000000 2.7182557 2.7182557 0.1799630 0.0000000 3.2381161 2.7182557 
t9         9.0000000 2.1983953 9.0000000 9.0000000 9.0000000 9.0000000 2.7182557 3.2381161 9.0000000 3.2381161 9.0000000 9.0000000 9.0000000 9.0000000 9.0000000 9.0000000 9.0000000 3.2381161 0.0000000 0.0625362 
t10        9.0000000 2.0310377 9.0000000 9.0000000 9.0000000 9.0000000 2.7182557 3.2381161 9.0000000 9.0000000 9.0000000 2.7182557 9.0000000 9.0000000 9.0000000 9.0000000 9.0000000 2.7182557 0.0625362 0.0000000 
