20
t17        0.0000000 1.6785349 1.5111773 1.2070784 1.7786835 0.9547243 1.2070784 0.9198342 2.0310377 2.1983953 0.9913169 1.0297869 0.9198342 0.7662384 2.0310377 1.7786835 0.7945437 0.7945437 0.9913169 0.9198342 
t8         1.6785349 0.0000000 1.5901977 1.3744361 9.0000000 1.0297869 2.1983953 1.3744361 9.0000000 9.0000000 1.2070784 1.2070784 1.1586745 1.1586745 9.0000000 9.0000000 0.9547243 0.9547243 1.3744361 1.3144041 
t1         1.5111773 1.5901977 0.0000000 1.1586745 9.0000000 0.9547243 1.4396946 1.3144041 9.0000000 9.0000000 0.8239592 0.9198342 1.3744361 1.2070784 2.0310377 1.5901977 1.1586745 1.0297869 0.9198342 0.8545757 
t14        1.2070784 1.3744361 1.1586745 0.0000000 2.7182557 1.1132061 0.9913169 0.9913169 2.1983953 2.7182557 0.3347153 0.3666350 0.7126442 0.7389627 1.3144041 1.3744361 0.9547243 0.8545757 0.3666350 0.3505054 
t5         1.7786835 9.0000000 9.0000000 2.7182557 0.0000000 9.0000000 9.0000000 9.0000000 0.1549607 0.1673577 2.0310377 2.0310377 9.0000000 9.0000000 2.0310377 2.7182557 3.2381161 9.0000000 2.0310377 1.8942965 
t16        0.9547243 1.0297869 0.9547243 1.1132061 9.0000000 0.0000000 0.8545757 0.6872180 9.0000000 9.0000000 0.5716050 0.6157354 0.5716050 0.4904449 1.7786835 1.3144041 0.2746833 0.2603971 0.5716050 0.5933457 
t18        1.2070784 2.1983953 1.4396946 0.9913169 9.0000000 0.8545757 0.0000000 0.2326162 9.0000000 9.0000000 0.7126442 0.7389627 1.0297869 0.8545757 9.0000000 3.2381161 0.7662384 0.6872180 0.6388142 0.7126442 
t19        0.9198342 1.3744361 1.3144041 0.9913169 9.0000000 0.6872180 0.2326162 0.0000000 9.0000000 9.0000000 0.7389627 0.7389627 0.7945437 0.6626257 9.0000000 2.7182557 0.5299277 0.4904449 0.6626257 0.6872180 
t3         2.0310377 9.0000000 9.0000000 2.1983953 0.1549607 9.0000000 9.0000000 9.0000000 0.0000000 0.0306165 2.0310377 2.0310377 9.0000000 9.0000000 1.8942965 2.4141569 9.0000000 9.0000000 2.4141569 2.1983953 
t13        2.1983953 9.0000000 9.0000000 2.7182557 0.1673577 9.0000000 9.0000000 9.0000000 0.0306165 0.0000000 2.7182557 2.7182557 9.0000000 9.0000000 2.4141569 9.0000000 9.0000000 9.0000000 9.0000000 3.2381161 
t2         0.9913169 1.2070784 0.8239592 0.3347153 2.0310377 0.5716050 0.7126442 0.7389627 2.0310377 2.7182557 0.0000000 0.0625362 0.7126442 0.5716050 1.5111773 1.3744361 0.5299277 0.4904449 0.0625362 0.0517447 
t12        1.0297869 1.2070784 0.9198342 0.3666350 2.0310377 0.6157354 0.7389627 0.7389627 2.0310377 2.7182557 0.0625362 0.0000000 0.7389627 0.5933457 1.5901977 1.4396946 0.5716050 0.5299277 0.0734853 0.0517447 
t20        0.9198342 1.1586745 1.3744361 0.7126442 9.0000000 0.5716050 1.0297869 0.7945437 9.0000000 9.0000000 0.7126442 0.7389627 0.0000000 0.1673577 2.4141569 2.1983953 0.5099265 0.4529370 0.6872180 0.6626257 
t6         0.7662384 1.1586745 1.2070784 0.7389627 9.0000000 0.4904449 0.8545757 0.6626257 9.0000000 9.0000000 0.5716050 0.5933457 0.1673577 0.0000000 3.2381161 2.1983953 0.3999739 0.3347153 0.5933457 0.5716050 
t15        2.0310377 9.0000000 2.0310377 1.3144041 2.0310377 1.7786835 9.0000000 9.0000000 1.8942965 2.4141569 1.5111773 1.5901977 2.4141569 3.2381161 0.0000000 0.1189538 2.7182557 2.7182557 1.3744361 1.5111773 
t7         1.7786835 9.0000000 1.5901977 1.3744361 2.7182557 1.3144041 3.2381161 2.7182557 2.4141569 9.0000000 1.3744361 1.4396946 2.1983953 2.1983953 0.1189538 0.0000000 1.8942965 1.8942965 1.2588231 1.3744361 
t9         0.7945437 0.9547243 1.1586745 0.9547243 3.2381161 0.2746833 0.7662384 0.5299277 9.0000000 9.0000000 0.5299277 0.5716050 0.5099265 0.3999739 2.7182557 1.8942965 0.0000000 0.0734853 0.5716050 0.5504769 
t4         0.7945437 0.9547243 1.0297869 0.8545757 9.0000000 0.2603971 0.6872180 0.4904449 9.0000000 9.0000000 0.4904449 0.5299277 0.4529370 0.3347153 2.7182557 1.8942965 0.0734853 0.0000000 0.5299277 0.5099265 
t11        0.9913169 1.3744361 0.9198342 0.3666350 2.0310377 0.5716050 0.6388142 0.6626257 2.4141569 9.0000000 0.0625362 0.0734853 0.6872180 0.5933457 1.3744361 1.2588231 0.5716050 0.5299277 0.0000000 0.0411062 
t10        0.9198342 1.3144041 0.8545757 0.3505054 1.8942965 0.5933457 0.7126442 0.6872180 2.1983953 3.2381161 0.0517447 0.0517447 0.6626257 0.5716050 1.5111773 1.3744361 0.5504769 0.5099265 0.0411062 0.0000000 
