20
t7         0.0000000 9.0000000 9.0000000 9.0000000 1.7786835 2.0310377 2.1983953 3.2381161 2.4141569 1.5111773 2.4141569 2.1983953 9.0000000 2.0310377 3.2381161 2.1983953 1.8942965 2.0310377 2.4141569 2.4141569 
t12        9.0000000 0.0000000 9.0000000 1.8942965 9.0000000 2.1983953 1.5901977 1.4396946 1.6785349 9.0000000 1.4396946 2.4141569 1.5901977 9.0000000 1.7786835 1.4396946 1.7786835 1.6785349 9.0000000 9.0000000 
t14        9.0000000 9.0000000 0.0000000 1.3744361 2.7182557 2.0310377 1.8942965 1.3744361 1.5111773 2.7182557 1.5111773 2.4141569 9.0000000 1.0703373 1.8942965 1.3744361 1.7786835 2.0310377 0.9913169 0.9913169 
t20        9.0000000 1.8942965 1.3744361 0.0000000 1.7786835 9.0000000 1.3144041 0.8864954 0.7389627 0.9913169 0.9547243 1.2070784 1.3144041 1.1586745 1.0297869 0.8239592 1.0703373 1.0297869 1.3144041 1.3144041 
t18        1.7786835 9.0000000 2.7182557 1.7786835 0.0000000 1.6785349 9.0000000 3.2381161 9.0000000 9.0000000 1.7786835 9.0000000 3.2381161 1.8942965 2.1983953 2.4141569 2.0310377 2.0310377 1.7786835 1.6785349 
t16        2.0310377 2.1983953 2.0310377 9.0000000 1.6785349 0.0000000 9.0000000 2.0310377 1.5901977 9.0000000 9.0000000 2.4141569 9.0000000 2.4141569 2.0310377 1.8942965 9.0000000 9.0000000 1.6785349 1.5901977 
t19        2.1983953 1.5901977 1.8942965 1.3144041 9.0000000 9.0000000 0.0000000 1.4396946 1.2588231 1.3144041 9.0000000 1.2070784 1.1132061 2.0310377 1.5901977 1.4396946 0.9198342 0.9547243 2.1983953 2.1983953 
t9         3.2381161 1.4396946 1.3744361 0.8864954 3.2381161 2.0310377 1.4396946 0.0000000 0.5716050 0.9547243 0.7126442 1.0703373 1.4396946 1.3144041 0.6388142 0.7126442 0.6626257 0.6157354 1.5901977 1.5111773 
t15        2.4141569 1.6785349 1.5111773 0.7389627 9.0000000 1.5901977 1.2588231 0.5716050 0.0000000 0.8864954 0.8864954 0.9913169 1.5901977 1.2070784 0.5504769 0.6157354 0.8864954 0.8864954 1.3144041 1.3744361 
t2         1.5111773 9.0000000 2.7182557 0.9913169 9.0000000 9.0000000 1.3144041 0.9547243 0.8864954 0.0000000 0.9913169 0.6626257 1.0297869 1.5111773 0.9547243 0.8864954 0.7945437 0.7945437 1.6785349 1.6785349 
t5         2.4141569 1.4396946 1.5111773 0.9547243 1.7786835 9.0000000 9.0000000 0.7126442 0.8864954 0.9913169 0.0000000 1.3144041 1.7786835 0.8864954 0.7389627 0.6872180 0.8239592 0.8545757 1.1132061 1.1132061 
t17        2.1983953 2.4141569 2.4141569 1.2070784 9.0000000 2.4141569 1.2070784 1.0703373 0.9913169 0.6626257 1.3144041 0.0000000 0.6388142 2.4141569 0.9547243 1.0703373 0.7945437 0.7945437 2.7182557 3.2381161 
t11        9.0000000 1.5901977 9.0000000 1.3144041 3.2381161 9.0000000 1.1132061 1.4396946 1.5901977 1.0297869 1.7786835 0.6388142 0.0000000 9.0000000 1.2588231 1.7786835 0.8864954 0.8545757 9.0000000 9.0000000 
t10        2.0310377 9.0000000 1.0703373 1.1586745 1.8942965 2.4141569 2.0310377 1.3144041 1.2070784 1.5111773 0.8864954 2.4141569 9.0000000 0.0000000 1.5111773 1.3144041 1.5901977 1.6785349 0.2463781 0.2463781 
t6         3.2381161 1.7786835 1.8942965 1.0297869 2.1983953 2.0310377 1.5901977 0.6388142 0.5504769 0.9547243 0.7389627 0.9547243 1.2588231 1.5111773 0.0000000 0.3666350 0.7126442 0.6872180 1.3744361 1.4396946 
t3         2.1983953 1.4396946 1.3744361 0.8239592 2.4141569 1.8942965 1.4396946 0.7126442 0.6157354 0.8864954 0.6872180 1.0703373 1.7786835 1.3144041 0.3666350 0.0000000 0.9198342 0.8864954 1.7786835 1.6785349 
t1         1.8942965 1.7786835 1.7786835 1.0703373 2.0310377 9.0000000 0.9198342 0.6626257 0.8864954 0.7945437 0.8239592 0.7945437 0.8864954 1.5901977 0.7126442 0.9198342 0.0000000 0.0411062 1.7786835 1.8942965 
t13        2.0310377 1.6785349 2.0310377 1.0297869 2.0310377 9.0000000 0.9547243 0.6157354 0.8864954 0.7945437 0.8545757 0.7945437 0.8545757 1.6785349 0.6872180 0.8864954 0.0411062 0.0000000 1.8942965 2.0310377 
t8         2.4141569 9.0000000 0.9913169 1.3144041 1.7786835 1.6785349 2.1983953 1.5901977 1.3144041 1.6785349 1.1132061 2.7182557 9.0000000 0.2463781 1.3744361 1.7786835 1.7786835 1.8942965 0.0000000 0.0100673 
t4         2.4141569 9.0000000 0.9913169 1.3144041 1.6785349 1.5901977 2.1983953 1.5111773 1.3744361 1.6785349 1.1132061 3.2381161 9.0000000 0.2463781 1.4396946 1.6785349 1.8942965 2.0310377 0.0100673 0.0000000 
