20
t17        0.0000000 1.3144041 1.1132061 1.3744361 0.5933457 1.6785349 0.9198342 1.0703373 1.3144041 1.1132061 1.4396946 1.4396946 1.7786835 1.3744361 0.8545757 0.8545757 1.1132061 1.0703373 1.3744361 1.3744361 
t15        1.3144041 0.0000000 1.7786835 1.8942965 1.2070784 2.4141569 1.1132061 1.2588231 1.1586745 1.6785349 1.6785349 2.1983953 2.0310377 1.7786835 1.0703373 1.2070784 1.8942965 1.8942965 1.8942965 2.0310377 
t10        1.1132061 1.7786835 0.0000000 1.4396946 0.9198342 2.1983953 1.5111773 0.8864954 1.8942965 0.9913169 1.1586745 1.2070784 2.1983953 1.6785349 1.3744361 1.2588231 2.0310377 2.1983953 1.3744361 1.4396946 
t13        1.3744361 1.8942965 1.4396946 0.0000000 0.9198342 2.0310377 1.5111773 1.0297869 1.8942965 1.7786835 1.6785349 1.5111773 9.0000000 2.7182557 1.3144041 1.3144041 9.0000000 9.0000000 1.4396946 1.4396946 
t9         0.5933457 1.2070784 0.9198342 0.9198342 0.0000000 1.5901977 0.5933457 0.5933457 0.9547243 0.9198342 0.8239592 0.8864954 1.8942965 0.9913169 0.6157354 0.5933457 1.4396946 1.5111773 0.8864954 0.9913169 
t12        1.6785349 2.4141569 2.1983953 2.0310377 1.5901977 0.0000000 1.7786835 1.8942965 1.8942965 9.0000000 1.7786835 2.1983953 3.2381161 9.0000000 1.7786835 2.0310377 9.0000000 9.0000000 9.0000000 9.0000000 
t1         0.9198342 1.1132061 1.5111773 1.5111773 0.5933457 1.7786835 0.0000000 0.9198342 1.0297869 1.1132061 0.9198342 1.3144041 9.0000000 2.4141569 0.4348639 0.4529370 1.5901977 1.7786835 1.3144041 1.3144041 
t18        1.0703373 1.2588231 0.8864954 1.0297869 0.5933457 1.8942965 0.9198342 0.0000000 0.9913169 0.7126442 0.5099265 0.5099265 1.3744361 1.0297869 0.6872180 0.6388142 1.3744361 1.5901977 0.8864954 0.8545757 
t6         1.3144041 1.1586745 1.8942965 1.8942965 0.9547243 1.8942965 1.0297869 0.9913169 0.0000000 0.9198342 1.5111773 1.1132061 2.7182557 1.7786835 0.9913169 1.0703373 2.1983953 2.1983953 1.0703373 1.1586745 
t14        1.1132061 1.6785349 0.9913169 1.7786835 0.9198342 9.0000000 1.1132061 0.7126442 0.9198342 0.0000000 1.3744361 1.2588231 1.8942965 1.3744361 1.0297869 0.9547243 1.5901977 1.5901977 0.8864954 0.9198342 
t8         1.4396946 1.6785349 1.1586745 1.6785349 0.8239592 1.7786835 0.9198342 0.5099265 1.5111773 1.3744361 0.0000000 0.4172160 2.7182557 1.6785349 0.9547243 0.8864954 2.0310377 2.0310377 1.2070784 1.3144041 
t5         1.4396946 2.1983953 1.2070784 1.5111773 0.8864954 2.1983953 1.3144041 0.5099265 1.1132061 1.2588231 0.4172160 0.0000000 2.4141569 1.3144041 1.1586745 1.0297869 2.4141569 2.4141569 1.1132061 1.1586745 
t16        1.7786835 2.0310377 2.1983953 9.0000000 1.8942965 3.2381161 9.0000000 1.3744361 2.7182557 1.8942965 2.7182557 2.4141569 0.0000000 0.3999739 9.0000000 9.0000000 0.4904449 0.5716050 1.7786835 1.6785349 
t2         1.3744361 1.7786835 1.6785349 2.7182557 0.9913169 9.0000000 2.4141569 1.0297869 1.7786835 1.3744361 1.6785349 1.3144041 0.3999739 0.0000000 2.7182557 3.2381161 0.4348639 0.5099265 1.4396946 1.3744361 
t20        0.8545757 1.0703373 1.3744361 1.3144041 0.6157354 1.7786835 0.4348639 0.6872180 0.9913169 1.0297869 0.9547243 1.1586745 9.0000000 2.7182557 0.0000000 0.0958750 1.8942965 2.0310377 1.1586745 1.1586745 
t3         0.8545757 1.2070784 1.2588231 1.3144041 0.5933457 2.0310377 0.4529370 0.6388142 1.0703373 0.9547243 0.8864954 1.0297869 9.0000000 3.2381161 0.0958750 0.0000000 2.1983953 2.4141569 1.0703373 1.0703373 
t4         1.1132061 1.8942965 2.0310377 9.0000000 1.4396946 9.0000000 1.5901977 1.3744361 2.1983953 1.5901977 2.0310377 2.4141569 0.4904449 0.4348639 1.8942965 2.1983953 0.0000000 0.0411062 1.7786835 1.5901977 
t11        1.0703373 1.8942965 2.1983953 9.0000000 1.5111773 9.0000000 1.7786835 1.5901977 2.1983953 1.5901977 2.0310377 2.4141569 0.5716050 0.5099265 2.0310377 2.4141569 0.0411062 0.0000000 1.7786835 1.7786835 
t19        1.3744361 1.8942965 1.3744361 1.4396946 0.8864954 9.0000000 1.3144041 0.8864954 1.0703373 0.8864954 1.2070784 1.1132061 1.7786835 1.4396946 1.1586745 1.0703373 1.7786835 1.7786835 0.0000000 0.0517447 
t7         1.3744361 2.0310377 1.4396946 1.4396946 0.9913169 9.0000000 1.3144041 0.8545757 1.1586745 0.9198342 1.3144041 1.1586745 1.6785349 1.3744361 1.1586745 1.0703373 1.5901977 1.7786835 0.0517447 0.0000000 
