20
t1         0.0000000 1.0297869 1.1132061 0.9198342 1.2070784 1.0297869 1.2588231 0.9547243 0.9913169 0.9913169 1.1132061 0.8864954 0.9547243 1.1586745 1.1132061 0.9547243 1.1132061 1.0297869 1.0297869 0.9913169 
t6         1.0297869 0.0000000 0.5099265 0.5504769 0.5099265 0.5504769 0.5299277 0.4714565 0.5299277 0.5299277 0.7389627 0.3999739 0.4904449 0.5299277 0.5099265 0.4172160 0.4172160 0.4172160 0.5504769 0.5299277 
t20        1.1132061 0.5099265 0.0000000 0.6872180 0.6872180 0.5299277 0.5716050 0.4904449 0.6157354 0.5933457 0.7662384 0.4348639 0.5099265 0.5933457 0.5716050 0.4714565 0.4904449 0.4529370 0.6157354 0.5933457 
t11        0.9198342 0.5504769 0.6872180 0.0000000 0.5504769 0.4714565 0.5099265 0.5099265 0.2326162 0.4529370 0.5716050 0.4714565 0.5099265 0.3347153 0.3347153 0.5299277 0.5299277 0.4904449 0.2892469 0.2603971 
t15        1.2070784 0.5099265 0.6872180 0.5504769 0.0000000 0.2463781 0.6157354 0.5099265 0.5099265 0.4904449 0.5933457 0.4904449 0.5716050 0.4714565 0.4714565 0.4904449 0.5716050 0.5299277 0.5933457 0.5504769 
t13        1.0297869 0.5504769 0.5299277 0.4714565 0.2463781 0.0000000 0.5504769 0.4714565 0.3999739 0.4172160 0.5099265 0.4172160 0.4714565 0.4904449 0.5099265 0.4348639 0.4904449 0.4529370 0.4904449 0.4714565 
t18        1.2588231 0.5299277 0.5716050 0.5099265 0.6157354 0.5504769 0.0000000 0.1549607 0.3999739 0.4348639 0.5099265 0.3831192 0.4714565 0.4529370 0.4348639 0.4529370 0.4529370 0.3999739 0.5504769 0.5716050 
t14        0.9547243 0.4714565 0.4904449 0.5099265 0.5099265 0.4714565 0.1549607 0.0000000 0.4172160 0.3999739 0.4904449 0.3192509 0.3505054 0.4348639 0.4172160 0.3831192 0.3999739 0.3666350 0.4904449 0.5299277 
t16        0.9913169 0.5299277 0.6157354 0.2326162 0.5099265 0.3999739 0.3999739 0.4172160 0.0000000 0.3347153 0.4529370 0.3666350 0.4172160 0.2892469 0.2746833 0.4172160 0.4348639 0.3666350 0.2603971 0.2603971 
t10        0.9913169 0.5299277 0.5933457 0.4529370 0.4904449 0.4172160 0.4348639 0.3999739 0.3347153 0.0000000 0.3347153 0.3666350 0.3999739 0.4529370 0.4348639 0.3347153 0.3999739 0.3666350 0.5099265 0.5299277 
t19        1.1132061 0.7389627 0.7662384 0.5716050 0.5933457 0.5099265 0.5099265 0.4904449 0.4529370 0.3347153 0.0000000 0.3999739 0.5099265 0.4904449 0.5099265 0.4529370 0.4904449 0.4904449 0.5504769 0.5716050 
t7         0.8864954 0.3999739 0.4348639 0.4714565 0.4904449 0.4172160 0.3831192 0.3192509 0.3666350 0.3666350 0.3999739 0.0000000 0.1549607 0.3831192 0.3666350 0.0958750 0.1073256 0.0845966 0.4529370 0.4714565 
t2         0.9547243 0.4904449 0.5099265 0.5099265 0.5716050 0.4714565 0.4714565 0.3505054 0.4172160 0.3999739 0.5099265 0.1549607 0.0000000 0.4904449 0.4714565 0.1927838 0.2326162 0.1799630 0.4714565 0.4904449 
t17        1.1586745 0.5299277 0.5933457 0.3347153 0.4714565 0.4904449 0.4529370 0.4348639 0.2892469 0.4529370 0.4904449 0.3831192 0.4904449 0.0000000 0.0306165 0.4348639 0.4172160 0.3831192 0.3192509 0.3347153 
t5         1.1132061 0.5099265 0.5716050 0.3347153 0.4714565 0.5099265 0.4348639 0.4172160 0.2746833 0.4348639 0.5099265 0.3666350 0.4714565 0.0306165 0.0000000 0.4172160 0.3999739 0.3666350 0.3040988 0.3192509 
t12        0.9547243 0.4172160 0.4714565 0.5299277 0.4904449 0.4348639 0.4529370 0.3831192 0.4172160 0.3347153 0.4529370 0.0958750 0.1927838 0.4348639 0.4172160 0.0000000 0.1073256 0.0517447 0.5099265 0.5299277 
t3         1.1132061 0.4172160 0.4904449 0.5299277 0.5716050 0.4904449 0.4529370 0.3999739 0.4348639 0.3999739 0.4904449 0.1073256 0.2326162 0.4172160 0.3999739 0.1073256 0.0000000 0.0625362 0.5299277 0.5504769 
t4         1.0297869 0.4172160 0.4529370 0.4904449 0.5299277 0.4529370 0.3999739 0.3666350 0.3666350 0.3666350 0.4904449 0.0845966 0.1799630 0.3831192 0.3666350 0.0517447 0.0625362 0.0000000 0.4904449 0.5099265 
t8         1.0297869 0.5504769 0.6157354 0.2892469 0.5933457 0.4904449 0.5504769 0.4904449 0.2603971 0.5099265 0.5504769 0.4529370 0.4714565 0.3192509 0.3040988 0.5099265 0.5299277 0.4904449 0.0000000 0.0306165 
t9         0.9913169 0.5299277 0.5933457 0.2603971 0.5504769 0.4714565 0.5716050 0.5299277 0.2603971 0.5299277 0.5716050 0.4714565 0.4904449 0.3347153 0.3192509 0.5299277 0.5504769 0.5099265 0.0306165 0.0000000 
