20
t19        0.0000000 0.7126442 0.5504769 0.8239592 0.5504769 0.7389627 0.5504769 0.8864954 1.0703373 0.5933457 0.6388142 0.6157354 0.6388142 0.6626257 0.5933457 0.5504769 0.6388142 0.6157354 1.0703373 1.0703373 
t6         0.7126442 0.0000000 0.8239592 0.8864954 0.6872180 0.8864954 0.7662384 0.9547243 1.1132061 0.8545757 1.0703373 0.9547243 0.8545757 0.8545757 0.6626257 0.6626257 0.8239592 0.8545757 1.0703373 1.0703373 
t8         0.5504769 0.8239592 0.0000000 0.5504769 0.3999739 0.7126442 0.5716050 0.9913169 0.9913169 0.5933457 0.6388142 0.8864954 0.7662384 0.8864954 0.3505054 0.3666350 0.8864954 0.8239592 1.1132061 1.1132061 
t5         0.8239592 0.8864954 0.5504769 0.0000000 0.4904449 0.9547243 0.9913169 1.1132061 1.3144041 1.0297869 1.0703373 1.1132061 1.0703373 1.3144041 0.5933457 0.5933457 1.3744361 1.3144041 1.2070784 1.2070784 
t14        0.5504769 0.6872180 0.3999739 0.4904449 0.0000000 0.6157354 0.5933457 1.1586745 1.1132061 0.7389627 0.7662384 0.8239592 0.7945437 0.7662384 0.4172160 0.4348639 0.8239592 0.8239592 1.0703373 1.0703373 
t16        0.7389627 0.8864954 0.7126442 0.9547243 0.6157354 0.0000000 0.3999739 1.0297869 1.3144041 0.7945437 0.8239592 0.7662384 0.7662384 0.5933457 0.6626257 0.6626257 0.5933457 0.5716050 1.3144041 1.3144041 
t4         0.5504769 0.7662384 0.5716050 0.9913169 0.5933457 0.3999739 0.0000000 0.8239592 1.1586745 0.5933457 0.6157354 0.5933457 0.6157354 0.2603971 0.5099265 0.5099265 0.3040988 0.2746833 1.3744361 1.3744361 
t20        0.8864954 0.9547243 0.9913169 1.1132061 1.1586745 1.0297869 0.8239592 0.0000000 1.5901977 1.0703373 0.9913169 0.5716050 0.5716050 1.1586745 0.8545757 0.8545757 1.1132061 1.1586745 1.5111773 1.5111773 
t17        1.0703373 1.1132061 0.9913169 1.3144041 1.1132061 1.3144041 1.1586745 1.5901977 0.0000000 1.3744361 1.5111773 1.3744361 1.4396946 1.5111773 1.1132061 1.3744361 1.3744361 1.4396946 0.3666350 0.3666350 
t13        0.5933457 0.8545757 0.5933457 1.0297869 0.7389627 0.7945437 0.5933457 1.0703373 1.3744361 0.0000000 0.0845966 0.8864954 0.7662384 0.7945437 0.6872180 0.7389627 0.7945437 0.7945437 1.3744361 1.3744361 
t15        0.6388142 1.0703373 0.6388142 1.0703373 0.7662384 0.8239592 0.6157354 0.9913169 1.5111773 0.0845966 0.0000000 0.7945437 0.7389627 0.7662384 0.7126442 0.7662384 0.8545757 0.7945437 1.5111773 1.5111773 
t9         0.6157354 0.9547243 0.8864954 1.1132061 0.8239592 0.7662384 0.5933457 0.5716050 1.3744361 0.8864954 0.7945437 0.0000000 0.1073256 0.7945437 0.7126442 0.7662384 0.7945437 0.8239592 1.3744361 1.3744361 
t2         0.6388142 0.8545757 0.7662384 1.0703373 0.7945437 0.7662384 0.6157354 0.5716050 1.4396946 0.7662384 0.7389627 0.1073256 0.0000000 0.7945437 0.6388142 0.6872180 0.7389627 0.8545757 1.4396946 1.4396946 
t7         0.6626257 0.8545757 0.8864954 1.3144041 0.7662384 0.5933457 0.2603971 1.1586745 1.5111773 0.7945437 0.7662384 0.7945437 0.7945437 0.0000000 0.7662384 0.7389627 0.0625362 0.0625362 1.5901977 1.5901977 
t11        0.5933457 0.6626257 0.3505054 0.5933457 0.4172160 0.6626257 0.5099265 0.8545757 1.1132061 0.6872180 0.7126442 0.7126442 0.6388142 0.7662384 0.0000000 0.0958750 0.7662384 0.7945437 1.4396946 1.4396946 
t1         0.5504769 0.6626257 0.3666350 0.5933457 0.4348639 0.6626257 0.5099265 0.8545757 1.3744361 0.7389627 0.7662384 0.7662384 0.6872180 0.7389627 0.0958750 0.0000000 0.7389627 0.7662384 1.7786835 1.7786835 
t12        0.6388142 0.8239592 0.8864954 1.3744361 0.8239592 0.5933457 0.3040988 1.1132061 1.3744361 0.7945437 0.8545757 0.7945437 0.7389627 0.0625362 0.7662384 0.7389627 0.0000000 0.0625362 1.5901977 1.5901977 
t18        0.6157354 0.8545757 0.8239592 1.3144041 0.8239592 0.5716050 0.2746833 1.1586745 1.4396946 0.7945437 0.7945437 0.8239592 0.8545757 0.0625362 0.7945437 0.7662384 0.0625362 0.0000000 1.5111773 1.5111773 
t10        1.0703373 1.0703373 1.1132061 1.2070784 1.0703373 1.3144041 1.3744361 1.5111773 0.3666350 1.3744361 1.5111773 1.3744361 1.4396946 1.5901977 1.4396946 1.7786835 1.5901977 1.5111773 0.0000000 0.0000010 
t3         1.0703373 1.0703373 1.1132061 1.2070784 1.0703373 1.3144041 1.3744361 1.5111773 0.3666350 1.3744361 1.5111773 1.3744361 1.4396946 1.5901977 1.4396946 1.7786835 1.5901977 1.5111773 0.0000010 0.0000000 
