20
t4         0.0000000 1.0297869 1.0703373 0.9913169 0.9198342 1.1586745 0.9913169 0.9547243 0.7662384 0.6626257 0.7662384 1.3144041 1.0297869 1.0703373 0.7126442 0.6872180 0.6157354 0.6388142 1.1132061 1.0703373 
t17        1.0297869 0.0000000 1.2588231 1.3744361 1.1132061 0.8545757 0.8864954 1.0703373 0.9913169 0.8864954 1.4396946 1.5901977 1.1132061 1.1586745 1.3744361 1.3744361 0.9198342 0.8864954 1.4396946 1.5901977 
t8         1.0703373 1.2588231 0.0000000 1.3144041 0.8864954 0.9198342 0.9547243 0.9547243 0.7662384 0.6872180 1.1586745 1.3744361 1.4396946 1.6785349 1.0297869 1.0297869 0.7945437 0.7662384 1.5111773 1.7786835 
t14        0.9913169 1.3744361 1.3144041 0.0000000 1.2070784 1.3144041 0.9913169 0.7662384 0.8864954 0.8545757 1.1132061 1.7786835 1.2588231 1.2070784 1.1586745 1.1586745 0.8545757 0.8864954 1.6785349 1.7786835 
t19        0.9198342 1.1132061 0.8864954 1.2070784 0.0000000 1.3144041 1.1132061 1.1132061 1.2588231 0.9547243 2.1983953 1.2070784 1.2070784 1.3144041 1.7786835 1.6785349 1.0703373 1.0703373 1.2070784 1.2588231 
t2         1.1586745 0.8545757 0.9198342 1.3144041 1.3144041 0.0000000 0.4172160 0.4529370 0.9198342 0.7945437 1.0297869 1.5901977 1.2070784 1.1132061 0.9913169 0.9913169 0.7389627 0.7126442 1.4396946 1.4396946 
t15        0.9913169 0.8864954 0.9547243 0.9913169 1.1132061 0.4172160 0.0000000 0.2603971 0.8239592 0.7662384 0.9198342 2.1983953 0.9913169 0.9547243 0.9198342 0.8864954 0.6388142 0.6157354 1.6785349 1.8942965 
t10        0.9547243 1.0703373 0.9547243 0.7662384 1.1132061 0.4529370 0.2603971 0.0000000 0.7945437 0.6157354 0.6872180 2.0310377 0.9547243 0.9198342 0.7389627 0.6872180 0.5504769 0.5299277 1.6785349 1.7786835 
t7         0.7662384 0.9913169 0.7662384 0.8864954 1.2588231 0.9198342 0.8239592 0.7945437 0.0000000 0.1927838 0.8864954 1.4396946 0.8864954 0.9198342 0.7945437 0.8239592 0.5299277 0.5504769 1.3744361 1.4396946 
t3         0.6626257 0.8864954 0.6872180 0.8545757 0.9547243 0.7945437 0.7662384 0.6157354 0.1927838 0.0000000 0.8239592 1.1586745 0.8545757 0.8239592 0.7389627 0.7662384 0.3192509 0.3347153 1.1132061 1.1586745 
t5         0.7662384 1.4396946 1.1586745 1.1132061 2.1983953 1.0297869 0.9198342 0.6872180 0.8864954 0.8239592 0.0000000 1.2588231 1.0297869 1.2588231 0.1927838 0.1427653 0.7945437 0.7662384 1.2070784 1.1586745 
t1         1.3144041 1.5901977 1.3744361 1.7786835 1.2070784 1.5901977 2.1983953 2.0310377 1.4396946 1.1586745 1.2588231 0.0000000 1.3144041 1.4396946 1.2588231 1.3744361 1.0297869 0.9913169 0.2326162 0.2463781 
t18        1.0297869 1.1132061 1.4396946 1.2588231 1.2070784 1.2070784 0.9913169 0.9547243 0.8864954 0.8545757 1.0297869 1.3144041 0.0000000 0.1549607 0.8545757 0.8864954 0.8239592 0.8545757 1.2070784 1.1586745 
t13        1.0703373 1.1586745 1.6785349 1.2070784 1.3144041 1.1132061 0.9547243 0.9198342 0.9198342 0.8239592 1.2588231 1.4396946 0.1549607 0.0000000 1.0297869 1.1132061 0.9198342 0.9547243 1.1586745 1.1132061 
t20        0.7126442 1.3744361 1.0297869 1.1586745 1.7786835 0.9913169 0.9198342 0.7389627 0.7945437 0.7389627 0.1927838 1.2588231 0.8545757 1.0297869 0.0000000 0.0411062 0.7126442 0.6872180 1.1132061 1.0703373 
t16        0.6872180 1.3744361 1.0297869 1.1586745 1.6785349 0.9913169 0.8864954 0.6872180 0.8239592 0.7662384 0.1427653 1.3744361 0.8864954 1.1132061 0.0411062 0.0000000 0.7126442 0.6872180 1.2070784 1.1586745 
t11        0.6157354 0.9198342 0.7945437 0.8545757 1.0703373 0.7389627 0.6388142 0.5504769 0.5299277 0.3192509 0.7945437 1.0297869 0.8239592 0.9198342 0.7126442 0.7126442 0.0000000 0.0100673 1.0703373 1.0297869 
t9         0.6388142 0.8864954 0.7662384 0.8864954 1.0703373 0.7126442 0.6157354 0.5299277 0.5504769 0.3347153 0.7662384 0.9913169 0.8545757 0.9547243 0.6872180 0.6872180 0.0100673 0.0000000 1.0297869 0.9913169 
t12        1.1132061 1.4396946 1.5111773 1.6785349 1.2070784 1.4396946 1.6785349 1.6785349 1.3744361 1.1132061 1.2070784 0.2326162 1.2070784 1.1586745 1.1132061 1.2070784 1.0703373 1.0297869 0.0000000 0.0411062 
t6         1.0703373 1.5901977 1.7786835 1.7786835 1.2588231 1.4396946 1.8942965 1.7786835 1.4396946 1.1586745 1.1586745 0.2463781 1.1586745 1.1132061 1.0703373 1.1586745 1.0297869 0.9913169 0.0411062 0.0000000 
