20
t1         0.0000000 9.0000000 3.2381161 1.0703373 2.1983953 1.5901977 1.8942965 2.7182557 1.8942965 1.4396946 1.2588231 1.0703373 1.7786835 3.2381161 2.4141569 2.0310377 1.6785349 1.5901977 2.0310377 2.1983953 
t16        9.0000000 0.0000000 9.0000000 3.2381161 3.2381161 9.0000000 1.8942965 1.8942965 2.1983953 2.4141569 9.0000000 9.0000000 9.0000000 9.0000000 9.0000000 9.0000000 9.0000000 2.7182557 2.1983953 2.4141569 
t4         3.2381161 9.0000000 0.0000000 1.6785349 9.0000000 2.0310377 9.0000000 3.2381161 2.7182557 2.7182557 1.7786835 2.1983953 2.7182557 9.0000000 2.0310377 2.0310377 2.1983953 2.4141569 1.8942965 1.8942965 
t7         1.0703373 3.2381161 1.6785349 0.0000000 1.5901977 1.6785349 1.1132061 1.5111773 1.0297869 0.9547243 1.4396946 1.2070784 1.1132061 1.0703373 1.4396946 1.5901977 0.9913169 0.9547243 1.7786835 1.6785349 
t17        2.1983953 3.2381161 9.0000000 1.5901977 0.0000000 9.0000000 9.0000000 9.0000000 9.0000000 3.2381161 3.2381161 9.0000000 1.8942965 1.8942965 9.0000000 9.0000000 3.2381161 3.2381161 2.7182557 3.2381161 
t10        1.5901977 9.0000000 2.0310377 1.6785349 9.0000000 0.0000000 1.6785349 1.8942965 1.3144041 1.1132061 1.1132061 0.9198342 1.5901977 1.7786835 1.7786835 1.7786835 2.4141569 2.4141569 1.8942965 1.8942965 
t12        1.8942965 1.8942965 9.0000000 1.1132061 9.0000000 1.6785349 0.0000000 2.0310377 2.4141569 2.0310377 9.0000000 3.2381161 1.5111773 1.5901977 1.8942965 1.7786835 0.9913169 0.9913169 2.0310377 2.0310377 
t6         2.7182557 1.8942965 3.2381161 1.5111773 9.0000000 1.8942965 2.0310377 0.0000000 0.8864954 0.9198342 1.8942965 1.5901977 1.5901977 2.4141569 0.8864954 0.9198342 9.0000000 9.0000000 3.2381161 9.0000000 
t13        1.8942965 2.1983953 2.7182557 1.0297869 9.0000000 1.3144041 2.4141569 0.8864954 0.0000000 0.1073256 1.2070784 1.1132061 1.8942965 2.0310377 1.0297869 0.9913169 9.0000000 9.0000000 1.7786835 1.6785349 
t14        1.4396946 2.4141569 2.7182557 0.9547243 3.2381161 1.1132061 2.0310377 0.9198342 0.1073256 0.0000000 1.0297869 0.9547243 1.6785349 2.7182557 1.1586745 1.1132061 9.0000000 9.0000000 1.5901977 1.5111773 
t19        1.2588231 9.0000000 1.7786835 1.4396946 3.2381161 1.1132061 9.0000000 1.8942965 1.2070784 1.0297869 0.0000000 0.1307650 1.4396946 2.1983953 1.5901977 1.5901977 9.0000000 9.0000000 0.6157354 0.6388142 
t5         1.0703373 9.0000000 2.1983953 1.2070784 9.0000000 0.9198342 3.2381161 1.5901977 1.1132061 0.9547243 0.1307650 0.0000000 1.2588231 1.6785349 1.2588231 1.2588231 9.0000000 9.0000000 0.5716050 0.5933457 
t9         1.7786835 9.0000000 2.7182557 1.1132061 1.8942965 1.5901977 1.5111773 1.5901977 1.8942965 1.6785349 1.4396946 1.2588231 0.0000000 0.2463781 1.5111773 1.5901977 1.8942965 2.0310377 2.4141569 2.7182557 
t11        3.2381161 9.0000000 9.0000000 1.0703373 1.8942965 1.7786835 1.5901977 2.4141569 2.0310377 2.7182557 2.1983953 1.6785349 0.2463781 0.0000000 1.5111773 1.5901977 2.4141569 2.7182557 9.0000000 9.0000000 
t8         2.4141569 9.0000000 2.0310377 1.4396946 9.0000000 1.7786835 1.8942965 0.8864954 1.0297869 1.1586745 1.5901977 1.2588231 1.5111773 1.5111773 0.0000000 0.0625362 9.0000000 9.0000000 1.7786835 1.6785349 
t15        2.0310377 9.0000000 2.0310377 1.5901977 9.0000000 1.7786835 1.7786835 0.9198342 0.9913169 1.1132061 1.5901977 1.2588231 1.5901977 1.5901977 0.0625362 0.0000000 3.2381161 9.0000000 1.7786835 1.6785349 
t20        1.6785349 9.0000000 2.1983953 0.9913169 3.2381161 2.4141569 0.9913169 9.0000000 9.0000000 9.0000000 9.0000000 9.0000000 1.8942965 2.4141569 9.0000000 3.2381161 0.0000000 0.0202715 9.0000000 9.0000000 
t18        1.5901977 2.7182557 2.4141569 0.9547243 3.2381161 2.4141569 0.9913169 9.0000000 9.0000000 9.0000000 9.0000000 9.0000000 2.0310377 2.7182557 9.0000000 9.0000000 0.0202715 0.0000000 9.0000000 9.0000000 
t2         2.0310377 2.1983953 1.8942965 1.7786835 2.7182557 1.8942965 2.0310377 3.2381161 1.7786835 1.5901977 0.6157354 0.5716050 2.4141569 9.0000000 1.7786835 1.7786835 9.0000000 9.0000000 0.0000000 0.0100673 
t3         2.1983953 2.4141569 1.8942965 1.6785349 3.2381161 1.8942965 2.0310377 9.0000000 1.6785349 1.5111773 0.6388142 0.5933457 2.7182557 9.0000000 1.6785349 1.6785349 9.0000000 9.0000000 0.0100673 0.0000000 
