20
t11        0.0000000 3.2381161 1.5111773 1.2070784 3.2381161 2.1983953 2.0310377 3.2381161 2.0310377 1.4396946 1.8942965 1.2588231 1.1132061 1.0703373 1.2588231 1.2070784 2.7182557 2.7182557 3.2381161 3.2381161 
t10        3.2381161 0.0000000 2.1983953 2.1983953 9.0000000 1.6785349 1.7786835 9.0000000 1.7786835 2.1983953 9.0000000 2.4141569 3.2381161 9.0000000 1.4396946 1.5111773 2.1983953 1.8942965 1.3744361 1.3744361 
t12        1.5111773 2.1983953 0.0000000 0.1927838 1.1132061 1.0297869 1.5111773 1.8942965 0.8545757 0.4172160 2.1983953 0.7945437 0.3666350 0.4904449 0.3831192 0.3505054 0.9913169 0.9547243 0.7126442 0.7126442 
t15        1.2070784 2.1983953 0.1927838 0.0000000 0.8864954 0.9913169 1.1586745 1.7786835 0.8239592 0.3666350 2.0310377 0.6626257 0.3040988 0.5099265 0.2603971 0.2326162 0.7945437 0.7662384 0.5933457 0.5933457 
t13        3.2381161 9.0000000 1.1132061 0.8864954 0.0000000 1.4396946 1.8942965 2.1983953 3.2381161 1.3144041 1.5111773 2.1983953 1.2588231 1.3744361 0.9913169 0.9547243 1.7786835 2.0310377 1.4396946 1.4396946 
t20        2.1983953 1.6785349 1.0297869 0.9913169 1.4396946 0.0000000 0.6388142 2.7182557 1.6785349 1.0703373 9.0000000 1.0297869 0.9913169 1.2588231 0.6157354 0.6626257 1.6785349 1.4396946 1.0703373 1.0703373 
t2         2.0310377 1.7786835 1.5111773 1.1586745 1.8942965 0.6388142 0.0000000 3.2381161 2.1983953 1.1586745 9.0000000 0.9913169 1.4396946 2.0310377 0.9547243 1.0703373 1.8942965 1.6785349 1.3144041 1.3144041 
t6         3.2381161 9.0000000 1.8942965 1.7786835 2.1983953 2.7182557 3.2381161 0.0000000 0.8864954 3.2381161 2.4141569 9.0000000 1.4396946 1.8942965 1.6785349 1.7786835 1.8942965 2.0310377 9.0000000 9.0000000 
t3         2.0310377 1.7786835 0.8545757 0.8239592 3.2381161 1.6785349 2.1983953 0.8864954 0.0000000 0.9198342 9.0000000 1.5901977 0.7389627 1.1132061 0.8239592 0.7945437 0.9198342 0.8864954 1.0703373 1.0703373 
t17        1.4396946 2.1983953 0.4172160 0.3666350 1.3144041 1.0703373 1.1586745 3.2381161 0.9198342 0.0000000 3.2381161 0.7389627 0.4904449 0.7662384 0.4904449 0.4529370 0.9547243 0.9547243 0.6872180 0.6872180 
t9         1.8942965 9.0000000 2.1983953 2.0310377 1.5111773 9.0000000 9.0000000 2.4141569 9.0000000 3.2381161 0.0000000 9.0000000 2.1983953 1.6785349 2.0310377 2.1983953 9.0000000 9.0000000 9.0000000 9.0000000 
t18        1.2588231 2.4141569 0.7945437 0.6626257 2.1983953 1.0297869 0.9913169 9.0000000 1.5901977 0.7389627 9.0000000 0.0000000 0.5099265 0.6626257 0.5933457 0.6157354 1.1586745 1.1132061 0.7945437 0.7945437 
t19        1.1132061 3.2381161 0.3666350 0.3040988 1.2588231 0.9913169 1.4396946 1.4396946 0.7389627 0.4904449 2.1983953 0.5099265 0.0000000 0.2191023 0.3040988 0.3040988 0.8545757 0.8239592 0.6872180 0.6872180 
t16        1.0703373 9.0000000 0.4904449 0.5099265 1.3744361 1.2588231 2.0310377 1.8942965 1.1132061 0.7662384 1.6785349 0.6626257 0.2191023 0.0000000 0.5099265 0.5299277 1.0703373 1.0297869 1.0703373 1.0703373 
t7         1.2588231 1.4396946 0.3831192 0.2603971 0.9913169 0.6157354 0.9547243 1.6785349 0.8239592 0.4904449 2.0310377 0.5933457 0.3040988 0.5099265 0.0000000 0.0734853 0.9547243 0.8864954 0.7389627 0.7389627 
t1         1.2070784 1.5111773 0.3505054 0.2326162 0.9547243 0.6626257 1.0703373 1.7786835 0.7945437 0.4529370 2.1983953 0.6157354 0.3040988 0.5299277 0.0734853 0.0000000 0.8864954 0.8239592 0.6872180 0.6872180 
t14        2.7182557 2.1983953 0.9913169 0.7945437 1.7786835 1.6785349 1.8942965 1.8942965 0.9198342 0.9547243 9.0000000 1.1586745 0.8545757 1.0703373 0.9547243 0.8864954 0.0000000 0.0411062 0.9913169 0.9913169 
t5         2.7182557 1.8942965 0.9547243 0.7662384 2.0310377 1.4396946 1.6785349 2.0310377 0.8864954 0.9547243 9.0000000 1.1132061 0.8239592 1.0297869 0.8864954 0.8239592 0.0411062 0.0000000 0.9547243 0.9547243 
t8         3.2381161 1.3744361 0.7126442 0.5933457 1.4396946 1.0703373 1.3144041 9.0000000 1.0703373 0.6872180 9.0000000 0.7945437 0.6872180 1.0703373 0.7389627 0.6872180 0.9913169 0.9547243 0.0000000 0.0000010 
t4         3.2381161 1.3744361 0.7126442 0.5933457 1.4396946 1.0703373 1.3144041 9.0000000 1.0703373 0.6872180 9.0000000 0.7945437 0.6872180 1.0703373 0.7389627 0.6872180 0.9913169 0.9547243 0.0000010 0.0000000 
