20
t7         0.0000000 9.0000000 9.0000000 9.0000000 9.0000000 9.0000000 9.0000000 1.6785349 9.0000000 2.7182557 9.0000000 2.0310377 3.2381161 2.1983953 9.0000000 9.0000000 1.8942965 1.8942965 9.0000000 3.2381161 
t14        9.0000000 0.0000000 3.2381161 9.0000000 9.0000000 9.0000000 1.6785349 2.4141569 1.8942965 9.0000000 1.8942965 2.0310377 2.0310377 2.0310377 9.0000000 9.0000000 3.2381161 2.0310377 9.0000000 9.0000000 
t3         9.0000000 3.2381161 0.0000000 2.4141569 2.7182557 1.3144041 1.4396946 1.7786835 1.5111773 2.4141569 9.0000000 1.3744361 1.5111773 1.4396946 3.2381161 3.2381161 1.5111773 1.7786835 2.0310377 2.0310377 
t1         9.0000000 9.0000000 2.4141569 0.0000000 3.2381161 9.0000000 3.2381161 2.4141569 3.2381161 9.0000000 9.0000000 2.7182557 9.0000000 3.2381161 2.1983953 2.7182557 2.1983953 2.1983953 3.2381161 2.1983953 
t13        9.0000000 9.0000000 2.7182557 3.2381161 0.0000000 3.2381161 3.2381161 9.0000000 1.8942965 1.6785349 1.2588231 2.0310377 1.7786835 2.4141569 1.2588231 1.3744361 1.5901977 1.5901977 9.0000000 9.0000000 
t9         9.0000000 9.0000000 1.3144041 9.0000000 3.2381161 0.0000000 1.0703373 9.0000000 1.0703373 0.9547243 9.0000000 1.4396946 1.0703373 1.0297869 9.0000000 9.0000000 1.1586745 1.2588231 9.0000000 2.7182557 
t20        9.0000000 1.6785349 1.4396946 3.2381161 3.2381161 1.0703373 0.0000000 1.7786835 0.2746833 0.5716050 2.1983953 1.0703373 0.5504769 0.4714565 2.0310377 1.8942965 0.7945437 0.8239592 1.8942965 1.8942965 
t18        1.6785349 2.4141569 1.7786835 2.4141569 9.0000000 9.0000000 1.7786835 0.0000000 9.0000000 9.0000000 3.2381161 2.0310377 2.4141569 2.7182557 2.7182557 2.4141569 2.4141569 2.1983953 0.5716050 0.5933457 
t19        9.0000000 1.8942965 1.5111773 3.2381161 1.8942965 1.0703373 0.2746833 9.0000000 0.0000000 0.3347153 3.2381161 1.2588231 0.6388142 0.5504769 2.1983953 2.1983953 0.9547243 1.0703373 9.0000000 9.0000000 
t6         2.7182557 9.0000000 2.4141569 9.0000000 1.6785349 0.9547243 0.5716050 9.0000000 0.3347153 0.0000000 3.2381161 1.3744361 0.8545757 0.7389627 9.0000000 9.0000000 0.9913169 1.1586745 2.4141569 3.2381161 
t5         9.0000000 1.8942965 9.0000000 9.0000000 1.2588231 9.0000000 2.1983953 3.2381161 3.2381161 3.2381161 0.0000000 1.6785349 2.4141569 2.0310377 0.5933457 0.5504769 1.3144041 1.3144041 3.2381161 9.0000000 
t8         2.0310377 2.0310377 1.3744361 2.7182557 2.0310377 1.4396946 1.0703373 2.0310377 1.2588231 1.3744361 1.6785349 0.0000000 1.2070784 1.1586745 1.5901977 1.7786835 0.2058276 0.1799630 3.2381161 2.7182557 
t17        3.2381161 2.0310377 1.5111773 9.0000000 1.7786835 1.0703373 0.5504769 2.4141569 0.6388142 0.8545757 2.4141569 1.2070784 0.0000000 0.1673577 2.4141569 2.0310377 0.9198342 0.9547243 2.7182557 2.7182557 
t2         2.1983953 2.0310377 1.4396946 3.2381161 2.4141569 1.0297869 0.4714565 2.7182557 0.5504769 0.7389627 2.0310377 1.1586745 0.1673577 0.0000000 1.8942965 1.6785349 0.8864954 0.9198342 2.0310377 1.8942965 
t16        9.0000000 9.0000000 3.2381161 2.1983953 1.2588231 9.0000000 2.0310377 2.7182557 2.1983953 9.0000000 0.5933457 1.5901977 2.4141569 1.8942965 0.0000000 0.0958750 1.2588231 1.4396946 2.4141569 2.4141569 
t4         9.0000000 9.0000000 3.2381161 2.7182557 1.3744361 9.0000000 1.8942965 2.4141569 2.1983953 9.0000000 0.5504769 1.7786835 2.0310377 1.6785349 0.0958750 0.0000000 1.2588231 1.5111773 2.7182557 2.7182557 
t15        1.8942965 3.2381161 1.5111773 2.1983953 1.5901977 1.1586745 0.7945437 2.4141569 0.9547243 0.9913169 1.3144041 0.2058276 0.9198342 0.8864954 1.2588231 1.2588231 0.0000000 0.0845966 2.7182557 2.4141569 
t11        1.8942965 2.0310377 1.7786835 2.1983953 1.5901977 1.2588231 0.8239592 2.1983953 1.0703373 1.1586745 1.3144041 0.1799630 0.9547243 0.9198342 1.4396946 1.5111773 0.0845966 0.0000000 2.4141569 2.1983953 
t12        9.0000000 9.0000000 2.0310377 3.2381161 9.0000000 9.0000000 1.8942965 0.5716050 9.0000000 2.4141569 3.2381161 3.2381161 2.7182557 2.0310377 2.4141569 2.7182557 2.7182557 2.4141569 0.0000000 0.0411062 
t10        3.2381161 9.0000000 2.0310377 2.1983953 9.0000000 2.7182557 1.8942965 0.5933457 9.0000000 3.2381161 9.0000000 2.7182557 2.7182557 1.8942965 2.4141569 2.7182557 2.4141569 2.1983953 0.0411062 0.0000000 
