20
t15        0.0000000 0.7945437 1.2070784 0.5504769 0.6157354 0.7945437 0.8864954 0.9913169 0.8864954 0.9547243 0.9547243 0.9547243 0.8864954 0.6872180 0.6626257 0.5933457 0.7662384 0.7126442 0.6626257 0.6872180 
t8         0.7945437 0.0000000 0.5504769 0.7945437 0.6872180 0.4348639 0.3999739 0.9547243 0.8545757 0.4172160 0.3831192 0.4714565 0.4714565 0.8239592 0.8545757 0.7662384 0.7945437 0.7126442 0.8864954 0.8239592 
t2         1.2070784 0.5504769 0.0000000 0.7126442 0.7389627 0.5933457 0.6872180 1.2588231 0.8239592 0.5716050 0.6872180 0.5299277 0.5299277 1.0703373 1.0297869 0.9547243 0.8239592 0.8239592 0.9913169 0.9198342 
t1         0.5504769 0.7945437 0.7126442 0.0000000 0.2746833 0.6872180 0.7945437 0.8545757 0.6872180 0.8864954 0.9198342 0.7126442 0.7126442 0.5504769 0.5299277 0.4714565 0.6872180 0.6626257 0.6388142 0.5933457 
t7         0.6157354 0.6872180 0.7389627 0.2746833 0.0000000 0.5716050 0.6872180 0.8864954 0.7662384 0.8239592 0.7945437 0.7662384 0.7389627 0.6157354 0.5504769 0.5099265 0.7126442 0.6872180 0.7945437 0.7126442 
t18        0.7945437 0.4348639 0.5933457 0.6872180 0.5716050 0.0000000 0.3040988 0.8545757 0.6626257 0.5099265 0.5716050 0.2603971 0.2746833 0.8545757 0.8239592 0.7126442 0.6872180 0.6626257 0.8239592 0.8239592 
t16        0.8864954 0.3999739 0.6872180 0.7945437 0.6872180 0.3040988 0.0000000 0.9198342 0.6872180 0.5504769 0.5716050 0.3192509 0.3666350 0.7945437 0.8239592 0.7662384 0.8864954 0.7945437 0.9913169 0.9913169 
t17        0.9913169 0.9547243 1.2588231 0.8545757 0.8864954 0.8545757 0.9198342 0.0000000 0.3192509 0.8864954 0.8545757 0.9547243 1.0297869 0.8545757 0.8864954 0.8545757 0.6157354 0.6157354 0.9198342 0.8545757 
t13        0.8864954 0.8545757 0.8239592 0.6872180 0.7662384 0.6626257 0.6872180 0.3192509 0.0000000 0.7389627 0.8545757 0.7389627 0.7389627 0.6872180 0.7662384 0.6157354 0.5299277 0.4529370 0.7126442 0.7126442 
t12        0.9547243 0.4172160 0.5716050 0.8864954 0.8239592 0.5099265 0.5504769 0.8864954 0.7389627 0.0000000 0.2746833 0.5299277 0.5933457 0.7945437 0.8239592 0.7662384 0.7662384 0.7662384 0.7945437 0.7945437 
t3         0.9547243 0.3831192 0.6872180 0.9198342 0.7945437 0.5716050 0.5716050 0.8545757 0.8545757 0.2746833 0.0000000 0.5716050 0.6388142 0.9547243 1.0297869 0.9198342 0.8545757 0.9198342 1.0297869 0.9913169 
t20        0.9547243 0.4714565 0.5299277 0.7126442 0.7662384 0.2603971 0.3192509 0.9547243 0.7389627 0.5299277 0.5716050 0.0000000 0.1799630 0.8545757 0.8545757 0.7389627 0.8239592 0.7945437 0.8545757 0.8239592 
t5         0.8864954 0.4714565 0.5299277 0.7126442 0.7389627 0.2746833 0.3666350 1.0297869 0.7389627 0.5933457 0.6388142 0.1799630 0.0000000 0.9547243 0.9547243 0.8239592 0.8864954 0.8239592 0.9913169 0.9198342 
t11        0.6872180 0.8239592 1.0703373 0.5504769 0.6157354 0.8545757 0.7945437 0.8545757 0.6872180 0.7945437 0.9547243 0.8545757 0.9547243 0.0000000 0.1799630 0.1549607 0.7662384 0.7662384 0.5099265 0.5099265 
t14        0.6626257 0.8545757 1.0297869 0.5299277 0.5504769 0.8239592 0.8239592 0.8864954 0.7662384 0.8239592 1.0297869 0.8545757 0.9547243 0.1799630 0.0000000 0.1549607 0.7945437 0.7945437 0.5099265 0.4904449 
t4         0.5933457 0.7662384 0.9547243 0.4714565 0.5099265 0.7126442 0.7662384 0.8545757 0.6157354 0.7662384 0.9198342 0.7389627 0.8239592 0.1549607 0.1549607 0.0000000 0.7662384 0.7389627 0.4714565 0.4904449 
t19        0.7662384 0.7945437 0.8239592 0.6872180 0.7126442 0.6872180 0.8864954 0.6157354 0.5299277 0.7662384 0.8545757 0.8239592 0.8864954 0.7662384 0.7945437 0.7662384 0.0000000 0.1307650 0.8239592 0.8545757 
t10        0.7126442 0.7126442 0.8239592 0.6626257 0.6872180 0.6626257 0.7945437 0.6157354 0.4529370 0.7662384 0.9198342 0.7945437 0.8239592 0.7662384 0.7945437 0.7389627 0.1307650 0.0000000 0.7126442 0.7389627 
t6         0.6626257 0.8864954 0.9913169 0.6388142 0.7945437 0.8239592 0.9913169 0.9198342 0.7126442 0.7945437 1.0297869 0.8545757 0.9913169 0.5099265 0.5099265 0.4714565 0.8239592 0.7126442 0.0000000 0.1073256 
t9         0.6872180 0.8239592 0.9198342 0.5933457 0.7126442 0.8239592 0.9913169 0.8545757 0.7126442 0.7945437 0.9913169 0.8239592 0.9198342 0.5099265 0.4904449 0.4904449 0.8545757 0.7389627 0.1073256 0.0000000 
