20
t13        0.0000000 0.2326162 0.4714565 0.4348639 0.2058276 0.3040988 0.6157354 0.4904449 0.3831192 0.4904449 0.2058276 0.4904449 0.3666350 0.7389627 0.8239592 0.1927838 0.2603971 0.2892469 0.1927838 0.1927838 
t14        0.2326162 0.0000000 0.5933457 0.3666350 0.1549607 0.2463781 0.6388142 0.5716050 0.3192509 0.3347153 0.1799630 0.3831192 0.2746833 0.6388142 0.6872180 0.1799630 0.1799630 0.2326162 0.1799630 0.1799630 
t19        0.4714565 0.5933457 0.0000000 0.7945437 0.5933457 0.6157354 0.5933457 0.5716050 0.7126442 0.7945437 0.5099265 0.8545757 0.7126442 1.1132061 1.2588231 0.5716050 0.5933457 0.6626257 0.5504769 0.5504769 
t6         0.4348639 0.3666350 0.7945437 0.0000000 0.2892469 0.3505054 1.0297869 0.8864954 0.4714565 0.6872180 0.3505054 0.6157354 0.4529370 0.7662384 0.8545757 0.3192509 0.3192509 0.3999739 0.3192509 0.3192509 
t8         0.2058276 0.1549607 0.5933457 0.2892469 0.0000000 0.1673577 0.6872180 0.5933457 0.2326162 0.3831192 0.1073256 0.3347153 0.2463781 0.6626257 0.6872180 0.0958750 0.1189538 0.1427653 0.0958750 0.0958750 
t2         0.3040988 0.2463781 0.6157354 0.3505054 0.1673577 0.0000000 0.8545757 0.6872180 0.3831192 0.4904449 0.2191023 0.4348639 0.3347153 0.7389627 0.7945437 0.1799630 0.2191023 0.2603971 0.2058276 0.2058276 
t15        0.6157354 0.6388142 0.5933457 1.0297869 0.6872180 0.8545757 0.0000000 0.2326162 0.7662384 1.0703373 0.6157354 1.0297869 0.9913169 1.1132061 1.2070784 0.6157354 0.7389627 0.7126442 0.6157354 0.6157354 
t5         0.4904449 0.5716050 0.5716050 0.8864954 0.5933457 0.6872180 0.2326162 0.0000000 0.7126442 0.8545757 0.5299277 0.8545757 0.7662384 1.0703373 1.1586745 0.5299277 0.6157354 0.6157354 0.5299277 0.5299277 
t7         0.3831192 0.3192509 0.7126442 0.4714565 0.2326162 0.3831192 0.7662384 0.7126442 0.0000000 0.6388142 0.2463781 0.5716050 0.4714565 0.9198342 0.8864954 0.2326162 0.3192509 0.3347153 0.2326162 0.2326162 
t9         0.4904449 0.3347153 0.7945437 0.6872180 0.3831192 0.4904449 1.0703373 0.8545757 0.6388142 0.0000000 0.4172160 0.2326162 0.1189538 0.9198342 0.8545757 0.3831192 0.4348639 0.4714565 0.3666350 0.3666350 
t17        0.2058276 0.1799630 0.5099265 0.3505054 0.1073256 0.2191023 0.6157354 0.5299277 0.2463781 0.4172160 0.0000000 0.3999739 0.2892469 0.7389627 0.7389627 0.0734853 0.1549607 0.1927838 0.0734853 0.0734853 
t18        0.4904449 0.3831192 0.8545757 0.6157354 0.3347153 0.4348639 1.0297869 0.8545757 0.5716050 0.2326162 0.3999739 0.0000000 0.1189538 1.2070784 1.1132061 0.3666350 0.3999739 0.4529370 0.3505054 0.3505054 
t3         0.3666350 0.2746833 0.7126442 0.4529370 0.2463781 0.3347153 0.9913169 0.7662384 0.4714565 0.1189538 0.2892469 0.1189538 0.0000000 0.9198342 0.8545757 0.2603971 0.3040988 0.3347153 0.2463781 0.2463781 
t16        0.7389627 0.6388142 1.1132061 0.7662384 0.6626257 0.7389627 1.1132061 1.0703373 0.9198342 0.9198342 0.7389627 1.2070784 0.9198342 0.0000000 0.1427653 0.6872180 0.7662384 0.7662384 0.6872180 0.6872180 
t10        0.8239592 0.6872180 1.2588231 0.8545757 0.6872180 0.7945437 1.2070784 1.1586745 0.8864954 0.8545757 0.7389627 1.1132061 0.8545757 0.1427653 0.0000000 0.7126442 0.7945437 0.8864954 0.7126442 0.7126442 
t11        0.1927838 0.1799630 0.5716050 0.3192509 0.0958750 0.1799630 0.6157354 0.5299277 0.2326162 0.3831192 0.0734853 0.3666350 0.2603971 0.6872180 0.7126442 0.0000000 0.1549607 0.1927838 0.0202715 0.0202715 
t1         0.2603971 0.1799630 0.5933457 0.3192509 0.1189538 0.2191023 0.7389627 0.6157354 0.3192509 0.4348639 0.1549607 0.3999739 0.3040988 0.7662384 0.7945437 0.1549607 0.0000000 0.0958750 0.1549607 0.1549607 
t4         0.2892469 0.2326162 0.6626257 0.3999739 0.1427653 0.2603971 0.7126442 0.6157354 0.3347153 0.4714565 0.1927838 0.4529370 0.3347153 0.7662384 0.8864954 0.1927838 0.0958750 0.0000000 0.1927838 0.1927838 
t12        0.1927838 0.1799630 0.5504769 0.3192509 0.0958750 0.2058276 0.6157354 0.5299277 0.2326162 0.3666350 0.0734853 0.3505054 0.2463781 0.6872180 0.7126442 0.0202715 0.1549607 0.1927838 0.0000000 0.0000010 
t20        0.1927838 0.1799630 0.5504769 0.3192509 0.0958750 0.2058276 0.6157354 0.5299277 0.2326162 0.3666350 0.0734853 0.3505054 0.2463781 0.6872180 0.7126442 0.0202715 0.1549607 0.1927838 0.0000010 0.0000000 
