20
t20        0.0000000 9.0000000 9.0000000 2.4141569 9.0000000 3.2381161 2.7182557 9.0000000 1.8942965 9.0000000 2.7182557 9.0000000 2.4141569 2.7182557 9.0000000 2.0310377 2.0310377 1.6785349 1.6785349 1.7786835 
t5         9.0000000 0.0000000 0.9198342 0.3831192 1.3744361 0.9198342 0.3505054 1.4396946 0.6872180 0.9547243 0.8545757 1.2070784 0.7389627 0.5716050 0.8545757 2.0310377 1.8942965 0.9198342 0.9198342 0.9198342 
t19        9.0000000 0.9198342 0.0000000 0.9547243 0.7389627 0.3999739 0.8864954 1.6785349 0.4172160 0.4904449 0.6626257 0.9547243 1.5901977 1.1132061 1.3744361 1.1586745 1.0297869 1.0297869 0.9913169 1.0297869 
t18        2.4141569 0.3831192 0.9547243 0.0000000 1.7786835 1.0703373 0.1427653 1.8942965 0.8864954 1.1132061 1.1586745 1.1132061 0.4904449 0.2603971 0.5716050 2.1983953 1.7786835 0.9198342 0.9913169 1.0297869 
t17        9.0000000 1.3744361 0.7389627 1.7786835 0.0000000 0.4529370 1.5901977 1.5901977 0.7126442 0.8545757 0.9198342 1.5111773 9.0000000 2.1983953 2.1983953 9.0000000 2.7182557 1.5111773 1.6785349 1.7786835 
t14        3.2381161 0.9198342 0.3999739 1.0703373 0.4529370 0.0000000 1.0297869 1.4396946 0.4904449 0.5299277 0.7389627 1.2070784 2.0310377 1.2070784 1.6785349 1.2070784 1.1586745 1.2588231 1.2588231 1.3744361 
t6         2.7182557 0.3505054 0.8864954 0.1427653 1.5901977 1.0297869 0.0000000 1.5901977 0.8545757 1.0703373 1.0703373 1.4396946 0.4529370 0.2603971 0.5716050 1.7786835 1.5111773 0.9913169 1.1132061 1.1132061 
t7         9.0000000 1.4396946 1.6785349 1.8942965 1.5901977 1.4396946 1.5901977 0.0000000 0.7945437 1.3144041 1.6785349 1.5901977 2.7182557 1.6785349 1.8942965 9.0000000 3.2381161 1.8942965 1.5901977 1.7786835 
t2         1.8942965 0.6872180 0.4172160 0.8864954 0.7126442 0.4904449 0.8545757 0.7945437 0.0000000 0.5504769 0.6872180 0.9198342 1.2070784 0.8545757 1.3144041 0.8864954 0.8239592 0.8545757 0.9198342 0.9547243 
t11        9.0000000 0.9547243 0.4904449 1.1132061 0.8545757 0.5299277 1.0703373 1.3144041 0.5504769 0.0000000 0.4529370 1.1586745 1.7786835 1.2070784 1.3744361 1.0703373 0.9913169 0.9547243 1.0703373 1.1132061 
t13        2.7182557 0.8545757 0.6626257 1.1586745 0.9198342 0.7389627 1.0703373 1.6785349 0.6872180 0.4529370 0.0000000 1.1586745 1.7786835 1.3144041 1.6785349 1.5111773 1.3744361 1.3144041 1.3144041 1.3744361 
t3         9.0000000 1.2070784 0.9547243 1.1132061 1.5111773 1.2070784 1.4396946 1.5901977 0.9198342 1.1586745 1.1586745 0.0000000 2.7182557 1.5901977 1.7786835 1.4396946 1.5901977 0.4348639 0.4714565 0.5299277 
t15        2.4141569 0.7389627 1.5901977 0.4904449 9.0000000 2.0310377 0.4529370 2.7182557 1.2070784 1.7786835 1.7786835 2.7182557 0.0000000 0.2058276 0.5099265 9.0000000 2.7182557 1.2588231 1.5111773 1.3144041 
t8         2.7182557 0.5716050 1.1132061 0.2603971 2.1983953 1.2070784 0.2603971 1.6785349 0.8545757 1.2070784 1.3144041 1.5901977 0.2058276 0.0000000 0.2892469 2.7182557 1.8942965 1.0703373 1.2070784 1.1132061 
t4         9.0000000 0.8545757 1.3744361 0.5716050 2.1983953 1.6785349 0.5716050 1.8942965 1.3144041 1.3744361 1.6785349 1.7786835 0.5099265 0.2892469 0.0000000 3.2381161 1.8942965 1.3144041 1.4396946 1.3744361 
t16        2.0310377 2.0310377 1.1586745 2.1983953 9.0000000 1.2070784 1.7786835 9.0000000 0.8864954 1.0703373 1.5111773 1.4396946 9.0000000 2.7182557 3.2381161 0.0000000 0.1927838 1.5901977 1.7786835 2.0310377 
t9         2.0310377 1.8942965 1.0297869 1.7786835 2.7182557 1.1586745 1.5111773 3.2381161 0.8239592 0.9913169 1.3744361 1.5901977 2.7182557 1.8942965 1.8942965 0.1927838 0.0000000 1.5111773 1.5901977 1.6785349 
t12        1.6785349 0.9198342 1.0297869 0.9198342 1.5111773 1.2588231 0.9913169 1.8942965 0.8545757 0.9547243 1.3144041 0.4348639 1.2588231 1.0703373 1.3144041 1.5901977 1.5111773 0.0000000 0.1427653 0.1549607 
t1         1.6785349 0.9198342 0.9913169 0.9913169 1.6785349 1.2588231 1.1132061 1.5901977 0.9198342 1.0703373 1.3144041 0.4714565 1.5111773 1.2070784 1.4396946 1.7786835 1.5901977 0.1427653 0.0000000 0.0958750 
t10        1.7786835 0.9198342 1.0297869 1.0297869 1.7786835 1.3744361 1.1132061 1.7786835 0.9547243 1.1132061 1.3744361 0.5299277 1.3144041 1.1132061 1.3744361 2.0310377 1.6785349 0.1549607 0.0958750 0.0000000 
