20
t10        0.0000000 1.5111773 1.5111773 1.7786835 1.2070784 1.6785349 1.8942965 2.4141569 2.1983953 1.1132061 1.1132061 0.9547243 1.0703373 0.8864954 1.1132061 1.2588231 0.8864954 1.0297869 1.2588231 1.2588231 
t13        1.5111773 0.0000000 0.7126442 0.3831192 0.6626257 1.2588231 1.6785349 0.7126442 0.7126442 1.8942965 2.7182557 1.1586745 1.4396946 1.2588231 1.1586745 1.2588231 0.8864954 1.0297869 0.7389627 0.6872180 
t5         1.5111773 0.7126442 0.0000000 0.4714565 1.1586745 1.3744361 1.7786835 0.8239592 0.6872180 2.1983953 1.5111773 1.4396946 1.4396946 1.4396946 1.2588231 1.3144041 1.1132061 1.1132061 1.3144041 1.3144041 
t6         1.7786835 0.3831192 0.4714565 0.0000000 0.9198342 1.6785349 1.7786835 0.5504769 0.4714565 1.7786835 2.7182557 0.9198342 1.0297869 1.0703373 1.1132061 1.1132061 0.8239592 1.0297869 1.1586745 1.0703373 
t2         1.2070784 0.6626257 1.1586745 0.9198342 0.0000000 0.9547243 1.0297869 1.2588231 1.3144041 1.2588231 1.0703373 1.5901977 1.6785349 1.7786835 1.0703373 1.1132061 1.3144041 1.3144041 0.3831192 0.3505054 
t1         1.6785349 1.2588231 1.3744361 1.6785349 0.9547243 0.0000000 0.6388142 2.7182557 3.2381161 2.0310377 1.7786835 1.5111773 1.7786835 1.3744361 1.5901977 1.7786835 1.7786835 2.1983953 1.2070784 1.2070784 
t3         1.8942965 1.6785349 1.7786835 1.7786835 1.0297869 0.6388142 0.0000000 3.2381161 2.7182557 2.7182557 1.5901977 1.6785349 1.7786835 1.6785349 1.8942965 2.1983953 1.8942965 1.7786835 1.5111773 1.4396946 
t4         2.4141569 0.7126442 0.8239592 0.5504769 1.2588231 2.7182557 3.2381161 0.0000000 0.4904449 2.0310377 2.4141569 1.5901977 1.5111773 1.8942965 1.3744361 1.3744361 1.2588231 1.4396946 1.1132061 1.1586745 
t20        2.1983953 0.7126442 0.6872180 0.4714565 1.3144041 3.2381161 2.7182557 0.4904449 0.0000000 1.8942965 1.7786835 1.3144041 1.5901977 1.4396946 1.3144041 1.3144041 1.2070784 1.1586745 1.5901977 1.5901977 
t16        1.1132061 1.8942965 2.1983953 1.7786835 1.2588231 2.0310377 2.7182557 2.0310377 1.8942965 0.0000000 0.3831192 1.3744361 1.3744361 1.4396946 1.1586745 1.2070784 1.3744361 1.5111773 1.2588231 1.2588231 
t12        1.1132061 2.7182557 1.5111773 2.7182557 1.0703373 1.7786835 1.5901977 2.4141569 1.7786835 0.3831192 0.0000000 1.0703373 1.1132061 1.0703373 1.0297869 1.0703373 1.2070784 1.2588231 1.2588231 1.2588231 
t15        0.9547243 1.1586745 1.4396946 0.9198342 1.5901977 1.5111773 1.6785349 1.5901977 1.3144041 1.3744361 1.0703373 0.0000000 0.1673577 0.1189538 0.6157354 0.6388142 0.3192509 0.3831192 1.6785349 1.6785349 
t19        1.0703373 1.4396946 1.4396946 1.0297869 1.6785349 1.7786835 1.7786835 1.5111773 1.5901977 1.3744361 1.1132061 0.1673577 0.0000000 0.1307650 0.6626257 0.6872180 0.3666350 0.4348639 1.5901977 1.5901977 
t17        0.8864954 1.2588231 1.4396946 1.0703373 1.7786835 1.3744361 1.6785349 1.8942965 1.4396946 1.4396946 1.0703373 0.1189538 0.1307650 0.0000000 0.5933457 0.6157354 0.3192509 0.3831192 1.5901977 1.5901977 
t18        1.1132061 1.1586745 1.2588231 1.1132061 1.0703373 1.5901977 1.8942965 1.3744361 1.3144041 1.1586745 1.0297869 0.6157354 0.6626257 0.5933457 0.0000000 0.0306165 0.5099265 0.6157354 1.2070784 1.2588231 
t11        1.2588231 1.2588231 1.3144041 1.1132061 1.1132061 1.7786835 2.1983953 1.3744361 1.3144041 1.2070784 1.0703373 0.6388142 0.6872180 0.6157354 0.0306165 0.0000000 0.5504769 0.6626257 1.2588231 1.3144041 
t9         0.8864954 0.8864954 1.1132061 0.8239592 1.3144041 1.7786835 1.8942965 1.2588231 1.2070784 1.3744361 1.2070784 0.3192509 0.3666350 0.3192509 0.5099265 0.5504769 0.0000000 0.1307650 1.3744361 1.4396946 
t7         1.0297869 1.0297869 1.1132061 1.0297869 1.3144041 2.1983953 1.7786835 1.4396946 1.1586745 1.5111773 1.2588231 0.3831192 0.4348639 0.3831192 0.6157354 0.6626257 0.1307650 0.0000000 1.3744361 1.4396946 
t8         1.2588231 0.7389627 1.3144041 1.1586745 0.3831192 1.2070784 1.5111773 1.1132061 1.5901977 1.2588231 1.2588231 1.6785349 1.5901977 1.5901977 1.2070784 1.2588231 1.3744361 1.3744361 0.0000000 0.0202715 
t14        1.2588231 0.6872180 1.3144041 1.0703373 0.3505054 1.2070784 1.4396946 1.1586745 1.5901977 1.2588231 1.2588231 1.6785349 1.5901977 1.5901977 1.2588231 1.3144041 1.4396946 1.4396946 0.0202715 0.0000000 
