20
t1         0.0000000 1.3144041 0.7662384 0.7945437 0.7945437 1.2070784 0.7662384 1.1586745 1.1586745 0.7389627 0.9198342 0.9547243 0.9547243 0.8545757 0.8239592 0.7945437 0.6388142 0.8239592 0.8864954 0.7945437 
t7         1.3144041 0.0000000 0.9198342 0.7662384 0.5933457 0.9913169 0.7945437 0.9913169 1.3144041 0.8545757 0.8239592 0.5716050 0.7662384 0.7945437 0.8239592 0.9547243 0.8864954 0.7945437 0.8864954 0.8239592 
t3         0.7662384 0.9198342 0.0000000 0.5504769 0.5099265 0.8545757 0.4348639 0.8864954 0.8545757 0.4904449 0.5299277 0.5099265 0.5933457 0.7389627 0.6872180 0.4904449 0.4904449 0.6388142 0.5716050 0.5504769 
t17        0.7945437 0.7662384 0.5504769 0.0000000 0.4348639 0.7389627 0.4348639 0.7389627 0.7945437 0.5504769 0.5299277 0.4348639 0.5504769 0.6388142 0.7126442 0.5933457 0.5504769 0.5716050 0.6388142 0.5933457 
t12        0.7945437 0.5933457 0.5099265 0.4348639 0.0000000 0.5099265 0.3831192 0.5504769 0.6157354 0.3999739 0.4172160 0.3040988 0.4529370 0.6157354 0.6157354 0.5299277 0.4904449 0.5099265 0.4904449 0.4529370 
t19        1.2070784 0.9913169 0.8545757 0.7389627 0.5099265 0.0000000 0.6157354 0.8239592 0.7389627 0.5716050 0.7389627 0.5099265 0.6157354 0.8545757 0.8545757 0.7945437 0.6872180 0.6872180 0.6626257 0.6157354 
t5         0.7662384 0.7945437 0.4348639 0.4348639 0.3831192 0.6157354 0.0000000 0.6157354 0.6388142 0.3831192 0.3040988 0.3347153 0.5099265 0.6388142 0.5504769 0.4904449 0.4529370 0.4348639 0.4348639 0.3999739 
t18        1.1586745 0.9913169 0.8864954 0.7389627 0.5504769 0.8239592 0.6157354 0.0000000 0.3831192 0.6626257 0.6388142 0.5504769 0.7389627 0.7126442 0.7389627 0.8239592 0.7389627 0.9547243 0.8864954 0.8545757 
t4         1.1586745 1.3144041 0.8545757 0.7945437 0.6157354 0.7389627 0.6388142 0.3831192 0.0000000 0.6626257 0.7389627 0.5504769 0.6157354 0.9198342 0.7945437 0.8239592 0.7389627 0.7945437 0.7662384 0.7126442 
t13        0.7389627 0.8545757 0.4904449 0.5504769 0.3999739 0.5716050 0.3831192 0.6626257 0.6626257 0.0000000 0.3192509 0.4529370 0.5716050 0.6626257 0.5716050 0.5099265 0.5099265 0.3999739 0.3505054 0.3192509 
t9         0.9198342 0.8239592 0.5299277 0.5299277 0.4172160 0.7389627 0.3040988 0.6388142 0.7389627 0.3192509 0.0000000 0.4904449 0.6157354 0.7126442 0.5716050 0.6626257 0.5504769 0.4348639 0.4348639 0.3831192 
t10        0.9547243 0.5716050 0.5099265 0.4348639 0.3040988 0.5099265 0.3347153 0.5504769 0.5504769 0.4529370 0.4904449 0.0000000 0.2603971 0.5504769 0.6157354 0.5299277 0.5099265 0.5299277 0.5299277 0.5099265 
t6         0.9547243 0.7662384 0.5933457 0.5504769 0.4529370 0.6157354 0.5099265 0.7389627 0.6157354 0.5716050 0.6157354 0.2603971 0.0000000 0.6626257 0.6157354 0.5504769 0.5933457 0.6157354 0.6872180 0.6157354 
t14        0.8545757 0.7945437 0.7389627 0.6388142 0.6157354 0.8545757 0.6388142 0.7126442 0.9198342 0.6626257 0.7126442 0.5504769 0.6626257 0.0000000 0.2326162 0.6388142 0.5504769 0.6626257 0.7945437 0.7126442 
t8         0.8239592 0.8239592 0.6872180 0.7126442 0.6157354 0.8545757 0.5504769 0.7389627 0.7945437 0.5716050 0.5716050 0.6157354 0.6157354 0.2326162 0.0000000 0.7389627 0.6157354 0.6388142 0.6388142 0.5716050 
t15        0.7945437 0.9547243 0.4904449 0.5933457 0.5299277 0.7945437 0.4904449 0.8239592 0.8239592 0.5099265 0.6626257 0.5299277 0.5504769 0.6388142 0.7389627 0.0000000 0.1549607 0.5716050 0.5933457 0.5504769 
t11        0.6388142 0.8864954 0.4904449 0.5504769 0.4904449 0.6872180 0.4529370 0.7389627 0.7389627 0.5099265 0.5504769 0.5099265 0.5933457 0.5504769 0.6157354 0.1549607 0.0000000 0.5299277 0.5716050 0.5099265 
t16        0.8239592 0.7945437 0.6388142 0.5716050 0.5099265 0.6872180 0.4348639 0.9547243 0.7945437 0.3999739 0.4348639 0.5299277 0.6157354 0.6626257 0.6388142 0.5716050 0.5299277 0.0000000 0.0958750 0.0734853 
t2         0.8864954 0.8864954 0.5716050 0.6388142 0.4904449 0.6626257 0.4348639 0.8864954 0.7662384 0.3505054 0.4348639 0.5299277 0.6872180 0.7945437 0.6388142 0.5933457 0.5716050 0.0958750 0.0000000 0.0411062 
t20        0.7945437 0.8239592 0.5504769 0.5933457 0.4529370 0.6157354 0.3999739 0.8545757 0.7126442 0.3192509 0.3831192 0.5099265 0.6157354 0.7126442 0.5716050 0.5504769 0.5099265 0.0734853 0.0411062 0.0000000 
