20
t1         0.0000000 0.7126442 1.1132061 0.8239592 1.1132061 1.1586745 0.9547243 1.1132061 0.8545757 0.8239592 1.4396946 1.2588231 0.9547243 0.9198342 0.8864954 0.9913169 0.8864954 0.8239592 1.1132061 1.1132061 
t8         0.7126442 0.0000000 1.2070784 0.9913169 0.9198342 1.0297869 1.0297869 1.4396946 0.7945437 0.7945437 1.0703373 1.3144041 1.0703373 0.8864954 0.7389627 0.7662384 0.8239592 0.8545757 1.2070784 1.1586745 
t13        1.1132061 1.2070784 0.0000000 1.3744361 1.1132061 1.0297869 1.2070784 1.1132061 1.3744361 1.3744361 1.1132061 1.1586745 0.9547243 1.3744361 1.3144041 1.3744361 1.3144041 1.4396946 0.9913169 1.0297869 
t6         0.8239592 0.9913169 1.3744361 0.0000000 0.8545757 0.6872180 0.7945437 1.2070784 1.0703373 1.1586745 0.7662384 0.7389627 0.5099265 0.4348639 0.8239592 0.9547243 0.9198342 0.8545757 0.6872180 0.7389627 
t15        1.1132061 0.9198342 1.1132061 0.8545757 0.0000000 0.7662384 0.5299277 0.6157354 1.3744361 1.2070784 0.6626257 0.6157354 0.8239592 0.9198342 1.0703373 1.2070784 1.1586745 1.2588231 0.9547243 0.9198342 
t7         1.1586745 1.0297869 1.0297869 0.6872180 0.7662384 0.0000000 0.6872180 0.7662384 1.4396946 1.3744361 0.7945437 0.8239592 0.6157354 0.5299277 0.9198342 0.9913169 1.2588231 1.1586745 0.5299277 0.4714565 
t20        0.9547243 1.0297869 1.2070784 0.7945437 0.5299277 0.6872180 0.0000000 0.4172160 1.1586745 1.3144041 0.5299277 0.5504769 0.8239592 0.8239592 1.1586745 1.2070784 1.0703373 1.0703373 0.8239592 0.7945437 
t3         1.1132061 1.4396946 1.1132061 1.2070784 0.6157354 0.7662384 0.4172160 0.0000000 1.7786835 1.7786835 0.5504769 0.6872180 0.8864954 0.9198342 1.2588231 1.4396946 1.7786835 1.5901977 0.8545757 0.8864954 
t11        0.8545757 0.7945437 1.3744361 1.0703373 1.3744361 1.4396946 1.1586745 1.7786835 0.0000000 0.3347153 1.4396946 1.5111773 1.1132061 0.8864954 0.7126442 0.7389627 0.7945437 0.9198342 1.1132061 1.1586745 
t16        0.8239592 0.7945437 1.3744361 1.1586745 1.2070784 1.3744361 1.3144041 1.7786835 0.3347153 0.0000000 1.5901977 1.6785349 0.9547243 0.8545757 0.6626257 0.6872180 0.8545757 0.8545757 1.3144041 1.3744361 
t12        1.4396946 1.0703373 1.1132061 0.7662384 0.6626257 0.7945437 0.5299277 0.5504769 1.4396946 1.5901977 0.0000000 0.2326162 0.7389627 0.6872180 1.0703373 1.1586745 1.2588231 1.2588231 0.7662384 0.7662384 
t4         1.2588231 1.3144041 1.1586745 0.7389627 0.6157354 0.8239592 0.5504769 0.6872180 1.5111773 1.6785349 0.2326162 0.0000000 0.8239592 0.7126442 1.0703373 1.1586745 1.1586745 1.2588231 0.7945437 0.7389627 
t2         0.9547243 1.0703373 0.9547243 0.5099265 0.8239592 0.6157354 0.8239592 0.8864954 1.1132061 0.9547243 0.7389627 0.8239592 0.0000000 0.3040988 0.7945437 0.9198342 1.1132061 1.0703373 0.6626257 0.7126442 
t17        0.9198342 0.8864954 1.3744361 0.4348639 0.9198342 0.5299277 0.8239592 0.9198342 0.8864954 0.8545757 0.6872180 0.7126442 0.3040988 0.0000000 0.7126442 0.8545757 0.8545757 0.8864954 0.6157354 0.6388142 
t19        0.8864954 0.7389627 1.3144041 0.8239592 1.0703373 0.9198342 1.1586745 1.2588231 0.7126442 0.6626257 1.0703373 1.0703373 0.7945437 0.7126442 0.0000000 0.0845966 0.7389627 0.7662384 1.1586745 1.1132061 
t5         0.9913169 0.7662384 1.3744361 0.9547243 1.2070784 0.9913169 1.2070784 1.4396946 0.7389627 0.6872180 1.1586745 1.1586745 0.9198342 0.8545757 0.0845966 0.0000000 0.9198342 0.9198342 1.2070784 1.1586745 
t18        0.8864954 0.8239592 1.3144041 0.9198342 1.1586745 1.2588231 1.0703373 1.7786835 0.7945437 0.8545757 1.2588231 1.1586745 1.1132061 0.8545757 0.7389627 0.9198342 0.0000000 0.1549607 1.3744361 1.2588231 
t10        0.8239592 0.8545757 1.4396946 0.8545757 1.2588231 1.1586745 1.0703373 1.5901977 0.9198342 0.8545757 1.2588231 1.2588231 1.0703373 0.8864954 0.7662384 0.9198342 0.1549607 0.0000000 1.3744361 1.2588231 
t9         1.1132061 1.2070784 0.9913169 0.6872180 0.9547243 0.5299277 0.8239592 0.8545757 1.1132061 1.3144041 0.7662384 0.7945437 0.6626257 0.6157354 1.1586745 1.2070784 1.3744361 1.3744361 0.0000000 0.0625362 
t14        1.1132061 1.1586745 1.0297869 0.7389627 0.9198342 0.4714565 0.7945437 0.8864954 1.1586745 1.3744361 0.7662384 0.7389627 0.7126442 0.6388142 1.1132061 1.1586745 1.2588231 1.2588231 0.0625362 0.0000000 
