20
t17        0.0000000 1.5901977 2.7182557 1.3744361 1.0703373 2.0310377 9.0000000 2.0310377 1.7786835 1.7786835 1.7786835 2.4141569 1.5901977 1.8942965 1.6785349 1.8942965 1.5901977 1.4396946 9.0000000 9.0000000 
t6         1.5901977 0.0000000 0.6872180 0.7126442 0.8545757 1.1132061 0.7126442 0.9913169 0.8239592 1.0297869 0.7662384 0.7126442 0.6872180 1.2070784 0.8239592 0.7662384 0.6872180 0.6157354 0.9198342 0.9198342 
t1         2.7182557 0.6872180 0.0000000 0.9547243 1.2070784 0.9913169 0.7945437 1.3144041 1.1586745 1.4396946 0.6626257 0.5716050 0.9547243 1.0703373 0.7662384 0.8239592 0.7945437 0.7389627 1.6785349 1.6785349 
t10        1.3744361 0.7126442 0.9547243 0.0000000 0.3192509 1.3744361 0.9547243 1.1586745 1.1132061 1.2588231 0.9913169 0.7662384 1.0297869 1.1586745 1.0703373 0.9547243 0.9198342 0.8545757 1.2070784 1.2070784 
t2         1.0703373 0.8545757 1.2070784 0.3192509 0.0000000 1.5111773 0.9198342 1.5901977 1.4396946 1.3744361 1.0703373 0.9198342 1.2070784 1.4396946 1.1586745 1.0297869 1.1132061 0.9913169 1.6785349 1.6785349 
t20        2.0310377 1.1132061 0.9913169 1.3744361 1.5111773 0.0000000 0.6872180 1.3144041 1.4396946 1.1586745 0.7126442 0.6872180 1.0297869 1.3744361 1.1586745 1.1586745 0.9913169 0.8545757 2.7182557 2.7182557 
t4         9.0000000 0.7126442 0.7945437 0.9547243 0.9198342 0.6872180 0.0000000 1.1586745 1.1586745 1.0703373 0.7389627 0.5933457 0.9198342 0.9547243 0.9198342 0.8545757 0.7662384 0.8239592 1.5901977 1.5901977 
t16        2.0310377 0.9913169 1.3144041 1.1586745 1.5901977 1.3144041 1.1586745 0.0000000 0.4172160 0.4529370 1.8942965 1.3144041 1.5901977 2.0310377 1.6785349 1.7786835 2.0310377 1.6785349 1.4396946 1.4396946 
t13        1.7786835 0.8239592 1.1586745 1.1132061 1.4396946 1.4396946 1.1586745 0.4172160 0.0000000 0.3831192 1.7786835 1.3144041 1.7786835 1.7786835 1.6785349 1.5901977 1.5111773 1.3744361 1.5111773 1.5111773 
t18        1.7786835 1.0297869 1.4396946 1.2588231 1.3744361 1.1586745 1.0703373 0.4529370 0.3831192 0.0000000 1.5111773 1.2070784 1.5901977 1.8942965 1.4396946 1.3744361 1.3144041 1.2588231 1.1132061 1.1132061 
t15        1.7786835 0.7662384 0.6626257 0.9913169 1.0703373 0.7126442 0.7389627 1.8942965 1.7786835 1.5111773 0.0000000 0.3040988 1.1132061 1.3144041 0.4529370 0.4172160 0.4172160 0.4172160 1.7786835 1.7786835 
t5         2.4141569 0.7126442 0.5716050 0.7662384 0.9198342 0.6872180 0.5933457 1.3144041 1.3144041 1.2070784 0.3040988 0.0000000 0.9913169 0.9913169 0.4348639 0.4714565 0.4348639 0.3831192 1.8942965 1.8942965 
t7         1.5901977 0.6872180 0.9547243 1.0297869 1.2070784 1.0297869 0.9198342 1.5901977 1.7786835 1.5901977 1.1132061 0.9913169 0.0000000 0.5504769 1.1132061 1.1586745 0.9913169 0.9198342 1.6785349 1.6785349 
t11        1.8942965 1.2070784 1.0703373 1.1586745 1.4396946 1.3744361 0.9547243 2.0310377 1.7786835 1.8942965 1.3144041 0.9913169 0.5504769 0.0000000 1.3744361 1.1132061 1.1132061 1.0703373 1.7786835 1.7786835 
t19        1.6785349 0.8239592 0.7662384 1.0703373 1.1586745 1.1586745 0.9198342 1.6785349 1.6785349 1.4396946 0.4529370 0.4348639 1.1132061 1.3744361 0.0000000 0.1927838 0.2892469 0.2603971 1.4396946 1.4396946 
t9         1.8942965 0.7662384 0.8239592 0.9547243 1.0297869 1.1586745 0.8545757 1.7786835 1.5901977 1.3744361 0.4172160 0.4714565 1.1586745 1.1132061 0.1927838 0.0000000 0.3040988 0.2746833 1.4396946 1.4396946 
t12        1.5901977 0.6872180 0.7945437 0.9198342 1.1132061 0.9913169 0.7662384 2.0310377 1.5111773 1.3144041 0.4172160 0.4348639 0.9913169 1.1132061 0.2892469 0.3040988 0.0000000 0.0845966 1.7786835 1.7786835 
t8         1.4396946 0.6157354 0.7389627 0.8545757 0.9913169 0.8545757 0.8239592 1.6785349 1.3744361 1.2588231 0.4172160 0.3831192 0.9198342 1.0703373 0.2603971 0.2746833 0.0845966 0.0000000 1.7786835 1.7786835 
t14        9.0000000 0.9198342 1.6785349 1.2070784 1.6785349 2.7182557 1.5901977 1.4396946 1.5111773 1.1132061 1.7786835 1.8942965 1.6785349 1.7786835 1.4396946 1.4396946 1.7786835 1.7786835 0.0000000 0.0000010 
t3         9.0000000 0.9198342 1.6785349 1.2070784 1.6785349 2.7182557 1.5901977 1.4396946 1.5111773 1.1132061 1.7786835 1.8942965 1.6785349 1.7786835 1.4396946 1.4396946 1.7786835 1.7786835 0.0000010 0.0000000 
