20
t20        0.0000000 0.9547243 1.6785349 1.8942965 0.7389627 0.8864954 0.9913169 1.2588231 1.6785349 0.9913169 1.2588231 1.3744361 1.7786835 1.5901977 1.3744361 1.4396946 0.9198342 0.9198342 0.7945437 0.7662384 
t10        0.9547243 0.0000000 1.2588231 1.7786835 0.8864954 0.7945437 0.6388142 0.8864954 1.0297869 0.8545757 1.0297869 1.0297869 1.2070784 1.0703373 0.9547243 0.9547243 0.9913169 0.9547243 0.8864954 0.8239592 
t16        1.6785349 1.2588231 0.0000000 2.7182557 1.8942965 1.5111773 1.5111773 1.3144041 1.5111773 1.4396946 1.4396946 1.2588231 9.0000000 2.4141569 1.5901977 1.4396946 1.6785349 1.3144041 1.7786835 1.5901977 
t2         1.8942965 1.7786835 2.7182557 0.0000000 1.5111773 1.3744361 1.8942965 3.2381161 2.7182557 1.8942965 1.7786835 1.6785349 2.4141569 1.8942965 1.5901977 1.5111773 2.4141569 1.8942965 1.5901977 1.6785349 
t4         0.7389627 0.8864954 1.8942965 1.5111773 0.0000000 0.8864954 0.8545757 0.7126442 1.0703373 0.9913169 1.0297869 0.9913169 1.3144041 1.1586745 0.9198342 0.8545757 0.9547243 0.9547243 0.6872180 0.6388142 
t14        0.8864954 0.7945437 1.5111773 1.3744361 0.8864954 0.0000000 0.1927838 0.8864954 0.8864954 0.9913169 1.1586745 1.0297869 1.4396946 1.2588231 1.1132061 1.0297869 1.0703373 0.9547243 0.8239592 0.8239592 
t18        0.9913169 0.6388142 1.5111773 1.8942965 0.8545757 0.1927838 0.0000000 0.7126442 0.7389627 0.8864954 0.9198342 0.9198342 1.1586745 1.0297869 1.0297869 0.9913169 0.8545757 0.8239592 0.7126442 0.7126442 
t11        1.2588231 0.8864954 1.3144041 3.2381161 0.7126442 0.8864954 0.7126442 0.0000000 0.5299277 1.5111773 1.0703373 1.0703373 1.0703373 0.9198342 1.0297869 0.9547243 1.2070784 1.1586745 0.8545757 0.7945437 
t17        1.6785349 1.0297869 1.5111773 2.7182557 1.0703373 0.8864954 0.7389627 0.5299277 0.0000000 1.5111773 0.8864954 0.9547243 1.0297869 0.8864954 0.9913169 0.9547243 1.4396946 1.3744361 0.9547243 0.8864954 
t5         0.9913169 0.8545757 1.4396946 1.8942965 0.9913169 0.9913169 0.8864954 1.5111773 1.5111773 0.0000000 1.3144041 1.2588231 1.5111773 1.3144041 1.1586745 1.1132061 0.3192509 0.2603971 0.9547243 0.9913169 
t13        1.2588231 1.0297869 1.4396946 1.7786835 1.0297869 1.1586745 0.9198342 1.0703373 0.8864954 1.3144041 0.0000000 0.0958750 1.5901977 1.4396946 0.2603971 0.2463781 1.7786835 1.5901977 1.1132061 1.1132061 
t7         1.3744361 1.0297869 1.2588231 1.6785349 0.9913169 1.0297869 0.9198342 1.0703373 0.9547243 1.2588231 0.0958750 0.0000000 1.6785349 1.5901977 0.2463781 0.2603971 1.7786835 1.5901977 1.1586745 1.1586745 
t19        1.7786835 1.2070784 9.0000000 2.4141569 1.3144041 1.4396946 1.1586745 1.0703373 1.0297869 1.5111773 1.5901977 1.6785349 0.0000000 0.0625362 1.5901977 1.6785349 1.5901977 1.4396946 1.2070784 1.1132061 
t8         1.5901977 1.0703373 2.4141569 1.8942965 1.1586745 1.2588231 1.0297869 0.9198342 0.8864954 1.3144041 1.4396946 1.5901977 0.0625362 0.0000000 1.4396946 1.4396946 1.5111773 1.2588231 1.1132061 1.1132061 
t15        1.3744361 0.9547243 1.5901977 1.5901977 0.9198342 1.1132061 1.0297869 1.0297869 0.9913169 1.1586745 0.2603971 0.2463781 1.5901977 1.4396946 0.0000000 0.0411062 1.6785349 1.6785349 1.0703373 1.0703373 
t6         1.4396946 0.9547243 1.4396946 1.5111773 0.8545757 1.0297869 0.9913169 0.9547243 0.9547243 1.1132061 0.2463781 0.2603971 1.6785349 1.4396946 0.0411062 0.0000000 1.5901977 1.5901977 1.1132061 1.1132061 
t9         0.9198342 0.9913169 1.6785349 2.4141569 0.9547243 1.0703373 0.8545757 1.2070784 1.4396946 0.3192509 1.7786835 1.7786835 1.5901977 1.5111773 1.6785349 1.5901977 0.0000000 0.1307650 0.9198342 0.9913169 
t1         0.9198342 0.9547243 1.3144041 1.8942965 0.9547243 0.9547243 0.8239592 1.1586745 1.3744361 0.2603971 1.5901977 1.5901977 1.4396946 1.2588231 1.6785349 1.5901977 0.1307650 0.0000000 0.8864954 0.9198342 
t3         0.7945437 0.8864954 1.7786835 1.5901977 0.6872180 0.8239592 0.7126442 0.8545757 0.9547243 0.9547243 1.1132061 1.1586745 1.2070784 1.1132061 1.0703373 1.1132061 0.9198342 0.8864954 0.0000000 0.0411062 
t12        0.7662384 0.8239592 1.5901977 1.6785349 0.6388142 0.8239592 0.7126442 0.7945437 0.8864954 0.9913169 1.1132061 1.1586745 1.1132061 1.1132061 1.0703373 1.1132061 0.9913169 0.9198342 0.0411062 0.0000000 
