20
t15        0.0000000 2.4141569 1.8942965 2.1983953 2.7182557 9.0000000 2.4141569 9.0000000 9.0000000 2.4141569 1.8942965 2.7182557 1.4396946 1.6785349 9.0000000 9.0000000 3.2381161 2.1983953 1.7786835 2.4141569 
t2         2.4141569 0.0000000 2.1983953 1.4396946 1.1132061 9.0000000 9.0000000 2.1983953 2.1983953 9.0000000 2.1983953 9.0000000 9.0000000 9.0000000 9.0000000 9.0000000 9.0000000 9.0000000 3.2381161 9.0000000 
t12        1.8942965 2.1983953 0.0000000 9.0000000 2.1983953 1.2588231 3.2381161 1.5901977 1.8942965 0.7945437 1.1586745 2.1983953 1.1586745 1.2070784 2.1983953 3.2381161 9.0000000 2.7182557 1.3144041 1.3144041 
t4         2.1983953 1.4396946 9.0000000 0.0000000 0.7662384 1.7786835 2.4141569 1.2070784 1.4396946 2.4141569 1.7786835 2.0310377 2.7182557 2.4141569 9.0000000 2.7182557 2.7182557 1.7786835 2.0310377 1.8942965 
t3         2.7182557 1.1132061 2.1983953 0.7662384 0.0000000 2.0310377 3.2381161 2.1983953 2.0310377 2.4141569 1.6785349 3.2381161 1.8942965 1.7786835 2.0310377 1.8942965 1.8942965 9.0000000 1.3744361 1.3144041 
t13        9.0000000 9.0000000 1.2588231 1.7786835 2.0310377 0.0000000 2.1983953 3.2381161 9.0000000 1.8942965 1.5901977 1.4396946 0.9913169 0.7662384 1.7786835 1.8942965 1.2588231 1.4396946 2.1983953 2.7182557 
t16        2.4141569 9.0000000 3.2381161 2.4141569 3.2381161 2.1983953 0.0000000 2.4141569 3.2381161 9.0000000 9.0000000 0.4714565 1.8942965 1.2070784 9.0000000 9.0000000 0.5299277 0.4714565 9.0000000 9.0000000 
t1         9.0000000 2.1983953 1.5901977 1.2070784 2.1983953 3.2381161 2.4141569 0.0000000 0.1673577 1.7786835 2.1983953 2.4141569 3.2381161 1.7786835 1.4396946 1.4396946 9.0000000 9.0000000 1.0703373 1.1132061 
t9         9.0000000 2.1983953 1.8942965 1.4396946 2.0310377 9.0000000 3.2381161 0.1673577 0.0000000 1.8942965 2.0310377 2.7182557 2.7182557 1.6785349 1.2588231 1.4396946 9.0000000 9.0000000 1.2588231 1.3144041 
t7         2.4141569 9.0000000 0.7945437 2.4141569 2.4141569 1.8942965 9.0000000 1.7786835 1.8942965 0.0000000 0.3831192 9.0000000 3.2381161 1.6785349 1.2588231 1.5901977 9.0000000 9.0000000 1.5901977 1.4396946 
t5         1.8942965 2.1983953 1.1586745 1.7786835 1.6785349 1.5901977 9.0000000 2.1983953 2.0310377 0.3831192 0.0000000 2.7182557 1.6785349 1.3144041 1.5901977 1.8942965 9.0000000 9.0000000 1.3744361 1.2588231 
t18        2.7182557 9.0000000 2.1983953 2.0310377 3.2381161 1.4396946 0.4714565 2.4141569 2.7182557 9.0000000 2.7182557 0.0000000 1.3144041 0.9198342 9.0000000 9.0000000 0.3040988 0.1799630 2.4141569 2.7182557 
t10        1.4396946 9.0000000 1.1586745 2.7182557 1.8942965 0.9913169 1.8942965 3.2381161 2.7182557 3.2381161 1.6785349 1.3144041 0.0000000 0.2892469 1.6785349 1.5901977 1.5901977 1.4396946 1.4396946 1.5111773 
t20        1.6785349 9.0000000 1.2070784 2.4141569 1.7786835 0.7662384 1.2070784 1.7786835 1.6785349 1.6785349 1.3144041 0.9198342 0.2892469 0.0000000 1.3144041 1.5111773 1.3144041 1.0703373 1.2588231 1.2588231 
t8         9.0000000 9.0000000 2.1983953 9.0000000 2.0310377 1.7786835 9.0000000 1.4396946 1.2588231 1.2588231 1.5901977 9.0000000 1.6785349 1.3144041 0.0000000 0.1189538 9.0000000 9.0000000 0.7126442 0.6872180 
t17        9.0000000 9.0000000 3.2381161 2.7182557 1.8942965 1.8942965 9.0000000 1.4396946 1.4396946 1.5901977 1.8942965 9.0000000 1.5901977 1.5111773 0.1189538 0.0000000 9.0000000 9.0000000 0.8239592 0.8545757 
t19        3.2381161 9.0000000 9.0000000 2.7182557 1.8942965 1.2588231 0.5299277 9.0000000 9.0000000 9.0000000 9.0000000 0.3040988 1.5901977 1.3144041 9.0000000 9.0000000 0.0000000 0.2463781 9.0000000 9.0000000 
t14        2.1983953 9.0000000 2.7182557 1.7786835 9.0000000 1.4396946 0.4714565 9.0000000 9.0000000 9.0000000 9.0000000 0.1799630 1.4396946 1.0703373 9.0000000 9.0000000 0.2463781 0.0000000 9.0000000 9.0000000 
t11        1.7786835 3.2381161 1.3144041 2.0310377 1.3744361 2.1983953 9.0000000 1.0703373 1.2588231 1.5901977 1.3744361 2.4141569 1.4396946 1.2588231 0.7126442 0.8239592 9.0000000 9.0000000 0.0000000 0.0625362 
t6         2.4141569 9.0000000 1.3144041 1.8942965 1.3144041 2.7182557 9.0000000 1.1132061 1.3144041 1.4396946 1.2588231 2.7182557 1.5111773 1.2588231 0.6872180 0.8545757 9.0000000 9.0000000 0.0625362 0.0000000 
