20
t19        0.0000000 1.7786835 1.3744361 1.8942965 1.5901977 1.2588231 1.2070784 0.6872180 0.8545757 1.2070784 1.3144041 1.3144041 1.4396946 1.3744361 1.2588231 1.1132061 0.7945437 0.8864954 1.2070784 1.3144041 
t1         1.7786835 0.0000000 1.1586745 1.8942965 1.2070784 1.1132061 9.0000000 1.0703373 1.1586745 3.2381161 1.4396946 2.1983953 2.1983953 1.7786835 1.7786835 1.7786835 1.1586745 1.2588231 1.5901977 1.8942965 
t6         1.3744361 1.1586745 0.0000000 1.1586745 1.1132061 1.0297869 1.1586745 0.7662384 0.9547243 1.3744361 1.1132061 1.1132061 1.5111773 1.2070784 1.2070784 1.2070784 0.8545757 0.9913169 1.1586745 1.1132061 
t10        1.8942965 1.8942965 1.1586745 0.0000000 1.1132061 1.3144041 1.6785349 0.7945437 1.1132061 1.5111773 1.3144041 1.3744361 1.3144041 1.1586745 1.3744361 1.3744361 1.0703373 1.2070784 1.1132061 1.0703373 
t17        1.5901977 1.2070784 1.1132061 1.1132061 0.0000000 0.7945437 0.8239592 0.7662384 1.2588231 1.1586745 0.7662384 1.0297869 1.0297869 0.6388142 1.0703373 1.2070784 1.1132061 1.1132061 0.6626257 0.6626257 
t7         1.2588231 1.1132061 1.0297869 1.3144041 0.7945437 0.0000000 0.6388142 0.7389627 1.0297869 0.6388142 0.9913169 0.7389627 0.8864954 0.8545757 1.2070784 1.5901977 0.8239592 0.9198342 0.8239592 0.8239592 
t14        1.2070784 9.0000000 1.1586745 1.6785349 0.8239592 0.6388142 0.0000000 0.7126442 1.0297869 0.3831192 1.1132061 0.6388142 0.6872180 0.8864954 1.0297869 1.3744361 0.9913169 1.2070784 0.8239592 0.8239592 
t12        0.6872180 1.0703373 0.7662384 0.7945437 0.7662384 0.7389627 0.7126442 0.0000000 0.3505054 0.8239592 0.9198342 0.6872180 0.9547243 0.7945437 0.7945437 0.9913169 0.4529370 0.5504769 0.7389627 0.7389627 
t13        0.8545757 1.1586745 0.9547243 1.1132061 1.2588231 1.0297869 1.0297869 0.3505054 0.0000000 0.9913169 1.3144041 0.8545757 0.9198342 1.1586745 0.8864954 0.9913169 0.6157354 0.6388142 1.0703373 1.0703373 
t4         1.2070784 3.2381161 1.3744361 1.5111773 1.1586745 0.6388142 0.3831192 0.8239592 0.9913169 0.0000000 1.0703373 0.5099265 0.5716050 0.8864954 1.2588231 1.5901977 0.9547243 1.1586745 0.8239592 0.7945437 
t11        1.3144041 1.4396946 1.1132061 1.3144041 0.7662384 0.9913169 1.1132061 0.9198342 1.3144041 1.0703373 0.0000000 1.3144041 1.6785349 0.3505054 1.5901977 1.6785349 1.1132061 1.0297869 0.3505054 0.3666350 
t2         1.3144041 2.1983953 1.1132061 1.3744361 1.0297869 0.7389627 0.6388142 0.6872180 0.8545757 0.5099265 1.3144041 0.0000000 0.4904449 1.1586745 1.3144041 1.5111773 0.8864954 1.0703373 1.0703373 0.9913169 
t20        1.4396946 2.1983953 1.5111773 1.3144041 1.0297869 0.8864954 0.6872180 0.9547243 0.9198342 0.5716050 1.6785349 0.4904449 0.0000000 1.3744361 1.3744361 1.5901977 1.1586745 1.2588231 1.3144041 1.2588231 
t3         1.3744361 1.7786835 1.2070784 1.1586745 0.6388142 0.8545757 0.8864954 0.7945437 1.1586745 0.8864954 0.3505054 1.1586745 1.3744361 0.0000000 1.3744361 1.5111773 1.1132061 1.0297869 0.0411062 0.0625362 
t8         1.2588231 1.7786835 1.2070784 1.3744361 1.0703373 1.2070784 1.0297869 0.7945437 0.8864954 1.2588231 1.5901977 1.3144041 1.3744361 1.3744361 0.0000000 0.3505054 1.0297869 1.1586745 1.3144041 1.3144041 
t5         1.1132061 1.7786835 1.2070784 1.3744361 1.2070784 1.5901977 1.3744361 0.9913169 0.9913169 1.5901977 1.6785349 1.5111773 1.5901977 1.5111773 0.3505054 0.0000000 1.2588231 1.3744361 1.5111773 1.5901977 
t15        0.7945437 1.1586745 0.8545757 1.0703373 1.1132061 0.8239592 0.9913169 0.4529370 0.6157354 0.9547243 1.1132061 0.8864954 1.1586745 1.1132061 1.0297869 1.2588231 0.0000000 0.1799630 1.1132061 1.1132061 
t9         0.8864954 1.2588231 0.9913169 1.2070784 1.1132061 0.9198342 1.2070784 0.5504769 0.6388142 1.1586745 1.0297869 1.0703373 1.2588231 1.0297869 1.1586745 1.3744361 0.1799630 0.0000000 1.0703373 1.0703373 
t16        1.2070784 1.5901977 1.1586745 1.1132061 0.6626257 0.8239592 0.8239592 0.7389627 1.0703373 0.8239592 0.3505054 1.0703373 1.3144041 0.0411062 1.3144041 1.5111773 1.1132061 1.0703373 0.0000000 0.0411062 
t18        1.3144041 1.8942965 1.1132061 1.0703373 0.6626257 0.8239592 0.8239592 0.7389627 1.0703373 0.7945437 0.3666350 0.9913169 1.2588231 0.0625362 1.3144041 1.5901977 1.1132061 1.0703373 0.0411062 0.0000000 
