20
t15        0.0000000 9.0000000 9.0000000 9.0000000 1.6785349 9.0000000 1.7786835 2.4141569 1.8942965 1.3744361 1.7786835 2.0310377 2.0310377 1.8942965 1.8942965 1.5901977 1.5111773 1.3744361 1.8942965 1.8942965 
t12        9.0000000 0.0000000 3.2381161 9.0000000 9.0000000 2.7182557 9.0000000 9.0000000 9.0000000 9.0000000 9.0000000 1.7786835 9.0000000 9.0000000 2.7182557 9.0000000 9.0000000 9.0000000 2.0310377 2.0310377 
t11        9.0000000 3.2381161 0.0000000 9.0000000 2.7182557 9.0000000 9.0000000 2.1983953 9.0000000 9.0000000 2.4141569 2.4141569 2.1983953 9.0000000 9.0000000 9.0000000 9.0000000 9.0000000 2.4141569 2.4141569 
t4         9.0000000 9.0000000 9.0000000 0.0000000 9.0000000 1.8942965 2.7182557 2.4141569 2.7182557 2.0310377 1.3744361 2.0310377 2.4141569 9.0000000 9.0000000 9.0000000 9.0000000 9.0000000 1.7786835 1.7786835 
t16        1.6785349 9.0000000 2.7182557 9.0000000 0.0000000 9.0000000 3.2381161 9.0000000 9.0000000 1.7786835 9.0000000 9.0000000 9.0000000 9.0000000 9.0000000 9.0000000 9.0000000 9.0000000 9.0000000 9.0000000 
t6         9.0000000 2.7182557 9.0000000 1.8942965 9.0000000 0.0000000 1.6785349 3.2381161 2.4141569 2.0310377 2.4141569 9.0000000 9.0000000 1.6785349 1.3744361 1.8942965 1.7786835 1.5901977 1.8942965 1.8942965 
t18        1.7786835 9.0000000 9.0000000 2.7182557 3.2381161 1.6785349 0.0000000 1.0703373 1.5111773 3.2381161 1.2070784 2.1983953 2.1983953 1.1586745 1.2588231 1.1586745 1.0703373 1.1132061 1.0297869 1.0297869 
t2         2.4141569 9.0000000 2.1983953 2.4141569 9.0000000 3.2381161 1.0703373 0.0000000 1.8942965 9.0000000 1.2070784 1.6785349 1.3144041 1.1586745 1.3744361 1.4396946 1.2588231 1.5111773 1.6785349 1.6785349 
t14        1.8942965 9.0000000 9.0000000 2.7182557 9.0000000 2.4141569 1.5111773 1.8942965 0.0000000 1.5111773 1.0297869 1.8942965 2.7182557 1.3744361 1.2588231 0.5299277 0.5299277 0.4714565 1.2070784 1.2070784 
t19        1.3744361 9.0000000 9.0000000 2.0310377 1.7786835 2.0310377 3.2381161 9.0000000 1.5111773 0.0000000 1.5111773 2.1983953 2.4141569 2.1983953 2.0310377 1.2588231 1.4396946 1.2070784 1.4396946 1.4396946 
t17        1.7786835 9.0000000 2.4141569 1.3744361 9.0000000 2.4141569 1.2070784 1.2070784 1.0297869 1.5111773 0.0000000 1.8942965 1.3744361 1.0297869 1.1132061 0.7945437 0.8864954 0.8239592 0.8864954 0.8864954 
t7         2.0310377 1.7786835 2.4141569 2.0310377 9.0000000 9.0000000 2.1983953 1.6785349 1.8942965 2.1983953 1.8942965 0.0000000 0.6872180 1.7786835 9.0000000 2.1983953 3.2381161 2.4141569 1.2588231 1.2588231 
t5         2.0310377 9.0000000 2.1983953 2.4141569 9.0000000 9.0000000 2.1983953 1.3144041 2.7182557 2.4141569 1.3744361 0.6872180 0.0000000 1.6785349 2.7182557 3.2381161 9.0000000 2.1983953 1.3744361 1.3744361 
t9         1.8942965 9.0000000 9.0000000 9.0000000 9.0000000 1.6785349 1.1586745 1.1586745 1.3744361 2.1983953 1.0297869 1.7786835 1.6785349 0.0000000 0.2058276 1.1132061 1.1132061 0.9913169 1.1132061 1.1132061 
t8         1.8942965 2.7182557 9.0000000 9.0000000 9.0000000 1.3744361 1.2588231 1.3744361 1.2588231 2.0310377 1.1132061 9.0000000 2.7182557 0.2058276 0.0000000 1.3144041 1.2070784 1.1132061 0.9913169 0.9913169 
t10        1.5901977 9.0000000 9.0000000 9.0000000 9.0000000 1.8942965 1.1586745 1.4396946 0.5299277 1.2588231 0.7945437 2.1983953 3.2381161 1.1132061 1.3144041 0.0000000 0.3666350 0.2746833 1.0297869 1.0297869 
t1         1.5111773 9.0000000 9.0000000 9.0000000 9.0000000 1.7786835 1.0703373 1.2588231 0.5299277 1.4396946 0.8864954 3.2381161 9.0000000 1.1132061 1.2070784 0.3666350 0.0000000 0.1307650 1.4396946 1.4396946 
t13        1.3744361 9.0000000 9.0000000 9.0000000 9.0000000 1.5901977 1.1132061 1.5111773 0.4714565 1.2070784 0.8239592 2.4141569 2.1983953 0.9913169 1.1132061 0.2746833 0.1307650 0.0000000 1.3144041 1.3144041 
t3         1.8942965 2.0310377 2.4141569 1.7786835 9.0000000 1.8942965 1.0297869 1.6785349 1.2070784 1.4396946 0.8864954 1.2588231 1.3744361 1.1132061 0.9913169 1.0297869 1.4396946 1.3144041 0.0000000 0.0000010 
t20        1.8942965 2.0310377 2.4141569 1.7786835 9.0000000 1.8942965 1.0297869 1.6785349 1.2070784 1.4396946 0.8864954 1.2588231 1.3744361 1.1132061 0.9913169 1.0297869 1.4396946 1.3144041 0.0000010 0.0000000 
