20
t9         0.0000000 1.2070784 0.9913169 1.4396946 1.1586745 1.5111773 1.3144041 0.9547243 1.1586745 1.0297869 1.0297869 1.1586745 0.9913169 1.1586745 1.3144041 1.4396946 0.9913169 0.9913169 1.0703373 0.9913169 
t4         1.2070784 0.0000000 1.3144041 1.2070784 1.3744361 2.0310377 1.3744361 1.2070784 1.3744361 0.9547243 1.2588231 1.5111773 1.4396946 1.5901977 2.1983953 1.6785349 1.1586745 1.1586745 0.9547243 0.9198342 
t20        0.9913169 1.3144041 0.0000000 1.1586745 1.2588231 0.8864954 0.7389627 0.9198342 1.1586745 0.9913169 1.1586745 1.1586745 0.6157354 0.7662384 1.0703373 1.1132061 0.9547243 0.9913169 0.8864954 0.7945437 
t6         1.4396946 1.2070784 1.1586745 0.0000000 0.8239592 1.5901977 1.5901977 0.8545757 1.1132061 0.8239592 0.7389627 0.6388142 1.1132061 1.0703373 0.5299277 0.5099265 1.2070784 1.2070784 0.7945437 0.7126442 
t5         1.1586745 1.3744361 1.2588231 0.8239592 0.0000000 1.3744361 1.6785349 1.1586745 1.4396946 0.8864954 0.6626257 0.6626257 1.0297869 1.0297869 0.7126442 0.7945437 1.1132061 1.1132061 0.9198342 0.8239592 
t1         1.5111773 2.0310377 0.8864954 1.5901977 1.3744361 0.0000000 0.2603971 0.9913169 1.1586745 1.1586745 1.4396946 2.0310377 0.5504769 0.6626257 1.2070784 1.2070784 1.5111773 2.0310377 1.1132061 0.9913169 
t15        1.3144041 1.3744361 0.7389627 1.5901977 1.6785349 0.2603971 0.0000000 0.8239592 1.0297869 1.2588231 1.5901977 2.0310377 0.5504769 0.6626257 1.4396946 1.2070784 1.5111773 1.7786835 1.2070784 1.0297869 
t17        0.9547243 1.2070784 0.9198342 0.8545757 1.1586745 0.9913169 0.8239592 0.0000000 0.2326162 0.7389627 0.9547243 0.8239592 0.7389627 0.7945437 0.9198342 0.8864954 1.1586745 1.1586745 0.7662384 0.6626257 
t19        1.1586745 1.3744361 1.1586745 1.1132061 1.4396946 1.1586745 1.0297869 0.2326162 0.0000000 0.8864954 1.0297869 0.8864954 1.0297869 1.1586745 1.3744361 1.2588231 1.2588231 1.2588231 0.9547243 0.8864954 
t3         1.0297869 0.9547243 0.9913169 0.8239592 0.8864954 1.1586745 1.2588231 0.7389627 0.8864954 0.0000000 0.7662384 0.7945437 0.8545757 0.9547243 0.9547243 0.9198342 1.1586745 1.4396946 0.1799630 0.2463781 
t10        1.0297869 1.2588231 1.1586745 0.7389627 0.6626257 1.4396946 1.5901977 0.9547243 1.0297869 0.7662384 0.0000000 0.3505054 0.9913169 1.0703373 0.6626257 0.6157354 0.9547243 0.9913169 0.7126442 0.6157354 
t11        1.1586745 1.5111773 1.1586745 0.6388142 0.6626257 2.0310377 2.0310377 0.8239592 0.8864954 0.7945437 0.3505054 0.0000000 1.0703373 0.9198342 0.6157354 0.6157354 1.2588231 1.1586745 0.7389627 0.6626257 
t14        0.9913169 1.4396946 0.6157354 1.1132061 1.0297869 0.5504769 0.5504769 0.7389627 1.0297869 0.8545757 0.9913169 1.0703373 0.0000000 0.2463781 0.9198342 0.8239592 1.0703373 1.0703373 0.8545757 0.7662384 
t16        1.1586745 1.5901977 0.7662384 1.0703373 1.0297869 0.6626257 0.6626257 0.7945437 1.1586745 0.9547243 1.0703373 0.9198342 0.2463781 0.0000000 0.9547243 0.9198342 1.2070784 1.3144041 0.9547243 0.8864954 
t18        1.3144041 2.1983953 1.0703373 0.5299277 0.7126442 1.2070784 1.4396946 0.9198342 1.3744361 0.9547243 0.6626257 0.6157354 0.9198342 0.9547243 0.0000000 0.1073256 1.1586745 1.0703373 0.7662384 0.6626257 
t13        1.4396946 1.6785349 1.1132061 0.5099265 0.7945437 1.2070784 1.2070784 0.8864954 1.2588231 0.9198342 0.6157354 0.6157354 0.8239592 0.9198342 0.1073256 0.0000000 1.0297869 1.0703373 0.7945437 0.6872180 
t8         0.9913169 1.1586745 0.9547243 1.2070784 1.1132061 1.5111773 1.5111773 1.1586745 1.2588231 1.1586745 0.9547243 1.2588231 1.0703373 1.2070784 1.1586745 1.0297869 0.0000000 0.4348639 1.0297869 0.7662384 
t7         0.9913169 1.1586745 0.9913169 1.2070784 1.1132061 2.0310377 1.7786835 1.1586745 1.2588231 1.4396946 0.9913169 1.1586745 1.0703373 1.3144041 1.0703373 1.0703373 0.4348639 0.0000000 1.2070784 0.9198342 
t2         1.0703373 0.9547243 0.8864954 0.7945437 0.9198342 1.1132061 1.2070784 0.7662384 0.9547243 0.1799630 0.7126442 0.7389627 0.8545757 0.9547243 0.7662384 0.7945437 1.0297869 1.2070784 0.0000000 0.1073256 
t12        0.9913169 0.9198342 0.7945437 0.7126442 0.8239592 0.9913169 1.0297869 0.6626257 0.8864954 0.2463781 0.6157354 0.6626257 0.7662384 0.8864954 0.6626257 0.6872180 0.7662384 0.9198342 0.1073256 0.0000000 
