20
t1         0.0000000 0.9547243 1.6785349 1.4396946 1.4396946 1.3144041 2.7182557 1.7786835 1.4396946 1.2588231 1.4396946 1.1132061 1.7786835 1.3744361 1.7786835 1.3744361 1.4396946 1.5901977 1.6785349 1.7786835 
t13        0.9547243 0.0000000 0.5299277 0.9913169 1.0297869 0.7126442 0.9913169 1.2070784 0.8239592 1.0703373 1.1132061 0.8545757 1.8942965 0.9547243 1.1586745 0.8545757 0.7945437 0.8545757 1.2588231 1.2070784 
t10        1.6785349 0.5299277 0.0000000 1.3744361 1.5111773 1.0703373 2.1983953 1.6785349 1.3144041 1.4396946 1.4396946 1.5111773 1.8942965 1.5901977 2.0310377 1.1586745 1.0703373 1.3744361 1.7786835 1.6785349 
t20        1.4396946 0.9913169 1.3744361 0.0000000 0.7945437 0.6872180 1.3144041 1.3744361 0.7389627 1.2070784 1.2070784 0.6157354 1.5901977 0.7662384 0.6872180 0.8545757 0.6626257 0.7126442 1.0297869 1.0297869 
t9         1.4396946 1.0297869 1.5111773 0.7945437 0.0000000 0.7389627 1.5901977 1.3744361 0.4172160 1.3144041 1.1132061 0.4529370 1.2588231 0.6157354 0.6157354 0.9913169 0.8239592 0.8239592 1.1586745 1.0703373 
t3         1.3144041 0.7126442 1.0703373 0.6872180 0.7389627 0.0000000 1.7786835 1.2070784 0.6157354 1.2070784 1.5901977 0.4904449 1.3744361 0.6388142 0.6157354 0.4904449 0.3999739 0.4714565 0.7126442 0.5716050 
t6         2.7182557 0.9913169 2.1983953 1.3144041 1.5901977 1.7786835 0.0000000 0.4529370 1.5111773 2.0310377 1.3744361 1.3744361 9.0000000 1.2588231 1.6785349 1.7786835 1.5901977 1.5901977 1.5901977 2.7182557 
t7         1.7786835 1.2070784 1.6785349 1.3744361 1.3744361 1.2070784 0.4529370 0.0000000 1.3144041 2.0310377 1.4396946 1.1132061 9.0000000 1.0297869 1.3144041 1.4396946 1.1132061 1.1132061 1.2588231 1.5111773 
t12        1.4396946 0.8239592 1.3144041 0.7389627 0.4172160 0.6157354 1.5111773 1.3144041 0.0000000 1.4396946 1.4396946 0.3192509 1.0703373 0.6388142 0.6157354 0.8239592 0.7389627 0.6388142 1.1132061 0.9913169 
t11        1.2588231 1.0703373 1.4396946 1.2070784 1.3144041 1.2070784 2.0310377 2.0310377 1.4396946 0.0000000 0.3666350 1.2070784 2.0310377 1.1132061 1.3144041 1.2588231 0.9913169 1.0703373 1.5901977 2.0310377 
t8         1.4396946 1.1132061 1.4396946 1.2070784 1.1132061 1.5901977 1.3744361 1.4396946 1.4396946 0.3666350 0.0000000 1.1586745 1.6785349 1.1132061 1.3744361 1.7786835 1.1586745 1.2588231 1.6785349 2.0310377 
t15        1.1132061 0.8545757 1.5111773 0.6157354 0.4529370 0.4904449 1.3744361 1.1132061 0.3192509 1.2070784 1.1586745 0.0000000 1.1586745 0.4348639 0.5504769 0.7662384 0.6388142 0.6388142 1.0703373 0.9547243 
t2         1.7786835 1.8942965 1.8942965 1.5901977 1.2588231 1.3744361 9.0000000 9.0000000 1.0703373 2.0310377 1.6785349 1.1586745 0.0000000 1.3744361 1.2588231 1.8942965 1.7786835 1.7786835 2.4141569 2.1983953 
t4         1.3744361 0.9547243 1.5901977 0.7662384 0.6157354 0.6388142 1.2588231 1.0297869 0.6388142 1.1132061 1.1132061 0.4348639 1.3744361 0.0000000 0.5099265 0.7126442 0.6872180 0.7389627 1.0703373 0.8864954 
t5         1.7786835 1.1586745 2.0310377 0.6872180 0.6157354 0.6157354 1.6785349 1.3144041 0.6157354 1.3144041 1.3744361 0.5504769 1.2588231 0.5099265 0.0000000 0.7389627 0.6872180 0.7126442 0.8545757 0.8239592 
t14        1.3744361 0.8545757 1.1586745 0.8545757 0.9913169 0.4904449 1.7786835 1.4396946 0.8239592 1.2588231 1.7786835 0.7662384 1.8942965 0.7126442 0.7389627 0.0000000 0.4904449 0.6626257 0.2746833 0.2326162 
t17        1.4396946 0.7945437 1.0703373 0.6626257 0.8239592 0.3999739 1.5901977 1.1132061 0.7389627 0.9913169 1.1586745 0.6388142 1.7786835 0.6872180 0.6872180 0.4904449 0.0000000 0.1427653 0.6872180 0.6157354 
t19        1.5901977 0.8545757 1.3744361 0.7126442 0.8239592 0.4714565 1.5901977 1.1132061 0.6388142 1.0703373 1.2588231 0.6388142 1.7786835 0.7389627 0.7126442 0.6626257 0.1427653 0.0000000 0.8545757 0.7662384 
t18        1.6785349 1.2588231 1.7786835 1.0297869 1.1586745 0.7126442 1.5901977 1.2588231 1.1132061 1.5901977 1.6785349 1.0703373 2.4141569 1.0703373 0.8545757 0.2746833 0.6872180 0.8545757 0.0000000 0.1799630 
t16        1.7786835 1.2070784 1.6785349 1.0297869 1.0703373 0.5716050 2.7182557 1.5111773 0.9913169 2.0310377 2.0310377 0.9547243 2.1983953 0.8864954 0.8239592 0.2326162 0.6157354 0.7662384 0.1799630 0.0000000 
