20
t11        0.0000000 0.6626257 0.7662384 1.5111773 1.3744361 0.9547243 1.1586745 1.0703373 0.6388142 1.2588231 0.9913169 0.8864954 1.5111773 0.6626257 1.3144041 0.9913169 0.6388142 0.8239592 1.2070784 1.2070784 
t6         0.6626257 0.0000000 0.4172160 1.0703373 1.3744361 0.5504769 0.6388142 0.5299277 0.3505054 0.8864954 0.5504769 0.5504769 0.8864954 0.2191023 0.6626257 0.7126442 0.2058276 0.3505054 0.7389627 0.6872180 
t9         0.7662384 0.4172160 0.0000000 1.0703373 0.9913169 0.4714565 0.5933457 0.5716050 0.3666350 0.9547243 0.4529370 0.4348639 1.1132061 0.3831192 0.6626257 0.5933457 0.3505054 0.5504769 0.7945437 0.7662384 
t19        1.5111773 1.0703373 1.0703373 0.0000000 0.6872180 1.0703373 1.5111773 1.3744361 1.2070784 1.5901977 1.2588231 1.2070784 1.3744361 0.9547243 1.5901977 1.2588231 0.9198342 1.0703373 1.3744361 1.4396946 
t4         1.3744361 1.3744361 0.9913169 0.6872180 0.0000000 1.0703373 1.3144041 1.3744361 1.5111773 1.4396946 1.3144041 1.0703373 1.7786835 1.2070784 1.4396946 1.1132061 1.0703373 1.7786835 2.4141569 2.1983953 
t10        0.9547243 0.5504769 0.4714565 1.0703373 1.0703373 0.0000000 0.5933457 0.6157354 0.4904449 1.1586745 0.3192509 0.3347153 0.8545757 0.4529370 0.7945437 0.6872180 0.4714565 0.6626257 1.1132061 1.0703373 
t18        1.1586745 0.6388142 0.5933457 1.5111773 1.3144041 0.5933457 0.0000000 0.3192509 0.6872180 1.3144041 0.7389627 0.6157354 1.2070784 0.5716050 0.8864954 0.8545757 0.6388142 0.9198342 1.1132061 1.0297869 
t17        1.0703373 0.5299277 0.5716050 1.3744361 1.3744361 0.6157354 0.3192509 0.0000000 0.6626257 1.5111773 0.7389627 0.6872180 1.3744361 0.5504769 0.7389627 0.7945437 0.5933457 0.7945437 0.8239592 0.7662384 
t1         0.6388142 0.3505054 0.3666350 1.2070784 1.5111773 0.4904449 0.6872180 0.6626257 0.0000000 0.7126442 0.5716050 0.5099265 0.9547243 0.3192509 0.5933457 0.6157354 0.3347153 0.5716050 0.8239592 0.8239592 
t7         1.2588231 0.8864954 0.9547243 1.5901977 1.4396946 1.1586745 1.3144041 1.5111773 0.7126442 0.0000000 1.1586745 1.1132061 1.4396946 0.9198342 1.2070784 1.1132061 0.9198342 1.0703373 1.5901977 1.7786835 
t12        0.9913169 0.5504769 0.4529370 1.2588231 1.3144041 0.3192509 0.7389627 0.7389627 0.5716050 1.1586745 0.0000000 0.2191023 1.0297869 0.4529370 0.9547243 0.8864954 0.4714565 0.6388142 0.9913169 0.9913169 
t8         0.8864954 0.5504769 0.4348639 1.2070784 1.0703373 0.3347153 0.6157354 0.6872180 0.5099265 1.1132061 0.2191023 0.0000000 0.9198342 0.4348639 0.7389627 0.7945437 0.4714565 0.6626257 0.9547243 0.9913169 
t15        1.5111773 0.8864954 1.1132061 1.3744361 1.7786835 0.8545757 1.2070784 1.3744361 0.9547243 1.4396946 1.0297869 0.9198342 0.0000000 0.6388142 1.3144041 1.7786835 0.6388142 0.6626257 1.5111773 1.5901977 
t14        0.6626257 0.2191023 0.3831192 0.9547243 1.2070784 0.4529370 0.5716050 0.5504769 0.3192509 0.9198342 0.4529370 0.4348639 0.6388142 0.0000000 0.6626257 0.7126442 0.0845966 0.2746833 0.6157354 0.6157354 
t16        1.3144041 0.6626257 0.6626257 1.5901977 1.4396946 0.7945437 0.8864954 0.7389627 0.5933457 1.2070784 0.9547243 0.7389627 1.3144041 0.6626257 0.0000000 0.3347153 0.7389627 0.8239592 1.2070784 1.2588231 
t2         0.9913169 0.7126442 0.5933457 1.2588231 1.1132061 0.6872180 0.8545757 0.7945437 0.6157354 1.1132061 0.8864954 0.7945437 1.7786835 0.7126442 0.3347153 0.0000000 0.7389627 0.9547243 1.0297869 0.9913169 
t13        0.6388142 0.2058276 0.3505054 0.9198342 1.0703373 0.4714565 0.6388142 0.5933457 0.3347153 0.9198342 0.4714565 0.4714565 0.6388142 0.0845966 0.7389627 0.7389627 0.0000000 0.2058276 0.5933457 0.5933457 
t20        0.8239592 0.3505054 0.5504769 1.0703373 1.7786835 0.6626257 0.9198342 0.7945437 0.5716050 1.0703373 0.6388142 0.6626257 0.6626257 0.2746833 0.8239592 0.9547243 0.2058276 0.0000000 0.7126442 0.7389627 
t5         1.2070784 0.7389627 0.7945437 1.3744361 2.4141569 1.1132061 1.1132061 0.8239592 0.8239592 1.5901977 0.9913169 0.9547243 1.5111773 0.6157354 1.2070784 1.0297869 0.5933457 0.7126442 0.0000000 0.0517447 
t3         1.2070784 0.6872180 0.7662384 1.4396946 2.1983953 1.0703373 1.0297869 0.7662384 0.8239592 1.7786835 0.9913169 0.9913169 1.5901977 0.6157354 1.2588231 0.9913169 0.5933457 0.7389627 0.0517447 0.0000000 
