20
t5         0.0000000 0.9547243 0.8545757 1.0297869 1.0703373 1.5111773 1.0297869 0.9913169 0.9913169 1.0297869 0.9547243 0.9913169 0.9913169 0.7945437 0.9913169 1.0297869 0.9913169 0.9547243 0.8239592 0.8239592 
t13        0.9547243 0.0000000 1.0703373 1.0703373 0.9198342 0.8239592 0.9547243 0.9547243 1.2070784 1.0297869 1.0703373 0.9913169 1.0297869 1.0297869 1.0703373 1.0703373 0.9913169 0.9198342 0.8545757 0.9198342 
t15        0.8545757 1.0703373 0.0000000 0.8239592 0.9913169 0.9913169 0.9547243 0.9547243 1.0297869 1.0297869 1.0703373 1.0297869 0.9547243 1.0703373 0.8864954 1.1586745 1.1586745 1.2588231 0.8545757 1.0297869 
t8         1.0297869 1.0703373 0.8239592 0.0000000 0.9913169 0.7662384 0.7126442 1.0297869 0.8545757 0.9547243 0.9198342 1.3744361 1.2070784 0.9913169 0.8545757 0.8864954 0.8545757 0.7945437 0.7945437 0.9547243 
t16        1.0703373 0.9198342 0.9913169 0.9913169 0.0000000 0.7126442 0.7126442 0.5933457 0.7662384 0.7662384 0.6626257 0.7126442 0.6388142 0.6388142 0.7389627 0.7389627 0.6626257 0.6872180 0.6626257 0.7389627 
t19        1.5111773 0.8239592 0.9913169 0.7662384 0.7126442 0.0000000 0.5299277 0.8864954 0.7389627 0.8239592 0.7389627 1.0297869 0.7945437 0.8864954 0.7945437 0.7945437 0.8239592 0.9198342 0.7945437 0.9198342 
t18        1.0297869 0.9547243 0.9547243 0.7126442 0.7126442 0.5299277 0.0000000 0.6388142 0.7945437 0.6626257 0.6388142 0.8864954 0.7662384 0.7389627 0.6388142 0.7945437 0.7662384 0.8545757 0.6388142 0.6626257 
t12        0.9913169 0.9547243 0.9547243 1.0297869 0.5933457 0.8864954 0.6388142 0.0000000 0.7389627 0.6626257 0.6388142 0.5299277 0.4714565 0.7662384 0.6872180 0.7389627 0.8239592 0.7662384 0.5933457 0.6626257 
t4         0.9913169 1.2070784 1.0297869 0.8545757 0.7662384 0.7389627 0.7945437 0.7389627 0.0000000 0.3505054 0.4348639 0.9913169 0.6872180 0.2191023 0.5504769 0.3347153 0.2463781 0.2463781 0.5099265 0.5933457 
t9         1.0297869 1.0297869 1.0297869 0.9547243 0.7662384 0.8239592 0.6626257 0.6626257 0.3505054 0.0000000 0.2326162 0.7945437 0.5933457 0.3040988 0.4904449 0.3999739 0.3666350 0.3347153 0.4529370 0.4904449 
t7         0.9547243 1.0703373 1.0703373 0.9198342 0.6626257 0.7389627 0.6388142 0.6388142 0.4348639 0.2326162 0.0000000 0.8239592 0.5504769 0.3831192 0.5504769 0.4172160 0.4529370 0.4714565 0.4348639 0.5716050 
t17        0.9913169 0.9913169 1.0297869 1.3744361 0.7126442 1.0297869 0.8864954 0.5299277 0.9913169 0.7945437 0.8239592 0.0000000 0.2463781 1.1132061 0.7389627 1.0297869 1.0297869 1.0297869 0.8545757 0.8864954 
t14        0.9913169 1.0297869 0.9547243 1.2070784 0.6388142 0.7945437 0.7662384 0.4714565 0.6872180 0.5933457 0.5504769 0.2463781 0.0000000 0.7126442 0.6157354 0.7945437 0.7662384 0.7945437 0.6388142 0.6872180 
t10        0.7945437 1.0297869 1.0703373 0.9913169 0.6388142 0.8864954 0.7389627 0.7662384 0.2191023 0.3040988 0.3831192 1.1132061 0.7126442 0.0000000 0.5504769 0.2746833 0.2191023 0.1799630 0.5099265 0.5716050 
t1         0.9913169 1.0703373 0.8864954 0.8545757 0.7389627 0.7945437 0.6388142 0.6872180 0.5504769 0.4904449 0.5504769 0.7389627 0.6157354 0.5504769 0.0000000 0.6157354 0.6157354 0.5299277 0.3040988 0.3666350 
t6         1.0297869 1.0703373 1.1586745 0.8864954 0.7389627 0.7945437 0.7945437 0.7389627 0.3347153 0.3999739 0.4172160 1.0297869 0.7945437 0.2746833 0.6157354 0.0000000 0.2326162 0.2463781 0.5299277 0.6388142 
t11        0.9913169 0.9913169 1.1586745 0.8545757 0.6626257 0.8239592 0.7662384 0.8239592 0.2463781 0.3666350 0.4529370 1.0297869 0.7662384 0.2191023 0.6157354 0.2326162 0.0000000 0.1799630 0.5504769 0.6157354 
t20        0.9547243 0.9198342 1.2588231 0.7945437 0.6872180 0.9198342 0.8545757 0.7662384 0.2463781 0.3347153 0.4714565 1.0297869 0.7945437 0.1799630 0.5299277 0.2463781 0.1799630 0.0000000 0.5099265 0.5299277 
t2         0.8239592 0.8545757 0.8545757 0.7945437 0.6626257 0.7945437 0.6388142 0.5933457 0.5099265 0.4529370 0.4348639 0.8545757 0.6388142 0.5099265 0.3040988 0.5299277 0.5504769 0.5099265 0.0000000 0.1073256 
t3         0.8239592 0.9198342 1.0297869 0.9547243 0.7389627 0.9198342 0.6626257 0.6626257 0.5933457 0.4904449 0.5716050 0.8864954 0.6872180 0.5716050 0.3666350 0.6388142 0.6157354 0.5299277 0.1073256 0.0000000 
