20
t6         0.0000000 2.7182557 1.2588231 1.6785349 2.1983953 2.1983953 1.4396946 1.4396946 1.7786835 1.1132061 0.9913169 1.7786835 1.7786835 1.2070784 2.0310377 1.4396946 1.4396946 1.2070784 1.7786835 1.5901977 
t3         2.7182557 0.0000000 1.2588231 1.3144041 1.8942965 2.0310377 0.7945437 0.8545757 1.1132061 1.7786835 1.5111773 1.1586745 1.1132061 1.0297869 1.1132061 1.2070784 0.8864954 0.9547243 1.2588231 1.3144041 
t18        1.2588231 1.2588231 0.0000000 1.3744361 2.1983953 1.8942965 1.4396946 1.5901977 1.4396946 1.5111773 1.2588231 1.4396946 1.3144041 1.5901977 1.8942965 2.4141569 1.3744361 1.4396946 1.5901977 1.5901977 
t5         1.6785349 1.3144041 1.3744361 0.0000000 1.5111773 2.0310377 1.3744361 1.5111773 1.7786835 2.0310377 1.7786835 1.4396946 1.5111773 1.2070784 1.2588231 1.4396946 1.3744361 1.2588231 1.3744361 1.4396946 
t13        2.1983953 1.8942965 2.1983953 1.5111773 0.0000000 0.7126442 1.8942965 1.5901977 1.3744361 2.0310377 2.4141569 1.3744361 1.3144041 1.5111773 1.0703373 1.2070784 1.6785349 1.5901977 1.0703373 1.1132061 
t15        2.1983953 2.0310377 1.8942965 2.0310377 0.7126442 0.0000000 1.3144041 1.5111773 1.6785349 2.0310377 2.7182557 1.5111773 1.2588231 1.2588231 1.5901977 2.0310377 1.6785349 1.3744361 1.2588231 1.3144041 
t7         1.4396946 0.7945437 1.4396946 1.3744361 1.8942965 1.3144041 0.0000000 0.5933457 1.4396946 2.0310377 1.6785349 1.2070784 1.2588231 0.8239592 0.5504769 0.6157354 0.8239592 0.6872180 1.2070784 1.3144041 
t9         1.4396946 0.8545757 1.5901977 1.5111773 1.5901977 1.5111773 0.5933457 0.0000000 1.3144041 1.6785349 1.7786835 1.2070784 1.2588231 0.4904449 0.6626257 0.5716050 0.4904449 0.4904449 1.1132061 1.2070784 
t4         1.7786835 1.1132061 1.4396946 1.7786835 1.3744361 1.6785349 1.4396946 1.3144041 0.0000000 1.4396946 1.3744361 0.2603971 0.2058276 1.1586745 1.3144041 1.4396946 1.0297869 1.0297869 0.3040988 0.3040988 
t20        1.1132061 1.7786835 1.5111773 2.0310377 2.0310377 2.0310377 2.0310377 1.6785349 1.4396946 0.0000000 0.2603971 1.5901977 1.4396946 1.6785349 2.0310377 1.8942965 1.5901977 1.5111773 1.6785349 1.6785349 
t19        0.9913169 1.5111773 1.2588231 1.7786835 2.4141569 2.7182557 1.6785349 1.7786835 1.3744361 0.2603971 0.0000000 1.3144041 1.3144041 2.1983953 2.0310377 1.7786835 2.0310377 1.8942965 1.5111773 1.4396946 
t1         1.7786835 1.1586745 1.4396946 1.4396946 1.3744361 1.5111773 1.2070784 1.2070784 0.2603971 1.5901977 1.3144041 0.0000000 0.0958750 1.4396946 1.5901977 1.6785349 1.3144041 1.3744361 0.3347153 0.3666350 
t17        1.7786835 1.1132061 1.3144041 1.5111773 1.3144041 1.2588231 1.2588231 1.2588231 0.2058276 1.4396946 1.3144041 0.0958750 0.0000000 1.3144041 1.4396946 1.5901977 1.3744361 1.3744361 0.3040988 0.3347153 
t11        1.2070784 1.0297869 1.5901977 1.2070784 1.5111773 1.2588231 0.8239592 0.4904449 1.1586745 1.6785349 2.1983953 1.4396946 1.3144041 0.0000000 0.7945437 0.8864954 0.2326162 0.1799630 0.9913169 1.1132061 
t12        2.0310377 1.1132061 1.8942965 1.2588231 1.0703373 1.5901977 0.5504769 0.6626257 1.3144041 2.0310377 2.0310377 1.5901977 1.4396946 0.7945437 0.0000000 0.1549607 0.6626257 0.6388142 1.1586745 1.2070784 
t14        1.4396946 1.2070784 2.4141569 1.4396946 1.2070784 2.0310377 0.6157354 0.5716050 1.4396946 1.8942965 1.7786835 1.6785349 1.5901977 0.8864954 0.1549607 0.0000000 0.7945437 0.7126442 1.2070784 1.3144041 
t16        1.4396946 0.8864954 1.3744361 1.3744361 1.6785349 1.6785349 0.8239592 0.4904449 1.0297869 1.5901977 2.0310377 1.3144041 1.3744361 0.2326162 0.6626257 0.7945437 0.0000000 0.0958750 0.9913169 1.0703373 
t8         1.2070784 0.9547243 1.4396946 1.2588231 1.5901977 1.3744361 0.6872180 0.4904449 1.0297869 1.5111773 1.8942965 1.3744361 1.3744361 0.1799630 0.6388142 0.7126442 0.0958750 0.0000000 1.0297869 1.1132061 
t2         1.7786835 1.2588231 1.5901977 1.3744361 1.0703373 1.2588231 1.2070784 1.1132061 0.3040988 1.6785349 1.5111773 0.3347153 0.3040988 0.9913169 1.1586745 1.2070784 0.9913169 1.0297869 0.0000000 0.0411062 
t10        1.5901977 1.3144041 1.5901977 1.4396946 1.1132061 1.3144041 1.3144041 1.2070784 0.3040988 1.6785349 1.4396946 0.3666350 0.3347153 1.1132061 1.2070784 1.3144041 1.0703373 1.1132061 0.0411062 0.0000000 
