20
t20        0.0000000 0.8545757 0.7662384 1.0703373 1.1586745 1.3744361 1.0703373 0.9547243 0.8864954 0.9547243 0.9547243 0.9198342 1.1586745 1.0297869 1.1586745 1.1586745 0.7662384 0.7662384 1.3744361 1.4396946 
t16        0.8545757 0.0000000 0.4348639 0.8545757 0.8239592 0.5299277 0.8545757 0.7945437 0.5299277 0.7945437 0.6388142 0.5299277 0.7662384 0.8545757 0.3505054 0.5099265 0.4714565 0.5299277 0.8545757 0.8864954 
t13        0.7662384 0.4348639 0.0000000 0.9198342 0.8239592 0.7662384 0.9198342 0.6626257 0.3831192 0.5504769 0.2746833 0.4714565 0.6388142 0.5504769 0.6388142 0.8239592 0.2191023 0.2326162 0.6388142 0.6626257 
t9         1.0703373 0.8545757 0.9198342 0.0000000 0.3040988 1.1586745 1.5901977 1.6785349 1.2070784 1.5111773 1.1132061 1.2070784 1.7786835 1.3144041 0.9547243 0.9198342 1.0297869 1.0297869 1.6785349 1.5901977 
t7         1.1586745 0.8239592 0.8239592 0.3040988 0.0000000 1.1132061 1.2588231 1.3144041 1.1132061 1.3744361 1.0297869 1.3144041 1.7786835 1.4396946 0.8545757 0.8864954 0.9198342 0.9198342 1.5901977 1.5111773 
t2         1.3744361 0.5299277 0.7662384 1.1586745 1.1132061 0.0000000 1.1586745 1.3144041 0.9547243 1.2588231 1.0703373 0.9198342 1.1586745 1.1132061 0.5933457 0.7662384 0.8239592 0.9198342 1.2070784 1.2070784 
t5         1.0703373 0.8545757 0.9198342 1.5901977 1.2588231 1.1586745 0.0000000 0.6626257 1.0703373 0.7662384 1.1132061 1.1132061 1.6785349 0.7662384 1.2588231 1.2588231 0.8239592 0.8864954 0.9198342 0.9198342 
t1         0.9547243 0.7945437 0.6626257 1.6785349 1.3144041 1.3144041 0.6626257 0.0000000 0.7945437 0.5716050 0.6626257 0.9198342 1.0703373 0.6626257 0.9547243 1.0297869 0.6388142 0.6626257 0.6872180 0.7126442 
t15        0.8864954 0.5299277 0.3831192 1.2070784 1.1132061 0.9547243 1.0703373 0.7945437 0.0000000 0.6872180 0.5504769 0.1927838 0.4529370 0.7945437 0.8239592 0.9913169 0.3831192 0.4348639 0.8239592 0.8545757 
t18        0.9547243 0.7945437 0.5504769 1.5111773 1.3744361 1.2588231 0.7662384 0.5716050 0.6872180 0.0000000 0.7389627 0.8239592 1.0297869 0.2058276 0.9198342 1.1586745 0.5716050 0.5716050 0.3040988 0.3192509 
t12        0.9547243 0.6388142 0.2746833 1.1132061 1.0297869 1.0703373 1.1132061 0.6626257 0.5504769 0.7389627 0.0000000 0.5933457 0.7389627 0.7662384 0.9198342 1.1132061 0.2191023 0.2326162 0.8239592 0.8545757 
t4         0.9198342 0.5299277 0.4714565 1.2070784 1.3144041 0.9198342 1.1132061 0.9198342 0.1927838 0.8239592 0.5933457 0.0000000 0.3347153 0.7945437 0.8239592 0.9547243 0.4348639 0.4904449 0.9198342 0.9547243 
t10        1.1586745 0.7662384 0.6388142 1.7786835 1.7786835 1.1586745 1.6785349 1.0703373 0.4529370 1.0297869 0.7389627 0.3347153 0.0000000 1.2070784 0.9547243 0.9913169 0.5099265 0.5716050 0.9547243 0.9913169 
t6         1.0297869 0.8545757 0.5504769 1.3144041 1.4396946 1.1132061 0.7662384 0.6626257 0.7945437 0.2058276 0.7662384 0.7945437 1.2070784 0.0000000 0.9198342 1.3744361 0.6157354 0.6388142 0.2326162 0.2463781 
t17        1.1586745 0.3505054 0.6388142 0.9547243 0.8545757 0.5933457 1.2588231 0.9547243 0.8239592 0.9198342 0.9198342 0.8239592 0.9547243 0.9198342 0.0000000 0.2326162 0.7126442 0.7662384 0.9198342 0.9547243 
t11        1.1586745 0.5099265 0.8239592 0.9198342 0.8864954 0.7662384 1.2588231 1.0297869 0.9913169 1.1586745 1.1132061 0.9547243 0.9913169 1.3744361 0.2326162 0.0000000 0.7389627 0.7945437 1.3144041 1.3744361 
t14        0.7662384 0.4714565 0.2191023 1.0297869 0.9198342 0.8239592 0.8239592 0.6388142 0.3831192 0.5716050 0.2191023 0.4348639 0.5099265 0.6157354 0.7126442 0.7389627 0.0000000 0.0306165 0.6157354 0.6388142 
t8         0.7662384 0.5299277 0.2326162 1.0297869 0.9198342 0.9198342 0.8864954 0.6626257 0.4348639 0.5716050 0.2326162 0.4904449 0.5716050 0.6388142 0.7662384 0.7945437 0.0306165 0.0000000 0.6388142 0.6626257 
t19        1.3744361 0.8545757 0.6388142 1.6785349 1.5901977 1.2070784 0.9198342 0.6872180 0.8239592 0.3040988 0.8239592 0.9198342 0.9547243 0.2326162 0.9198342 1.3144041 0.6157354 0.6388142 0.0000000 0.0100673 
t3         1.4396946 0.8864954 0.6626257 1.5901977 1.5111773 1.2070784 0.9198342 0.7126442 0.8545757 0.3192509 0.8545757 0.9547243 0.9913169 0.2463781 0.9547243 1.3744361 0.6388142 0.6626257 0.0100673 0.0000000 
