20
t11        0.0000000 2.4141569 2.7182557 1.1132061 1.6785349 1.7786835 1.6785349 1.4396946 1.4396946 1.7786835 1.5111773 1.8942965 1.6785349 1.7786835 1.3744361 1.2070784 1.3744361 1.3144041 1.4396946 1.4396946 
t5         2.4141569 0.0000000 1.8942965 1.5111773 2.0310377 3.2381161 2.1983953 1.6785349 1.7786835 2.1983953 1.5111773 2.4141569 2.1983953 1.5111773 1.7786835 2.7182557 1.6785349 1.6785349 2.0310377 2.0310377 
t16        2.7182557 1.8942965 0.0000000 1.5901977 1.6785349 2.1983953 2.7182557 3.2381161 9.0000000 1.5901977 1.3144041 1.2588231 1.2070784 1.8942965 3.2381161 9.0000000 1.3744361 1.3144041 2.7182557 2.7182557 
t18        1.1132061 1.5111773 1.5901977 0.0000000 1.3144041 1.2070784 0.9198342 1.3744361 1.5111773 0.8545757 0.8239592 1.4396946 1.4396946 1.6785349 1.5901977 1.4396946 0.6626257 0.6872180 1.1586745 1.1586745 
t20        1.6785349 2.0310377 1.6785349 1.3144041 0.0000000 0.7389627 1.6785349 2.4141569 1.5111773 1.8942965 1.8942965 1.5111773 1.5111773 1.7786835 3.2381161 3.2381161 1.5901977 1.6785349 2.0310377 2.0310377 
t15        1.7786835 3.2381161 2.1983953 1.2070784 0.7389627 0.0000000 1.7786835 2.7182557 1.5111773 1.2588231 1.3144041 1.4396946 1.3744361 9.0000000 1.8942965 2.1983953 1.0703373 1.1132061 2.4141569 2.4141569 
t17        1.6785349 2.1983953 2.7182557 0.9198342 1.6785349 1.7786835 0.0000000 0.6388142 0.7662384 1.0297869 1.0703373 2.0310377 1.8942965 1.7786835 1.7786835 0.8545757 0.8864954 0.9547243 0.7126442 0.7126442 
t19        1.4396946 1.6785349 3.2381161 1.3744361 2.4141569 2.7182557 0.6388142 0.0000000 0.5933457 1.5111773 1.1586745 1.4396946 1.7786835 1.5111773 1.5111773 0.7389627 1.1132061 1.1132061 0.6626257 0.6626257 
t1         1.4396946 1.7786835 9.0000000 1.5111773 1.5111773 1.5111773 0.7662384 0.5933457 0.0000000 1.4396946 1.5111773 1.8942965 9.0000000 1.7786835 2.1983953 0.9198342 1.5901977 1.4396946 0.7945437 0.7945437 
t6         1.7786835 2.1983953 1.5901977 0.8545757 1.8942965 1.2588231 1.0297869 1.5111773 1.4396946 0.0000000 0.5933457 2.1983953 2.4141569 2.7182557 1.5901977 1.5901977 0.5099265 0.5299277 1.2588231 1.2588231 
t12        1.5111773 1.5111773 1.3144041 0.8239592 1.8942965 1.3144041 1.0703373 1.1586745 1.5111773 0.5933457 0.0000000 1.8942965 1.5901977 1.7786835 1.4396946 1.3744361 0.5504769 0.5504769 1.1586745 1.1586745 
t8         1.8942965 2.4141569 1.2588231 1.4396946 1.5111773 1.4396946 2.0310377 1.4396946 1.8942965 2.1983953 1.8942965 0.0000000 0.3040988 2.0310377 2.7182557 1.8942965 1.2588231 1.3144041 1.6785349 1.6785349 
t14        1.6785349 2.1983953 1.2070784 1.4396946 1.5111773 1.3744361 1.8942965 1.7786835 9.0000000 2.4141569 1.5901977 0.3040988 0.0000000 2.1983953 3.2381161 1.7786835 1.1132061 1.1586745 2.7182557 2.7182557 
t7         1.7786835 1.5111773 1.8942965 1.6785349 1.7786835 9.0000000 1.7786835 1.5111773 1.7786835 2.7182557 1.7786835 2.0310377 2.1983953 0.0000000 0.3666350 1.3744361 2.4141569 2.4141569 1.5901977 1.5901977 
t10        1.3744361 1.7786835 3.2381161 1.5901977 3.2381161 1.8942965 1.7786835 1.5111773 2.1983953 1.5901977 1.4396946 2.7182557 3.2381161 0.3666350 0.0000000 1.3144041 1.6785349 1.8942965 1.5111773 1.5111773 
t9         1.2070784 2.7182557 9.0000000 1.4396946 3.2381161 2.1983953 0.8545757 0.7389627 0.9198342 1.5901977 1.3744361 1.8942965 1.7786835 1.3744361 1.3144041 0.0000000 1.3144041 1.2588231 0.3347153 0.3347153 
t4         1.3744361 1.6785349 1.3744361 0.6626257 1.5901977 1.0703373 0.8864954 1.1132061 1.5901977 0.5099265 0.5504769 1.2588231 1.1132061 2.4141569 1.6785349 1.3144041 0.0000000 0.0306165 1.4396946 1.4396946 
t2         1.3144041 1.6785349 1.3144041 0.6872180 1.6785349 1.1132061 0.9547243 1.1132061 1.4396946 0.5299277 0.5504769 1.3144041 1.1586745 2.4141569 1.8942965 1.2588231 0.0306165 0.0000000 1.3144041 1.3144041 
t13        1.4396946 2.0310377 2.7182557 1.1586745 2.0310377 2.4141569 0.7126442 0.6626257 0.7945437 1.2588231 1.1586745 1.6785349 2.7182557 1.5901977 1.5111773 0.3347153 1.4396946 1.3144041 0.0000000 0.0000010 
t3         1.4396946 2.0310377 2.7182557 1.1586745 2.0310377 2.4141569 0.7126442 0.6626257 0.7945437 1.2588231 1.1586745 1.6785349 2.7182557 1.5901977 1.5111773 0.3347153 1.4396946 1.3144041 0.0000010 0.0000000 
