20
t13        0.0000000 0.9198342 0.7945437 0.7126442 0.2058276 1.0297869 0.8545757 0.9547243 0.8239592 0.8545757 0.8545757 0.7126442 0.8545757 0.1927838 0.2463781 0.7662384 0.7945437 0.7945437 0.7945437 0.7945437 
t16        0.9198342 0.0000000 1.4396946 0.4904449 0.8864954 0.6388142 0.7389627 1.3744361 1.4396946 0.3666350 0.4714565 1.2588231 1.1586745 1.0297869 0.9547243 0.5716050 1.1586745 1.1586745 0.6157354 0.6157354 
t7         0.7945437 1.4396946 0.0000000 1.3744361 0.6388142 2.0310377 1.7786835 2.4141569 2.4141569 1.3744361 1.4396946 1.6785349 1.8942965 0.7126442 0.7389627 1.6785349 1.7786835 1.7786835 1.4396946 1.4396946 
t12        0.7126442 0.4904449 1.3744361 0.0000000 0.6626257 0.3831192 0.3831192 1.1586745 1.2070784 0.4348639 0.4904449 0.8864954 0.9547243 0.7389627 0.7389627 0.2603971 0.8864954 0.8864954 0.2892469 0.2892469 
t14        0.2058276 0.8864954 0.6388142 0.6626257 0.0000000 0.9913169 1.0703373 1.0703373 0.9198342 0.9547243 1.0297869 0.7126442 0.8864954 0.1427653 0.1673577 0.7945437 0.7945437 0.7945437 0.8239592 0.8239592 
t3         1.0297869 0.6388142 2.0310377 0.3831192 0.9913169 0.0000000 0.2326162 1.5111773 1.5111773 0.5504769 0.5933457 1.3744361 1.5111773 1.2070784 1.2070784 0.3040988 1.3744361 1.3744361 0.3192509 0.3192509 
t1         0.8545757 0.7389627 1.7786835 0.3831192 1.0703373 0.2326162 0.0000000 1.3144041 1.3144041 0.5504769 0.5933457 1.1586745 1.2070784 1.0297869 1.1132061 0.3347153 1.1586745 1.1586745 0.3505054 0.3505054 
t18        0.9547243 1.3744361 2.4141569 1.1586745 1.0703373 1.5111773 1.3144041 0.0000000 0.0958750 1.4396946 1.3144041 0.2058276 0.2892469 0.9913169 0.9547243 1.1586745 0.2191023 0.2058276 1.2070784 1.2070784 
t4         0.8239592 1.4396946 2.4141569 1.2070784 0.9198342 1.5111773 1.3144041 0.0958750 0.0000000 1.3744361 1.2588231 0.2326162 0.3192509 0.8545757 0.8239592 1.1132061 0.2603971 0.2463781 1.2070784 1.2070784 
t5         0.8545757 0.3666350 1.3744361 0.4348639 0.9547243 0.5504769 0.5504769 1.4396946 1.3744361 0.0000000 0.1673577 1.2070784 1.1586745 0.9913169 0.9198342 0.4529370 1.1586745 1.1586745 0.4348639 0.4348639 
t19        0.8545757 0.4714565 1.4396946 0.4904449 1.0297869 0.5933457 0.5933457 1.3144041 1.2588231 0.1673577 0.0000000 1.2588231 1.3144041 1.0703373 1.0297869 0.4714565 1.3144041 1.3144041 0.4529370 0.4529370 
t20        0.7126442 1.2588231 1.6785349 0.8864954 0.7126442 1.3744361 1.1586745 0.2058276 0.2326162 1.2070784 1.2588231 0.0000000 0.0958750 0.6626257 0.6872180 0.9547243 0.0625362 0.0517447 1.0297869 1.0297869 
t11        0.8545757 1.1586745 1.8942965 0.9547243 0.8864954 1.5111773 1.2070784 0.2892469 0.3192509 1.1586745 1.3144041 0.0958750 0.0000000 0.8239592 0.8545757 0.9913169 0.1073256 0.0958750 1.1132061 1.1132061 
t10        0.1927838 1.0297869 0.7126442 0.7389627 0.1427653 1.2070784 1.0297869 0.9913169 0.8545757 0.9913169 1.0703373 0.6626257 0.8239592 0.0000000 0.0845966 0.8545757 0.7389627 0.7389627 0.8864954 0.8864954 
t8         0.2463781 0.9547243 0.7389627 0.7389627 0.1673577 1.2070784 1.1132061 0.9547243 0.8239592 0.9198342 1.0297869 0.6872180 0.8545757 0.0845966 0.0000000 0.8239592 0.7662384 0.7662384 0.8545757 0.8545757 
t15        0.7662384 0.5716050 1.6785349 0.2603971 0.7945437 0.3040988 0.3347153 1.1586745 1.1132061 0.4529370 0.4714565 0.9547243 0.9913169 0.8545757 0.8239592 0.0000000 0.9198342 0.9198342 0.0734853 0.0734853 
t17        0.7945437 1.1586745 1.7786835 0.8864954 0.7945437 1.3744361 1.1586745 0.2191023 0.2603971 1.1586745 1.3144041 0.0625362 0.1073256 0.7389627 0.7662384 0.9198342 0.0000000 0.0100673 0.9913169 0.9913169 
t6         0.7945437 1.1586745 1.7786835 0.8864954 0.7945437 1.3744361 1.1586745 0.2058276 0.2463781 1.1586745 1.3144041 0.0517447 0.0958750 0.7389627 0.7662384 0.9198342 0.0100673 0.0000000 0.9913169 0.9913169 
t9         0.7945437 0.6157354 1.4396946 0.2892469 0.8239592 0.3192509 0.3505054 1.2070784 1.2070784 0.4348639 0.4529370 1.0297869 1.1132061 0.8864954 0.8545757 0.0734853 0.9913169 0.9913169 0.0000000 0.0000010 
t2         0.7945437 0.6157354 1.4396946 0.2892469 0.8239592 0.3192509 0.3505054 1.2070784 1.2070784 0.4348639 0.4529370 1.0297869 1.1132061 0.8864954 0.8545757 0.0734853 0.9913169 0.9913169 0.0000010 0.0000000 
