20
t18        0.0000000 1.0703373 1.8942965 0.9913169 1.1132061 1.5111773 1.1586745 1.1586745 2.1983953 1.5111773 0.9913169 0.8545757 0.7945437 0.5504769 0.5504769 0.7662384 0.8239592 0.8864954 0.9198342 0.9198342 
t15        1.0703373 0.0000000 1.2588231 0.4529370 1.1586745 3.2381161 1.1586745 1.5901977 0.7945437 1.0297869 0.5504769 0.4172160 0.3999739 0.9198342 1.0297869 0.6388142 0.4714565 0.4172160 1.2070784 1.2070784 
t4         1.8942965 1.2588231 0.0000000 1.0297869 9.0000000 9.0000000 9.0000000 1.7786835 1.3144041 2.4141569 1.1586745 1.0703373 1.1132061 1.7786835 1.5901977 1.3144041 1.2070784 1.0703373 2.4141569 2.4141569 
t6         0.9913169 0.4529370 1.0297869 0.0000000 1.3144041 2.1983953 1.1586745 1.7786835 0.7945437 1.3744361 0.5716050 0.4714565 0.4172160 0.8239592 0.9198342 0.6388142 0.4348639 0.3999739 1.2070784 1.2070784 
t11        1.1132061 1.1586745 9.0000000 1.3144041 0.0000000 1.4396946 1.3144041 1.4396946 2.4141569 2.4141569 1.3744361 1.3144041 1.2588231 1.2070784 1.2070784 1.4396946 1.3744361 1.3144041 1.0297869 1.0703373 
t8         1.5111773 3.2381161 9.0000000 2.1983953 1.4396946 0.0000000 1.8942965 9.0000000 9.0000000 9.0000000 2.7182557 2.0310377 3.2381161 1.6785349 1.5111773 3.2381161 9.0000000 3.2381161 1.3744361 1.3744361 
t1         1.1586745 1.1586745 9.0000000 1.1586745 1.3144041 1.8942965 0.0000000 1.1132061 9.0000000 2.4141569 1.5111773 1.3144041 1.3144041 1.0703373 1.1132061 1.3744361 1.2070784 1.3144041 1.0297869 1.0297869 
t19        1.1586745 1.5901977 1.7786835 1.7786835 1.4396946 9.0000000 1.1132061 0.0000000 3.2381161 2.0310377 1.3744361 1.7786835 1.5111773 1.4396946 1.7786835 1.5111773 1.7786835 1.6785349 0.6626257 0.6872180 
t17        2.1983953 0.7945437 1.3144041 0.7945437 2.4141569 9.0000000 9.0000000 3.2381161 0.0000000 1.8942965 1.1586745 0.8864954 0.8545757 1.4396946 1.5111773 1.3144041 0.8864954 0.8545757 1.5111773 1.5111773 
t20        1.5111773 1.0297869 2.4141569 1.3744361 2.4141569 9.0000000 2.4141569 2.0310377 1.8942965 0.0000000 1.5901977 1.2588231 1.1586745 1.4396946 1.3144041 1.5111773 1.3144041 1.3144041 2.7182557 2.7182557 
t9         0.9913169 0.5504769 1.1586745 0.5716050 1.3744361 2.7182557 1.5111773 1.3744361 1.1586745 1.5901977 0.0000000 0.2892469 0.2326162 0.9913169 1.1132061 0.4714565 0.3192509 0.2746833 1.3144041 1.3144041 
t5         0.8545757 0.4172160 1.0703373 0.4714565 1.3144041 2.0310377 1.3144041 1.7786835 0.8864954 1.2588231 0.2892469 0.0000000 0.1307650 0.8239592 0.8864954 0.3999739 0.1927838 0.1673577 1.2070784 1.2070784 
t14        0.7945437 0.3999739 1.1132061 0.4172160 1.2588231 3.2381161 1.3144041 1.5111773 0.8545757 1.1586745 0.2326162 0.1307650 0.0000000 0.8545757 0.9198342 0.2892469 0.0734853 0.0517447 1.2070784 1.2070784 
t7         0.5504769 0.9198342 1.7786835 0.8239592 1.2070784 1.6785349 1.0703373 1.4396946 1.4396946 1.4396946 0.9913169 0.8239592 0.8545757 0.0000000 0.0734853 1.0703373 0.8864954 0.9547243 0.8239592 0.8239592 
t16        0.5504769 1.0297869 1.5901977 0.9198342 1.2070784 1.5111773 1.1132061 1.7786835 1.5111773 1.3144041 1.1132061 0.8864954 0.9198342 0.0734853 0.0000000 1.2588231 0.9547243 1.0297869 0.8545757 0.8545757 
t12        0.7662384 0.6388142 1.3144041 0.6388142 1.4396946 3.2381161 1.3744361 1.5111773 1.3144041 1.5111773 0.4714565 0.3999739 0.2892469 1.0703373 1.2588231 0.0000000 0.3347153 0.2603971 1.5901977 1.5901977 
t3         0.8239592 0.4714565 1.2070784 0.4348639 1.3744361 9.0000000 1.2070784 1.7786835 0.8864954 1.3144041 0.3192509 0.1927838 0.0734853 0.8864954 0.9547243 0.3347153 0.0000000 0.0845966 1.2588231 1.2588231 
t13        0.8864954 0.4172160 1.0703373 0.3999739 1.3144041 3.2381161 1.3144041 1.6785349 0.8545757 1.3144041 0.2746833 0.1673577 0.0517447 0.9547243 1.0297869 0.2603971 0.0845966 0.0000000 1.3144041 1.3144041 
t2         0.9198342 1.2070784 2.4141569 1.2070784 1.0297869 1.3744361 1.0297869 0.6626257 1.5111773 2.7182557 1.3144041 1.2070784 1.2070784 0.8239592 0.8545757 1.5901977 1.2588231 1.3144041 0.0000000 0.0100673 
t10        0.9198342 1.2070784 2.4141569 1.2070784 1.0703373 1.3744361 1.0297869 0.6872180 1.5111773 2.7182557 1.3144041 1.2070784 1.2070784 0.8239592 0.8545757 1.5901977 1.2588231 1.3144041 0.0100673 0.0000000 
