20
t15        0.0000000 9.0000000 2.1983953 2.4141569 9.0000000 9.0000000 2.1983953 2.4141569 2.7182557 2.1983953 1.5111773 9.0000000 9.0000000 9.0000000 9.0000000 9.0000000 3.2381161 9.0000000 9.0000000 9.0000000 
t19        9.0000000 0.0000000 1.5901977 1.6785349 9.0000000 1.7786835 2.1983953 1.2070784 2.1983953 2.7182557 2.7182557 0.8239592 2.7182557 9.0000000 3.2381161 9.0000000 3.2381161 2.7182557 9.0000000 2.4141569 
t7         2.1983953 1.5901977 0.0000000 0.3192509 2.1983953 0.9547243 0.7389627 0.5299277 0.9547243 2.7182557 1.6785349 0.7945437 1.8942965 2.4141569 9.0000000 9.0000000 2.7182557 9.0000000 2.0310377 1.8942965 
t3         2.4141569 1.6785349 0.3192509 0.0000000 1.2588231 0.7945437 0.7945437 0.4904449 1.0703373 2.0310377 1.4396946 0.7662384 2.7182557 9.0000000 3.2381161 9.0000000 2.1983953 2.7182557 2.1983953 2.1983953 
t14        9.0000000 9.0000000 2.1983953 1.2588231 0.0000000 2.1983953 9.0000000 9.0000000 2.7182557 1.7786835 2.7182557 1.7786835 2.4141569 9.0000000 2.1983953 9.0000000 1.4396946 1.5111773 9.0000000 9.0000000 
t5         9.0000000 1.7786835 0.9547243 0.7945437 2.1983953 0.0000000 1.1586745 1.0703373 1.5901977 3.2381161 2.4141569 1.7786835 9.0000000 9.0000000 3.2381161 9.0000000 2.0310377 2.0310377 9.0000000 9.0000000 
t1         2.1983953 2.1983953 0.7389627 0.7945437 9.0000000 1.1586745 0.0000000 0.6388142 1.3144041 3.2381161 1.2588231 0.8864954 2.4141569 2.7182557 9.0000000 9.0000000 9.0000000 9.0000000 2.0310377 2.0310377 
t9         2.4141569 1.2070784 0.5299277 0.4904449 9.0000000 1.0703373 0.6388142 0.0000000 0.8239592 9.0000000 1.3144041 0.5716050 2.7182557 1.7786835 9.0000000 9.0000000 2.1983953 2.7182557 1.4396946 1.5111773 
t6         2.7182557 2.1983953 0.9547243 1.0703373 2.7182557 1.5901977 1.3144041 0.8239592 0.0000000 9.0000000 3.2381161 1.2588231 2.1983953 9.0000000 9.0000000 9.0000000 9.0000000 9.0000000 2.7182557 2.7182557 
t4         2.1983953 2.7182557 2.7182557 2.0310377 1.7786835 3.2381161 3.2381161 9.0000000 9.0000000 0.0000000 9.0000000 2.4141569 9.0000000 9.0000000 9.0000000 2.7182557 2.7182557 2.1983953 9.0000000 3.2381161 
t13        1.5111773 2.7182557 1.6785349 1.4396946 2.7182557 2.4141569 1.2588231 1.3144041 3.2381161 9.0000000 0.0000000 1.1132061 3.2381161 1.6785349 9.0000000 2.7182557 2.1983953 3.2381161 2.1983953 1.8942965 
t10        9.0000000 0.8239592 0.7945437 0.7662384 1.7786835 1.7786835 0.8864954 0.5716050 1.2588231 2.4141569 1.1132061 0.0000000 2.0310377 2.4141569 9.0000000 9.0000000 9.0000000 9.0000000 1.6785349 1.5111773 
t20        9.0000000 2.7182557 1.8942965 2.7182557 2.4141569 9.0000000 2.4141569 2.7182557 2.1983953 9.0000000 3.2381161 2.0310377 0.0000000 9.0000000 0.7945437 2.1983953 9.0000000 9.0000000 9.0000000 9.0000000 
t11        9.0000000 9.0000000 2.4141569 9.0000000 9.0000000 9.0000000 2.7182557 1.7786835 9.0000000 9.0000000 1.6785349 2.4141569 9.0000000 0.0000000 2.1983953 2.1983953 9.0000000 9.0000000 0.2326162 0.3999739 
t8         9.0000000 3.2381161 9.0000000 3.2381161 2.1983953 3.2381161 9.0000000 9.0000000 9.0000000 9.0000000 9.0000000 9.0000000 0.7945437 2.1983953 0.0000000 9.0000000 9.0000000 9.0000000 3.2381161 2.4141569 
t16        9.0000000 9.0000000 9.0000000 9.0000000 9.0000000 9.0000000 9.0000000 9.0000000 9.0000000 2.7182557 2.7182557 9.0000000 2.1983953 2.1983953 9.0000000 0.0000000 9.0000000 9.0000000 9.0000000 2.0310377 
t18        3.2381161 3.2381161 2.7182557 2.1983953 1.4396946 2.0310377 9.0000000 2.1983953 9.0000000 2.7182557 2.1983953 9.0000000 9.0000000 9.0000000 9.0000000 9.0000000 0.0000000 0.1073256 3.2381161 3.2381161 
t17        9.0000000 2.7182557 9.0000000 2.7182557 1.5111773 2.0310377 9.0000000 2.7182557 9.0000000 2.1983953 3.2381161 9.0000000 9.0000000 9.0000000 9.0000000 9.0000000 0.1073256 0.0000000 9.0000000 9.0000000 
t12        9.0000000 9.0000000 2.0310377 2.1983953 9.0000000 9.0000000 2.0310377 1.4396946 2.7182557 9.0000000 2.1983953 1.6785349 9.0000000 0.2326162 3.2381161 9.0000000 3.2381161 9.0000000 0.0000000 0.2058276 
t2         9.0000000 2.4141569 1.8942965 2.1983953 9.0000000 9.0000000 2.0310377 1.5111773 2.7182557 3.2381161 1.8942965 1.5111773 9.0000000 0.3999739 2.4141569 2.0310377 3.2381161 9.0000000 0.2058276 0.0000000 
