20
t8         0.0000000 1.5901977 1.5901977 1.7786835 2.0310377 9.0000000 2.4141569 1.1132061 1.0703373 0.6872180 0.7389627 1.5111773 2.1983953 2.4141569 2.7182557 1.1586745 1.3144041 1.2588231 2.1983953 1.6785349 
t17        1.5901977 0.0000000 1.0703373 2.4141569 9.0000000 9.0000000 1.2588231 0.9913169 0.8239592 1.3144041 1.6785349 0.8239592 1.1132061 1.5901977 2.4141569 0.5099265 0.6157354 0.7126442 1.4396946 1.5111773 
t18        1.5901977 1.0703373 0.0000000 1.6785349 1.8942965 9.0000000 9.0000000 1.6785349 1.4396946 1.7786835 1.5901977 1.4396946 1.1586745 2.4141569 3.2381161 1.2588231 1.4396946 1.5901977 1.4396946 1.3144041 
t11        1.7786835 2.4141569 1.6785349 0.0000000 9.0000000 1.7786835 9.0000000 1.5901977 1.6785349 2.4141569 2.1983953 2.7182557 9.0000000 9.0000000 9.0000000 9.0000000 2.4141569 9.0000000 9.0000000 9.0000000 
t3         2.0310377 9.0000000 1.8942965 9.0000000 0.0000000 0.5933457 9.0000000 1.5111773 1.7786835 3.2381161 2.1983953 2.1983953 1.8942965 2.4141569 9.0000000 2.7182557 9.0000000 9.0000000 9.0000000 9.0000000 
t9         9.0000000 9.0000000 9.0000000 1.7786835 0.5933457 0.0000000 9.0000000 2.4141569 2.4141569 9.0000000 9.0000000 2.4141569 9.0000000 2.4141569 2.1983953 9.0000000 9.0000000 9.0000000 9.0000000 9.0000000 
t4         2.4141569 1.2588231 9.0000000 9.0000000 9.0000000 9.0000000 0.0000000 1.5111773 1.5111773 9.0000000 9.0000000 1.3744361 1.2588231 2.1983953 2.4141569 0.9198342 1.2588231 1.0703373 1.5901977 1.7786835 
t12        1.1132061 0.9913169 1.6785349 1.5901977 1.5111773 2.4141569 1.5111773 0.0000000 0.1673577 1.3744361 1.3744361 1.6785349 2.7182557 1.6785349 1.5111773 0.9547243 1.1586745 1.1132061 9.0000000 9.0000000 
t5         1.0703373 0.8239592 1.4396946 1.6785349 1.7786835 2.4141569 1.5111773 0.1673577 0.0000000 1.4396946 1.1586745 1.1586745 1.6785349 1.5901977 1.5111773 0.7662384 0.9913169 0.8864954 9.0000000 9.0000000 
t20        0.6872180 1.3144041 1.7786835 2.4141569 3.2381161 9.0000000 9.0000000 1.3744361 1.4396946 0.0000000 0.3999739 1.7786835 9.0000000 9.0000000 9.0000000 1.1586745 1.4396946 1.2588231 2.1983953 1.8942965 
t15        0.7389627 1.6785349 1.5901977 2.1983953 2.1983953 9.0000000 9.0000000 1.3744361 1.1586745 0.3999739 0.0000000 1.6785349 3.2381161 9.0000000 9.0000000 1.2588231 1.1586745 1.0703373 9.0000000 2.4141569 
t19        1.5111773 0.8239592 1.4396946 2.7182557 2.1983953 2.4141569 1.3744361 1.6785349 1.1586745 1.7786835 1.6785349 0.0000000 0.3192509 9.0000000 9.0000000 0.7126442 0.7945437 0.9547243 1.7786835 2.0310377 
t2         2.1983953 1.1132061 1.1586745 9.0000000 1.8942965 9.0000000 1.2588231 2.7182557 1.6785349 9.0000000 3.2381161 0.3192509 0.0000000 1.7786835 9.0000000 0.9198342 0.9547243 1.2070784 2.0310377 3.2381161 
t7         2.4141569 1.5901977 2.4141569 9.0000000 2.4141569 2.4141569 2.1983953 1.6785349 1.5901977 9.0000000 9.0000000 9.0000000 1.7786835 0.0000000 0.5299277 1.5111773 1.6785349 2.4141569 3.2381161 2.4141569 
t6         2.7182557 2.4141569 3.2381161 9.0000000 9.0000000 2.1983953 2.4141569 1.5111773 1.5111773 9.0000000 9.0000000 9.0000000 9.0000000 0.5299277 0.0000000 1.8942965 2.7182557 2.0310377 9.0000000 2.7182557 
t13        1.1586745 0.5099265 1.2588231 9.0000000 2.7182557 9.0000000 0.9198342 0.9547243 0.7662384 1.1586745 1.2588231 0.7126442 0.9198342 1.5111773 1.8942965 0.0000000 0.2191023 0.2463781 2.1983953 1.5901977 
t16        1.3144041 0.6157354 1.4396946 2.4141569 9.0000000 9.0000000 1.2588231 1.1586745 0.9913169 1.4396946 1.1586745 0.7945437 0.9547243 1.6785349 2.7182557 0.2191023 0.0000000 0.2191023 2.4141569 1.7786835 
t10        1.2588231 0.7126442 1.5901977 9.0000000 9.0000000 9.0000000 1.0703373 1.1132061 0.8864954 1.2588231 1.0703373 0.9547243 1.2070784 2.4141569 2.0310377 0.2463781 0.2191023 0.0000000 2.4141569 1.7786835 
t14        2.1983953 1.4396946 1.4396946 9.0000000 9.0000000 9.0000000 1.5901977 9.0000000 9.0000000 2.1983953 9.0000000 1.7786835 2.0310377 3.2381161 9.0000000 2.1983953 2.4141569 2.4141569 0.0000000 0.3040988 
t1         1.6785349 1.5111773 1.3144041 9.0000000 9.0000000 9.0000000 1.7786835 9.0000000 9.0000000 1.8942965 2.4141569 2.0310377 3.2381161 2.4141569 2.7182557 1.5901977 1.7786835 1.7786835 0.3040988 0.0000000 
