20
t2         0.0000000 0.2603971 0.4172160 0.8239592 0.8545757 0.9913169 0.7945437 0.9198342 0.7126442 0.8239592 0.7945437 0.6626257 0.6388142 0.8545757 0.9913169 1.0297869 0.7662384 0.7662384 0.9547243 0.9547243 
t5         0.2603971 0.0000000 0.4348639 0.8864954 0.7945437 0.9198342 0.7662384 1.0297869 0.6872180 0.8864954 0.9198342 0.7126442 0.7389627 0.8545757 0.9198342 1.2070784 0.8545757 0.8545757 1.1132061 1.2070784 
t20        0.4172160 0.4348639 0.0000000 0.9198342 0.9547243 1.0703373 0.9198342 0.8239592 0.8545757 0.9547243 0.8545757 0.7662384 0.7662384 0.9547243 0.9913169 1.1586745 0.8239592 0.8239592 1.1132061 1.1586745 
t16        0.8239592 0.8864954 0.9198342 0.0000000 0.5504769 0.6157354 0.8545757 0.7662384 0.4714565 0.6388142 0.6388142 0.5099265 0.5716050 0.6872180 0.7126442 0.9198342 0.5933457 0.5933457 0.8864954 0.9547243 
t7         0.8545757 0.7945437 0.9547243 0.5504769 0.0000000 0.1307650 0.2746833 0.7126442 0.4529370 0.5504769 0.4714565 0.3040988 0.3505054 0.4904449 0.5716050 0.6388142 0.4904449 0.4904449 0.6388142 0.7126442 
t11        0.9913169 0.9198342 1.0703373 0.6157354 0.1307650 0.0000000 0.3192509 0.7662384 0.5504769 0.5099265 0.4714565 0.2892469 0.3831192 0.5099265 0.5716050 0.5933457 0.5099265 0.5099265 0.5933457 0.6626257 
t13        0.7945437 0.7662384 0.9198342 0.8545757 0.2746833 0.3192509 0.0000000 0.8545757 0.5716050 0.6157354 0.5299277 0.4348639 0.4904449 0.6157354 0.6626257 0.7389627 0.5716050 0.5716050 0.7389627 0.8239592 
t17        0.9198342 1.0297869 0.8239592 0.7662384 0.7126442 0.7662384 0.8545757 0.0000000 0.5504769 0.5933457 0.6157354 0.6157354 0.7389627 0.6157354 0.6626257 0.8545757 0.5933457 0.5933457 0.8239592 0.8545757 
t8         0.7126442 0.6872180 0.8545757 0.4714565 0.4529370 0.5504769 0.5716050 0.5504769 0.0000000 0.6872180 0.5933457 0.3666350 0.4172160 0.5099265 0.5716050 0.8239592 0.5933457 0.5933457 0.7945437 0.8545757 
t14        0.8239592 0.8864954 0.9547243 0.6388142 0.5504769 0.5099265 0.6157354 0.5933457 0.6872180 0.0000000 0.1307650 0.3999739 0.5099265 0.3666350 0.3999739 0.2603971 0.1427653 0.1427653 0.2326162 0.2746833 
t18        0.7945437 0.9198342 0.8545757 0.6388142 0.4714565 0.4714565 0.5299277 0.6157354 0.5933457 0.1307650 0.0000000 0.3347153 0.4348639 0.3505054 0.3831192 0.1799630 0.0625362 0.0625362 0.1549607 0.1927838 
t4         0.6626257 0.7126442 0.7662384 0.5099265 0.3040988 0.2892469 0.4348639 0.6157354 0.3666350 0.3999739 0.3347153 0.0000000 0.1189538 0.3666350 0.3831192 0.4529370 0.3666350 0.3666350 0.4529370 0.5099265 
t1         0.6388142 0.7389627 0.7662384 0.5716050 0.3505054 0.3831192 0.4904449 0.7389627 0.4172160 0.5099265 0.4348639 0.1189538 0.0000000 0.4904449 0.5099265 0.5716050 0.4348639 0.4348639 0.5716050 0.6388142 
t3         0.8545757 0.8545757 0.9547243 0.6872180 0.4904449 0.5099265 0.6157354 0.6157354 0.5099265 0.3666350 0.3505054 0.3666350 0.4904449 0.0000000 0.0517447 0.4714565 0.3666350 0.3666350 0.4714565 0.5299277 
t9         0.9913169 0.9198342 0.9913169 0.7126442 0.5716050 0.5716050 0.6626257 0.6626257 0.5716050 0.3999739 0.3831192 0.3831192 0.5099265 0.0517447 0.0000000 0.4904449 0.3999739 0.3999739 0.4904449 0.5504769 
t6         1.0297869 1.2070784 1.1586745 0.9198342 0.6388142 0.5933457 0.7389627 0.8545757 0.8239592 0.2603971 0.1799630 0.4529370 0.5716050 0.4714565 0.4904449 0.0000000 0.2191023 0.2191023 0.0306165 0.0517447 
t12        0.7662384 0.8545757 0.8239592 0.5933457 0.4904449 0.5099265 0.5716050 0.5933457 0.5933457 0.1427653 0.0625362 0.3666350 0.4348639 0.3666350 0.3999739 0.2191023 0.0000000 0.0000010 0.1927838 0.2326162 
t19        0.7662384 0.8545757 0.8239592 0.5933457 0.4904449 0.5099265 0.5716050 0.5933457 0.5933457 0.1427653 0.0625362 0.3666350 0.4348639 0.3666350 0.3999739 0.2191023 0.0000010 0.0000000 0.1927838 0.2326162 
t15        0.9547243 1.1132061 1.1132061 0.8864954 0.6388142 0.5933457 0.7389627 0.8239592 0.7945437 0.2326162 0.1549607 0.4529370 0.5716050 0.4714565 0.4904449 0.0306165 0.1927838 0.1927838 0.0000000 0.0411062 
t10        0.9547243 1.2070784 1.1586745 0.9547243 0.7126442 0.6626257 0.8239592 0.8545757 0.8545757 0.2746833 0.1927838 0.5099265 0.6388142 0.5299277 0.5504769 0.0517447 0.2326162 0.2326162 0.0411062 0.0000000 
