20
t10        0.0000000 0.2603971 0.2463781 0.5716050 0.5099265 1.0703373 0.8545757 0.4172160 0.6157354 0.6388142 0.5716050 0.6157354 0.5504769 1.5111773 0.6626257 0.6626257 0.5099265 0.5299277 0.6872180 0.6872180 
t15        0.2603971 0.0000000 0.1799630 0.4904449 0.4714565 0.7945437 0.8545757 0.4172160 0.5933457 0.5099265 0.4714565 0.5099265 0.4172160 1.2070784 0.6626257 0.6872180 0.4714565 0.4714565 0.4904449 0.4904449 
t16        0.2463781 0.1799630 0.0000000 0.4529370 0.3999739 0.7389627 0.8864954 0.3666350 0.6157354 0.5504769 0.4904449 0.5299277 0.3999739 1.5111773 0.6388142 0.6626257 0.4529370 0.4529370 0.5933457 0.5933457 
t1         0.5716050 0.4904449 0.4529370 0.0000000 0.3999739 1.2588231 1.0297869 0.4529370 0.5299277 0.7389627 0.6872180 0.7126442 0.7389627 1.3144041 0.6157354 0.6872180 0.3999739 0.3831192 0.8545757 0.8545757 
t2         0.5099265 0.4714565 0.3999739 0.3999739 0.0000000 1.0297869 0.9198342 0.3505054 0.5099265 0.7126442 0.7389627 0.7662384 0.6872180 1.7786835 0.5504769 0.6388142 0.4172160 0.3999739 0.8545757 0.8545757 
t9         1.0703373 0.7945437 0.7389627 1.2588231 1.0297869 0.0000000 1.5901977 0.9547243 1.4396946 0.5299277 0.6388142 0.5933457 0.6872180 1.8942965 1.5111773 1.6785349 1.2588231 1.2070784 0.6626257 0.6626257 
t13        0.8545757 0.8545757 0.8864954 1.0297869 0.9198342 1.5901977 0.0000000 1.0297869 1.1132061 0.9547243 0.7662384 0.8239592 0.6872180 1.8942965 1.6785349 2.0310377 1.0703373 1.1586745 0.7945437 0.7389627 
t3         0.4172160 0.4172160 0.3666350 0.4529370 0.3505054 0.9547243 1.0297869 0.0000000 0.3831192 0.5504769 0.6157354 0.6157354 0.6157354 2.0310377 0.4348639 0.5299277 0.2746833 0.2892469 0.7389627 0.7389627 
t18        0.6157354 0.5933457 0.6157354 0.5299277 0.5099265 1.4396946 1.1132061 0.3831192 0.0000000 0.8239592 0.8239592 0.8239592 0.9198342 1.7786835 0.3831192 0.4529370 0.1673577 0.1673577 1.0297869 1.0703373 
t7         0.6388142 0.5099265 0.5504769 0.7389627 0.7126442 0.5299277 0.9547243 0.5504769 0.8239592 0.0000000 0.1307650 0.0845966 0.3999739 1.3144041 0.8545757 0.8864954 0.6872180 0.6872180 0.4529370 0.4529370 
t11        0.5716050 0.4714565 0.4904449 0.6872180 0.7389627 0.6388142 0.7662384 0.6157354 0.8239592 0.1307650 0.0000000 0.0411062 0.4172160 1.1586745 0.9913169 1.0297869 0.7126442 0.7126442 0.4172160 0.4172160 
t14        0.6157354 0.5099265 0.5299277 0.7126442 0.7662384 0.5933457 0.8239592 0.6157354 0.8239592 0.0845966 0.0411062 0.0000000 0.4172160 1.1586745 0.9913169 1.0297869 0.7126442 0.7126442 0.3999739 0.3999739 
t17        0.5504769 0.4172160 0.3999739 0.7389627 0.6872180 0.6872180 0.6872180 0.6157354 0.9198342 0.3999739 0.4172160 0.4172160 0.0000000 1.1586745 0.9547243 0.9913169 0.8239592 0.8239592 0.4172160 0.3831192 
t5         1.5111773 1.2070784 1.5111773 1.3144041 1.7786835 1.8942965 1.8942965 2.0310377 1.7786835 1.3144041 1.1586745 1.1586745 1.1586745 0.0000000 2.4141569 3.2381161 1.5901977 1.5901977 1.4396946 1.4396946 
t20        0.6626257 0.6626257 0.6388142 0.6157354 0.5504769 1.5111773 1.6785349 0.4348639 0.3831192 0.8545757 0.9913169 0.9913169 0.9547243 2.4141569 0.0000000 0.0958750 0.2463781 0.2463781 1.1586745 1.2070784 
t8         0.6626257 0.6872180 0.6626257 0.6872180 0.6388142 1.6785349 2.0310377 0.5299277 0.4529370 0.8864954 1.0297869 1.0297869 0.9913169 3.2381161 0.0958750 0.0000000 0.3505054 0.3347153 1.2588231 1.3144041 
t19        0.5099265 0.4714565 0.4529370 0.3999739 0.4172160 1.2588231 1.0703373 0.2746833 0.1673577 0.6872180 0.7126442 0.7126442 0.8239592 1.5901977 0.2463781 0.3505054 0.0000000 0.0202715 0.9198342 0.9547243 
t6         0.5299277 0.4714565 0.4529370 0.3831192 0.3999739 1.2070784 1.1586745 0.2892469 0.1673577 0.6872180 0.7126442 0.7126442 0.8239592 1.5901977 0.2463781 0.3347153 0.0202715 0.0000000 0.9547243 0.9913169 
t12        0.6872180 0.4904449 0.5933457 0.8545757 0.8545757 0.6626257 0.7945437 0.7389627 1.0297869 0.4529370 0.4172160 0.3999739 0.4172160 1.4396946 1.1586745 1.2588231 0.9198342 0.9547243 0.0000000 0.0202715 
t4         0.6872180 0.4904449 0.5933457 0.8545757 0.8545757 0.6626257 0.7389627 0.7389627 1.0703373 0.4529370 0.4172160 0.3999739 0.3831192 1.4396946 1.2070784 1.3144041 0.9547243 0.9913169 0.0202715 0.0000000 
