20
t8         0.0000000 0.8864954 0.7945437 1.0703373 0.7945437 0.9913169 1.3744361 1.0297869 1.4396946 0.9198342 1.3744361 1.5901977 1.2070784 1.0703373 1.5111773 1.2588231 1.3144041 1.2070784 0.8545757 0.8545757 
t7         0.8864954 0.0000000 0.4904449 1.1132061 0.7945437 0.9198342 1.1132061 1.0297869 1.1586745 1.2070784 2.1983953 1.4396946 1.2070784 0.9547243 1.2070784 1.3744361 1.1132061 1.1586745 0.8239592 0.8239592 
t5         0.7945437 0.4904449 0.0000000 0.8864954 0.6872180 1.2070784 1.0703373 1.0703373 1.2588231 1.5111773 1.5901977 1.7786835 1.3144041 0.7945437 1.3144041 1.5111773 1.0703373 0.9913169 0.9913169 0.9913169 
t14        1.0703373 1.1132061 0.8864954 0.0000000 0.7662384 1.5111773 1.5111773 2.0310377 1.3744361 1.0703373 1.0703373 1.3744361 1.2070784 1.5111773 2.1983953 2.7182557 1.4396946 1.7786835 1.3144041 1.3144041 
t10        0.7945437 0.7945437 0.6872180 0.7662384 0.0000000 0.8239592 1.1132061 1.1586745 0.9547243 1.1132061 1.2588231 1.1586745 1.1132061 0.9913169 1.5901977 1.5111773 1.3744361 1.2588231 0.6872180 0.6872180 
t13        0.9913169 0.9198342 1.2070784 1.5111773 0.8239592 0.0000000 3.2381161 2.1983953 0.6388142 0.5933457 0.7662384 0.8864954 0.7389627 3.2381161 9.0000000 9.0000000 9.0000000 9.0000000 0.7126442 0.7126442 
t15        1.3744361 1.1132061 1.0703373 1.5111773 1.1132061 3.2381161 0.0000000 0.4172160 2.4141569 2.1983953 1.8942965 1.6785349 1.5111773 0.4529370 0.5716050 0.7126442 0.5716050 0.6157354 1.5901977 1.5901977 
t12        1.0297869 1.0297869 1.0703373 2.0310377 1.1586745 2.1983953 0.4172160 0.0000000 1.7786835 2.1983953 1.7786835 1.2588231 1.2588231 0.3192509 0.3999739 0.4904449 0.3999739 0.4172160 1.0703373 1.0703373 
t6         1.4396946 1.1586745 1.2588231 1.3744361 0.9547243 0.6388142 2.4141569 1.7786835 0.0000000 0.8545757 0.9547243 0.5299277 0.3505054 2.7182557 2.0310377 2.4141569 1.8942965 2.1983953 0.7389627 0.7389627 
t1         0.9198342 1.2070784 1.5111773 1.0703373 1.1132061 0.5933457 2.1983953 2.1983953 0.8545757 0.0000000 0.3192509 0.8545757 0.7389627 2.4141569 9.0000000 2.4141569 9.0000000 9.0000000 0.8545757 0.8545757 
t19        1.3744361 2.1983953 1.5901977 1.0703373 1.2588231 0.7662384 1.8942965 1.7786835 0.9547243 0.3192509 0.0000000 1.0297869 0.8864954 9.0000000 9.0000000 3.2381161 3.2381161 3.2381161 0.9547243 0.9547243 
t2         1.5901977 1.4396946 1.7786835 1.3744361 1.1586745 0.8864954 1.6785349 1.2588231 0.5299277 0.8545757 1.0297869 0.0000000 0.2892469 1.5901977 1.3744361 1.5111773 1.5111773 1.5901977 0.9547243 0.9547243 
t3         1.2070784 1.2070784 1.3144041 1.2070784 1.1132061 0.7389627 1.5111773 1.2588231 0.3505054 0.7389627 0.8864954 0.2892469 0.0000000 1.5901977 1.5111773 1.7786835 1.3144041 1.5111773 0.7945437 0.7945437 
t9         1.0703373 0.9547243 0.7945437 1.5111773 0.9913169 3.2381161 0.4529370 0.3192509 2.7182557 2.4141569 9.0000000 1.5901977 1.5901977 0.0000000 0.5299277 0.5933457 0.3666350 0.3831192 1.2070784 1.2070784 
t18        1.5111773 1.2070784 1.3144041 2.1983953 1.5901977 9.0000000 0.5716050 0.3999739 2.0310377 9.0000000 9.0000000 1.3744361 1.5111773 0.5299277 0.0000000 0.3831192 0.4714565 0.4904449 1.3144041 1.3144041 
t4         1.2588231 1.3744361 1.5111773 2.7182557 1.5111773 9.0000000 0.7126442 0.4904449 2.4141569 2.4141569 3.2381161 1.5111773 1.7786835 0.5933457 0.3831192 0.0000000 0.8239592 0.8239592 1.6785349 1.6785349 
t17        1.3144041 1.1132061 1.0703373 1.4396946 1.3744361 9.0000000 0.5716050 0.3999739 1.8942965 9.0000000 3.2381161 1.5111773 1.3144041 0.3666350 0.4714565 0.8239592 0.0000000 0.0517447 1.5901977 1.5901977 
t20        1.2070784 1.1586745 0.9913169 1.7786835 1.2588231 9.0000000 0.6157354 0.4172160 2.1983953 9.0000000 3.2381161 1.5901977 1.5111773 0.3831192 0.4904449 0.8239592 0.0517447 0.0000000 1.4396946 1.4396946 
t11        0.8545757 0.8239592 0.9913169 1.3144041 0.6872180 0.7126442 1.5901977 1.0703373 0.7389627 0.8545757 0.9547243 0.9547243 0.7945437 1.2070784 1.3144041 1.6785349 1.5901977 1.4396946 0.0000000 0.0000010 
t16        0.8545757 0.8239592 0.9913169 1.3144041 0.6872180 0.7126442 1.5901977 1.0703373 0.7389627 0.8545757 0.9547243 0.9547243 0.7945437 1.2070784 1.3144041 1.6785349 1.5901977 1.4396946 0.0000010 0.0000000 
