20
t10        0.0000000 0.4904449 0.7389627 0.6388142 0.9913169 0.7126442 0.9198342 1.5111773 0.6157354 0.6626257 0.5716050 0.4714565 0.3831192 0.6388142 0.5099265 0.5933457 0.6388142 0.6157354 0.4172160 0.3505054 
t1         0.4904449 0.0000000 0.4348639 0.3040988 0.8864954 0.3831192 0.5716050 0.8864954 1.0297869 0.5504769 0.3999739 0.6157354 0.5099265 0.4172160 0.2892469 0.3999739 0.4348639 0.3666350 0.6388142 0.5299277 
t18        0.7389627 0.4348639 0.0000000 0.5933457 1.3144041 0.6388142 0.7389627 1.0297869 1.1586745 0.7126442 0.6157354 0.8864954 0.7662384 0.6157354 0.5299277 0.5716050 0.7126442 0.5504769 0.8239592 0.7126442 
t2         0.6388142 0.3040988 0.5933457 0.0000000 0.8864954 0.5299277 0.6157354 1.2588231 0.9913169 0.6626257 0.5099265 0.7126442 0.5716050 0.6626257 0.4714565 0.4904449 0.4904449 0.4172160 0.6626257 0.5716050 
t11        0.9913169 0.8864954 1.3144041 0.8864954 0.0000000 1.1586745 1.1132061 1.8942965 1.1586745 1.4396946 0.9913169 1.0703373 1.0297869 0.9913169 0.7126442 0.9547243 0.9198342 0.8864954 0.9913169 0.9913169 
t19        0.7126442 0.3831192 0.6388142 0.5299277 1.1586745 0.0000000 0.7945437 1.0297869 1.1132061 0.3999739 0.2892469 0.8864954 0.8239592 0.5716050 0.4172160 0.3192509 0.3040988 0.2603971 0.9913169 0.8864954 
t16        0.9198342 0.5716050 0.7389627 0.6157354 1.1132061 0.7945437 0.0000000 0.6626257 1.5111773 0.8864954 0.7389627 0.9198342 0.8864954 0.7662384 0.6872180 0.4714565 0.5504769 0.5299277 1.0297869 0.9547243 
t5         1.5111773 0.8864954 1.0297869 1.2588231 1.8942965 1.0297869 0.6626257 0.0000000 2.7182557 1.2588231 1.0297869 1.4396946 1.4396946 1.1586745 1.0297869 0.8864954 0.7945437 0.9547243 1.2588231 1.2588231 
t15        0.6157354 1.0297869 1.1586745 0.9913169 1.1586745 1.1132061 1.5111773 2.7182557 0.0000000 1.0297869 1.1586745 0.6872180 0.6388142 1.3744361 1.1132061 1.1132061 1.2070784 1.2588231 0.6157354 0.5504769 
t9         0.6626257 0.5504769 0.7126442 0.6626257 1.4396946 0.3999739 0.8864954 1.2588231 1.0297869 0.0000000 0.1549607 0.7662384 0.7662384 0.7662384 0.6872180 0.4348639 0.4172160 0.3999739 0.9198342 0.8545757 
t14        0.5716050 0.3999739 0.6157354 0.5099265 0.9913169 0.2892469 0.7389627 1.0297869 1.1586745 0.1549607 0.0000000 0.7389627 0.6626257 0.5933457 0.4904449 0.2746833 0.2746833 0.2463781 0.7945437 0.7389627 
t7         0.4714565 0.6157354 0.8864954 0.7126442 1.0703373 0.8864954 0.9198342 1.4396946 0.6872180 0.7662384 0.7389627 0.0000000 0.1673577 0.7389627 0.6157354 0.8239592 0.8864954 0.8239592 0.3666350 0.3192509 
t17        0.3831192 0.5099265 0.7662384 0.5716050 1.0297869 0.8239592 0.8864954 1.4396946 0.6388142 0.7662384 0.6626257 0.1673577 0.0000000 0.7662384 0.6157354 0.6872180 0.8239592 0.7126442 0.2191023 0.1799630 
t13        0.6388142 0.4172160 0.6157354 0.6626257 0.9913169 0.5716050 0.7662384 1.1586745 1.3744361 0.7662384 0.5933457 0.7389627 0.7662384 0.0000000 0.1673577 0.5504769 0.5504769 0.4904449 0.8239592 0.7662384 
t12        0.5099265 0.2892469 0.5299277 0.4714565 0.7126442 0.4172160 0.6872180 1.0297869 1.1132061 0.6872180 0.4904449 0.6157354 0.6157354 0.1673577 0.0000000 0.4714565 0.4904449 0.4172160 0.6626257 0.5933457 
t3         0.5933457 0.3999739 0.5716050 0.4904449 0.9547243 0.3192509 0.4714565 0.8864954 1.1132061 0.4348639 0.2746833 0.8239592 0.6872180 0.5504769 0.4714565 0.0000000 0.1673577 0.0958750 0.8864954 0.7662384 
t6         0.6388142 0.4348639 0.7126442 0.4904449 0.9198342 0.3040988 0.5504769 0.7945437 1.2070784 0.4172160 0.2746833 0.8864954 0.8239592 0.5504769 0.4904449 0.1673577 0.0000000 0.1189538 0.9198342 0.8545757 
t20        0.6157354 0.3666350 0.5504769 0.4172160 0.8864954 0.2603971 0.5299277 0.9547243 1.2588231 0.3999739 0.2463781 0.8239592 0.7126442 0.4904449 0.4172160 0.0958750 0.1189538 0.0000000 0.8864954 0.7662384 
t8         0.4172160 0.6388142 0.8239592 0.6626257 0.9913169 0.9913169 1.0297869 1.2588231 0.6157354 0.9198342 0.7945437 0.3666350 0.2191023 0.8239592 0.6626257 0.8864954 0.9198342 0.8864954 0.0000000 0.0625362 
t4         0.3505054 0.5299277 0.7126442 0.5716050 0.9913169 0.8864954 0.9547243 1.2588231 0.5504769 0.8545757 0.7389627 0.3192509 0.1799630 0.7662384 0.5933457 0.7662384 0.8545757 0.7662384 0.0625362 0.0000000 
