20
t17        0.0000000 0.6388142 0.6157354 0.6626257 0.7662384 0.6626257 0.5299277 0.5933457 0.5299277 0.5299277 0.5099265 0.5504769 0.5299277 0.5099265 0.5299277 0.5299277 0.5504769 0.5299277 0.7126442 0.6872180 
t15        0.6388142 0.0000000 0.6388142 0.7945437 0.7126442 0.4714565 0.5099265 0.7389627 0.6388142 0.5933457 0.5933457 0.6388142 0.3999739 0.3505054 0.3666350 0.3505054 0.6872180 0.6872180 0.5099265 0.5099265 
t7         0.6157354 0.6388142 0.0000000 0.5933457 0.5716050 0.5099265 0.4714565 0.5716050 0.4348639 0.4348639 0.3347153 0.3347153 0.3831192 0.3831192 0.3831192 0.3831192 0.6157354 0.5504769 0.5299277 0.5299277 
t14        0.6626257 0.7945437 0.5933457 0.0000000 0.2892469 0.5933457 0.6872180 0.6872180 0.5716050 0.4714565 0.6388142 0.6388142 0.6626257 0.5504769 0.5716050 0.5504769 0.7389627 0.7126442 0.7945437 0.7945437 
t18        0.7662384 0.7126442 0.5716050 0.2892469 0.0000000 0.6872180 0.6157354 0.6626257 0.5504769 0.4529370 0.6157354 0.6157354 0.5933457 0.5299277 0.5099265 0.5099265 0.7389627 0.6626257 0.6626257 0.6626257 
t13        0.6626257 0.4714565 0.5099265 0.5933457 0.6872180 0.0000000 0.3999739 0.5716050 0.5099265 0.4714565 0.4904449 0.5099265 0.2463781 0.1927838 0.2746833 0.2058276 0.5504769 0.5504769 0.4348639 0.4348639 
t4         0.5299277 0.5099265 0.4714565 0.6872180 0.6157354 0.3999739 0.0000000 0.5504769 0.4714565 0.3831192 0.4172160 0.4529370 0.2746833 0.2326162 0.2892469 0.2326162 0.5299277 0.5299277 0.2191023 0.2058276 
t10        0.5933457 0.7389627 0.5716050 0.6872180 0.6626257 0.5716050 0.5504769 0.0000000 0.4904449 0.4714565 0.5299277 0.5504769 0.5099265 0.4529370 0.5504769 0.4714565 0.1927838 0.1307650 0.6388142 0.6157354 
t3         0.5299277 0.6388142 0.4348639 0.5716050 0.5504769 0.5099265 0.4714565 0.4904449 0.0000000 0.1799630 0.4348639 0.4348639 0.4714565 0.3999739 0.4172160 0.3999739 0.4904449 0.4714565 0.5504769 0.5299277 
t5         0.5299277 0.5933457 0.4348639 0.4714565 0.4529370 0.4714565 0.3831192 0.4714565 0.1799630 0.0000000 0.4348639 0.4348639 0.4172160 0.3505054 0.3831192 0.3505054 0.5299277 0.4714565 0.4348639 0.4348639 
t6         0.5099265 0.5933457 0.3347153 0.6388142 0.6157354 0.4904449 0.4172160 0.5299277 0.4348639 0.4348639 0.0000000 0.2058276 0.3999739 0.3666350 0.4172160 0.3831192 0.4904449 0.4172160 0.5299277 0.5299277 
t1         0.5504769 0.6388142 0.3347153 0.6388142 0.6157354 0.5099265 0.4529370 0.5504769 0.4348639 0.4348639 0.2058276 0.0000000 0.4172160 0.3999739 0.4348639 0.3999739 0.5716050 0.5099265 0.5299277 0.5299277 
t9         0.5299277 0.3999739 0.3831192 0.6626257 0.5933457 0.2463781 0.2746833 0.5099265 0.4714565 0.4172160 0.3999739 0.4172160 0.0000000 0.0625362 0.1189538 0.0625362 0.4529370 0.4348639 0.3831192 0.3831192 
t2         0.5099265 0.3505054 0.3831192 0.5504769 0.5299277 0.1927838 0.2326162 0.4529370 0.3999739 0.3505054 0.3666350 0.3999739 0.0625362 0.0000000 0.0734853 0.0202715 0.4714565 0.4529370 0.3192509 0.3192509 
t20        0.5299277 0.3666350 0.3831192 0.5716050 0.5099265 0.2746833 0.2892469 0.5504769 0.4172160 0.3831192 0.4172160 0.4348639 0.1189538 0.0734853 0.0000000 0.0734853 0.5504769 0.5099265 0.3666350 0.3666350 
t19        0.5299277 0.3505054 0.3831192 0.5504769 0.5099265 0.2058276 0.2326162 0.4714565 0.3999739 0.3505054 0.3831192 0.3999739 0.0625362 0.0202715 0.0734853 0.0000000 0.4904449 0.4714565 0.3192509 0.3192509 
t16        0.5504769 0.6872180 0.6157354 0.7389627 0.7389627 0.5504769 0.5299277 0.1927838 0.4904449 0.5299277 0.4904449 0.5716050 0.4529370 0.4714565 0.5504769 0.4904449 0.0000000 0.1073256 0.6626257 0.6388142 
t11        0.5299277 0.6872180 0.5504769 0.7126442 0.6626257 0.5504769 0.5299277 0.1307650 0.4714565 0.4714565 0.4172160 0.5099265 0.4348639 0.4529370 0.5099265 0.4714565 0.1073256 0.0000000 0.6872180 0.6626257 
t8         0.7126442 0.5099265 0.5299277 0.7945437 0.6626257 0.4348639 0.2191023 0.6388142 0.5504769 0.4348639 0.5299277 0.5299277 0.3831192 0.3192509 0.3666350 0.3192509 0.6626257 0.6872180 0.0000000 0.0202715 
t12        0.6872180 0.5099265 0.5299277 0.7945437 0.6626257 0.4348639 0.2058276 0.6157354 0.5299277 0.4348639 0.5299277 0.5299277 0.3831192 0.3192509 0.3666350 0.3192509 0.6388142 0.6626257 0.0202715 0.0000000 
