20
t19        0.0000000 1.5111773 1.5901977 1.6785349 1.7786835 1.4396946 2.4141569 2.7182557 1.6785349 2.4141569 2.7182557 1.5901977 1.7786835 2.1983953 1.6785349 1.6785349 2.0310377 2.4141569 1.2070784 1.3144041 
t15        1.5111773 0.0000000 1.2588231 1.0703373 1.6785349 1.4396946 1.7786835 1.5111773 1.1132061 1.8942965 1.8942965 1.5901977 1.6785349 1.5111773 1.5111773 1.8942965 1.1586745 1.2588231 1.4396946 1.5111773 
t2         1.5901977 1.2588231 0.0000000 1.2588231 1.5111773 0.8239592 1.4396946 1.5901977 1.2070784 1.8942965 0.9913169 0.9547243 1.0297869 1.0297869 1.5111773 1.5111773 1.3744361 1.7786835 0.9198342 0.9547243 
t20        1.6785349 1.0703373 1.2588231 0.0000000 2.7182557 1.8942965 1.2588231 1.3744361 0.5716050 9.0000000 1.4396946 1.4396946 1.6785349 1.4396946 2.7182557 9.0000000 0.7389627 0.7945437 1.6785349 1.5901977 
t4         1.7786835 1.6785349 1.5111773 2.7182557 0.0000000 1.7786835 1.8942965 1.5111773 1.6785349 0.3999739 1.5901977 1.6785349 1.5111773 1.3744361 0.2058276 0.3040988 2.0310377 2.1983953 2.0310377 2.0310377 
t10        1.4396946 1.4396946 0.8239592 1.8942965 1.7786835 0.0000000 2.1983953 1.5901977 1.7786835 1.5901977 0.5504769 0.4904449 0.4172160 0.4172160 1.5111773 1.4396946 1.5901977 1.4396946 0.8239592 0.7945437 
t12        2.4141569 1.7786835 1.4396946 1.2588231 1.8942965 2.1983953 0.0000000 0.4172160 1.7786835 1.5901977 1.4396946 1.3144041 1.7786835 1.8942965 1.4396946 1.5111773 1.3144041 1.5111773 2.4141569 2.1983953 
t16        2.7182557 1.5111773 1.5901977 1.3744361 1.5111773 1.5901977 0.4172160 0.0000000 2.0310377 1.5901977 1.2070784 1.0703373 1.2588231 1.5111773 1.3144041 1.5111773 1.6785349 1.8942965 1.5901977 1.5111773 
t14        1.6785349 1.1132061 1.2070784 0.5716050 1.6785349 1.7786835 1.7786835 2.0310377 0.0000000 2.0310377 1.1586745 1.5901977 2.1983953 1.6785349 1.7786835 2.4141569 0.3347153 0.3040988 1.4396946 1.5901977 
t5         2.4141569 1.8942965 1.8942965 9.0000000 0.3999739 1.5901977 1.5901977 1.5901977 2.0310377 0.0000000 1.4396946 1.5111773 1.7786835 1.6785349 0.2191023 0.2603971 9.0000000 2.7182557 1.7786835 1.7786835 
t3         2.7182557 1.8942965 0.9913169 1.4396946 1.5901977 0.5504769 1.4396946 1.2070784 1.1586745 1.4396946 0.0000000 0.2058276 0.5299277 0.5299277 1.4396946 1.5111773 1.1586745 1.1132061 0.7389627 0.6872180 
t8         1.5901977 1.5901977 0.9547243 1.4396946 1.6785349 0.4904449 1.3144041 1.0703373 1.5901977 1.5111773 0.2058276 0.0000000 0.5099265 0.4714565 1.4396946 1.5111773 1.7786835 1.4396946 0.6388142 0.5933457 
t18        1.7786835 1.6785349 1.0297869 1.6785349 1.5111773 0.4172160 1.7786835 1.2588231 2.1983953 1.7786835 0.5299277 0.5099265 0.0000000 0.2326162 1.3744361 1.3744361 1.6785349 1.6785349 0.7662384 0.7126442 
t6         2.1983953 1.5111773 1.0297869 1.4396946 1.3744361 0.4172160 1.8942965 1.5111773 1.6785349 1.6785349 0.5299277 0.4714565 0.2326162 0.0000000 1.3744361 1.4396946 2.0310377 1.6785349 0.6626257 0.6157354 
t7         1.6785349 1.5111773 1.5111773 2.7182557 0.2058276 1.5111773 1.4396946 1.3144041 1.7786835 0.2191023 1.4396946 1.4396946 1.3744361 1.3744361 0.0000000 0.0845966 1.8942965 2.0310377 1.6785349 1.6785349 
t13        1.6785349 1.8942965 1.5111773 9.0000000 0.3040988 1.4396946 1.5111773 1.5111773 2.4141569 0.2603971 1.5111773 1.5111773 1.3744361 1.4396946 0.0845966 0.0000000 2.4141569 3.2381161 1.8942965 1.8942965 
t9         2.0310377 1.1586745 1.3744361 0.7389627 2.0310377 1.5901977 1.3144041 1.6785349 0.3347153 9.0000000 1.1586745 1.7786835 1.6785349 2.0310377 1.8942965 2.4141569 0.0000000 0.1549607 2.0310377 2.0310377 
t17        2.4141569 1.2588231 1.7786835 0.7945437 2.1983953 1.4396946 1.5111773 1.8942965 0.3040988 2.7182557 1.1132061 1.4396946 1.6785349 1.6785349 2.0310377 3.2381161 0.1549607 0.0000000 1.6785349 1.5901977 
t1         1.2070784 1.4396946 0.9198342 1.6785349 2.0310377 0.8239592 2.4141569 1.5901977 1.4396946 1.7786835 0.7389627 0.6388142 0.7662384 0.6626257 1.6785349 1.8942965 2.0310377 1.6785349 0.0000000 0.0202715 
t11        1.3144041 1.5111773 0.9547243 1.5901977 2.0310377 0.7945437 2.1983953 1.5111773 1.5901977 1.7786835 0.6872180 0.5933457 0.7126442 0.6157354 1.6785349 1.8942965 2.0310377 1.5901977 0.0202715 0.0000000 
