20
t7         0.0000000 1.6785349 1.1586745 1.3744361 1.2588231 1.3744361 2.0310377 2.1983953 1.7786835 1.1586745 1.5901977 1.7786835 1.4396946 1.6785349 1.1586745 1.0703373 1.6785349 1.8942965 1.2070784 1.2070784 
t11        1.6785349 0.0000000 2.7182557 2.7182557 1.8942965 1.4396946 2.7182557 3.2381161 9.0000000 2.0310377 1.8942965 1.7786835 2.4141569 1.8942965 2.4141569 2.7182557 2.1983953 2.4141569 2.0310377 2.0310377 
t18        1.1586745 2.7182557 0.0000000 0.8239592 1.2070784 1.1586745 0.9913169 1.3744361 0.9547243 0.5716050 1.2588231 1.0703373 0.4904449 0.5933457 0.5716050 0.5504769 0.9198342 0.9547243 0.5099265 0.5099265 
t20        1.3744361 2.7182557 0.8239592 0.0000000 1.4396946 1.3744361 1.6785349 1.5111773 1.3144041 0.5716050 2.4141569 2.0310377 0.5716050 0.6626257 0.7126442 0.7389627 1.1132061 1.2070784 0.8239592 0.7662384 
t4         1.2588231 1.8942965 1.2070784 1.4396946 0.0000000 0.4714565 1.1586745 3.2381161 2.1983953 1.1586745 1.1132061 1.1132061 0.9547243 1.0703373 1.0703373 1.0297869 1.0703373 1.1132061 1.3144041 1.2588231 
t8         1.3744361 1.4396946 1.1586745 1.3744361 0.4714565 0.0000000 1.0703373 1.6785349 1.5111773 1.0703373 0.8545757 0.8545757 0.8864954 0.8545757 0.8864954 0.8864954 0.9913169 0.9913169 1.2070784 1.1132061 
t19        2.0310377 2.7182557 0.9913169 1.6785349 1.1586745 1.0703373 0.0000000 1.5901977 1.0703373 1.0703373 1.2070784 0.9913169 0.9913169 1.0297869 1.0297869 0.9547243 0.5933457 0.5504769 1.2070784 1.1586745 
t13        2.1983953 3.2381161 1.3744361 1.5111773 3.2381161 1.6785349 1.5901977 0.0000000 0.4529370 1.5901977 1.5901977 1.3144041 1.4396946 2.0310377 1.1586745 1.1586745 1.5901977 1.5901977 0.9198342 0.9547243 
t15        1.7786835 9.0000000 0.9547243 1.3144041 2.1983953 1.5111773 1.0703373 0.4529370 0.0000000 1.1132061 1.0297869 0.9913169 1.0297869 1.2588231 0.9198342 0.8239592 1.2070784 1.2070784 0.9198342 0.9198342 
t17        1.1586745 2.0310377 0.5716050 0.5716050 1.1586745 1.0703373 1.0703373 1.5901977 1.1132061 0.0000000 0.9913169 0.9198342 0.1549607 0.2191023 0.4348639 0.4348639 1.0297869 1.0703373 0.4714565 0.4348639 
t14        1.5901977 1.8942965 1.2588231 2.4141569 1.1132061 0.8545757 1.2070784 1.5901977 1.0297869 0.9913169 0.0000000 0.3040988 0.9913169 0.9198342 0.8239592 0.7389627 1.0703373 1.0703373 0.9913169 0.9547243 
t6         1.7786835 1.7786835 1.0703373 2.0310377 1.1132061 0.8545757 0.9913169 1.3144041 0.9913169 0.9198342 0.3040988 0.0000000 0.8545757 0.9198342 0.8239592 0.7945437 0.9913169 0.9198342 0.8545757 0.8239592 
t16        1.4396946 2.4141569 0.4904449 0.5716050 0.9547243 0.8864954 0.9913169 1.4396946 1.0297869 0.1549607 0.9913169 0.8545757 0.0000000 0.1307650 0.4714565 0.4714565 0.8239592 0.7945437 0.5099265 0.4714565 
t5         1.6785349 1.8942965 0.5933457 0.6626257 1.0703373 0.8545757 1.0297869 2.0310377 1.2588231 0.2191023 0.9198342 0.9198342 0.1307650 0.0000000 0.5299277 0.5299277 0.8239592 0.8545757 0.5504769 0.5299277 
t1         1.1586745 2.4141569 0.5716050 0.7126442 1.0703373 0.8864954 1.0297869 1.1586745 0.9198342 0.4348639 0.8239592 0.8239592 0.4714565 0.5299277 0.0000000 0.0517447 0.8545757 0.9198342 0.1799630 0.1549607 
t9         1.0703373 2.7182557 0.5504769 0.7389627 1.0297869 0.8864954 0.9547243 1.1586745 0.8239592 0.4348639 0.7389627 0.7945437 0.4714565 0.5299277 0.0517447 0.0000000 0.7662384 0.8239592 0.1799630 0.1549607 
t12        1.6785349 2.1983953 0.9198342 1.1132061 1.0703373 0.9913169 0.5933457 1.5901977 1.2070784 1.0297869 1.0703373 0.9913169 0.8239592 0.8239592 0.8545757 0.7662384 0.0000000 0.0306165 0.9913169 0.9547243 
t2         1.8942965 2.4141569 0.9547243 1.2070784 1.1132061 0.9913169 0.5504769 1.5901977 1.2070784 1.0703373 1.0703373 0.9198342 0.7945437 0.8545757 0.9198342 0.8239592 0.0306165 0.0000000 1.0703373 1.0297869 
t3         1.2070784 2.0310377 0.5099265 0.8239592 1.3144041 1.2070784 1.2070784 0.9198342 0.9198342 0.4714565 0.9913169 0.8545757 0.5099265 0.5504769 0.1799630 0.1799630 0.9913169 1.0703373 0.0000000 0.0202715 
t10        1.2070784 2.0310377 0.5099265 0.7662384 1.2588231 1.1132061 1.1586745 0.9547243 0.9198342 0.4348639 0.9547243 0.8239592 0.4714565 0.5299277 0.1549607 0.1549607 0.9547243 1.0297869 0.0202715 0.0000000 
