20
t13        0.0000000 0.4904449 0.4172160 0.2058276 0.2746833 0.2326162 0.3831192 0.3831192 0.2326162 0.1927838 0.4529370 0.2191023 0.2326162 0.2892469 0.3347153 0.2892469 0.3040988 0.2191023 0.4172160 0.3347153 
t5         0.4904449 0.0000000 0.4172160 0.5504769 0.6388142 0.5299277 0.6626257 0.7126442 0.5716050 0.4714565 0.7945437 0.5299277 0.5933457 0.5933457 0.6626257 0.6388142 0.6388142 0.6157354 0.4904449 0.4172160 
t11        0.4172160 0.4172160 0.0000000 0.4714565 0.5099265 0.4172160 0.5933457 0.5716050 0.4172160 0.3831192 0.7126442 0.4348639 0.5299277 0.5716050 0.6157354 0.5933457 0.5299277 0.5504769 0.3831192 0.3192509 
t18        0.2058276 0.5504769 0.4714565 0.0000000 0.1427653 0.2746833 0.4172160 0.3999739 0.2326162 0.2191023 0.4714565 0.2463781 0.3192509 0.3505054 0.3831192 0.3347153 0.3505054 0.3192509 0.4348639 0.3831192 
t6         0.2746833 0.6388142 0.5099265 0.1427653 0.0000000 0.3347153 0.4904449 0.4714565 0.3347153 0.3040988 0.5716050 0.3347153 0.3192509 0.3999739 0.4348639 0.3831192 0.3666350 0.3666350 0.4904449 0.4348639 
t17        0.2326162 0.5299277 0.4172160 0.2746833 0.3347153 0.0000000 0.4714565 0.4348639 0.2603971 0.2326162 0.3999739 0.1927838 0.3347153 0.3999739 0.4172160 0.3999739 0.3666350 0.3505054 0.4529370 0.3999739 
t1         0.3831192 0.6626257 0.5933457 0.4172160 0.4904449 0.4714565 0.0000000 0.2746833 0.3505054 0.3347153 0.7389627 0.4529370 0.4172160 0.5099265 0.6157354 0.5716050 0.5099265 0.5099265 0.6872180 0.6157354 
t7         0.3831192 0.7126442 0.5716050 0.3999739 0.4714565 0.4348639 0.2746833 0.0000000 0.3831192 0.3666350 0.7126442 0.5099265 0.4348639 0.4904449 0.6626257 0.6157354 0.5099265 0.5299277 0.5504769 0.4529370 
t20        0.2326162 0.5716050 0.4172160 0.2326162 0.3347153 0.2603971 0.3505054 0.3831192 0.0000000 0.1073256 0.4529370 0.2892469 0.2746833 0.3505054 0.3347153 0.3505054 0.3505054 0.3192509 0.5504769 0.4714565 
t8         0.1927838 0.4714565 0.3831192 0.2191023 0.3040988 0.2326162 0.3347153 0.3666350 0.1073256 0.0000000 0.4714565 0.2326162 0.2326162 0.3040988 0.3505054 0.3040988 0.3192509 0.2892469 0.4714565 0.4172160 
t9         0.4529370 0.7945437 0.7126442 0.4714565 0.5716050 0.3999739 0.7389627 0.7126442 0.4529370 0.4714565 0.0000000 0.3040988 0.5299277 0.7389627 0.6388142 0.5933457 0.6626257 0.5716050 0.7126442 0.6872180 
t15        0.2191023 0.5299277 0.4348639 0.2463781 0.3347153 0.1927838 0.4529370 0.5099265 0.2892469 0.2326162 0.3040988 0.0000000 0.3347153 0.4172160 0.4529370 0.3999739 0.3666350 0.3040988 0.5716050 0.4904449 
t19        0.2326162 0.5933457 0.5299277 0.3192509 0.3192509 0.3347153 0.4172160 0.4348639 0.2746833 0.2326162 0.5299277 0.3347153 0.0000000 0.1799630 0.2463781 0.2326162 0.2463781 0.2191023 0.5299277 0.4348639 
t4         0.2892469 0.5933457 0.5716050 0.3505054 0.3999739 0.3999739 0.5099265 0.4904449 0.3505054 0.3040988 0.7389627 0.4172160 0.1799630 0.0000000 0.2746833 0.2326162 0.2603971 0.2892469 0.5933457 0.4714565 
t3         0.3347153 0.6626257 0.6157354 0.3831192 0.4348639 0.4172160 0.6157354 0.6626257 0.3347153 0.3505054 0.6388142 0.4529370 0.2463781 0.2746833 0.0000000 0.0517447 0.3666350 0.2892469 0.6157354 0.5299277 
t12        0.2892469 0.6388142 0.5933457 0.3347153 0.3831192 0.3999739 0.5716050 0.6157354 0.3505054 0.3040988 0.5933457 0.3999739 0.2326162 0.2326162 0.0517447 0.0000000 0.3192509 0.2746833 0.5716050 0.4904449 
t16        0.3040988 0.6388142 0.5299277 0.3505054 0.3666350 0.3666350 0.5099265 0.5099265 0.3505054 0.3192509 0.6626257 0.3666350 0.2463781 0.2603971 0.3666350 0.3192509 0.0000000 0.1673577 0.5933457 0.4904449 
t10        0.2191023 0.6157354 0.5504769 0.3192509 0.3666350 0.3505054 0.5099265 0.5299277 0.3192509 0.2892469 0.5716050 0.3040988 0.2191023 0.2892469 0.2892469 0.2746833 0.1673577 0.0000000 0.5933457 0.4904449 
t14        0.4172160 0.4904449 0.3831192 0.4348639 0.4904449 0.4529370 0.6872180 0.5504769 0.5504769 0.4714565 0.7126442 0.5716050 0.5299277 0.5933457 0.6157354 0.5716050 0.5933457 0.5933457 0.0000000 0.0958750 
t2         0.3347153 0.4172160 0.3192509 0.3831192 0.4348639 0.3999739 0.6157354 0.4529370 0.4714565 0.4172160 0.6872180 0.4904449 0.4348639 0.4714565 0.5299277 0.4904449 0.4904449 0.4904449 0.0958750 0.0000000 
