20
t9         0.0000000 1.1586745 0.6872180 0.6626257 2.7182557 0.8545757 1.4396946 0.9913169 1.1586745 0.3831192 0.5299277 1.5901977 1.5111773 1.0297869 1.3744361 1.0703373 1.1586745 1.5111773 1.4396946 1.2588231 
t15        1.1586745 0.0000000 1.4396946 1.3144041 1.6785349 0.2746833 0.8864954 0.8545757 1.2588231 1.2070784 1.2070784 1.6785349 0.8545757 0.7126442 1.5901977 1.7786835 1.0703373 1.3744361 0.4172160 0.3192509 
t2         0.6872180 1.4396946 0.0000000 0.4904449 9.0000000 1.2070784 2.7182557 1.3144041 1.2070784 0.8545757 1.0703373 2.1983953 2.4141569 1.6785349 1.7786835 1.3744361 1.2588231 1.8942965 1.8942965 1.8942965 
t20        0.6626257 1.3144041 0.4904449 0.0000000 9.0000000 1.1586745 2.0310377 1.3744361 1.4396946 0.6626257 0.8545757 1.8942965 2.4141569 1.5111773 1.1586745 1.5901977 1.0703373 1.4396946 2.7182557 2.0310377 
t14        2.7182557 1.6785349 9.0000000 9.0000000 0.0000000 1.2588231 1.5111773 3.2381161 2.7182557 3.2381161 2.0310377 2.1983953 2.7182557 1.6785349 9.0000000 9.0000000 3.2381161 3.2381161 2.0310377 1.6785349 
t16        0.8545757 0.2746833 1.2070784 1.1586745 1.2588231 0.0000000 0.9198342 0.6872180 0.9198342 0.9547243 0.9913169 1.2588231 0.8239592 0.6626257 1.5901977 1.8942965 0.7945437 1.0297869 0.5933457 0.5716050 
t4         1.4396946 0.8864954 2.7182557 2.0310377 1.5111773 0.9198342 0.0000000 0.7662384 0.8239592 1.3144041 1.4396946 1.8942965 0.6626257 0.4904449 1.6785349 3.2381161 1.0297869 1.0703373 1.4396946 1.1586745 
t11        0.9913169 0.8545757 1.3144041 1.3744361 3.2381161 0.6872180 0.7662384 0.0000000 0.3040988 1.0297869 1.1586745 0.6157354 0.5299277 0.5299277 1.5901977 1.5901977 0.3666350 0.3666350 1.2588231 1.1132061 
t7         1.1586745 1.2588231 1.2070784 1.4396946 2.7182557 0.9198342 0.8239592 0.3040988 0.0000000 1.0703373 1.2588231 0.6872180 0.6626257 0.6626257 2.0310377 2.4141569 0.4714565 0.4529370 1.5111773 1.4396946 
t10        0.3831192 1.2070784 0.8545757 0.6626257 3.2381161 0.9547243 1.3144041 1.0297869 1.0703373 0.0000000 0.1427653 1.5901977 1.2070784 0.9547243 1.2070784 1.2070784 1.3744361 1.5901977 1.5901977 1.4396946 
t8         0.5299277 1.2070784 1.0703373 0.8545757 2.0310377 0.9913169 1.4396946 1.1586745 1.2588231 0.1427653 0.0000000 1.8942965 1.2070784 0.9547243 1.2070784 1.1132061 1.5901977 1.6785349 1.5901977 1.5111773 
t18        1.5901977 1.6785349 2.1983953 1.8942965 2.1983953 1.2588231 1.8942965 0.6157354 0.6872180 1.5901977 1.8942965 0.0000000 0.9547243 1.0703373 2.1983953 2.1983953 0.7126442 0.7662384 9.0000000 2.7182557 
t17        1.5111773 0.8545757 2.4141569 2.4141569 2.7182557 0.8239592 0.6626257 0.5299277 0.6626257 1.2070784 1.2070784 0.9547243 0.0000000 0.1927838 1.5111773 9.0000000 0.7945437 0.7389627 1.2070784 1.0703373 
t13        1.0297869 0.7126442 1.6785349 1.5111773 1.6785349 0.6626257 0.4904449 0.5299277 0.6626257 0.9547243 0.9547243 1.0703373 0.1927838 0.0000000 1.1132061 3.2381161 0.7389627 0.6626257 1.1132061 0.9198342 
t19        1.3744361 1.5901977 1.7786835 1.1586745 9.0000000 1.5901977 1.6785349 1.5901977 2.0310377 1.2070784 1.2070784 2.1983953 1.5111773 1.1132061 0.0000000 0.5933457 2.4141569 1.8942965 2.4141569 2.1983953 
t12        1.0703373 1.7786835 1.3744361 1.5901977 9.0000000 1.8942965 3.2381161 1.5901977 2.4141569 1.2070784 1.1132061 2.1983953 9.0000000 3.2381161 0.5933457 0.0000000 2.1983953 1.8942965 1.6785349 1.8942965 
t5         1.1586745 1.0703373 1.2588231 1.0703373 3.2381161 0.7945437 1.0297869 0.3666350 0.4714565 1.3744361 1.5901977 0.7126442 0.7945437 0.7389627 2.4141569 2.1983953 0.0000000 0.4172160 1.3744361 1.2070784 
t1         1.5111773 1.3744361 1.8942965 1.4396946 3.2381161 1.0297869 1.0703373 0.3666350 0.4529370 1.5901977 1.6785349 0.7662384 0.7389627 0.6626257 1.8942965 1.8942965 0.4172160 0.0000000 1.6785349 1.6785349 
t6         1.4396946 0.4172160 1.8942965 2.7182557 2.0310377 0.5933457 1.4396946 1.2588231 1.5111773 1.5901977 1.5901977 9.0000000 1.2070784 1.1132061 2.4141569 1.6785349 1.3744361 1.6785349 0.0000000 0.1073256 
t3         1.2588231 0.3192509 1.8942965 2.0310377 1.6785349 0.5716050 1.1586745 1.1132061 1.4396946 1.4396946 1.5111773 2.7182557 1.0703373 0.9198342 2.1983953 1.8942965 1.2070784 1.6785349 0.1073256 0.0000000 
