20
t10        0.0000000 0.3505054 0.3505054 0.3505054 0.4904449 0.4172160 0.3505054 0.4904449 0.6872180 0.5933457 0.5504769 0.5933457 0.3192509 0.2746833 0.3666350 0.3831192 0.7389627 0.7389627 0.2463781 0.2326162 
t2         0.3505054 0.0000000 0.4529370 0.3999739 0.6157354 0.4529370 0.4714565 0.6872180 0.7945437 0.6388142 0.6388142 0.7945437 0.4348639 0.3831192 0.5099265 0.4904449 0.9198342 0.9198342 0.3831192 0.3831192 
t11        0.3505054 0.4529370 0.0000000 0.4714565 0.4714565 0.5299277 0.3999739 0.5933457 0.7126442 0.6626257 0.7389627 0.6626257 0.4348639 0.3666350 0.4529370 0.4529370 0.7662384 0.7662384 0.2058276 0.2058276 
t3         0.3505054 0.3999739 0.4714565 0.0000000 0.3666350 0.4904449 0.3999739 0.5716050 0.5099265 0.6157354 0.6388142 0.5099265 0.1549607 0.1673577 0.3999739 0.4172160 0.6388142 0.6388142 0.3192509 0.3192509 
t12        0.4904449 0.6157354 0.4714565 0.3666350 0.0000000 0.8239592 0.6388142 0.7662384 0.3347153 0.9547243 0.8864954 0.3831192 0.3666350 0.3831192 0.6388142 0.6626257 0.4904449 0.4904449 0.4529370 0.4529370 
t6         0.4172160 0.4529370 0.5299277 0.4904449 0.8239592 0.0000000 0.2892469 0.3192509 0.8864954 0.4348639 0.3831192 0.8239592 0.5299277 0.4904449 0.3040988 0.3192509 0.8864954 0.8864954 0.4904449 0.4904449 
t5         0.3505054 0.4714565 0.3999739 0.3999739 0.6388142 0.2892469 0.0000000 0.2191023 0.7126442 0.3999739 0.3831192 0.7126442 0.4172160 0.3666350 0.1073256 0.1073256 0.7126442 0.7126442 0.3999739 0.3999739 
t14        0.4904449 0.6872180 0.5933457 0.5716050 0.7662384 0.3192509 0.2191023 0.0000000 0.9913169 0.5099265 0.4529370 1.0297869 0.5504769 0.5099265 0.1549607 0.1799630 0.9913169 0.9913169 0.5504769 0.5504769 
t19        0.6872180 0.7945437 0.7126442 0.5099265 0.3347153 0.8864954 0.7126442 0.9913169 0.0000000 1.1132061 1.0703373 0.0958750 0.5099265 0.5299277 0.8545757 0.8239592 0.2326162 0.2058276 0.5933457 0.5933457 
t7         0.5933457 0.6388142 0.6626257 0.6157354 0.9547243 0.4348639 0.3999739 0.5099265 1.1132061 0.0000000 0.1073256 1.1132061 0.6157354 0.6157354 0.4348639 0.4348639 0.9913169 0.9913169 0.6626257 0.6626257 
t15        0.5504769 0.6388142 0.7389627 0.6388142 0.8864954 0.3831192 0.3831192 0.4529370 1.0703373 0.1073256 0.0000000 1.0703373 0.6388142 0.6157354 0.4172160 0.4172160 1.0297869 1.0297869 0.6388142 0.6388142 
t17        0.5933457 0.7945437 0.6626257 0.5099265 0.3831192 0.8239592 0.7126442 1.0297869 0.0958750 1.1132061 1.0703373 0.0000000 0.5504769 0.5299277 0.8545757 0.8864954 0.2326162 0.2058276 0.5933457 0.5933457 
t18        0.3192509 0.4348639 0.4348639 0.1549607 0.3666350 0.5299277 0.4172160 0.5504769 0.5099265 0.6157354 0.6388142 0.5504769 0.0000000 0.0734853 0.3831192 0.3999739 0.6157354 0.6157354 0.3347153 0.3347153 
t13        0.2746833 0.3831192 0.3666350 0.1673577 0.3831192 0.4904449 0.3666350 0.5099265 0.5299277 0.6157354 0.6157354 0.5299277 0.0734853 0.0000000 0.3347153 0.3505054 0.6388142 0.6388142 0.2746833 0.2746833 
t4         0.3666350 0.5099265 0.4529370 0.3999739 0.6388142 0.3040988 0.1073256 0.1549607 0.8545757 0.4348639 0.4172160 0.8545757 0.3831192 0.3347153 0.0000000 0.0625362 0.8545757 0.8545757 0.3999739 0.3999739 
t20        0.3831192 0.4904449 0.4529370 0.4172160 0.6626257 0.3192509 0.1073256 0.1799630 0.8239592 0.4348639 0.4172160 0.8864954 0.3999739 0.3505054 0.0625362 0.0000000 0.9198342 0.9198342 0.3999739 0.3999739 
t16        0.7389627 0.9198342 0.7662384 0.6388142 0.4904449 0.8864954 0.7126442 0.9913169 0.2326162 0.9913169 1.0297869 0.2326162 0.6157354 0.6388142 0.8545757 0.9198342 0.0000000 0.0202715 0.6388142 0.6388142 
t1         0.7389627 0.9198342 0.7662384 0.6388142 0.4904449 0.8864954 0.7126442 0.9913169 0.2058276 0.9913169 1.0297869 0.2058276 0.6157354 0.6388142 0.8545757 0.9198342 0.0202715 0.0000000 0.6388142 0.6388142 
t9         0.2463781 0.3831192 0.2058276 0.3192509 0.4529370 0.4904449 0.3999739 0.5504769 0.5933457 0.6626257 0.6388142 0.5933457 0.3347153 0.2746833 0.3999739 0.3999739 0.6388142 0.6388142 0.0000000 0.0100673 
t8         0.2326162 0.3831192 0.2058276 0.3192509 0.4529370 0.4904449 0.3999739 0.5504769 0.5933457 0.6626257 0.6388142 0.5933457 0.3347153 0.2746833 0.3999739 0.3999739 0.6388142 0.6388142 0.0100673 0.0000000 
