20
t3         0.0000000 0.4529370 0.1549607 0.0517447 0.0958750 0.4529370 0.3505054 0.2463781 0.1307650 0.1307650 0.2326162 0.2603971 0.2603971 0.5504769 0.3999739 0.3831192 0.4172160 0.3999739 0.3666350 0.3192509 
t20        0.4529370 0.0000000 0.5099265 0.4529370 0.4904449 0.8239592 0.6872180 0.2892469 0.4714565 0.4529370 0.2326162 0.2892469 0.5716050 0.7945437 0.4348639 0.3347153 0.3999739 0.3999739 0.7945437 0.7126442 
t19        0.1549607 0.5099265 0.0000000 0.1799630 0.2326162 0.3831192 0.3040988 0.3192509 0.0625362 0.0734853 0.2892469 0.3505054 0.2463781 0.4904449 0.4529370 0.4714565 0.4904449 0.4529370 0.2603971 0.2746833 
t1         0.0517447 0.4529370 0.1799630 0.0000000 0.1073256 0.4904449 0.3831192 0.2603971 0.1549607 0.1549607 0.2326162 0.2603971 0.2892469 0.5716050 0.4172160 0.3999739 0.4348639 0.4172160 0.3999739 0.3505054 
t6         0.0958750 0.4904449 0.2326162 0.1073256 0.0000000 0.5299277 0.4172160 0.3347153 0.2058276 0.2058276 0.3040988 0.3192509 0.3347153 0.6388142 0.4348639 0.4714565 0.4904449 0.5099265 0.4714565 0.4172160 
t13        0.4529370 0.8239592 0.3831192 0.4904449 0.5299277 0.0000000 0.4172160 0.7662384 0.3505054 0.3666350 0.7126442 0.7662384 0.4529370 0.5716050 0.9547243 0.9547243 0.9198342 0.8864954 0.3666350 0.3831192 
t12        0.3505054 0.6872180 0.3040988 0.3831192 0.4172160 0.4172160 0.0000000 0.4714565 0.2746833 0.2892469 0.4714565 0.5099265 0.3192509 0.6157354 0.6157354 0.6388142 0.5716050 0.6157354 0.3347153 0.3192509 
t4         0.2463781 0.2892469 0.3192509 0.2603971 0.3347153 0.7662384 0.4714565 0.0000000 0.3192509 0.3192509 0.0845966 0.1307650 0.4904449 0.6157354 0.1427653 0.1073256 0.2058276 0.1927838 0.5933457 0.5299277 
t9         0.1307650 0.4714565 0.0625362 0.1549607 0.2058276 0.3505054 0.2746833 0.3192509 0.0000000 0.0306165 0.2892469 0.3505054 0.2191023 0.5099265 0.4529370 0.4714565 0.4904449 0.4529370 0.2463781 0.2326162 
t16        0.1307650 0.4529370 0.0734853 0.1549607 0.2058276 0.3666350 0.2892469 0.3192509 0.0306165 0.0000000 0.2892469 0.3505054 0.2326162 0.5099265 0.4529370 0.4714565 0.4714565 0.4348639 0.2603971 0.2463781 
t2         0.2326162 0.2326162 0.2892469 0.2326162 0.3040988 0.7126442 0.4714565 0.0845966 0.2892469 0.2892469 0.0000000 0.0411062 0.4529370 0.5933457 0.2326162 0.1673577 0.2892469 0.2746833 0.5299277 0.4714565 
t14        0.2603971 0.2892469 0.3505054 0.2603971 0.3192509 0.7662384 0.5099265 0.1307650 0.3505054 0.3505054 0.0411062 0.0000000 0.4714565 0.6388142 0.2892469 0.2191023 0.3347153 0.3192509 0.6157354 0.5504769 
t15        0.2603971 0.5716050 0.2463781 0.2892469 0.3347153 0.4529370 0.3192509 0.4904449 0.2191023 0.2326162 0.4529370 0.4714565 0.0000000 0.4348639 0.6626257 0.5933457 0.6388142 0.6388142 0.3505054 0.3192509 
t10        0.5504769 0.7945437 0.4904449 0.5716050 0.6388142 0.5716050 0.6157354 0.6157354 0.5099265 0.5099265 0.5933457 0.6388142 0.4348639 0.0000000 0.7945437 0.7389627 0.8545757 0.8239592 0.5716050 0.5299277 
t18        0.3999739 0.4348639 0.4529370 0.4172160 0.4348639 0.9547243 0.6157354 0.1427653 0.4529370 0.4529370 0.2326162 0.2892469 0.6626257 0.7945437 0.0000000 0.1427653 0.3505054 0.3505054 0.7389627 0.7126442 
t11        0.3831192 0.3347153 0.4714565 0.3999739 0.4714565 0.9547243 0.6388142 0.1073256 0.4714565 0.4714565 0.1673577 0.2191023 0.5933457 0.7389627 0.1427653 0.0000000 0.3192509 0.3192509 0.7389627 0.6872180 
t8         0.4172160 0.3999739 0.4904449 0.4348639 0.4904449 0.9198342 0.5716050 0.2058276 0.4904449 0.4714565 0.2892469 0.3347153 0.6388142 0.8545757 0.3505054 0.3192509 0.0000000 0.0625362 0.8239592 0.7389627 
t17        0.3999739 0.3999739 0.4529370 0.4172160 0.5099265 0.8864954 0.6157354 0.1927838 0.4529370 0.4348639 0.2746833 0.3192509 0.6388142 0.8239592 0.3505054 0.3192509 0.0625362 0.0000000 0.7662384 0.6872180 
t5         0.3666350 0.7945437 0.2603971 0.3999739 0.4714565 0.3666350 0.3347153 0.5933457 0.2463781 0.2603971 0.5299277 0.6157354 0.3505054 0.5716050 0.7389627 0.7389627 0.8239592 0.7662384 0.0000000 0.0411062 
t7         0.3192509 0.7126442 0.2746833 0.3505054 0.4172160 0.3831192 0.3192509 0.5299277 0.2326162 0.2463781 0.4714565 0.5504769 0.3192509 0.5299277 0.7126442 0.6872180 0.7389627 0.6872180 0.0411062 0.0000000 
