20
t10        0.0000000 1.8942965 1.7786835 2.7182557 9.0000000 1.7786835 2.0310377 3.2381161 9.0000000 2.1983953 9.0000000 1.6785349 2.0310377 1.8942965 1.8942965 9.0000000 3.2381161 9.0000000 9.0000000 9.0000000 
t13        1.8942965 0.0000000 1.2588231 1.2588231 1.8942965 1.0703373 1.1586745 1.5111773 1.5901977 0.9547243 0.9547243 1.2070784 1.4396946 1.1586745 1.0703373 0.9913169 0.9547243 1.0703373 1.2588231 1.2588231 
t15        1.7786835 1.2588231 0.0000000 1.5901977 0.7389627 0.4348639 1.0297869 1.3144041 2.0310377 0.9198342 0.9913169 1.3744361 1.5901977 1.8942965 2.4141569 0.8864954 1.1132061 1.0297869 1.5111773 1.5111773 
t7         2.7182557 1.2588231 1.5901977 0.0000000 1.3744361 1.3144041 0.7126442 1.2070784 1.3744361 0.8545757 1.0297869 1.4396946 1.3144041 2.1983953 2.4141569 0.9198342 1.0703373 0.9198342 0.9547243 0.9547243 
t6         9.0000000 1.8942965 0.7389627 1.3744361 0.0000000 0.7945437 1.1586745 9.0000000 2.1983953 1.2588231 1.3144041 1.7786835 1.8942965 9.0000000 2.7182557 1.2070784 1.3144041 1.3744361 2.0310377 2.0310377 
t12        1.7786835 1.0703373 0.4348639 1.3144041 0.7945437 0.0000000 0.8864954 1.2588231 1.7786835 0.9913169 1.1132061 1.3744361 1.5111773 2.4141569 2.1983953 1.0703373 1.1132061 1.1586745 1.3744361 1.3744361 
t5         2.0310377 1.1586745 1.0297869 0.7126442 1.1586745 0.8864954 0.0000000 0.9547243 1.4396946 0.7945437 0.8545757 1.3744361 1.6785349 2.1983953 2.0310377 0.7126442 0.7945437 0.7945437 0.7662384 0.7662384 
t4         3.2381161 1.5111773 1.3144041 1.2070784 9.0000000 1.2588231 0.9547243 0.0000000 1.5111773 1.3744361 1.1132061 2.7182557 9.0000000 2.4141569 2.4141569 1.2070784 1.3144041 1.1132061 0.9913169 0.9913169 
t16        9.0000000 1.5901977 2.0310377 1.3744361 2.1983953 1.7786835 1.4396946 1.5111773 0.0000000 0.8239592 0.9198342 1.7786835 1.8942965 2.4141569 2.1983953 0.8239592 1.0297869 0.8864954 1.3744361 1.3744361 
t19        2.1983953 0.9547243 0.9198342 0.8545757 1.2588231 0.9913169 0.7945437 1.3744361 0.8239592 0.0000000 0.2603971 1.2588231 1.6785349 1.7786835 1.7786835 0.2191023 0.2892469 0.2603971 1.0703373 1.0703373 
t20        9.0000000 0.9547243 0.9913169 1.0297869 1.3144041 1.1132061 0.8545757 1.1132061 0.9198342 0.2603971 0.0000000 1.3744361 1.6785349 1.6785349 1.5901977 0.1927838 0.2191023 0.2191023 1.2070784 1.2070784 
t1         1.6785349 1.2070784 1.3744361 1.4396946 1.7786835 1.3744361 1.3744361 2.7182557 1.7786835 1.2588231 1.3744361 0.0000000 0.1927838 1.8942965 1.7786835 1.3144041 1.5901977 1.3144041 1.3744361 1.3744361 
t3         2.0310377 1.4396946 1.5901977 1.3144041 1.8942965 1.5111773 1.6785349 9.0000000 1.8942965 1.6785349 1.6785349 0.1927838 0.0000000 2.4141569 2.4141569 1.5901977 2.0310377 1.5111773 1.6785349 1.6785349 
t9         1.8942965 1.1586745 1.8942965 2.1983953 9.0000000 2.4141569 2.1983953 2.4141569 2.4141569 1.7786835 1.6785349 1.8942965 2.4141569 0.0000000 0.1073256 1.8942965 2.1983953 1.6785349 1.8942965 1.8942965 
t11        1.8942965 1.0703373 2.4141569 2.4141569 2.7182557 2.1983953 2.0310377 2.4141569 2.1983953 1.7786835 1.5901977 1.7786835 2.4141569 0.1073256 0.0000000 2.1983953 2.1983953 2.0310377 1.8942965 1.8942965 
t14        9.0000000 0.9913169 0.8864954 0.9198342 1.2070784 1.0703373 0.7126442 1.2070784 0.8239592 0.2191023 0.1927838 1.3144041 1.5901977 1.8942965 2.1983953 0.0000000 0.1549607 0.1307650 1.1132061 1.1132061 
t17        3.2381161 0.9547243 1.1132061 1.0703373 1.3144041 1.1132061 0.7945437 1.3144041 1.0297869 0.2892469 0.2191023 1.5901977 2.0310377 2.1983953 2.1983953 0.1549607 0.0000000 0.1549607 1.1586745 1.1586745 
t8         9.0000000 1.0703373 1.0297869 0.9198342 1.3744361 1.1586745 0.7945437 1.1132061 0.8864954 0.2603971 0.2191023 1.3144041 1.5111773 1.6785349 2.0310377 0.1307650 0.1549607 0.0000000 0.9547243 0.9547243 
t2         9.0000000 1.2588231 1.5111773 0.9547243 2.0310377 1.3744361 0.7662384 0.9913169 1.3744361 1.0703373 1.2070784 1.3744361 1.6785349 1.8942965 1.8942965 1.1132061 1.1586745 0.9547243 0.0000000 0.0000010 
t18        9.0000000 1.2588231 1.5111773 0.9547243 2.0310377 1.3744361 0.7662384 0.9913169 1.3744361 1.0703373 1.2070784 1.3744361 1.6785349 1.8942965 1.8942965 1.1132061 1.1586745 0.9547243 0.0000010 0.0000000 
