20
t6         0.0000000 0.6157354 0.6157354 0.5504769 0.5504769 0.6388142 0.4348639 0.6388142 0.5299277 0.5504769 0.5933457 0.9547243 0.5933457 0.6626257 0.4529370 0.4529370 1.3144041 1.2588231 0.5933457 0.6626257 
t7         0.6157354 0.0000000 0.7126442 0.6157354 0.4348639 0.7126442 0.6872180 1.1132061 0.8239592 0.6388142 0.7126442 1.0703373 0.5504769 0.7662384 0.7389627 0.6872180 1.2588231 1.2588231 0.4904449 0.4904449 
t11        0.6157354 0.7126442 0.0000000 0.6872180 0.4529370 0.7389627 0.7126442 1.0703373 0.7389627 0.7389627 0.8545757 0.9198342 0.4714565 0.5099265 0.7945437 0.7945437 1.7786835 1.6785349 0.5099265 0.5716050 
t8         0.5504769 0.6157354 0.6872180 0.0000000 0.5099265 0.3505054 0.3999739 0.6388142 0.7389627 0.2603971 0.3192509 0.5504769 0.6157354 0.7662384 0.6626257 0.6388142 0.8864954 0.8239592 0.6388142 0.6626257 
t2         0.5504769 0.4348639 0.4529370 0.5099265 0.0000000 0.5716050 0.5299277 0.7662384 0.7389627 0.5299277 0.5933457 0.7945437 0.4714565 0.5716050 0.6388142 0.6388142 1.1132061 1.0703373 0.3999739 0.4172160 
t18        0.6388142 0.7126442 0.7389627 0.3505054 0.5716050 0.0000000 0.3505054 0.7389627 0.7662384 0.3040988 0.3505054 0.2191023 0.6872180 0.7945437 0.7126442 0.6872180 0.4714565 0.4348639 0.7389627 0.7945437 
t10        0.4348639 0.6872180 0.7126442 0.3999739 0.5299277 0.3505054 0.0000000 0.3831192 0.5933457 0.4172160 0.5099265 0.6388142 0.6626257 0.7662384 0.5504769 0.5299277 0.8545757 0.8239592 0.5933457 0.6388142 
t1         0.6388142 1.1132061 1.0703373 0.6388142 0.7662384 0.7389627 0.3831192 0.0000000 0.8864954 0.7389627 0.7945437 1.1586745 1.0297869 1.2070784 0.9198342 0.9198342 1.1586745 1.1586745 0.7945437 0.8239592 
t15        0.5299277 0.8239592 0.7389627 0.7389627 0.7389627 0.7662384 0.5933457 0.8864954 0.0000000 0.7945437 0.8239592 0.9198342 0.7126442 0.8545757 0.2058276 0.1927838 1.5111773 1.5111773 0.7945437 0.7945437 
t16        0.5504769 0.6388142 0.7389627 0.2603971 0.5299277 0.3040988 0.4172160 0.7389627 0.7945437 0.0000000 0.1673577 0.5716050 0.5933457 0.7126442 0.6872180 0.6872180 0.7662384 0.7389627 0.6388142 0.6388142 
t17        0.5933457 0.7126442 0.8545757 0.3192509 0.5933457 0.3505054 0.5099265 0.7945437 0.8239592 0.1673577 0.0000000 0.6157354 0.7126442 0.8239592 0.6872180 0.6626257 0.8864954 0.8239592 0.6157354 0.6157354 
t13        0.9547243 1.0703373 0.9198342 0.5504769 0.7945437 0.2191023 0.6388142 1.1586745 0.9198342 0.5716050 0.6157354 0.0000000 0.9913169 0.9547243 0.8864954 0.8545757 0.4348639 0.3999739 0.9913169 1.0703373 
t4         0.5933457 0.5504769 0.4714565 0.6157354 0.4714565 0.6872180 0.6626257 1.0297869 0.7126442 0.5933457 0.7126442 0.9913169 0.0000000 0.2326162 0.5504769 0.5933457 1.2588231 1.2070784 0.5099265 0.5716050 
t5         0.6626257 0.7662384 0.5099265 0.7662384 0.5716050 0.7945437 0.7662384 1.2070784 0.8545757 0.7126442 0.8239592 0.9547243 0.2326162 0.0000000 0.7126442 0.6872180 1.6785349 1.5901977 0.6157354 0.6872180 
t9         0.4529370 0.7389627 0.7945437 0.6626257 0.6388142 0.7126442 0.5504769 0.9198342 0.2058276 0.6872180 0.6872180 0.8864954 0.5504769 0.7126442 0.0000000 0.0517447 1.3744361 1.3144041 0.7945437 0.8239592 
t12        0.4529370 0.6872180 0.7945437 0.6388142 0.6388142 0.6872180 0.5299277 0.9198342 0.1927838 0.6872180 0.6626257 0.8545757 0.5933457 0.6872180 0.0517447 0.0000000 1.3744361 1.3144041 0.7945437 0.8239592 
t14        1.3144041 1.2588231 1.7786835 0.8864954 1.1132061 0.4714565 0.8545757 1.1586745 1.5111773 0.7662384 0.8864954 0.4348639 1.2588231 1.6785349 1.3744361 1.3744361 0.0000000 0.0202715 1.5111773 1.5901977 
t3         1.2588231 1.2588231 1.6785349 0.8239592 1.0703373 0.4348639 0.8239592 1.1586745 1.5111773 0.7389627 0.8239592 0.3999739 1.2070784 1.5901977 1.3144041 1.3144041 0.0202715 0.0000000 1.5111773 1.5901977 
t20        0.5933457 0.4904449 0.5099265 0.6388142 0.3999739 0.7389627 0.5933457 0.7945437 0.7945437 0.6388142 0.6157354 0.9913169 0.5099265 0.6157354 0.7945437 0.7945437 1.5111773 1.5111773 0.0000000 0.0411062 
t19        0.6626257 0.4904449 0.5716050 0.6626257 0.4172160 0.7945437 0.6388142 0.8239592 0.7945437 0.6388142 0.6157354 1.0703373 0.5716050 0.6872180 0.8239592 0.8239592 1.5901977 1.5901977 0.0411062 0.0000000 
