20
t5         0.0000000 3.2381161 2.1983953 1.5901977 1.3144041 1.5111773 1.4396946 2.0310377 1.7786835 1.6785349 1.5901977 1.0703373 1.4396946 1.5901977 2.1983953 2.1983953 1.5111773 1.5111773 1.1132061 1.1132061 
t14        3.2381161 0.0000000 1.0297869 1.1132061 1.1132061 1.2588231 1.3144041 1.1132061 1.0703373 1.0703373 1.1132061 0.9913169 1.4396946 0.8545757 0.8545757 0.7945437 1.5901977 1.5901977 1.1132061 1.0703373 
t2         2.1983953 1.0297869 0.0000000 0.9198342 0.8864954 0.8864954 1.2588231 0.6626257 0.6872180 0.7389627 0.7945437 0.9547243 1.0297869 0.8545757 0.7662384 0.6872180 0.9547243 0.9198342 0.9198342 0.8545757 
t20        1.5901977 1.1132061 0.9198342 0.0000000 0.8545757 0.6626257 1.0297869 0.7945437 0.7389627 0.6626257 0.7389627 0.9913169 1.2588231 0.9198342 0.8864954 0.8239592 1.0703373 1.1132061 0.9198342 1.0297869 
t9         1.3144041 1.1132061 0.8864954 0.8545757 0.0000000 0.6157354 0.9547243 0.9913169 0.9198342 0.6626257 0.5716050 0.8239592 1.2070784 0.7389627 0.7662384 0.7389627 1.1132061 1.1132061 0.9198342 0.9198342 
t15        1.5111773 1.2588231 0.8864954 0.6626257 0.6157354 0.0000000 1.0703373 0.7389627 0.7126442 0.4904449 0.4714565 0.8545757 1.3744361 0.7126442 0.5933457 0.5504769 1.3144041 1.3144041 0.8545757 0.9198342 
t3         1.4396946 1.3144041 1.2588231 1.0297869 0.9547243 1.0703373 0.0000000 1.5111773 1.2070784 1.3144041 1.1132061 0.9913169 0.6626257 1.1586745 1.1132061 1.0703373 0.7126442 0.7126442 0.9198342 0.9547243 
t7         2.0310377 1.1132061 0.6626257 0.7945437 0.9913169 0.7389627 1.5111773 0.0000000 0.1307650 0.6626257 0.6626257 0.8239592 1.4396946 0.6157354 0.5099265 0.4904449 1.3144041 1.3144041 0.8864954 0.8864954 
t1         1.7786835 1.0703373 0.6872180 0.7389627 0.9198342 0.7126442 1.2070784 0.1307650 0.0000000 0.6626257 0.6157354 0.8239592 1.5111773 0.6157354 0.5099265 0.4904449 1.4396946 1.4396946 0.8545757 0.8864954 
t4         1.6785349 1.0703373 0.7389627 0.6626257 0.6626257 0.4904449 1.3144041 0.6626257 0.6626257 0.0000000 0.2326162 1.2588231 1.1132061 0.7945437 0.6872180 0.6872180 1.0297869 1.0703373 1.2588231 1.2070784 
t16        1.5901977 1.1132061 0.7945437 0.7389627 0.5716050 0.4714565 1.1132061 0.6626257 0.6157354 0.2326162 0.0000000 0.9547243 1.3144041 0.7662384 0.6388142 0.6157354 1.2070784 1.2588231 1.0703373 0.9913169 
t6         1.0703373 0.9913169 0.9547243 0.9913169 0.8239592 0.8545757 0.9913169 0.8239592 0.8239592 1.2588231 0.9547243 0.0000000 1.1586745 0.9198342 0.9547243 0.8545757 1.2070784 1.2588231 0.1549607 0.1799630 
t18        1.4396946 1.4396946 1.0297869 1.2588231 1.2070784 1.3744361 0.6626257 1.4396946 1.5111773 1.1132061 1.3144041 1.1586745 0.0000000 1.2588231 1.3144041 1.2588231 0.0958750 0.0845966 1.1586745 1.2070784 
t19        1.5901977 0.8545757 0.8545757 0.9198342 0.7389627 0.7126442 1.1586745 0.6157354 0.6157354 0.7945437 0.7662384 0.9198342 1.2588231 0.0000000 0.1673577 0.1427653 1.1132061 1.1132061 0.8545757 0.7945437 
t12        2.1983953 0.8545757 0.7662384 0.8864954 0.7662384 0.5933457 1.1132061 0.5099265 0.5099265 0.6872180 0.6388142 0.9547243 1.3144041 0.1673577 0.0000000 0.0734853 1.1586745 1.1586745 0.9198342 0.9198342 
t11        2.1983953 0.7945437 0.6872180 0.8239592 0.7389627 0.5504769 1.0703373 0.4904449 0.4904449 0.6872180 0.6157354 0.8545757 1.2588231 0.1427653 0.0734853 0.0000000 1.1132061 1.1132061 0.8239592 0.8239592 
t8         1.5111773 1.5901977 0.9547243 1.0703373 1.1132061 1.3144041 0.7126442 1.3144041 1.4396946 1.0297869 1.2070784 1.2070784 0.0958750 1.1132061 1.1586745 1.1132061 0.0000000 0.0100673 1.1132061 1.1586745 
t17        1.5111773 1.5901977 0.9198342 1.1132061 1.1132061 1.3144041 0.7126442 1.3144041 1.4396946 1.0703373 1.2588231 1.2588231 0.0845966 1.1132061 1.1586745 1.1132061 0.0100673 0.0000000 1.1586745 1.2070784 
t10        1.1132061 1.1132061 0.9198342 0.9198342 0.9198342 0.8545757 0.9198342 0.8864954 0.8545757 1.2588231 1.0703373 0.1549607 1.1586745 0.8545757 0.9198342 0.8239592 1.1132061 1.1586745 0.0000000 0.0306165 
t13        1.1132061 1.0703373 0.8545757 1.0297869 0.9198342 0.9198342 0.9547243 0.8864954 0.8864954 1.2070784 0.9913169 0.1799630 1.2070784 0.7945437 0.9198342 0.8239592 1.1586745 1.2070784 0.0306165 0.0000000 
