20
t10        0.0000000 0.5716050 0.6157354 0.5716050 1.0297869 0.5716050 0.8545757 0.9547243 0.7389627 0.7126442 1.0297869 1.0703373 0.6388142 0.5504769 0.8545757 0.9198342 1.0297869 0.9198342 1.2588231 1.2070784 
t6         0.5716050 0.0000000 0.6872180 0.6872180 1.3744361 0.6872180 0.8545757 0.6626257 0.7126442 0.5504769 0.9547243 1.1586745 0.7662384 0.6872180 0.4529370 0.4529370 1.2588231 1.0703373 1.1132061 1.0703373 
t17        0.6157354 0.6872180 0.0000000 0.5299277 2.1983953 0.8864954 0.9913169 0.9547243 0.9547243 0.8545757 1.5111773 1.2588231 1.0297869 0.9913169 0.9913169 1.1586745 1.2070784 1.2070784 1.3744361 1.3744361 
t11        0.5716050 0.6872180 0.5299277 0.0000000 1.6785349 0.8864954 0.9913169 1.0703373 0.8239592 0.6872180 0.8239592 0.8864954 0.9913169 0.9198342 1.0297869 1.2070784 1.1132061 0.9913169 1.0297869 0.9913169 
t12        1.0297869 1.3744361 2.1983953 1.6785349 0.0000000 1.3144041 1.7786835 1.3744361 1.3744361 1.3744361 2.0310377 2.4141569 1.6785349 1.4396946 1.5111773 1.5111773 0.9913169 0.9198342 2.7182557 2.4141569 
t4         0.5716050 0.6872180 0.8864954 0.8864954 1.3144041 0.0000000 0.6388142 0.7945437 0.9913169 0.8864954 1.5111773 2.4141569 0.3666350 0.3040988 0.7945437 0.7945437 1.3144041 1.2070784 2.7182557 2.4141569 
t2         0.8545757 0.8545757 0.9913169 0.9913169 1.7786835 0.6388142 0.0000000 1.2588231 1.2588231 1.0703373 1.7786835 1.8942965 0.7126442 0.6388142 1.1586745 1.1132061 1.0703373 0.9913169 2.4141569 2.4141569 
t3         0.9547243 0.6626257 0.9547243 1.0703373 1.3744361 0.7945437 1.2588231 0.0000000 1.1132061 0.9198342 1.3144041 1.5111773 1.0703373 1.0703373 0.3999739 0.4714565 1.5111773 1.4396946 1.6785349 1.5901977 
t1         0.7389627 0.7126442 0.9547243 0.8239592 1.3744361 0.9913169 1.2588231 1.1132061 0.0000000 0.1427653 1.1586745 1.3144041 1.0703373 1.1586745 0.7945437 0.9198342 1.2070784 1.1132061 1.1586745 1.1132061 
t16        0.7126442 0.5504769 0.8545757 0.6872180 1.3744361 0.8864954 1.0703373 0.9198342 0.1427653 0.0000000 1.1132061 1.2588231 0.9913169 1.0703373 0.6872180 0.7945437 1.1586745 1.0703373 0.9913169 0.9547243 
t5         1.0297869 0.9547243 1.5111773 0.8239592 2.0310377 1.5111773 1.7786835 1.3144041 1.1586745 1.1132061 0.0000000 0.1673577 1.2070784 1.2588231 1.0703373 1.1586745 1.6785349 1.3744361 0.2463781 0.2326162 
t14        1.0703373 1.1586745 1.2588231 0.8864954 2.4141569 2.4141569 1.8942965 1.5111773 1.3144041 1.2588231 0.1673577 0.0000000 1.3144041 1.5901977 1.4396946 1.5901977 1.6785349 1.7786835 0.2326162 0.2191023 
t8         0.6388142 0.7662384 1.0297869 0.9913169 1.6785349 0.3666350 0.7126442 1.0703373 1.0703373 0.9913169 1.2070784 1.3144041 0.0000000 0.0734853 0.9547243 1.0297869 1.3144041 1.2588231 1.6785349 1.5901977 
t13        0.5504769 0.6872180 0.9913169 0.9198342 1.4396946 0.3040988 0.6388142 1.0703373 1.1586745 1.0703373 1.2588231 1.5901977 0.0734853 0.0000000 1.0297869 1.0297869 1.1132061 0.9913169 1.8942965 1.7786835 
t18        0.8545757 0.4529370 0.9913169 1.0297869 1.5111773 0.7945437 1.1586745 0.3999739 0.7945437 0.6872180 1.0703373 1.4396946 0.9547243 1.0297869 0.0000000 0.0958750 1.3144041 1.1586745 1.3144041 1.3144041 
t7         0.9198342 0.4529370 1.1586745 1.2070784 1.5111773 0.7945437 1.1132061 0.4714565 0.9198342 0.7945437 1.1586745 1.5901977 1.0297869 1.0297869 0.0958750 0.0000000 1.3144041 1.1586745 1.3144041 1.3144041 
t15        1.0297869 1.2588231 1.2070784 1.1132061 0.9913169 1.3144041 1.0703373 1.5111773 1.2070784 1.1586745 1.6785349 1.6785349 1.3144041 1.1132061 1.3144041 1.3144041 0.0000000 0.0734853 1.5111773 1.5901977 
t9         0.9198342 1.0703373 1.2070784 0.9913169 0.9198342 1.2070784 0.9913169 1.4396946 1.1132061 1.0703373 1.3744361 1.7786835 1.2588231 0.9913169 1.1586745 1.1586745 0.0734853 0.0000000 1.3744361 1.4396946 
t19        1.2588231 1.1132061 1.3744361 1.0297869 2.7182557 2.7182557 2.4141569 1.6785349 1.1586745 0.9913169 0.2463781 0.2326162 1.6785349 1.8942965 1.3144041 1.3144041 1.5111773 1.3744361 0.0000000 0.0100673 
t20        1.2070784 1.0703373 1.3744361 0.9913169 2.4141569 2.4141569 2.4141569 1.5901977 1.1132061 0.9547243 0.2326162 0.2191023 1.5901977 1.7786835 1.3144041 1.3144041 1.5901977 1.4396946 0.0100673 0.0000000 
