20
t12        0.0000000 0.9913169 1.1586745 1.0297869 1.0703373 1.3744361 2.0310377 1.1132061 1.0297869 1.2070784 1.6785349 2.1983953 1.5111773 1.4396946 1.1586745 0.9913169 0.6626257 0.8239592 1.5111773 1.4396946 
t10        0.9913169 0.0000000 9.0000000 2.1983953 1.3144041 2.1983953 9.0000000 2.7182557 1.1132061 1.0703373 1.8942965 2.1983953 1.5111773 1.5901977 2.0310377 1.7786835 1.3144041 1.5111773 2.1983953 1.6785349 
t4         1.1586745 9.0000000 0.0000000 1.2588231 1.7786835 0.9547243 1.5111773 1.0297869 1.6785349 1.6785349 1.6785349 1.8942965 1.5111773 1.0297869 1.3144041 1.3744361 1.5901977 2.4141569 1.3744361 1.4396946 
t14        1.0297869 2.1983953 1.2588231 0.0000000 0.8239592 1.2588231 1.8942965 1.0703373 1.8942965 1.5111773 1.3144041 1.3144041 1.5111773 1.4396946 1.3144041 1.1586745 1.5111773 1.6785349 1.2588231 1.3144041 
t1         1.0703373 1.3144041 1.7786835 0.8239592 0.0000000 2.0310377 1.2588231 1.4396946 1.5111773 1.2070784 1.7786835 1.6785349 1.7786835 1.8942965 2.7182557 1.5901977 1.4396946 1.7786835 1.5901977 1.6785349 
t16        1.3744361 2.1983953 0.9547243 1.2588231 2.0310377 0.0000000 0.8545757 0.5716050 1.7786835 2.1983953 1.2070784 1.3144041 0.8864954 0.6157354 0.6626257 0.5716050 1.2588231 1.7786835 1.1132061 1.2070784 
t2         2.0310377 9.0000000 1.5111773 1.8942965 1.2588231 0.8545757 0.0000000 0.7945437 9.0000000 9.0000000 1.5111773 1.4396946 0.9547243 0.6157354 0.8545757 0.7662384 3.2381161 9.0000000 1.6785349 2.0310377 
t15        1.1132061 2.7182557 1.0297869 1.0703373 1.4396946 0.5716050 0.7945437 0.0000000 1.8942965 1.8942965 1.3144041 0.8545757 0.7389627 0.6157354 0.4172160 0.2892469 1.2588231 1.7786835 1.2070784 1.4396946 
t8         1.0297869 1.1132061 1.6785349 1.8942965 1.5111773 1.7786835 9.0000000 1.8942965 0.0000000 0.3347153 2.4141569 2.7182557 1.5111773 1.4396946 2.0310377 1.8942965 1.1586745 1.0703373 1.5901977 2.0310377 
t6         1.2070784 1.0703373 1.6785349 1.5111773 1.2070784 2.1983953 9.0000000 1.8942965 0.3347153 0.0000000 2.4141569 2.7182557 1.6785349 1.5901977 9.0000000 9.0000000 1.3744361 1.2070784 1.7786835 1.8942965 
t13        1.6785349 1.8942965 1.6785349 1.3144041 1.7786835 1.2070784 1.5111773 1.3144041 2.4141569 2.4141569 0.0000000 0.5504769 1.1132061 1.1586745 1.1586745 1.2070784 2.4141569 2.4141569 1.0297869 1.0703373 
t5         2.1983953 2.1983953 1.8942965 1.3144041 1.6785349 1.3144041 1.4396946 0.8545757 2.7182557 2.7182557 0.5504769 0.0000000 1.4396946 1.5111773 1.0297869 1.0297869 1.3744361 1.5111773 1.1132061 1.1132061 
t7         1.5111773 1.5111773 1.5111773 1.5111773 1.7786835 0.8864954 0.9547243 0.7389627 1.5111773 1.6785349 1.1132061 1.4396946 0.0000000 0.3192509 0.8864954 0.9547243 1.3144041 1.5901977 1.4396946 1.6785349 
t20        1.4396946 1.5901977 1.0297869 1.4396946 1.8942965 0.6157354 0.6157354 0.6157354 1.4396946 1.5901977 1.1586745 1.5111773 0.3192509 0.0000000 0.6626257 0.7389627 1.3144041 1.7786835 1.2070784 1.4396946 
t18        1.1586745 2.0310377 1.3144041 1.3144041 2.7182557 0.6626257 0.8545757 0.4172160 2.0310377 9.0000000 1.1586745 1.0297869 0.8864954 0.6626257 0.0000000 0.2463781 1.5111773 1.8942965 1.1586745 1.2588231 
t17        0.9913169 1.7786835 1.3744361 1.1586745 1.5901977 0.5716050 0.7662384 0.2892469 1.8942965 9.0000000 1.2070784 1.0297869 0.9547243 0.7389627 0.2463781 0.0000000 1.5111773 1.8942965 1.1132061 1.3144041 
t19        0.6626257 1.3144041 1.5901977 1.5111773 1.4396946 1.2588231 3.2381161 1.2588231 1.1586745 1.3744361 2.4141569 1.3744361 1.3144041 1.3144041 1.5111773 1.5111773 0.0000000 0.1799630 1.5901977 1.5901977 
t9         0.8239592 1.5111773 2.4141569 1.6785349 1.7786835 1.7786835 9.0000000 1.7786835 1.0703373 1.2070784 2.4141569 1.5111773 1.5901977 1.7786835 1.8942965 1.8942965 0.1799630 0.0000000 1.8942965 1.8942965 
t11        1.5111773 2.1983953 1.3744361 1.2588231 1.5901977 1.1132061 1.6785349 1.2070784 1.5901977 1.7786835 1.0297869 1.1132061 1.4396946 1.2070784 1.1586745 1.1132061 1.5901977 1.8942965 0.0000000 0.0734853 
t3         1.4396946 1.6785349 1.4396946 1.3144041 1.6785349 1.2070784 2.0310377 1.4396946 2.0310377 1.8942965 1.0703373 1.1132061 1.6785349 1.4396946 1.2588231 1.3144041 1.5901977 1.8942965 0.0734853 0.0000000 
