20
t19        0.0000000 1.2070784 1.5111773 1.2070784 2.0310377 1.8942965 1.5901977 1.3744361 1.6785349 1.1132061 1.1132061 1.5111773 1.7786835 1.5111773 1.5901977 1.3144041 1.2588231 1.6785349 1.3744361 1.3744361 
t12        1.2070784 0.0000000 1.6785349 1.8942965 1.5901977 1.2070784 1.3144041 1.1132061 1.3144041 1.3744361 1.5901977 1.0297869 1.1586745 1.5111773 1.5901977 1.5111773 1.3744361 1.2588231 1.4396946 1.3744361 
t4         1.5111773 1.6785349 0.0000000 0.8545757 1.8942965 1.6785349 1.0703373 1.5901977 1.6785349 0.7126442 0.8239592 1.2588231 1.2588231 1.6785349 1.7786835 1.7786835 1.8942965 1.6785349 1.4396946 1.3744361 
t13        1.2070784 1.8942965 0.8545757 0.0000000 1.1132061 1.1586745 1.1132061 1.3744361 1.2070784 0.5504769 0.5504769 0.8239592 1.0297869 1.4396946 1.5111773 1.3144041 1.5901977 1.2588231 1.2588231 1.2070784 
t5         2.0310377 1.5901977 1.8942965 1.1132061 0.0000000 0.7662384 1.3744361 1.1586745 0.6626257 1.7786835 1.4396946 1.5111773 2.0310377 1.5901977 1.5111773 0.5716050 0.7389627 0.6872180 0.7126442 0.6872180 
t2         1.8942965 1.2070784 1.6785349 1.1586745 0.7662384 0.0000000 1.4396946 1.4396946 0.7945437 1.5901977 1.4396946 1.0703373 1.5901977 1.7786835 3.2381161 0.6872180 0.9547243 0.9198342 0.6872180 0.6872180 
t20        1.5901977 1.3144041 1.0703373 1.1132061 1.3744361 1.4396946 0.0000000 0.7389627 1.4396946 1.3144041 0.9913169 1.2070784 1.5901977 0.6872180 0.7389627 1.8942965 3.2381161 2.4141569 2.0310377 1.8942965 
t10        1.3744361 1.1132061 1.5901977 1.3744361 1.1586745 1.4396946 0.7389627 0.0000000 1.6785349 1.7786835 1.3744361 1.0703373 1.6785349 0.7662384 0.8864954 1.6785349 1.8942965 1.5111773 1.4396946 1.3744361 
t1         1.6785349 1.3144041 1.6785349 1.2070784 0.6626257 0.7945437 1.4396946 1.6785349 0.0000000 1.5111773 1.6785349 1.2588231 1.7786835 2.7182557 9.0000000 0.6872180 0.7389627 0.7126442 0.6872180 0.6872180 
t7         1.1132061 1.3744361 0.7126442 0.5504769 1.7786835 1.5901977 1.3144041 1.7786835 1.5111773 0.0000000 0.5299277 0.9198342 1.0297869 1.5901977 1.3144041 1.8942965 1.7786835 1.6785349 1.3744361 1.2588231 
t11        1.1132061 1.5901977 0.8239592 0.5504769 1.4396946 1.4396946 0.9913169 1.3744361 1.6785349 0.5299277 0.0000000 0.7389627 0.7945437 1.1132061 1.1132061 1.7786835 1.6785349 1.5901977 1.8942965 1.6785349 
t9         1.5111773 1.0297869 1.2588231 0.8239592 1.5111773 1.0703373 1.2070784 1.0703373 1.2588231 0.9198342 0.7389627 0.0000000 0.4348639 1.0297869 1.4396946 1.3144041 1.3744361 1.3144041 1.2588231 1.2070784 
t3         1.7786835 1.1586745 1.2588231 1.0297869 2.0310377 1.5901977 1.5901977 1.6785349 1.7786835 1.0297869 0.7945437 0.4348639 0.0000000 1.5111773 2.0310377 1.8942965 1.5901977 1.5901977 1.4396946 1.4396946 
t18        1.5111773 1.5111773 1.6785349 1.4396946 1.5901977 1.7786835 0.6872180 0.7662384 2.7182557 1.5901977 1.1132061 1.0297869 1.5111773 0.0000000 0.2191023 3.2381161 2.7182557 9.0000000 2.7182557 2.4141569 
t16        1.5901977 1.5901977 1.7786835 1.5111773 1.5111773 3.2381161 0.7389627 0.8864954 9.0000000 1.3144041 1.1132061 1.4396946 2.0310377 0.2191023 0.0000000 9.0000000 9.0000000 9.0000000 2.7182557 2.4141569 
t8         1.3144041 1.5111773 1.7786835 1.3144041 0.5716050 0.6872180 1.8942965 1.6785349 0.6872180 1.8942965 1.7786835 1.3144041 1.8942965 3.2381161 9.0000000 0.0000000 0.2058276 0.2892469 0.4529370 0.4348639 
t14        1.2588231 1.3744361 1.8942965 1.5901977 0.7389627 0.9547243 3.2381161 1.8942965 0.7389627 1.7786835 1.6785349 1.3744361 1.5901977 2.7182557 9.0000000 0.2058276 0.0000000 0.2058276 0.4529370 0.4348639 
t17        1.6785349 1.2588231 1.6785349 1.2588231 0.6872180 0.9198342 2.4141569 1.5111773 0.7126442 1.6785349 1.5901977 1.3144041 1.5901977 9.0000000 9.0000000 0.2892469 0.2058276 0.0000000 0.4348639 0.4348639 
t6         1.3744361 1.4396946 1.4396946 1.2588231 0.7126442 0.6872180 2.0310377 1.4396946 0.6872180 1.3744361 1.8942965 1.2588231 1.4396946 2.7182557 2.7182557 0.4529370 0.4529370 0.4348639 0.0000000 0.0202715 
t15        1.3744361 1.3744361 1.3744361 1.2070784 0.6872180 0.6872180 1.8942965 1.3744361 0.6872180 1.2588231 1.6785349 1.2070784 1.4396946 2.4141569 2.4141569 0.4348639 0.4348639 0.4348639 0.0202715 0.0000000 
