20
t1         0.0000000 1.2588231 2.1983953 2.7182557 9.0000000 1.6785349 1.2588231 1.3744361 1.5901977 1.5901977 9.0000000 9.0000000 1.8942965 2.1983953 2.1983953 3.2381161 2.7182557 2.7182557 1.7786835 1.7786835 
t3         1.2588231 0.0000000 2.1983953 2.7182557 9.0000000 9.0000000 2.0310377 1.8942965 1.6785349 1.6785349 2.4141569 9.0000000 2.1983953 2.7182557 9.0000000 2.7182557 9.0000000 9.0000000 1.6785349 1.6785349 
t17        2.1983953 2.1983953 0.0000000 0.7126442 0.6626257 9.0000000 1.5901977 1.7786835 0.6872180 0.6626257 9.0000000 2.4141569 2.0310377 1.5901977 1.7786835 2.4141569 3.2381161 3.2381161 0.3666350 0.3666350 
t15        2.7182557 2.7182557 0.7126442 0.0000000 1.2070784 9.0000000 1.8942965 2.1983953 1.2070784 1.0703373 9.0000000 9.0000000 2.4141569 9.0000000 9.0000000 9.0000000 9.0000000 9.0000000 0.9198342 0.9198342 
t5         9.0000000 9.0000000 0.6626257 1.2070784 0.0000000 2.7182557 9.0000000 2.1983953 1.8942965 1.5111773 2.1983953 1.6785349 2.4141569 1.5901977 1.8942965 3.2381161 2.0310377 2.1983953 0.8864954 0.8864954 
t18        1.6785349 9.0000000 9.0000000 9.0000000 2.7182557 0.0000000 2.1983953 1.3744361 1.8942965 1.5901977 9.0000000 2.4141569 3.2381161 0.6157354 0.5933457 9.0000000 9.0000000 9.0000000 2.4141569 2.4141569 
t6         1.2588231 2.0310377 1.5901977 1.8942965 9.0000000 2.1983953 0.0000000 0.2191023 1.0297869 0.9198342 9.0000000 1.0703373 0.5299277 1.6785349 1.4396946 9.0000000 9.0000000 9.0000000 1.4396946 1.4396946 
t19        1.3744361 1.8942965 1.7786835 2.1983953 2.1983953 1.3744361 0.2191023 0.0000000 0.9913169 0.8545757 9.0000000 1.2070784 0.6872180 1.1132061 0.9547243 9.0000000 9.0000000 9.0000000 1.3744361 1.3744361 
t20        1.5901977 1.6785349 0.6872180 1.2070784 1.8942965 1.8942965 1.0297869 0.9913169 0.0000000 0.1307650 9.0000000 1.8942965 1.4396946 1.1132061 1.1586745 9.0000000 9.0000000 9.0000000 0.7662384 0.7662384 
t13        1.5901977 1.6785349 0.6626257 1.0703373 1.5111773 1.5901977 0.9198342 0.8545757 0.1307650 0.0000000 9.0000000 1.4396946 1.1132061 1.0297869 1.1132061 9.0000000 9.0000000 9.0000000 0.7389627 0.7389627 
t16        9.0000000 2.4141569 9.0000000 9.0000000 2.1983953 9.0000000 9.0000000 9.0000000 9.0000000 9.0000000 0.0000000 9.0000000 9.0000000 9.0000000 9.0000000 0.4348639 0.2892469 0.2058276 9.0000000 9.0000000 
t2         9.0000000 9.0000000 2.4141569 9.0000000 1.6785349 2.4141569 1.0703373 1.2070784 1.8942965 1.4396946 9.0000000 0.0000000 0.6626257 1.5111773 1.8942965 9.0000000 9.0000000 9.0000000 2.0310377 2.0310377 
t14        1.8942965 2.1983953 2.0310377 2.4141569 2.4141569 3.2381161 0.5299277 0.6872180 1.4396946 1.1132061 9.0000000 0.6626257 0.0000000 1.8942965 1.5111773 9.0000000 9.0000000 9.0000000 1.6785349 1.6785349 
t9         2.1983953 2.7182557 1.5901977 9.0000000 1.5901977 0.6157354 1.6785349 1.1132061 1.1132061 1.0297869 9.0000000 1.5111773 1.8942965 0.0000000 0.1073256 9.0000000 9.0000000 9.0000000 1.5901977 1.5901977 
t10        2.1983953 9.0000000 1.7786835 9.0000000 1.8942965 0.5933457 1.4396946 0.9547243 1.1586745 1.1132061 9.0000000 1.8942965 1.5111773 0.1073256 0.0000000 9.0000000 9.0000000 9.0000000 1.7786835 1.7786835 
t7         3.2381161 2.7182557 2.4141569 9.0000000 3.2381161 9.0000000 9.0000000 9.0000000 9.0000000 9.0000000 0.4348639 9.0000000 9.0000000 9.0000000 9.0000000 0.0000000 0.3505054 0.2892469 9.0000000 9.0000000 
t4         2.7182557 9.0000000 3.2381161 9.0000000 2.0310377 9.0000000 9.0000000 9.0000000 9.0000000 9.0000000 0.2892469 9.0000000 9.0000000 9.0000000 9.0000000 0.3505054 0.0000000 0.0845966 9.0000000 9.0000000 
t8         2.7182557 9.0000000 3.2381161 9.0000000 2.1983953 9.0000000 9.0000000 9.0000000 9.0000000 9.0000000 0.2058276 9.0000000 9.0000000 9.0000000 9.0000000 0.2892469 0.0845966 0.0000000 9.0000000 9.0000000 
t12        1.7786835 1.6785349 0.3666350 0.9198342 0.8864954 2.4141569 1.4396946 1.3744361 0.7662384 0.7389627 9.0000000 2.0310377 1.6785349 1.5901977 1.7786835 9.0000000 9.0000000 9.0000000 0.0000000 0.0000010 
t11        1.7786835 1.6785349 0.3666350 0.9198342 0.8864954 2.4141569 1.4396946 1.3744361 0.7662384 0.7389627 9.0000000 2.0310377 1.6785349 1.5901977 1.7786835 9.0000000 9.0000000 9.0000000 0.0000010 0.0000000 
