20
t6         0.0000000 2.7182557 1.0703373 1.5111773 1.0297869 3.2381161 9.0000000 1.0703373 2.0310377 1.7786835 1.5901977 1.6785349 0.9547243 1.2588231 0.8545757 0.8545757 1.5901977 1.1132061 1.2588231 1.1132061 
t7         2.7182557 0.0000000 1.5901977 2.4141569 1.6785349 9.0000000 9.0000000 1.3744361 9.0000000 2.7182557 1.3144041 1.8942965 1.6785349 1.3744361 1.5111773 1.3144041 1.1132061 1.3744361 1.8942965 1.8942965 
t13        1.0703373 1.5901977 0.0000000 9.0000000 1.1132061 1.2588231 1.4396946 1.3744361 3.2381161 1.1132061 0.9547243 0.9913169 0.7945437 0.9913169 1.0297869 0.9198342 1.2070784 1.2588231 0.6626257 0.7389627 
t15        1.5111773 2.4141569 9.0000000 0.0000000 1.0703373 2.1983953 2.1983953 1.3744361 2.1983953 9.0000000 9.0000000 1.8942965 1.3144041 1.6785349 2.7182557 9.0000000 1.4396946 1.3744361 2.1983953 2.7182557 
t2         1.0297869 1.6785349 1.1132061 1.0703373 0.0000000 1.2588231 1.3744361 0.3505054 1.3144041 1.6785349 1.2588231 0.9198342 0.7126442 0.9198342 0.9198342 0.7945437 0.9198342 0.8545757 0.8239592 0.9913169 
t8         3.2381161 9.0000000 1.2588231 2.1983953 1.2588231 0.0000000 0.3347153 1.0703373 9.0000000 1.5111773 1.3144041 1.1132061 0.8545757 1.3144041 1.0703373 1.1132061 1.5901977 1.5901977 0.9547243 0.9913169 
t5         9.0000000 9.0000000 1.4396946 2.1983953 1.3744361 0.3347153 0.0000000 1.5111773 3.2381161 1.7786835 1.8942965 1.5901977 1.0297869 1.4396946 1.2588231 1.2588231 1.8942965 1.5111773 0.9913169 0.9198342 
t14        1.0703373 1.3744361 1.3744361 1.3744361 0.3505054 1.0703373 1.5111773 0.0000000 1.1132061 1.7786835 1.4396946 1.0703373 0.8545757 0.8545757 0.8545757 0.8239592 0.7662384 0.8864954 0.9547243 0.8239592 
t18        2.0310377 9.0000000 3.2381161 2.1983953 1.3144041 9.0000000 3.2381161 1.1132061 0.0000000 1.6785349 1.6785349 1.5901977 1.8942965 1.6785349 1.5901977 1.4396946 1.4396946 1.2070784 1.6785349 2.1983953 
t12        1.7786835 2.7182557 1.1132061 9.0000000 1.6785349 1.5111773 1.7786835 1.7786835 1.6785349 0.0000000 0.4529370 1.7786835 1.2070784 1.5901977 1.8942965 2.0310377 1.7786835 1.5111773 1.1132061 1.1586745 
t17        1.5901977 1.3144041 0.9547243 9.0000000 1.2588231 1.3144041 1.8942965 1.4396946 1.6785349 0.4529370 0.0000000 1.0703373 0.8239592 1.1132061 1.1586745 0.9913169 1.5111773 1.1586745 0.7662384 0.8239592 
t20        1.6785349 1.8942965 0.9913169 1.8942965 0.9198342 1.1132061 1.5901977 1.0703373 1.5901977 1.7786835 1.0703373 0.0000000 0.3347153 0.4904449 0.8864954 0.8864954 1.0297869 1.0703373 0.6626257 0.7389627 
t9         0.9547243 1.6785349 0.7945437 1.3144041 0.7126442 0.8545757 1.0297869 0.8545757 1.8942965 1.2070784 0.8239592 0.3347153 0.0000000 0.2603971 0.7126442 0.7389627 0.8864954 0.7662384 0.4904449 0.5716050 
t11        1.2588231 1.3744361 0.9913169 1.6785349 0.9198342 1.3144041 1.4396946 0.8545757 1.6785349 1.5901977 1.1132061 0.4904449 0.2603971 0.0000000 0.8864954 0.8864954 1.1132061 0.9913169 0.6388142 0.7662384 
t16        0.8545757 1.5111773 1.0297869 2.7182557 0.9198342 1.0703373 1.2588231 0.8545757 1.5901977 1.8942965 1.1586745 0.8864954 0.7126442 0.8864954 0.0000000 0.0845966 1.0703373 1.1586745 0.7945437 0.7126442 
t3         0.8545757 1.3144041 0.9198342 9.0000000 0.7945437 1.1132061 1.2588231 0.8239592 1.4396946 2.0310377 0.9913169 0.8864954 0.7389627 0.8864954 0.0845966 0.0000000 1.1132061 1.1132061 0.7389627 0.6872180 
t10        1.5901977 1.1132061 1.2070784 1.4396946 0.9198342 1.5901977 1.8942965 0.7662384 1.4396946 1.7786835 1.5111773 1.0297869 0.8864954 1.1132061 1.0703373 1.1132061 0.0000000 0.5504769 0.9913169 0.9547243 
t1         1.1132061 1.3744361 1.2588231 1.3744361 0.8545757 1.5901977 1.5111773 0.8864954 1.2070784 1.5111773 1.1586745 1.0703373 0.7662384 0.9913169 1.1586745 1.1132061 0.5504769 0.0000000 1.1132061 1.0297869 
t19        1.2588231 1.8942965 0.6626257 2.1983953 0.8239592 0.9547243 0.9913169 0.9547243 1.6785349 1.1132061 0.7662384 0.6626257 0.4904449 0.6388142 0.7945437 0.7389627 0.9913169 1.1132061 0.0000000 0.1307650 
t4         1.1132061 1.8942965 0.7389627 2.7182557 0.9913169 0.9913169 0.9198342 0.8239592 2.1983953 1.1586745 0.8239592 0.7389627 0.5716050 0.7662384 0.7126442 0.6872180 0.9547243 1.0297869 0.1307650 0.0000000 
