20
t19        0.0000000 2.1983953 1.0703373 1.3144041 2.0310377 1.5111773 1.7786835 2.1983953 1.6785349 1.5111773 1.5901977 1.3144041 1.5111773 1.4396946 1.4396946 1.3144041 1.5111773 1.4396946 1.7786835 1.6785349 
t7         2.1983953 0.0000000 1.2588231 1.0703373 1.2070784 1.1586745 1.2588231 1.3744361 1.4396946 1.5111773 1.1586745 1.4396946 1.3744361 1.5111773 2.0310377 2.0310377 1.0297869 0.9913169 2.0310377 2.0310377 
t6         1.0703373 1.2588231 0.0000000 1.1132061 1.4396946 1.5901977 1.5111773 1.6785349 1.5901977 1.3744361 0.7126442 0.9547243 1.0297869 0.9198342 1.2070784 1.2070784 1.2070784 1.1586745 1.4396946 1.3744361 
t4         1.3144041 1.0703373 1.1132061 0.0000000 0.9198342 1.2070784 1.3144041 0.9198342 0.6626257 0.6872180 0.8239592 1.0703373 1.0297869 0.9547243 1.3144041 1.3144041 0.8545757 0.8239592 1.3744361 1.4396946 
t8         2.0310377 1.2070784 1.4396946 0.9198342 0.0000000 1.3744361 1.3744361 0.7662384 0.7389627 0.5933457 0.9198342 1.4396946 1.2588231 1.2070784 1.3744361 1.4396946 1.3744361 1.3744361 1.3144041 1.3744361 
t17        1.5111773 1.1586745 1.5901977 1.2070784 1.3744361 0.0000000 0.3192509 1.2588231 1.0703373 1.1586745 1.2070784 1.0703373 1.2070784 1.0703373 1.2588231 1.1586745 0.3999739 0.3999739 1.0703373 1.1132061 
t2         1.7786835 1.2588231 1.5111773 1.3144041 1.3744361 0.3192509 0.0000000 1.3744361 1.2070784 1.0703373 1.2070784 1.3144041 0.9547243 0.8239592 1.1132061 1.0703373 0.5504769 0.5099265 0.9198342 0.9547243 
t13        2.1983953 1.3744361 1.6785349 0.9198342 0.7662384 1.2588231 1.3744361 0.0000000 0.3505054 0.4348639 1.3744361 1.7786835 1.2070784 1.2588231 1.6785349 1.6785349 1.2070784 1.1586745 1.3744361 1.3744361 
t3         1.6785349 1.4396946 1.5901977 0.6626257 0.7389627 1.0703373 1.2070784 0.3505054 0.0000000 0.3040988 0.8545757 1.2070784 1.0703373 0.9913169 1.1586745 1.1586745 1.2070784 1.2588231 1.1586745 1.2070784 
t15        1.5111773 1.5111773 1.3744361 0.6872180 0.5933457 1.1586745 1.0703373 0.4348639 0.3040988 0.0000000 0.7945437 1.1132061 0.8239592 0.7945437 0.9913169 0.9547243 1.2588231 1.2070784 0.9913169 1.0297869 
t20        1.5901977 1.1586745 0.7126442 0.8239592 0.9198342 1.2070784 1.2070784 1.3744361 0.8545757 0.7945437 0.0000000 0.4904449 0.6626257 0.6626257 0.8545757 0.9198342 0.9913169 1.0297869 0.9198342 0.9198342 
t18        1.3144041 1.4396946 0.9547243 1.0703373 1.4396946 1.0703373 1.3144041 1.7786835 1.2070784 1.1132061 0.4904449 0.0000000 0.9913169 0.8864954 0.6388142 0.6626257 0.9913169 1.0297869 0.6626257 0.6872180 
t14        1.5111773 1.3744361 1.0297869 1.0297869 1.2588231 1.2070784 0.9547243 1.2070784 1.0703373 0.8239592 0.6626257 0.9913169 0.0000000 0.0517447 0.6626257 0.6872180 1.1132061 1.1132061 0.6157354 0.6157354 
t16        1.4396946 1.5111773 0.9198342 0.9547243 1.2070784 1.0703373 0.8239592 1.2588231 0.9913169 0.7945437 0.6626257 0.8864954 0.0517447 0.0000000 0.6626257 0.6872180 1.0703373 1.0703373 0.6157354 0.6388142 
t9         1.4396946 2.0310377 1.2070784 1.3144041 1.3744361 1.2588231 1.1132061 1.6785349 1.1586745 0.9913169 0.8545757 0.6388142 0.6626257 0.6626257 0.0000000 0.0202715 0.8864954 0.8864954 0.1549607 0.1673577 
t5         1.3144041 2.0310377 1.2070784 1.3144041 1.4396946 1.1586745 1.0703373 1.6785349 1.1586745 0.9547243 0.9198342 0.6626257 0.6872180 0.6872180 0.0202715 0.0000000 0.8239592 0.8239592 0.1549607 0.1673577 
t11        1.5111773 1.0297869 1.2070784 0.8545757 1.3744361 0.3999739 0.5504769 1.2070784 1.2070784 1.2588231 0.9913169 0.9913169 1.1132061 1.0703373 0.8864954 0.8239592 0.0000000 0.0202715 0.7662384 0.7945437 
t1         1.4396946 0.9913169 1.1586745 0.8239592 1.3744361 0.3999739 0.5099265 1.1586745 1.2588231 1.2070784 1.0297869 1.0297869 1.1132061 1.0703373 0.8864954 0.8239592 0.0202715 0.0000000 0.7945437 0.8239592 
t10        1.7786835 2.0310377 1.4396946 1.3744361 1.3144041 1.0703373 0.9198342 1.3744361 1.1586745 0.9913169 0.9198342 0.6626257 0.6157354 0.6157354 0.1549607 0.1549607 0.7662384 0.7945437 0.0000000 0.0100673 
t12        1.6785349 2.0310377 1.3744361 1.4396946 1.3744361 1.1132061 0.9547243 1.3744361 1.2070784 1.0297869 0.9198342 0.6872180 0.6157354 0.6388142 0.1673577 0.1673577 0.7945437 0.8239592 0.0100673 0.0000000 
