20
t13        0.0000000 1.2070784 1.1586745 9.0000000 3.2381161 9.0000000 9.0000000 3.2381161 1.5901977 1.6785349 1.5111773 1.8942965 1.2588231 1.5111773 2.1983953 2.1983953 3.2381161 3.2381161 2.1983953 2.1983953 
t20        1.2070784 0.0000000 0.7389627 2.7182557 1.7786835 9.0000000 1.2588231 1.6785349 0.8545757 1.0297869 1.1586745 0.9547243 0.6872180 1.1586745 2.0310377 1.6785349 1.7786835 2.0310377 1.3144041 1.3144041 
t9         1.1586745 0.7389627 0.0000000 2.0310377 2.0310377 2.7182557 1.1586745 1.8942965 0.8239592 1.0297869 1.3144041 1.1586745 0.5299277 0.7662384 1.6785349 2.0310377 1.8942965 2.0310377 1.1586745 1.1586745 
t3         9.0000000 2.7182557 2.0310377 0.0000000 9.0000000 9.0000000 0.9547243 1.0297869 9.0000000 2.4141569 9.0000000 2.1983953 1.8942965 2.4141569 2.7182557 2.1983953 1.8942965 1.6785349 0.4714565 0.4714565 
t11        3.2381161 1.7786835 2.0310377 9.0000000 0.0000000 0.4904449 9.0000000 9.0000000 1.8942965 2.0310377 1.8942965 2.0310377 9.0000000 9.0000000 9.0000000 2.7182557 9.0000000 9.0000000 9.0000000 9.0000000 
t7         9.0000000 9.0000000 2.7182557 9.0000000 0.4904449 0.0000000 9.0000000 2.7182557 2.1983953 2.0310377 3.2381161 9.0000000 9.0000000 9.0000000 2.0310377 2.0310377 9.0000000 9.0000000 9.0000000 9.0000000 
t5         9.0000000 1.2588231 1.1586745 0.9547243 9.0000000 9.0000000 0.0000000 1.0703373 1.6785349 1.6785349 1.7786835 1.5901977 1.2588231 2.4141569 2.1983953 1.7786835 9.0000000 9.0000000 0.5299277 0.5299277 
t1         3.2381161 1.6785349 1.8942965 1.0297869 9.0000000 2.7182557 1.0703373 0.0000000 9.0000000 9.0000000 2.4141569 9.0000000 1.7786835 1.7786835 2.1983953 9.0000000 3.2381161 3.2381161 0.9547243 0.9547243 
t12        1.5901977 0.8545757 0.8239592 9.0000000 1.8942965 2.1983953 1.6785349 9.0000000 0.0000000 0.3347153 0.7945437 1.2588231 0.8545757 1.3144041 1.5901977 1.7786835 1.5901977 1.5901977 1.8942965 1.8942965 
t6         1.6785349 1.0297869 1.0297869 2.4141569 2.0310377 2.0310377 1.6785349 9.0000000 0.3347153 0.0000000 0.8864954 1.2070784 0.9913169 2.1983953 2.0310377 2.1983953 2.0310377 2.0310377 2.1983953 2.1983953 
t4         1.5111773 1.1586745 1.3144041 9.0000000 1.8942965 3.2381161 1.7786835 2.4141569 0.7945437 0.8864954 0.0000000 0.7126442 1.2588231 1.5111773 9.0000000 2.4141569 1.4396946 1.3144041 1.7786835 1.7786835 
t14        1.8942965 0.9547243 1.1586745 2.1983953 2.0310377 9.0000000 1.5901977 9.0000000 1.2588231 1.2070784 0.7126442 0.0000000 1.3144041 2.4141569 1.7786835 1.4396946 1.5111773 1.4396946 1.4396946 1.4396946 
t18        1.2588231 0.6872180 0.5299277 1.8942965 9.0000000 9.0000000 1.2588231 1.7786835 0.8545757 0.9913169 1.2588231 1.3144041 0.0000000 0.5099265 1.5111773 1.5111773 2.1983953 2.4141569 1.1586745 1.1586745 
t19        1.5111773 1.1586745 0.7662384 2.4141569 9.0000000 9.0000000 2.4141569 1.7786835 1.3144041 2.1983953 1.5111773 2.4141569 0.5099265 0.0000000 1.4396946 1.8942965 1.7786835 1.7786835 2.0310377 2.0310377 
t8         2.1983953 2.0310377 1.6785349 2.7182557 9.0000000 2.0310377 2.1983953 2.1983953 1.5901977 2.0310377 9.0000000 1.7786835 1.5111773 1.4396946 0.0000000 0.1799630 2.4141569 2.0310377 1.7786835 1.7786835 
t15        2.1983953 1.6785349 2.0310377 2.1983953 2.7182557 2.0310377 1.7786835 9.0000000 1.7786835 2.1983953 2.4141569 1.4396946 1.5111773 1.8942965 0.1799630 0.0000000 2.1983953 2.0310377 1.6785349 1.6785349 
t2         3.2381161 1.7786835 1.8942965 1.8942965 9.0000000 9.0000000 9.0000000 3.2381161 1.5901977 2.0310377 1.4396946 1.5111773 2.1983953 1.7786835 2.4141569 2.1983953 0.0000000 0.0517447 2.1983953 2.1983953 
t16        3.2381161 2.0310377 2.0310377 1.6785349 9.0000000 9.0000000 9.0000000 3.2381161 1.5901977 2.0310377 1.3144041 1.4396946 2.4141569 1.7786835 2.0310377 2.0310377 0.0517447 0.0000000 2.0310377 2.0310377 
t17        2.1983953 1.3144041 1.1586745 0.4714565 9.0000000 9.0000000 0.5299277 0.9547243 1.8942965 2.1983953 1.7786835 1.4396946 1.1586745 2.0310377 1.7786835 1.6785349 2.1983953 2.0310377 0.0000000 0.0000010 
t10        2.1983953 1.3144041 1.1586745 0.4714565 9.0000000 9.0000000 0.5299277 0.9547243 1.8942965 2.1983953 1.7786835 1.4396946 1.1586745 2.0310377 1.7786835 1.6785349 2.1983953 2.0310377 0.0000010 0.0000000 
