20
t19        0.0000000 0.7389627 0.4714565 0.5099265 0.4714565 0.5504769 0.4529370 0.5504769 0.5933457 0.3999739 0.6626257 0.4529370 0.4529370 0.4348639 0.3040988 0.3192509 0.3999739 0.4172160 0.3347153 0.3347153 
t6         0.7389627 0.0000000 0.5299277 0.5716050 0.5504769 0.5299277 0.5933457 0.6388142 0.6157354 0.4904449 0.7389627 0.5504769 0.5716050 0.5504769 0.4348639 0.4172160 0.6157354 0.6157354 0.4714565 0.4529370 
t10        0.4714565 0.5299277 0.0000000 0.1549607 0.1189538 0.2058276 0.4348639 0.2058276 0.1927838 0.2892469 0.3831192 0.2191023 0.1549607 0.1427653 0.2463781 0.2603971 0.1927838 0.1799630 0.2746833 0.2892469 
t7         0.5099265 0.5716050 0.1549607 0.0000000 0.1073256 0.2326162 0.4904449 0.2326162 0.1927838 0.3192509 0.3831192 0.2191023 0.1799630 0.1673577 0.3040988 0.2892469 0.2191023 0.2058276 0.3192509 0.3347153 
t12        0.4714565 0.5504769 0.1189538 0.1073256 0.0000000 0.1799630 0.4172160 0.1799630 0.1427653 0.2746833 0.3192509 0.2058276 0.1427653 0.1307650 0.2603971 0.2463781 0.1799630 0.1673577 0.2603971 0.2746833 
t4         0.5504769 0.5299277 0.2058276 0.2326162 0.1799630 0.0000000 0.4714565 0.2191023 0.2191023 0.3505054 0.4904449 0.3192509 0.2326162 0.2191023 0.3192509 0.3040988 0.2892469 0.2746833 0.3192509 0.3040988 
t15        0.4529370 0.5933457 0.4348639 0.4904449 0.4172160 0.4714565 0.0000000 0.5504769 0.5504769 0.2603971 0.6388142 0.4904449 0.4172160 0.4172160 0.2746833 0.2603971 0.4172160 0.4348639 0.2326162 0.2463781 
t1         0.5504769 0.6388142 0.2058276 0.2326162 0.1799630 0.2191023 0.5504769 0.0000000 0.1189538 0.3505054 0.4348639 0.3192509 0.2463781 0.2326162 0.3192509 0.3040988 0.2892469 0.2746833 0.3347153 0.3505054 
t17        0.5933457 0.6157354 0.1927838 0.1927838 0.1427653 0.2191023 0.5504769 0.1189538 0.0000000 0.3831192 0.4529370 0.2746833 0.2326162 0.2191023 0.3505054 0.3347153 0.2463781 0.2326162 0.3666350 0.3831192 
t13        0.3999739 0.4904449 0.2892469 0.3192509 0.2746833 0.3505054 0.2603971 0.3505054 0.3831192 0.0000000 0.4904449 0.3666350 0.3192509 0.3040988 0.1427653 0.1307650 0.2892469 0.3040988 0.0625362 0.0734853 
t20        0.6626257 0.7389627 0.3831192 0.3831192 0.3192509 0.4904449 0.6388142 0.4348639 0.4529370 0.4904449 0.0000000 0.3347153 0.2892469 0.2746833 0.4904449 0.4714565 0.3040988 0.3040988 0.4714565 0.4904449 
t3         0.4529370 0.5504769 0.2191023 0.2191023 0.2058276 0.3192509 0.4904449 0.3192509 0.2746833 0.3666350 0.3347153 0.0000000 0.0958750 0.0845966 0.3347153 0.3192509 0.1189538 0.1073256 0.3347153 0.3505054 
t14        0.4529370 0.5716050 0.1549607 0.1799630 0.1427653 0.2326162 0.4172160 0.2463781 0.2326162 0.3192509 0.2892469 0.0958750 0.0000000 0.0100673 0.3040988 0.2892469 0.0845966 0.0734853 0.3040988 0.3192509 
t2         0.4348639 0.5504769 0.1427653 0.1673577 0.1307650 0.2191023 0.4172160 0.2326162 0.2191023 0.3040988 0.2746833 0.0845966 0.0100673 0.0000000 0.2892469 0.2746833 0.0734853 0.0625362 0.2892469 0.3040988 
t16        0.3040988 0.4348639 0.2463781 0.3040988 0.2603971 0.3192509 0.2746833 0.3192509 0.3505054 0.1427653 0.4904449 0.3347153 0.3040988 0.2892469 0.0000000 0.0100673 0.3040988 0.3192509 0.0958750 0.1073256 
t11        0.3192509 0.4172160 0.2603971 0.2892469 0.2463781 0.3040988 0.2603971 0.3040988 0.3347153 0.1307650 0.4714565 0.3192509 0.2892469 0.2746833 0.0100673 0.0000000 0.2892469 0.3040988 0.0845966 0.0958750 
t5         0.3999739 0.6157354 0.1927838 0.2191023 0.1799630 0.2892469 0.4172160 0.2892469 0.2463781 0.2892469 0.3040988 0.1189538 0.0845966 0.0734853 0.3040988 0.2892469 0.0000000 0.0100673 0.3040988 0.3192509 
t8         0.4172160 0.6157354 0.1799630 0.2058276 0.1673577 0.2746833 0.4348639 0.2746833 0.2326162 0.3040988 0.3040988 0.1073256 0.0734853 0.0625362 0.3192509 0.3040988 0.0100673 0.0000000 0.3192509 0.3347153 
t9         0.3347153 0.4714565 0.2746833 0.3192509 0.2603971 0.3192509 0.2326162 0.3347153 0.3666350 0.0625362 0.4714565 0.3347153 0.3040988 0.2892469 0.0958750 0.0845966 0.3040988 0.3192509 0.0000000 0.0100673 
t18        0.3347153 0.4529370 0.2892469 0.3347153 0.2746833 0.3040988 0.2463781 0.3505054 0.3831192 0.0734853 0.4904449 0.3505054 0.3192509 0.3040988 0.1073256 0.0958750 0.3192509 0.3347153 0.0100673 0.0000000 
