20
t4         0.0000000 1.0703373 0.6388142 0.8239592 1.0297869 0.7126442 0.7126442 0.7126442 0.8864954 1.0297869 1.3744361 0.7945437 1.3744361 1.5901977 1.2070784 0.8864954 0.7662384 1.0297869 1.0703373 1.0297869 
t13        1.0703373 0.0000000 0.9547243 1.2070784 1.0703373 1.0703373 0.9913169 1.0297869 1.0703373 0.8545757 0.5716050 1.1586745 0.6626257 0.8239592 0.7662384 1.1586745 1.1132061 0.9547243 1.0703373 1.0297869 
t18        0.6388142 0.9547243 0.0000000 0.5299277 0.7945437 0.4529370 0.4348639 0.5299277 1.3144041 1.2588231 0.9198342 0.7126442 1.1132061 1.0297869 1.1132061 0.6388142 0.5299277 1.2070784 1.1586745 1.1586745 
t11        0.8239592 1.2070784 0.5299277 0.0000000 0.9547243 0.5933457 0.5933457 0.7662384 1.3144041 1.1132061 1.2070784 0.7126442 1.2070784 1.3144041 1.3744361 0.5933457 0.5299277 1.3744361 1.4396946 1.3744361 
t2         1.0297869 1.0703373 0.7945437 0.9547243 0.0000000 0.7945437 0.7945437 0.7662384 1.5111773 1.0297869 0.9547243 1.0297869 1.0297869 1.1586745 1.1586745 0.8545757 0.8864954 0.5099265 0.5099265 0.4904449 
t1         0.7126442 1.0703373 0.4529370 0.5933457 0.7945437 0.0000000 0.3347153 0.4172160 1.3744361 0.9547243 1.3144041 0.8239592 1.2070784 1.3144041 1.2588231 0.7389627 0.6388142 1.2070784 1.1586745 1.1132061 
t12        0.7126442 0.9913169 0.4348639 0.5933457 0.7945437 0.3347153 0.0000000 0.4348639 1.2070784 1.2070784 1.1132061 0.6872180 0.9913169 1.1132061 1.0703373 0.6626257 0.5716050 1.0297869 1.0297869 0.9913169 
t15        0.7126442 1.0297869 0.5299277 0.7662384 0.7662384 0.4172160 0.4348639 0.0000000 1.2070784 0.9913169 0.8545757 0.8864954 0.8545757 0.8864954 0.9198342 0.7389627 0.6872180 1.1132061 0.9547243 0.9913169 
t6         0.8864954 1.0703373 1.3144041 1.3144041 1.5111773 1.3744361 1.2070784 1.2070784 0.0000000 0.4714565 1.2588231 1.1586745 1.0297869 1.1132061 0.9547243 1.2070784 1.1132061 1.4396946 1.3744361 1.3144041 
t16        1.0297869 0.8545757 1.2588231 1.1132061 1.0297869 0.9547243 1.2070784 0.9913169 0.4714565 0.0000000 0.9913169 1.2588231 0.8864954 0.9913169 0.7945437 1.1132061 0.9547243 1.3744361 1.4396946 1.3744361 
t7         1.3744361 0.5716050 0.9198342 1.2070784 0.9547243 1.3144041 1.1132061 0.8545757 1.2588231 0.9913169 0.0000000 1.3144041 0.3347153 0.4172160 0.3192509 1.1586745 1.1132061 1.0703373 1.0297869 0.9913169 
t20        0.7945437 1.1586745 0.7126442 0.7126442 1.0297869 0.8239592 0.6872180 0.8864954 1.1586745 1.2588231 1.3144041 0.0000000 1.2070784 1.3744361 1.2588231 0.3347153 0.3505054 1.3144041 1.5901977 1.5111773 
t9         1.3744361 0.6626257 1.1132061 1.2070784 1.0297869 1.2070784 0.9913169 0.8545757 1.0297869 0.8864954 0.3347153 1.2070784 0.0000000 0.2892469 0.3040988 1.1586745 1.0703373 1.1132061 1.0297869 0.9913169 
t17        1.5901977 0.8239592 1.0297869 1.3144041 1.1586745 1.3144041 1.1132061 0.8864954 1.1132061 0.9913169 0.4172160 1.3744361 0.2892469 0.0000000 0.3192509 1.3744361 1.3144041 1.6785349 1.5111773 1.5111773 
t5         1.2070784 0.7662384 1.1132061 1.3744361 1.1586745 1.2588231 1.0703373 0.9198342 0.9547243 0.7945437 0.3192509 1.2588231 0.3040988 0.3192509 0.0000000 1.1586745 1.2070784 1.3744361 1.1586745 1.1132061 
t8         0.8864954 1.1586745 0.6388142 0.5933457 0.8545757 0.7389627 0.6626257 0.7389627 1.2070784 1.1132061 1.1586745 0.3347153 1.1586745 1.3744361 1.1586745 0.0000000 0.1673577 1.2070784 1.2588231 1.2070784 
t19        0.7662384 1.1132061 0.5299277 0.5299277 0.8864954 0.6388142 0.5716050 0.6872180 1.1132061 0.9547243 1.1132061 0.3505054 1.0703373 1.3144041 1.2070784 0.1673577 0.0000000 1.1586745 1.2070784 1.1586745 
t10        1.0297869 0.9547243 1.2070784 1.3744361 0.5099265 1.2070784 1.0297869 1.1132061 1.4396946 1.3744361 1.0703373 1.3144041 1.1132061 1.6785349 1.3744361 1.2070784 1.1586745 0.0000000 0.0734853 0.0625362 
t3         1.0703373 1.0703373 1.1586745 1.4396946 0.5099265 1.1586745 1.0297869 0.9547243 1.3744361 1.4396946 1.0297869 1.5901977 1.0297869 1.5111773 1.1586745 1.2588231 1.2070784 0.0734853 0.0000000 0.0100673 
t14        1.0297869 1.0297869 1.1586745 1.3744361 0.4904449 1.1132061 0.9913169 0.9913169 1.3144041 1.3744361 0.9913169 1.5111773 0.9913169 1.5111773 1.1132061 1.2070784 1.1586745 0.0625362 0.0100673 0.0000000 
