20
t6         0.0000000 0.7126442 0.6872180 0.8864954 0.7662384 0.8239592 0.8545757 0.8864954 0.8864954 0.7662384 0.7389627 0.7126442 0.7389627 0.7945437 0.8545757 0.8545757 0.7945437 0.7662384 0.7662384 0.7126442 
t20        0.7126442 0.0000000 0.7126442 0.9547243 0.9547243 0.7945437 0.8545757 0.9198342 0.9547243 0.8239592 1.1586745 0.7662384 1.1132061 1.0297869 0.7662384 0.7945437 0.8239592 0.8239592 1.1132061 0.9913169 
t4         0.6872180 0.7126442 0.0000000 0.5099265 0.4172160 0.6388142 0.6872180 0.4904449 0.5299277 0.5716050 0.5933457 0.9198342 0.3999739 0.3831192 0.7945437 0.7662384 0.9913169 0.9913169 0.5299277 0.4714565 
t18        0.8864954 0.9547243 0.5099265 0.0000000 0.7389627 0.9547243 1.0703373 0.6157354 0.6157354 0.7389627 0.7389627 1.2070784 0.4904449 0.4714565 1.0703373 0.9547243 1.1586745 1.0703373 0.8545757 0.7662384 
t16        0.7662384 0.9547243 0.4172160 0.7389627 0.0000000 0.7945437 0.8239592 0.4529370 0.5933457 0.7126442 0.7662384 0.8239592 0.4904449 0.4529370 0.7945437 0.8239592 0.9198342 0.9198342 0.6388142 0.5716050 
t5         0.8239592 0.7945437 0.6388142 0.9547243 0.7945437 0.0000000 0.4529370 0.9198342 1.1132061 0.9198342 1.0297869 0.7945437 0.9547243 0.8864954 0.6626257 0.6388142 0.8864954 0.8545757 1.1132061 0.9913169 
t8         0.8545757 0.8545757 0.6872180 1.0703373 0.8239592 0.4529370 0.0000000 0.9198342 0.9547243 0.8864954 0.9547243 1.1132061 0.9547243 0.8864954 0.6388142 0.5716050 1.1132061 1.0297869 1.0297869 0.9198342 
t11        0.8864954 0.9198342 0.4904449 0.6157354 0.4529370 0.9198342 0.9198342 0.0000000 0.3347153 0.5099265 0.5933457 1.2070784 0.5299277 0.4714565 0.8545757 0.8864954 1.1132061 1.1586745 0.6157354 0.5504769 
t1         0.8864954 0.9547243 0.5299277 0.6157354 0.5933457 1.1132061 0.9547243 0.3347153 0.0000000 0.6872180 0.7126442 0.9198342 0.6872180 0.6388142 0.9913169 0.9913169 0.9198342 0.8864954 0.6872180 0.6157354 
t2         0.7662384 0.8239592 0.5716050 0.7389627 0.7126442 0.9198342 0.8864954 0.5099265 0.6872180 0.0000000 0.3505054 1.0703373 0.6626257 0.6626257 1.0297869 1.0297869 1.1132061 1.1586745 0.3347153 0.2892469 
t19        0.7389627 1.1586745 0.5933457 0.7389627 0.7662384 1.0297869 0.9547243 0.5933457 0.7126442 0.3505054 0.0000000 1.2070784 0.6872180 0.6626257 0.9913169 1.1586745 1.3744361 1.2588231 0.3505054 0.3040988 
t7         0.7126442 0.7662384 0.9198342 1.2070784 0.8239592 0.7945437 1.1132061 1.2070784 0.9198342 1.0703373 1.2070784 0.0000000 0.9547243 1.0297869 1.2070784 1.1132061 0.2058276 0.2058276 1.2070784 1.0703373 
t12        0.7389627 1.1132061 0.3999739 0.4904449 0.4904449 0.9547243 0.9547243 0.5299277 0.6872180 0.6626257 0.6872180 0.9547243 0.0000000 0.0734853 0.8864954 0.9198342 0.8239592 0.8864954 0.6388142 0.6157354 
t10        0.7945437 1.0297869 0.3831192 0.4714565 0.4529370 0.8864954 0.8864954 0.4714565 0.6388142 0.6626257 0.6626257 1.0297869 0.0734853 0.0000000 0.8545757 0.8545757 0.8545757 0.9198342 0.5933457 0.5716050 
t9         0.8545757 0.7662384 0.7945437 1.0703373 0.7945437 0.6626257 0.6388142 0.8545757 0.9913169 1.0297869 0.9913169 1.2070784 0.8864954 0.8545757 0.0000000 0.1673577 1.1132061 1.0703373 1.0297869 0.9913169 
t15        0.8545757 0.7945437 0.7662384 0.9547243 0.8239592 0.6388142 0.5716050 0.8864954 0.9913169 1.0297869 1.1586745 1.1132061 0.9198342 0.8545757 0.1673577 0.0000000 0.9547243 0.8864954 0.8864954 0.9198342 
t3         0.7945437 0.8239592 0.9913169 1.1586745 0.9198342 0.8864954 1.1132061 1.1132061 0.9198342 1.1132061 1.3744361 0.2058276 0.8239592 0.8545757 1.1132061 0.9547243 0.0000000 0.1189538 1.0703373 1.1132061 
t14        0.7662384 0.8239592 0.9913169 1.0703373 0.9198342 0.8545757 1.0297869 1.1586745 0.8864954 1.1586745 1.2588231 0.2058276 0.8864954 0.9198342 1.0703373 0.8864954 0.1189538 0.0000000 1.1586745 1.1586745 
t17        0.7662384 1.1132061 0.5299277 0.8545757 0.6388142 1.1132061 1.0297869 0.6157354 0.6872180 0.3347153 0.3505054 1.2070784 0.6388142 0.5933457 1.0297869 0.8864954 1.0703373 1.1586745 0.0000000 0.0306165 
t13        0.7126442 0.9913169 0.4714565 0.7662384 0.5716050 0.9913169 0.9198342 0.5504769 0.6157354 0.2892469 0.3040988 1.0703373 0.6157354 0.5716050 0.9913169 0.9198342 1.1132061 1.1586745 0.0306165 0.0000000 
