20
t6         0.0000000 9.0000000 9.0000000 1.8942965 2.0310377 9.0000000 1.5111773 3.2381161 9.0000000 9.0000000 3.2381161 9.0000000 9.0000000 9.0000000 2.4141569 1.5901977 2.0310377 1.3744361 9.0000000 9.0000000 
t1         9.0000000 0.0000000 1.5901977 1.7786835 1.5901977 2.7182557 1.8942965 2.4141569 3.2381161 9.0000000 2.7182557 9.0000000 9.0000000 9.0000000 1.8942965 1.8942965 1.8942965 2.1983953 1.3744361 1.5111773 
t2         9.0000000 1.5901977 0.0000000 1.3144041 1.0297869 1.5111773 1.5111773 3.2381161 1.6785349 2.7182557 1.3744361 2.0310377 1.8942965 1.6785349 1.8942965 1.6785349 2.0310377 2.7182557 1.0703373 1.5111773 
t3         1.8942965 1.7786835 1.3144041 0.0000000 0.4714565 9.0000000 1.7786835 9.0000000 9.0000000 2.4141569 1.3144041 9.0000000 9.0000000 9.0000000 1.8942965 1.8942965 1.3744361 1.6785349 1.7786835 1.7786835 
t8         2.0310377 1.5901977 1.0297869 0.4714565 0.0000000 3.2381161 0.9547243 9.0000000 2.1983953 1.7786835 1.1132061 2.4141569 2.4141569 2.4141569 0.9547243 0.8864954 0.8545757 0.9198342 2.0310377 2.4141569 
t18        9.0000000 2.7182557 1.5111773 9.0000000 3.2381161 0.0000000 9.0000000 0.7126442 0.3666350 2.7182557 2.0310377 0.3999739 0.6872180 0.3999739 2.4141569 9.0000000 2.1983953 1.8942965 9.0000000 9.0000000 
t20        1.5111773 1.8942965 1.5111773 1.7786835 0.9547243 9.0000000 0.0000000 3.2381161 1.7786835 1.5111773 1.0297869 2.1983953 9.0000000 1.8942965 0.9913169 0.7662384 1.0297869 0.7945437 1.7786835 2.7182557 
t16        3.2381161 2.4141569 3.2381161 9.0000000 9.0000000 0.7126442 3.2381161 0.0000000 0.3192509 2.7182557 2.1983953 0.3831192 0.8864954 0.4172160 2.1983953 3.2381161 2.0310377 1.7786835 9.0000000 9.0000000 
t12        9.0000000 3.2381161 1.6785349 9.0000000 2.1983953 0.3666350 1.7786835 0.3192509 0.0000000 2.7182557 2.0310377 0.1189538 0.6157354 0.0958750 1.7786835 2.0310377 2.0310377 1.7786835 9.0000000 9.0000000 
t17        9.0000000 9.0000000 2.7182557 2.4141569 1.7786835 2.7182557 1.5111773 2.7182557 2.7182557 0.0000000 0.7945437 9.0000000 9.0000000 9.0000000 2.4141569 1.7786835 1.7786835 1.2588231 1.6785349 2.1983953 
t4         3.2381161 2.7182557 1.3744361 1.3144041 1.1132061 2.0310377 1.0297869 2.1983953 2.0310377 0.7945437 0.0000000 3.2381161 2.0310377 2.7182557 1.2588231 1.2588231 1.3744361 1.0703373 1.1132061 2.4141569 
t14        9.0000000 9.0000000 2.0310377 9.0000000 2.4141569 0.3999739 2.1983953 0.3831192 0.1189538 9.0000000 3.2381161 0.0000000 0.7126442 0.0845966 1.7786835 2.7182557 2.0310377 2.0310377 9.0000000 9.0000000 
t9         9.0000000 9.0000000 1.8942965 9.0000000 2.4141569 0.6872180 9.0000000 0.8864954 0.6157354 9.0000000 2.0310377 0.7126442 0.0000000 0.7126442 2.4141569 2.4141569 2.7182557 2.7182557 9.0000000 1.8942965 
t11        9.0000000 9.0000000 1.6785349 9.0000000 2.4141569 0.3999739 1.8942965 0.4172160 0.0958750 9.0000000 2.7182557 0.0845966 0.7126442 0.0000000 1.8942965 9.0000000 2.4141569 2.1983953 9.0000000 9.0000000 
t7         2.4141569 1.8942965 1.8942965 1.8942965 0.9547243 2.4141569 0.9913169 2.1983953 1.7786835 2.4141569 1.2588231 1.7786835 2.4141569 1.8942965 0.0000000 0.3999739 0.8545757 0.6157354 2.4141569 2.7182557 
t19        1.5901977 1.8942965 1.6785349 1.8942965 0.8864954 9.0000000 0.7662384 3.2381161 2.0310377 1.7786835 1.2588231 2.7182557 2.4141569 9.0000000 0.3999739 0.0000000 0.4904449 0.2603971 2.1983953 9.0000000 
t13        2.0310377 1.8942965 2.0310377 1.3744361 0.8545757 2.1983953 1.0297869 2.0310377 2.0310377 1.7786835 1.3744361 2.0310377 2.7182557 2.4141569 0.8545757 0.4904449 0.0000000 0.2326162 2.4141569 2.7182557 
t15        1.3744361 2.1983953 2.7182557 1.6785349 0.9198342 1.8942965 0.7945437 1.7786835 1.7786835 1.2588231 1.0703373 2.0310377 2.7182557 2.1983953 0.6157354 0.2603971 0.2326162 0.0000000 2.0310377 9.0000000 
t10        9.0000000 1.3744361 1.0703373 1.7786835 2.0310377 9.0000000 1.7786835 9.0000000 9.0000000 1.6785349 1.1132061 9.0000000 9.0000000 9.0000000 2.4141569 2.1983953 2.4141569 2.0310377 0.0000000 0.5933457 
t5         9.0000000 1.5111773 1.5111773 1.7786835 2.4141569 9.0000000 2.7182557 9.0000000 9.0000000 2.1983953 2.4141569 9.0000000 1.8942965 9.0000000 2.7182557 9.0000000 2.7182557 9.0000000 0.5933457 0.0000000 
