20
t20        0.0000000 1.3144041 1.3144041 1.1586745 1.1586745 1.2588231 1.3144041 1.5901977 1.5111773 0.9198342 1.3744361 0.9913169 1.3744361 1.1586745 1.0703373 1.1586745 1.6785349 1.5111773 1.0703373 0.9913169 
t6         1.3144041 0.0000000 0.7389627 0.6388142 0.5099265 0.7389627 0.5716050 0.6388142 0.6626257 0.8545757 0.9913169 0.7389627 0.7945437 0.9913169 0.4904449 0.3999739 0.6626257 0.6157354 0.9198342 0.8545757 
t18        1.3144041 0.7389627 0.0000000 0.5933457 0.7126442 0.5716050 0.6388142 0.7389627 0.8239592 0.8864954 0.5299277 0.5099265 0.7945437 0.9913169 0.7126442 0.7126442 0.8545757 1.0297869 0.9547243 0.8545757 
t11        1.1586745 0.6388142 0.5933457 0.0000000 0.5933457 0.6157354 0.6157354 0.7662384 0.6388142 0.7662384 0.7126442 0.6388142 0.7389627 0.8545757 0.5504769 0.5716050 0.7945437 0.7945437 0.7662384 0.7389627 
t7         1.1586745 0.5099265 0.7126442 0.5933457 0.0000000 0.7662384 0.6157354 0.7126442 0.6157354 0.8545757 0.7945437 0.5933457 0.9198342 1.0703373 0.6388142 0.5504769 0.7662384 0.6872180 1.1132061 1.0297869 
t3         1.2588231 0.7389627 0.5716050 0.6157354 0.7662384 0.0000000 0.5933457 0.8545757 0.7126442 0.8545757 0.5933457 0.5504769 1.0297869 1.1132061 0.6626257 0.7389627 0.7662384 0.8864954 0.8864954 0.8239592 
t16        1.3144041 0.5716050 0.6388142 0.6157354 0.6157354 0.5933457 0.0000000 0.3831192 0.3831192 0.6872180 0.7389627 0.6626257 0.7945437 0.8864954 0.6388142 0.5933457 0.8545757 0.8239592 0.7662384 0.6872180 
t1         1.5901977 0.6388142 0.7389627 0.7662384 0.7126442 0.8545757 0.3831192 0.0000000 0.4529370 0.9198342 0.9547243 0.7945437 0.8239592 0.8545757 0.7389627 0.6872180 0.7945437 0.8239592 0.9198342 0.8545757 
t2         1.5111773 0.6626257 0.8239592 0.6388142 0.6157354 0.7126442 0.3831192 0.4529370 0.0000000 0.7945437 0.8239592 0.6872180 0.7945437 0.8864954 0.8239592 0.6626257 0.8239592 0.9198342 0.9913169 0.8864954 
t9         0.9198342 0.8545757 0.8864954 0.7662384 0.8545757 0.8545757 0.6872180 0.9198342 0.7945437 0.0000000 0.9913169 0.8239592 0.8545757 0.8239592 0.6157354 0.5933457 0.8239592 0.9913169 0.3505054 0.3666350 
t14        1.3744361 0.9913169 0.5299277 0.7126442 0.7945437 0.5933457 0.7389627 0.9547243 0.8239592 0.9913169 0.0000000 0.2326162 0.9198342 1.3144041 0.8545757 0.9198342 0.9913169 1.1132061 1.1586745 1.0703373 
t10        0.9913169 0.7389627 0.5099265 0.6388142 0.5933457 0.5504769 0.6626257 0.7945437 0.6872180 0.8239592 0.2326162 0.0000000 0.7662384 1.0703373 0.6872180 0.6872180 0.8239592 0.9198342 0.9913169 0.9198342 
t12        1.3744361 0.7945437 0.7945437 0.7389627 0.9198342 1.0297869 0.7945437 0.8239592 0.7945437 0.8545757 0.9198342 0.7662384 0.0000000 0.2463781 0.7389627 0.7662384 0.6626257 0.7662384 0.8864954 0.7945437 
t17        1.1586745 0.9913169 0.9913169 0.8545757 1.0703373 1.1132061 0.8864954 0.8545757 0.8864954 0.8239592 1.3144041 1.0703373 0.2463781 0.0000000 0.8545757 0.9547243 0.8864954 1.0703373 0.8545757 0.7662384 
t15        1.0703373 0.4904449 0.7126442 0.5504769 0.6388142 0.6626257 0.6388142 0.7389627 0.8239592 0.6157354 0.8545757 0.6872180 0.7389627 0.8545757 0.0000000 0.1189538 0.5299277 0.5299277 0.7945437 0.7945437 
t4         1.1586745 0.3999739 0.7126442 0.5716050 0.5504769 0.7389627 0.5933457 0.6872180 0.6626257 0.5933457 0.9198342 0.6872180 0.7662384 0.9547243 0.1189538 0.0000000 0.5099265 0.5716050 0.7945437 0.7662384 
t8         1.6785349 0.6626257 0.8545757 0.7945437 0.7662384 0.7662384 0.8545757 0.7945437 0.8239592 0.8239592 0.9913169 0.8239592 0.6626257 0.8864954 0.5299277 0.5099265 0.0000000 0.1307650 0.8864954 0.9198342 
t19        1.5111773 0.6157354 1.0297869 0.7945437 0.6872180 0.8864954 0.8239592 0.8239592 0.9198342 0.9913169 1.1132061 0.9198342 0.7662384 1.0703373 0.5299277 0.5716050 0.1307650 0.0000000 0.9198342 0.9547243 
t13        1.0703373 0.9198342 0.9547243 0.7662384 1.1132061 0.8864954 0.7662384 0.9198342 0.9913169 0.3505054 1.1586745 0.9913169 0.8864954 0.8545757 0.7945437 0.7945437 0.8864954 0.9198342 0.0000000 0.0306165 
t5         0.9913169 0.8545757 0.8545757 0.7389627 1.0297869 0.8239592 0.6872180 0.8545757 0.8864954 0.3666350 1.0703373 0.9198342 0.7945437 0.7662384 0.7945437 0.7662384 0.9198342 0.9547243 0.0306165 0.0000000 
