20
t4         0.0000000 0.6157354 0.7945437 1.2070784 0.8864954 0.9198342 0.6388142 0.6626257 0.9913169 1.1586745 0.9913169 1.4396946 0.8864954 0.7389627 0.8239592 1.0703373 0.8545757 0.8864954 0.8239592 0.8239592 
t10        0.6157354 0.0000000 0.5716050 0.9547243 0.8864954 0.7662384 0.7389627 0.6388142 1.0703373 0.9913169 0.9547243 1.1586745 0.6157354 0.7662384 0.8545757 0.8239592 1.0297869 0.8864954 0.6626257 0.6872180 
t6         0.7945437 0.5716050 0.0000000 0.7662384 0.7945437 0.7945437 0.6157354 0.6626257 0.8864954 0.8864954 0.8545757 1.2070784 0.5099265 0.6872180 0.9547243 1.0297869 0.9547243 0.7945437 0.7126442 0.7662384 
t15        1.2070784 0.9547243 0.7662384 0.0000000 0.6157354 1.0703373 0.8545757 0.8545757 1.1586745 0.9547243 1.0297869 1.3144041 0.8239592 0.9913169 1.1132061 1.2588231 1.3144041 1.1132061 0.9547243 0.9913169 
t17        0.8864954 0.8864954 0.7945437 0.6157354 0.0000000 0.8545757 0.6872180 0.6626257 1.0297869 0.9198342 0.9913169 1.1586745 0.7126442 0.7945437 1.0297869 1.1132061 0.8239592 0.8545757 0.8545757 0.8239592 
t1         0.9198342 0.7662384 0.7945437 1.0703373 0.8545757 0.0000000 0.7662384 0.8239592 0.7126442 0.6626257 0.5716050 0.7662384 0.7945437 0.8239592 1.0297869 1.0703373 0.9913169 0.8545757 0.8545757 0.8545757 
t5         0.6388142 0.7389627 0.6157354 0.8545757 0.6872180 0.7662384 0.0000000 0.3347153 0.8864954 0.7945437 0.7945437 1.1132061 0.5504769 0.6872180 0.7945437 0.8864954 0.7389627 0.5716050 0.5504769 0.5504769 
t3         0.6626257 0.6388142 0.6626257 0.8545757 0.6626257 0.8239592 0.3347153 0.0000000 1.1586745 1.1586745 0.8239592 1.1586745 0.5716050 0.6626257 0.9198342 0.9547243 0.9198342 0.8545757 0.5716050 0.5716050 
t9         0.9913169 1.0703373 0.8864954 1.1586745 1.0297869 0.7126442 0.8864954 1.1586745 0.0000000 0.3999739 0.4172160 0.5716050 0.9913169 1.1132061 1.5901977 1.5901977 1.1132061 0.9913169 1.1132061 1.0297869 
t7         1.1586745 0.9913169 0.8864954 0.9547243 0.9198342 0.6626257 0.7945437 1.1586745 0.3999739 0.0000000 0.3831192 0.5299277 1.0703373 1.3144041 1.2588231 1.2070784 1.2070784 0.9913169 1.2070784 1.1132061 
t19        0.9913169 0.9547243 0.8545757 1.0297869 0.9913169 0.5716050 0.7945437 0.8239592 0.4172160 0.3831192 0.0000000 0.2746833 0.9198342 0.9198342 1.3144041 1.4396946 1.0703373 0.9198342 0.8864954 0.8239592 
t2         1.4396946 1.1586745 1.2070784 1.3144041 1.1586745 0.7662384 1.1132061 1.1586745 0.5716050 0.5299277 0.2746833 0.0000000 1.1586745 1.3744361 2.1983953 2.1983953 1.3144041 1.1586745 1.2588231 1.1586745 
t20        0.8864954 0.6157354 0.5099265 0.8239592 0.7126442 0.7945437 0.5504769 0.5716050 0.9913169 1.0703373 0.9198342 1.1586745 0.0000000 0.2463781 0.7945437 1.0297869 1.0297869 0.8545757 0.1927838 0.2326162 
t14        0.7389627 0.7662384 0.6872180 0.9913169 0.7945437 0.8239592 0.6872180 0.6626257 1.1132061 1.3144041 0.9198342 1.3744361 0.2463781 0.0000000 0.8864954 1.3144041 1.0297869 0.9547243 0.2326162 0.2746833 
t11        0.8239592 0.8545757 0.9547243 1.1132061 1.0297869 1.0297869 0.7945437 0.9198342 1.5901977 1.2588231 1.3144041 2.1983953 0.7945437 0.8864954 0.0000000 0.1673577 1.0703373 1.2588231 0.7126442 0.7945437 
t12        1.0703373 0.8239592 1.0297869 1.2588231 1.1132061 1.0703373 0.8864954 0.9547243 1.5901977 1.2070784 1.4396946 2.1983953 1.0297869 1.3144041 0.1673577 0.0000000 1.1586745 1.3144041 0.9547243 0.9547243 
t8         0.8545757 1.0297869 0.9547243 1.3144041 0.8239592 0.9913169 0.7389627 0.9198342 1.1132061 1.2070784 1.0703373 1.3144041 1.0297869 1.0297869 1.0703373 1.1586745 0.0000000 0.1073256 0.9547243 0.9198342 
t16        0.8864954 0.8864954 0.7945437 1.1132061 0.8545757 0.8545757 0.5716050 0.8545757 0.9913169 0.9913169 0.9198342 1.1586745 0.8545757 0.9547243 1.2588231 1.3144041 0.1073256 0.0000000 0.8864954 0.8545757 
t18        0.8239592 0.6626257 0.7126442 0.9547243 0.8545757 0.8545757 0.5504769 0.5716050 1.1132061 1.2070784 0.8864954 1.2588231 0.1927838 0.2326162 0.7126442 0.9547243 0.9547243 0.8864954 0.0000000 0.0306165 
t13        0.8239592 0.6872180 0.7662384 0.9913169 0.8239592 0.8545757 0.5504769 0.5716050 1.0297869 1.1132061 0.8239592 1.1586745 0.2326162 0.2746833 0.7945437 0.9547243 0.9198342 0.8545757 0.0306165 0.0000000 
