20
t5         0.0000000 1.5901977 1.6785349 2.7182557 1.6785349 1.1586745 1.8942965 2.4141569 1.8942965 9.0000000 3.2381161 2.1983953 1.1132061 1.6785349 9.0000000 9.0000000 1.8942965 2.0310377 1.3144041 1.2588231 
t20        1.5901977 0.0000000 0.6872180 1.6785349 0.9913169 0.9547243 1.5111773 0.8864954 0.8864954 1.3744361 1.1132061 1.4396946 1.1586745 1.3744361 1.3744361 1.1586745 1.7786835 1.7786835 1.8942965 1.7786835 
t6         1.6785349 0.6872180 0.0000000 1.0297869 0.3040988 0.4529370 0.8545757 0.5504769 0.3505054 0.5933457 0.4904449 1.4396946 0.5299277 0.6157354 0.7945437 0.7126442 1.5111773 1.5111773 0.7662384 0.7389627 
t2         2.7182557 1.6785349 1.0297869 0.0000000 1.0703373 1.3744361 9.0000000 1.3744361 1.2070784 1.5111773 1.4396946 2.7182557 1.6785349 1.5111773 2.7182557 3.2381161 9.0000000 9.0000000 1.5111773 1.5111773 
t3         1.6785349 0.9913169 0.3040988 1.0703373 0.0000000 0.7126442 1.0703373 0.5299277 0.4529370 0.5933457 0.5099265 1.5901977 0.8239592 0.8239592 1.0703373 0.9547243 2.0310377 2.0310377 0.8864954 0.8864954 
t9         1.1586745 0.9547243 0.4529370 1.3744361 0.7126442 0.0000000 0.8864954 1.0297869 0.7389627 0.8545757 0.6388142 1.3744361 0.3831192 0.5933457 1.0297869 0.9547243 0.9913169 1.0297869 0.6157354 0.5933457 
t8         1.8942965 1.5111773 0.8545757 9.0000000 1.0703373 0.8864954 0.0000000 1.3744361 1.0297869 1.1586745 0.9547243 1.0297869 0.9198342 1.0297869 0.4172160 0.3666350 2.0310377 2.7182557 1.4396946 1.3744361 
t1         2.4141569 0.8864954 0.5504769 1.3744361 0.5299277 1.0297869 1.3744361 0.0000000 0.6388142 0.7945437 0.7662384 1.2588231 1.5111773 1.5901977 1.5111773 1.3144041 9.0000000 9.0000000 1.5111773 1.5111773 
t18        1.8942965 0.8864954 0.3505054 1.2070784 0.4529370 0.7389627 1.0297869 0.6388142 0.0000000 0.6157354 0.5299277 1.3744361 0.7662384 0.9198342 0.9547243 0.8239592 2.0310377 2.1983953 0.9198342 0.8864954 
t7         9.0000000 1.3744361 0.5933457 1.5111773 0.5933457 0.8545757 1.1586745 0.7945437 0.6157354 0.0000000 0.1927838 2.0310377 0.8545757 0.8864954 1.2588231 1.3144041 1.5901977 1.7786835 1.0297869 0.9913169 
t15        3.2381161 1.1132061 0.4904449 1.4396946 0.5099265 0.6388142 0.9547243 0.7662384 0.5299277 0.1927838 0.0000000 1.8942965 0.7945437 0.8239592 1.1132061 1.0297869 2.1983953 2.7182557 0.9547243 0.9547243 
t10        2.1983953 1.4396946 1.4396946 2.7182557 1.5901977 1.3744361 1.0297869 1.2588231 1.3744361 2.0310377 1.8942965 0.0000000 2.7182557 9.0000000 0.9913169 0.8545757 9.0000000 9.0000000 2.7182557 2.7182557 
t17        1.1132061 1.1586745 0.5299277 1.6785349 0.8239592 0.3831192 0.9198342 1.5111773 0.7662384 0.8545757 0.7945437 2.7182557 0.0000000 0.2463781 0.9547243 0.9198342 0.7389627 0.7945437 0.3505054 0.3347153 
t4         1.6785349 1.3744361 0.6157354 1.5111773 0.8239592 0.5933457 1.0297869 1.5901977 0.9198342 0.8864954 0.8239592 9.0000000 0.2463781 0.0000000 1.2588231 1.2588231 0.9198342 0.9913169 0.4529370 0.4348639 
t14        9.0000000 1.3744361 0.7945437 2.7182557 1.0703373 1.0297869 0.4172160 1.5111773 0.9547243 1.2588231 1.1132061 0.9913169 0.9547243 1.2588231 0.0000000 0.0517447 2.1983953 2.4141569 1.6785349 1.5901977 
t16        9.0000000 1.1586745 0.7126442 3.2381161 0.9547243 0.9547243 0.3666350 1.3144041 0.8239592 1.3144041 1.0297869 0.8545757 0.9198342 1.2588231 0.0517447 0.0000000 2.1983953 2.4141569 1.6785349 1.5901977 
t13        1.8942965 1.7786835 1.5111773 9.0000000 2.0310377 0.9913169 2.0310377 9.0000000 2.0310377 1.5901977 2.1983953 9.0000000 0.7389627 0.9198342 2.1983953 2.1983953 0.0000000 0.0411062 0.7662384 0.7389627 
t19        2.0310377 1.7786835 1.5111773 9.0000000 2.0310377 1.0297869 2.7182557 9.0000000 2.1983953 1.7786835 2.7182557 9.0000000 0.7945437 0.9913169 2.4141569 2.4141569 0.0411062 0.0000000 0.7945437 0.7662384 
t11        1.3144041 1.8942965 0.7662384 1.5111773 0.8864954 0.6157354 1.4396946 1.5111773 0.9198342 1.0297869 0.9547243 2.7182557 0.3505054 0.4529370 1.6785349 1.6785349 0.7662384 0.7945437 0.0000000 0.0100673 
t12        1.2588231 1.7786835 0.7389627 1.5111773 0.8864954 0.5933457 1.3744361 1.5111773 0.8864954 0.9913169 0.9547243 2.7182557 0.3347153 0.4348639 1.5901977 1.5901977 0.7389627 0.7662384 0.0100673 0.0000000 
