20
t5         0.0000000 1.0703373 1.0703373 0.8864954 0.8545757 0.8864954 1.0297869 1.4396946 0.9913169 0.9913169 1.2070784 1.1586745 1.4396946 1.5111773 0.7945437 0.8545757 1.5901977 1.5111773 1.2588231 1.2588231 
t8         1.0703373 0.0000000 0.6157354 0.8239592 0.5933457 0.7126442 0.7945437 1.0703373 0.7662384 0.7126442 0.9198342 0.9547243 0.9198342 0.9913169 0.6872180 0.6388142 1.0703373 1.0297869 0.9547243 0.9547243 
t16        1.0703373 0.6157354 0.0000000 0.3347153 0.0845966 0.2746833 0.3347153 0.5299277 0.5504769 0.4904449 0.7126442 0.7126442 0.5099265 0.5504769 0.3666350 0.3505054 0.5099265 0.4904449 0.5504769 0.5504769 
t20        0.8864954 0.8239592 0.3347153 0.0000000 0.2603971 0.4904449 0.5299277 0.7945437 0.6626257 0.6157354 0.7662384 0.7945437 0.8239592 0.8239592 0.4348639 0.3831192 0.6388142 0.6157354 0.7662384 0.7662384 
t2         0.8545757 0.5933457 0.0845966 0.2603971 0.0000000 0.2463781 0.3505054 0.4904449 0.4529370 0.3999739 0.5933457 0.5933457 0.5099265 0.5504769 0.3040988 0.2603971 0.5099265 0.4904449 0.5716050 0.5716050 
t14        0.8864954 0.7126442 0.2746833 0.4904449 0.2463781 0.0000000 0.2058276 0.4904449 0.4714565 0.4348639 0.6388142 0.6157354 0.4348639 0.4714565 0.3192509 0.3347153 0.5099265 0.5099265 0.3192509 0.3192509 
t7         1.0297869 0.7945437 0.3347153 0.5299277 0.3505054 0.2058276 0.0000000 0.5099265 0.6157354 0.6157354 0.8864954 0.8545757 0.4904449 0.5099265 0.4348639 0.3831192 0.5933457 0.5716050 0.2603971 0.2603971 
t12        1.4396946 1.0703373 0.5299277 0.7945437 0.4904449 0.4904449 0.5099265 0.0000000 0.8239592 0.7662384 0.9913169 0.9547243 0.1673577 0.1673577 0.6872180 0.6157354 0.7389627 0.7126442 0.9198342 0.9198342 
t15        0.9913169 0.7662384 0.5504769 0.6626257 0.4529370 0.4714565 0.6157354 0.8239592 0.0000000 0.0411062 0.3347153 0.3192509 0.7662384 0.8545757 0.4904449 0.4904449 0.7945437 0.8239592 0.8545757 0.8545757 
t18        0.9913169 0.7126442 0.4904449 0.6157354 0.3999739 0.4348639 0.6157354 0.7662384 0.0411062 0.0000000 0.2746833 0.2603971 0.7126442 0.7945437 0.5299277 0.5299277 0.8239592 0.7945437 0.8239592 0.8239592 
t6         1.2070784 0.9198342 0.7126442 0.7662384 0.5933457 0.6388142 0.8864954 0.9913169 0.3347153 0.2746833 0.0000000 0.0734853 0.8545757 0.9547243 0.7662384 0.7662384 0.9198342 0.8864954 0.9547243 0.9547243 
t10        1.1586745 0.9547243 0.7126442 0.7945437 0.5933457 0.6157354 0.8545757 0.9547243 0.3192509 0.2603971 0.0734853 0.0000000 0.8239592 0.9198342 0.7662384 0.7389627 0.8864954 0.8545757 0.9198342 0.9198342 
t11        1.4396946 0.9198342 0.5099265 0.8239592 0.5099265 0.4348639 0.4904449 0.1673577 0.7662384 0.7126442 0.8545757 0.8239592 0.0000000 0.0306165 0.7126442 0.6388142 0.7662384 0.7389627 0.7126442 0.7126442 
t3         1.5111773 0.9913169 0.5504769 0.8239592 0.5504769 0.4714565 0.5099265 0.1673577 0.8545757 0.7945437 0.9547243 0.9198342 0.0306165 0.0000000 0.7126442 0.6388142 0.8239592 0.7945437 0.7389627 0.7389627 
t13        0.7945437 0.6872180 0.3666350 0.4348639 0.3040988 0.3192509 0.4348639 0.6872180 0.4904449 0.5299277 0.7662384 0.7662384 0.7126442 0.7126442 0.0000000 0.1427653 0.6157354 0.5933457 0.6388142 0.6388142 
t1         0.8545757 0.6388142 0.3505054 0.3831192 0.2603971 0.3347153 0.3831192 0.6157354 0.4904449 0.5299277 0.7662384 0.7389627 0.6388142 0.6388142 0.1427653 0.0000000 0.5504769 0.5299277 0.6157354 0.6157354 
t4         1.5901977 1.0703373 0.5099265 0.6388142 0.5099265 0.5099265 0.5933457 0.7389627 0.7945437 0.8239592 0.9198342 0.8864954 0.7662384 0.8239592 0.6157354 0.5504769 0.0000000 0.0100673 0.6872180 0.6872180 
t19        1.5111773 1.0297869 0.4904449 0.6157354 0.4904449 0.5099265 0.5716050 0.7126442 0.8239592 0.7945437 0.8864954 0.8545757 0.7389627 0.7945437 0.5933457 0.5299277 0.0100673 0.0000000 0.6626257 0.6626257 
t9         1.2588231 0.9547243 0.5504769 0.7662384 0.5716050 0.3192509 0.2603971 0.9198342 0.8545757 0.8239592 0.9547243 0.9198342 0.7126442 0.7389627 0.6388142 0.6157354 0.6872180 0.6626257 0.0000000 0.0000010 
t17        1.2588231 0.9547243 0.5504769 0.7662384 0.5716050 0.3192509 0.2603971 0.9198342 0.8545757 0.8239592 0.9547243 0.9198342 0.7126442 0.7389627 0.6388142 0.6157354 0.6872180 0.6626257 0.0000010 0.0000000 
