20
t15        0.0000000 1.2588231 1.4396946 9.0000000 2.7182557 9.0000000 2.7182557 1.7786835 1.8942965 2.4141569 2.4141569 9.0000000 9.0000000 9.0000000 1.6785349 9.0000000 2.0310377 1.5901977 1.0703373 1.0297869 
t11        1.2588231 0.0000000 0.5504769 2.4141569 1.3144041 2.0310377 2.7182557 1.7786835 1.5901977 1.5901977 1.7786835 1.5901977 1.7786835 2.7182557 1.6785349 2.1983953 1.5111773 1.3144041 0.8864954 0.8239592 
t9         1.4396946 0.5504769 0.0000000 2.1983953 1.5901977 1.4396946 2.1983953 2.7182557 1.5111773 2.4141569 3.2381161 1.5901977 9.0000000 9.0000000 2.0310377 2.0310377 2.7182557 1.4396946 1.2070784 1.3744361 
t14        9.0000000 2.4141569 2.1983953 0.0000000 1.1586745 2.4141569 1.7786835 9.0000000 3.2381161 3.2381161 3.2381161 2.4141569 9.0000000 9.0000000 2.0310377 1.5111773 9.0000000 9.0000000 2.0310377 2.4141569 
t3         2.7182557 1.3144041 1.5901977 1.1586745 0.0000000 1.5901977 1.1586745 2.4141569 2.1983953 2.1983953 2.4141569 1.2588231 1.8942965 1.8942965 2.4141569 2.0310377 1.6785349 1.5901977 1.4396946 1.3144041 
t8         9.0000000 2.0310377 1.4396946 2.4141569 1.5901977 0.0000000 1.5111773 9.0000000 2.4141569 2.0310377 1.8942965 1.8942965 2.4141569 1.7786835 1.6785349 2.4141569 2.0310377 9.0000000 1.2070784 1.2588231 
t18        2.7182557 2.7182557 2.1983953 1.7786835 1.1586745 1.5111773 0.0000000 1.4396946 1.7786835 1.6785349 9.0000000 2.1983953 2.0310377 2.7182557 1.5901977 2.4141569 9.0000000 3.2381161 1.4396946 1.5901977 
t12        1.7786835 1.7786835 2.7182557 9.0000000 2.4141569 9.0000000 1.4396946 0.0000000 0.9198342 2.1983953 9.0000000 9.0000000 9.0000000 9.0000000 2.7182557 9.0000000 9.0000000 3.2381161 2.4141569 1.5901977 
t5         1.8942965 1.5901977 1.5111773 3.2381161 2.1983953 2.4141569 1.7786835 0.9198342 0.0000000 1.3744361 2.0310377 2.1983953 1.7786835 1.4396946 2.0310377 2.1983953 1.6785349 1.3144041 1.7786835 1.2588231 
t4         2.4141569 1.5901977 2.4141569 3.2381161 2.1983953 2.0310377 1.6785349 2.1983953 1.3744361 0.0000000 9.0000000 2.4141569 2.1983953 9.0000000 1.6785349 1.6785349 9.0000000 3.2381161 0.9913169 0.8864954 
t16        2.4141569 1.7786835 3.2381161 3.2381161 2.4141569 1.8942965 9.0000000 9.0000000 2.0310377 9.0000000 0.0000000 9.0000000 0.5099265 0.7126442 9.0000000 9.0000000 1.8942965 9.0000000 1.3144041 1.2588231 
t10        9.0000000 1.5901977 1.5901977 2.4141569 1.2588231 1.8942965 2.1983953 9.0000000 2.1983953 2.4141569 9.0000000 0.0000000 9.0000000 9.0000000 1.5901977 1.3144041 0.4904449 0.4714565 2.0310377 1.5111773 
t1         9.0000000 1.7786835 9.0000000 9.0000000 1.8942965 2.4141569 2.0310377 9.0000000 1.7786835 2.1983953 0.5099265 9.0000000 0.0000000 0.5299277 9.0000000 9.0000000 1.8942965 2.0310377 1.6785349 1.4396946 
t20        9.0000000 2.7182557 9.0000000 9.0000000 1.8942965 1.7786835 2.7182557 9.0000000 1.4396946 9.0000000 0.7126442 9.0000000 0.5299277 0.0000000 9.0000000 3.2381161 2.7182557 9.0000000 2.1983953 1.7786835 
t17        1.6785349 1.6785349 2.0310377 2.0310377 2.4141569 1.6785349 1.5901977 2.7182557 2.0310377 1.6785349 9.0000000 1.5901977 9.0000000 9.0000000 0.0000000 0.5933457 1.4396946 1.2070784 1.3744361 1.2588231 
t19        9.0000000 2.1983953 2.0310377 1.5111773 2.0310377 2.4141569 2.4141569 9.0000000 2.1983953 1.6785349 9.0000000 1.3144041 9.0000000 3.2381161 0.5933457 0.0000000 1.1586745 0.9547243 1.8942965 1.6785349 
t7         2.0310377 1.5111773 2.7182557 9.0000000 1.6785349 2.0310377 9.0000000 9.0000000 1.6785349 9.0000000 1.8942965 0.4904449 1.8942965 2.7182557 1.4396946 1.1586745 0.0000000 0.2892469 1.6785349 1.2588231 
t13        1.5901977 1.3144041 1.4396946 9.0000000 1.5901977 9.0000000 3.2381161 3.2381161 1.3144041 3.2381161 9.0000000 0.4714565 2.0310377 9.0000000 1.2070784 0.9547243 0.2892469 0.0000000 1.6785349 1.2070784 
t6         1.0703373 0.8864954 1.2070784 2.0310377 1.4396946 1.2070784 1.4396946 2.4141569 1.7786835 0.9913169 1.3144041 2.0310377 1.6785349 2.1983953 1.3744361 1.8942965 1.6785349 1.6785349 0.0000000 0.1927838 
t2         1.0297869 0.8239592 1.3744361 2.4141569 1.3144041 1.2588231 1.5901977 1.5901977 1.2588231 0.8864954 1.2588231 1.5111773 1.4396946 1.7786835 1.2588231 1.6785349 1.2588231 1.2070784 0.1927838 0.0000000 
