20
t17        0.0000000 0.6872180 0.4904449 0.3666350 0.6626257 0.7126442 0.7389627 0.9198342 0.6872180 0.9547243 0.3999739 0.5099265 0.4172160 0.4714565 0.4904449 0.4904449 0.5099265 0.4904449 0.5099265 0.5099265 
t15        0.6872180 0.0000000 0.6388142 0.5716050 0.8545757 0.8864954 1.2070784 0.8545757 0.8864954 1.3744361 0.5933457 0.6626257 0.7389627 0.8864954 0.5504769 0.5933457 0.5933457 0.5299277 0.6157354 0.5933457 
t18        0.4904449 0.6388142 0.0000000 0.3347153 0.4529370 0.4172160 0.7389627 0.7945437 0.6626257 1.0703373 0.2892469 0.3666350 0.3192509 0.3999739 0.5933457 0.5299277 0.5299277 0.5716050 0.2746833 0.2463781 
t6         0.3666350 0.5716050 0.3347153 0.0000000 0.4714565 0.4348639 0.6388142 0.8864954 0.5099265 0.9547243 0.2191023 0.3666350 0.2326162 0.2746833 0.3831192 0.3831192 0.4348639 0.4714565 0.3040988 0.3192509 
t2         0.6626257 0.8545757 0.4529370 0.4714565 0.0000000 0.2746833 0.9913169 1.1132061 0.8239592 1.0703373 0.4348639 0.3831192 0.4904449 0.5933457 0.6872180 0.7662384 0.7662384 0.8239592 0.3831192 0.3666350 
t13        0.7126442 0.8864954 0.4172160 0.4348639 0.2746833 0.0000000 0.9913169 1.3744361 0.8239592 1.0703373 0.4529370 0.4348639 0.4348639 0.5716050 0.6872180 0.7662384 0.7389627 0.7945437 0.3999739 0.3831192 
t14        0.7389627 1.2070784 0.7389627 0.6388142 0.9913169 0.9913169 0.0000000 1.2070784 0.2463781 0.4348639 0.6626257 1.0297869 0.6388142 0.6157354 0.8239592 0.6626257 0.8545757 0.8864954 0.8545757 0.8545757 
t3         0.9198342 0.8545757 0.7945437 0.8864954 1.1132061 1.3744361 1.2070784 0.0000000 1.0297869 1.0703373 0.9547243 1.0703373 0.9198342 0.9913169 0.4904449 0.5099265 0.8545757 0.8864954 0.8545757 0.8239592 
t12        0.6872180 0.8864954 0.6626257 0.5099265 0.8239592 0.8239592 0.2463781 1.0297869 0.0000000 0.4348639 0.5299277 0.7389627 0.6157354 0.6388142 0.6388142 0.5504769 0.8864954 0.9198342 0.6872180 0.6872180 
t5         0.9547243 1.3744361 1.0703373 0.9547243 1.0703373 1.0703373 0.4348639 1.0703373 0.4348639 0.0000000 0.9913169 1.2588231 0.8864954 0.8864954 0.7126442 0.6626257 1.0297869 1.1132061 1.0703373 1.0703373 
t7         0.3999739 0.5933457 0.2892469 0.2191023 0.4348639 0.4529370 0.6626257 0.9547243 0.5299277 0.9913169 0.0000000 0.4348639 0.1427653 0.2058276 0.4529370 0.4714565 0.4348639 0.4904449 0.3831192 0.3831192 
t9         0.5099265 0.6626257 0.3666350 0.3666350 0.3831192 0.4348639 1.0297869 1.0703373 0.7389627 1.2588231 0.4348639 0.0000000 0.4714565 0.5504769 0.5716050 0.6157354 0.6388142 0.6388142 0.2191023 0.2058276 
t16        0.4172160 0.7389627 0.3192509 0.2326162 0.4904449 0.4348639 0.6388142 0.9198342 0.6157354 0.8864954 0.1427653 0.4714565 0.0000000 0.1427653 0.4904449 0.5099265 0.4904449 0.5504769 0.3999739 0.3999739 
t19        0.4714565 0.8864954 0.3999739 0.2746833 0.5933457 0.5716050 0.6157354 0.9913169 0.6388142 0.8864954 0.2058276 0.5504769 0.1427653 0.0000000 0.5933457 0.5716050 0.5933457 0.6388142 0.4714565 0.4714565 
t20        0.4904449 0.5504769 0.5933457 0.3831192 0.6872180 0.6872180 0.8239592 0.4904449 0.6388142 0.7126442 0.4529370 0.5716050 0.4904449 0.5933457 0.0000000 0.1189538 0.5504769 0.5504769 0.4904449 0.4904449 
t8         0.4904449 0.5933457 0.5299277 0.3831192 0.7662384 0.7662384 0.6626257 0.5099265 0.5504769 0.6626257 0.4714565 0.6157354 0.5099265 0.5716050 0.1189538 0.0000000 0.5299277 0.5504769 0.5099265 0.5099265 
t4         0.5099265 0.5933457 0.5299277 0.4348639 0.7662384 0.7389627 0.8545757 0.8545757 0.8864954 1.0297869 0.4348639 0.6388142 0.4904449 0.5933457 0.5504769 0.5299277 0.0000000 0.1189538 0.5099265 0.5099265 
t11        0.4904449 0.5299277 0.5716050 0.4714565 0.8239592 0.7945437 0.8864954 0.8864954 0.9198342 1.1132061 0.4904449 0.6388142 0.5504769 0.6388142 0.5504769 0.5504769 0.1189538 0.0000000 0.5716050 0.5933457 
t1         0.5099265 0.6157354 0.2746833 0.3040988 0.3831192 0.3999739 0.8545757 0.8545757 0.6872180 1.0703373 0.3831192 0.2191023 0.3999739 0.4714565 0.4904449 0.5099265 0.5099265 0.5716050 0.0000000 0.0306165 
t10        0.5099265 0.5933457 0.2463781 0.3192509 0.3666350 0.3831192 0.8545757 0.8239592 0.6872180 1.0703373 0.3831192 0.2058276 0.3999739 0.4714565 0.4904449 0.5099265 0.5099265 0.5933457 0.0306165 0.0000000 
