20
t13        0.0000000 1.2070784 0.7945437 1.0297869 1.3144041 1.3744361 1.0703373 9.0000000 0.9198342 1.2070784 2.0310377 1.3744361 1.5111773 0.8864954 0.9198342 2.1983953 2.1983953 1.2588231 1.2070784 1.2070784 
t14        1.2070784 0.0000000 0.6872180 1.2070784 1.2070784 1.1586745 0.7662384 1.3144041 0.9198342 0.9913169 1.4396946 1.1586745 0.9547243 1.1586745 1.0703373 1.0297869 0.9547243 1.1586745 1.1586745 1.1586745 
t9         0.7945437 0.6872180 0.0000000 0.8239592 0.7662384 0.7662384 0.4529370 1.3744361 0.6157354 1.0297869 0.8239592 0.5716050 0.6626257 0.7945437 0.8545757 0.8239592 0.7662384 0.9913169 0.9913169 0.9913169 
t15        1.0297869 1.2070784 0.8239592 0.0000000 0.9913169 1.5901977 1.0703373 9.0000000 1.0703373 1.4396946 1.5901977 1.0703373 1.2588231 0.9547243 1.0703373 1.6785349 1.5901977 1.1132061 1.1132061 1.1132061 
t16        1.3144041 1.2070784 0.7662384 0.9913169 0.0000000 1.5901977 1.0703373 3.2381161 0.4529370 0.7389627 1.3744361 1.5901977 1.5901977 1.5111773 1.5111773 1.3144041 1.1586745 1.7786835 1.7786835 1.7786835 
t20        1.3744361 1.1586745 0.7662384 1.5901977 1.5901977 0.0000000 0.9547243 1.7786835 1.2588231 1.7786835 1.7786835 0.9547243 1.2588231 1.1586745 1.3144041 1.5111773 1.3744361 1.2588231 1.2588231 1.2588231 
t7         1.0703373 0.7662384 0.4529370 1.0703373 1.0703373 0.9547243 0.0000000 1.7786835 0.9198342 1.2070784 1.1586745 0.7945437 0.8239592 0.9913169 1.0297869 1.3744361 1.2588231 1.3144041 1.3144041 1.3144041 
t12        9.0000000 1.3144041 1.3744361 9.0000000 3.2381161 1.7786835 1.7786835 0.0000000 2.1983953 2.7182557 0.9198342 1.7786835 9.0000000 9.0000000 9.0000000 0.9913169 0.9547243 2.1983953 2.1983953 2.1983953 
t18        0.9198342 0.9198342 0.6157354 1.0703373 0.4529370 1.2588231 0.9198342 2.1983953 0.0000000 0.3347153 1.0703373 1.0703373 1.0703373 0.9547243 0.9547243 0.9547243 0.8239592 1.2588231 1.2588231 1.2588231 
t8         1.2070784 0.9913169 1.0297869 1.4396946 0.7389627 1.7786835 1.2070784 2.7182557 0.3347153 0.0000000 1.4396946 1.2588231 1.2588231 1.4396946 1.5901977 1.2588231 1.1132061 2.0310377 2.0310377 2.0310377 
t5         2.0310377 1.4396946 0.8239592 1.5901977 1.3744361 1.7786835 1.1586745 0.9198342 1.0703373 1.4396946 0.0000000 1.2588231 1.2070784 1.3744361 1.3744361 0.3999739 0.3831192 1.7786835 1.7786835 1.7786835 
t17        1.3744361 1.1586745 0.5716050 1.0703373 1.5901977 0.9547243 0.7945437 1.7786835 1.0703373 1.2588231 1.2588231 0.0000000 0.2326162 1.0703373 1.2588231 1.5901977 1.4396946 1.1586745 1.1586745 1.1586745 
t1         1.5111773 0.9547243 0.6626257 1.2588231 1.5901977 1.2588231 0.8239592 9.0000000 1.0703373 1.2588231 1.2070784 0.2326162 0.0000000 1.0703373 1.2070784 1.5901977 1.4396946 1.3144041 1.3144041 1.3144041 
t3         0.8864954 1.1586745 0.7945437 0.9547243 1.5111773 1.1586745 0.9913169 9.0000000 0.9547243 1.4396946 1.3744361 1.0703373 1.0703373 0.0000000 0.0958750 1.5901977 1.6785349 0.2892469 0.2746833 0.2746833 
t4         0.9198342 1.0703373 0.8545757 1.0703373 1.5111773 1.3144041 1.0297869 9.0000000 0.9547243 1.5901977 1.3744361 1.2588231 1.2070784 0.0958750 0.0000000 1.4396946 1.5111773 0.3666350 0.3505054 0.3505054 
t6         2.1983953 1.0297869 0.8239592 1.6785349 1.3144041 1.5111773 1.3744361 0.9913169 0.9547243 1.2588231 0.3999739 1.5901977 1.5901977 1.5901977 1.4396946 0.0000000 0.0625362 1.7786835 1.7786835 1.7786835 
t2         2.1983953 0.9547243 0.7662384 1.5901977 1.1586745 1.3744361 1.2588231 0.9547243 0.8239592 1.1132061 0.3831192 1.4396946 1.4396946 1.6785349 1.5111773 0.0625362 0.0000000 2.0310377 2.0310377 2.0310377 
t19        1.2588231 1.1586745 0.9913169 1.1132061 1.7786835 1.2588231 1.3144041 2.1983953 1.2588231 2.0310377 1.7786835 1.1586745 1.3144041 0.2892469 0.3666350 1.7786835 2.0310377 0.0000000 0.0100673 0.0100673 
t11        1.2070784 1.1586745 0.9913169 1.1132061 1.7786835 1.2588231 1.3144041 2.1983953 1.2588231 2.0310377 1.7786835 1.1586745 1.3144041 0.2746833 0.3505054 1.7786835 2.0310377 0.0100673 0.0000000 0.0000010 
t10        1.2070784 1.1586745 0.9913169 1.1132061 1.7786835 1.2588231 1.3144041 2.1983953 1.2588231 2.0310377 1.7786835 1.1586745 1.3144041 0.2746833 0.3505054 1.7786835 2.0310377 0.0100673 0.0000010 0.0000000 
