20
t13        0.0000000 0.7945437 0.9547243 1.2070784 9.0000000 1.5901977 1.0297869 1.3744361 2.1983953 1.6785349 1.3744361 1.3744361 2.1983953 3.2381161 1.5111773 1.5111773 0.9913169 0.9913169 1.2588231 1.2588231 
t5         0.7945437 0.0000000 0.4172160 1.0297869 1.7786835 1.0703373 0.4714565 1.3744361 1.3744361 1.2070784 0.8239592 1.2070784 1.1132061 1.3144041 0.6157354 0.7126442 0.5504769 0.5933457 0.6388142 0.6388142 
t11        0.9547243 0.4172160 0.0000000 1.1586745 2.7182557 0.9913169 0.7126442 1.2070784 1.2588231 1.0703373 0.9198342 1.1586745 1.3744361 1.5901977 0.6157354 0.7126442 0.7662384 0.7662384 0.5933457 0.5933457 
t12        1.2070784 1.0297869 1.1586745 0.0000000 9.0000000 1.3144041 0.9198342 2.0310377 1.6785349 1.5111773 1.5901977 2.0310377 0.9547243 1.0297869 1.5111773 1.5901977 0.9547243 0.8864954 1.3144041 1.3144041 
t20        9.0000000 1.7786835 2.7182557 9.0000000 0.0000000 2.0310377 2.0310377 1.7786835 2.7182557 2.7182557 2.0310377 1.5111773 1.5111773 1.8942965 1.7786835 1.4396946 2.7182557 2.1983953 1.8942965 1.8942965 
t7         1.5901977 1.0703373 0.9913169 1.3144041 2.0310377 0.0000000 1.0703373 0.8864954 2.0310377 1.8942965 0.5299277 0.7126442 2.0310377 2.1983953 1.4396946 1.1586745 1.2070784 1.1586745 1.3144041 1.3144041 
t1         1.0297869 0.4714565 0.7126442 0.9198342 2.0310377 1.0703373 0.0000000 1.7786835 1.1586745 0.9198342 1.0703373 1.6785349 0.8239592 0.9547243 0.8545757 1.0703373 0.1927838 0.2058276 0.9913169 0.9913169 
t9         1.3744361 1.3744361 1.2070784 2.0310377 1.7786835 0.8864954 1.7786835 0.0000000 3.2381161 9.0000000 0.4714565 0.6157354 9.0000000 9.0000000 1.1586745 1.3144041 1.5111773 1.4396946 1.2588231 1.2588231 
t8         2.1983953 1.3744361 1.2588231 1.6785349 2.7182557 2.0310377 1.1586745 3.2381161 0.0000000 0.1673577 1.7786835 1.8942965 2.0310377 2.4141569 1.2070784 1.2070784 1.2070784 1.2070784 1.3744361 1.3744361 
t4         1.6785349 1.2070784 1.0703373 1.5111773 2.7182557 1.8942965 0.9198342 9.0000000 0.1673577 0.0000000 1.6785349 1.8942965 1.8942965 2.1983953 1.2588231 1.1132061 1.1132061 1.0297869 1.2588231 1.2588231 
t6         1.3744361 0.8239592 0.9198342 1.5901977 2.0310377 0.5299277 1.0703373 0.4714565 1.7786835 1.6785349 0.0000000 0.3999739 1.5111773 1.7786835 0.9198342 0.7389627 0.9547243 0.8864954 1.1132061 1.1132061 
t2         1.3744361 1.2070784 1.1586745 2.0310377 1.5111773 0.7126442 1.6785349 0.6157354 1.8942965 1.8942965 0.3999739 0.0000000 2.0310377 9.0000000 1.1586745 0.9547243 1.6785349 1.5901977 1.1132061 1.1132061 
t18        2.1983953 1.1132061 1.3744361 0.9547243 1.5111773 2.0310377 0.8239592 9.0000000 2.0310377 1.8942965 1.5111773 2.0310377 0.0000000 0.0958750 1.6785349 2.1983953 0.8239592 0.8239592 1.5111773 1.5111773 
t14        3.2381161 1.3144041 1.5901977 1.0297869 1.8942965 2.1983953 0.9547243 9.0000000 2.4141569 2.1983953 1.7786835 9.0000000 0.0958750 0.0000000 1.7786835 2.7182557 0.8864954 0.8864954 1.7786835 1.7786835 
t16        1.5111773 0.6157354 0.6157354 1.5111773 1.7786835 1.4396946 0.8545757 1.1586745 1.2070784 1.2588231 0.9198342 1.1586745 1.6785349 1.7786835 0.0000000 0.2603971 0.9547243 0.9547243 0.7126442 0.7126442 
t15        1.5111773 0.7126442 0.7126442 1.5901977 1.4396946 1.1586745 1.0703373 1.3144041 1.2070784 1.1132061 0.7389627 0.9547243 2.1983953 2.7182557 0.2603971 0.0000000 1.1586745 0.9913169 0.9198342 0.9198342 
t19        0.9913169 0.5504769 0.7662384 0.9547243 2.7182557 1.2070784 0.1927838 1.5111773 1.2070784 1.1132061 0.9547243 1.6785349 0.8239592 0.8864954 0.9547243 1.1586745 0.0000000 0.0845966 1.2588231 1.2588231 
t17        0.9913169 0.5933457 0.7662384 0.8864954 2.1983953 1.1586745 0.2058276 1.4396946 1.2070784 1.0297869 0.8864954 1.5901977 0.8239592 0.8864954 0.9547243 0.9913169 0.0845966 0.0000000 1.3144041 1.3144041 
t3         1.2588231 0.6388142 0.5933457 1.3144041 1.8942965 1.3144041 0.9913169 1.2588231 1.3744361 1.2588231 1.1132061 1.1132061 1.5111773 1.7786835 0.7126442 0.9198342 1.2588231 1.3144041 0.0000000 0.0000010 
t10        1.2588231 0.6388142 0.5933457 1.3144041 1.8942965 1.3144041 0.9913169 1.2588231 1.3744361 1.2588231 1.1132061 1.1132061 1.5111773 1.7786835 0.7126442 0.9198342 1.2588231 1.3144041 0.0000010 0.0000000 
