20
t3         0.0000000 0.8864954 1.7786835 1.3744361 1.2588231 1.6785349 1.3144041 1.3144041 1.5901977 1.1132061 1.2070784 1.0297869 1.1586745 1.1586745 0.9547243 1.1586745 1.5111773 1.3744361 1.0703373 1.0297869 
t18        0.8864954 0.0000000 1.7786835 1.2070784 0.9198342 1.7786835 1.0297869 1.0703373 1.5901977 1.4396946 1.5111773 0.9198342 1.0703373 1.3144041 0.8864954 1.0703373 1.3144041 1.5111773 1.0297869 1.0703373 
t19        1.7786835 1.7786835 0.0000000 1.1132061 1.5111773 1.1586745 1.4396946 1.8942965 1.8942965 1.5901977 1.7786835 1.2588231 1.6785349 1.2588231 1.2070784 1.1586745 1.5901977 1.7786835 1.3144041 1.1132061 
t8         1.3744361 1.2070784 1.1132061 0.0000000 1.2070784 1.4396946 0.9547243 1.3144041 1.5111773 1.5901977 1.0297869 0.9198342 0.8239592 0.8545757 0.7662384 0.7126442 1.2588231 1.2588231 0.7126442 0.6626257 
t16        1.2588231 0.9198342 1.5111773 1.2070784 0.0000000 1.5901977 1.3144041 1.3744361 1.5111773 2.4141569 1.7786835 1.2588231 1.1586745 1.8942965 1.3144041 1.2588231 1.2588231 1.3744361 1.4396946 1.1132061 
t14        1.6785349 1.7786835 1.1586745 1.4396946 1.5901977 0.0000000 1.3144041 1.3744361 0.7389627 1.7786835 1.5901977 1.0703373 1.3744361 1.2070784 0.9913169 1.1586745 0.7389627 0.7126442 1.2070784 1.1586745 
t7         1.3144041 1.0297869 1.4396946 0.9547243 1.3144041 1.3144041 0.0000000 0.3666350 1.6785349 1.5901977 1.0297869 1.1132061 1.1586745 1.1132061 1.0297869 1.0703373 1.2070784 1.3144041 1.0703373 1.0297869 
t20        1.3144041 1.0703373 1.8942965 1.3144041 1.3744361 1.3744361 0.3666350 0.0000000 1.3744361 1.7786835 1.1586745 1.0297869 1.3744361 1.3744361 0.9198342 0.9198342 1.1132061 1.1586745 1.0297869 0.9913169 
t5         1.5901977 1.5901977 1.8942965 1.5111773 1.5111773 0.7389627 1.6785349 1.3744361 0.0000000 1.3744361 1.2588231 1.7786835 1.4396946 1.8942965 1.3144041 1.4396946 0.1799630 0.2603971 1.2588231 1.3744361 
t10        1.1132061 1.4396946 1.5901977 1.5901977 2.4141569 1.7786835 1.5901977 1.7786835 1.3744361 0.0000000 0.5933457 1.5111773 1.2588231 1.4396946 1.3744361 1.5901977 1.5111773 2.0310377 1.3144041 1.4396946 
t13        1.2070784 1.5111773 1.7786835 1.0297869 1.7786835 1.5901977 1.0297869 1.1586745 1.2588231 0.5933457 0.0000000 1.6785349 1.0297869 1.0703373 1.2588231 1.3744361 1.3144041 1.2588231 1.5111773 1.3144041 
t6         1.0297869 0.9198342 1.2588231 0.9198342 1.2588231 1.0703373 1.1132061 1.0297869 1.7786835 1.5111773 1.6785349 0.0000000 1.2070784 1.2588231 0.3192509 0.4172160 1.2070784 1.5111773 0.3505054 0.3347153 
t17        1.1586745 1.0703373 1.6785349 0.8239592 1.1586745 1.3744361 1.1586745 1.3744361 1.4396946 1.2588231 1.0297869 1.2070784 0.0000000 0.3999739 0.8239592 1.1586745 1.2588231 1.3744361 1.0297869 0.9913169 
t11        1.1586745 1.3144041 1.2588231 0.8545757 1.8942965 1.2070784 1.1132061 1.3744361 1.8942965 1.4396946 1.0703373 1.2588231 0.3999739 0.0000000 0.9547243 1.2588231 1.5111773 1.4396946 1.2070784 1.0297869 
t4         0.9547243 0.8864954 1.2070784 0.7662384 1.3144041 0.9913169 1.0297869 0.9198342 1.3144041 1.3744361 1.2588231 0.3192509 0.8239592 0.9547243 0.0000000 0.3505054 0.9547243 1.1586745 0.3347153 0.3040988 
t12        1.1586745 1.0703373 1.1586745 0.7126442 1.2588231 1.1586745 1.0703373 0.9198342 1.4396946 1.5901977 1.3744361 0.4172160 1.1586745 1.2588231 0.3505054 0.0000000 1.2070784 1.3744361 0.3831192 0.3192509 
t15        1.5111773 1.3144041 1.5901977 1.2588231 1.2588231 0.7389627 1.2070784 1.1132061 0.1799630 1.5111773 1.3144041 1.2070784 1.2588231 1.5111773 0.9547243 1.2070784 0.0000000 0.1189538 1.0703373 1.1586745 
t1         1.3744361 1.5111773 1.7786835 1.2588231 1.3744361 0.7126442 1.3144041 1.1586745 0.2603971 2.0310377 1.2588231 1.5111773 1.3744361 1.4396946 1.1586745 1.3744361 0.1189538 0.0000000 1.2070784 1.2070784 
t2         1.0703373 1.0297869 1.3144041 0.7126442 1.4396946 1.2070784 1.0703373 1.0297869 1.2588231 1.3144041 1.5111773 0.3505054 1.0297869 1.2070784 0.3347153 0.3831192 1.0703373 1.2070784 0.0000000 0.1673577 
t9         1.0297869 1.0703373 1.1132061 0.6626257 1.1132061 1.1586745 1.0297869 0.9913169 1.3744361 1.4396946 1.3144041 0.3347153 0.9913169 1.0297869 0.3040988 0.3192509 1.1586745 1.2070784 0.1673577 0.0000000 
