20
t17        0.0000000 1.2588231 2.1983953 2.7182557 1.8942965 1.2070784 1.7786835 1.5111773 2.0310377 2.1983953 2.4141569 2.0310377 2.7182557 2.1983953 9.0000000 1.6785349 2.1983953 2.0310377 1.8942965 2.0310377 
t10        1.2588231 0.0000000 1.5111773 2.4141569 0.9198342 1.4396946 1.8942965 0.9198342 1.2070784 1.3144041 1.5111773 1.5901977 1.6785349 1.5901977 1.7786835 1.5901977 2.1983953 1.7786835 1.8942965 1.7786835 
t6         2.1983953 1.5111773 0.0000000 9.0000000 0.7662384 2.0310377 2.1983953 0.6872180 0.5716050 1.8942965 2.4141569 1.4396946 1.6785349 9.0000000 9.0000000 2.7182557 9.0000000 1.8942965 2.0310377 1.8942965 
t14        2.7182557 2.4141569 9.0000000 0.0000000 3.2381161 1.6785349 1.5111773 2.1983953 9.0000000 0.8545757 1.1132061 9.0000000 9.0000000 1.4396946 1.3744361 0.8864954 0.7126442 0.5099265 0.5504769 0.5299277 
t12        1.8942965 0.9198342 0.7662384 3.2381161 0.0000000 3.2381161 9.0000000 0.3505054 0.2892469 2.1983953 2.4141569 1.0703373 1.1586745 9.0000000 9.0000000 3.2381161 9.0000000 2.4141569 2.7182557 2.4141569 
t19        1.2070784 1.4396946 2.0310377 1.6785349 3.2381161 0.0000000 0.2603971 1.5901977 1.8942965 1.6785349 1.4396946 9.0000000 9.0000000 1.5111773 1.5111773 1.5111773 1.5111773 2.0310377 2.1983953 2.0310377 
t9         1.7786835 1.8942965 2.1983953 1.5111773 9.0000000 0.2603971 0.0000000 3.2381161 9.0000000 1.8942965 1.5901977 9.0000000 9.0000000 1.5901977 1.6785349 1.6785349 1.5901977 2.7182557 3.2381161 2.7182557 
t18        1.5111773 0.9198342 0.6872180 2.1983953 0.3505054 1.5901977 3.2381161 0.0000000 0.2463781 2.7182557 1.8942965 1.3144041 1.2070784 2.0310377 2.4141569 2.0310377 2.7182557 9.0000000 9.0000000 9.0000000 
t5         2.0310377 1.2070784 0.5716050 9.0000000 0.2892469 1.8942965 9.0000000 0.2463781 0.0000000 2.7182557 9.0000000 1.5111773 1.6785349 9.0000000 9.0000000 2.4141569 9.0000000 2.4141569 2.7182557 2.4141569 
t8         2.1983953 1.3144041 1.8942965 0.8545757 2.1983953 1.6785349 1.8942965 2.7182557 2.7182557 0.0000000 0.2326162 2.0310377 2.0310377 2.0310377 2.0310377 0.9913169 0.9547243 0.7945437 0.8239592 0.7662384 
t3         2.4141569 1.5111773 2.4141569 1.1132061 2.4141569 1.4396946 1.5901977 1.8942965 9.0000000 0.2326162 0.0000000 1.7786835 2.0310377 1.6785349 2.4141569 1.3144041 1.2588231 0.8545757 0.8239592 0.8239592 
t4         2.0310377 1.5901977 1.4396946 9.0000000 1.0703373 9.0000000 9.0000000 1.3144041 1.5111773 2.0310377 1.7786835 0.0000000 0.1673577 1.7786835 1.6785349 2.7182557 2.4141569 9.0000000 9.0000000 9.0000000 
t11        2.7182557 1.6785349 1.6785349 9.0000000 1.1586745 9.0000000 9.0000000 1.2070784 1.6785349 2.0310377 2.0310377 0.1673577 0.0000000 2.4141569 2.0310377 3.2381161 3.2381161 3.2381161 9.0000000 9.0000000 
t15        2.1983953 1.5901977 9.0000000 1.4396946 9.0000000 1.5111773 1.5901977 2.0310377 9.0000000 2.0310377 1.6785349 1.7786835 2.4141569 0.0000000 0.1427653 1.7786835 1.6785349 1.3144041 1.2588231 1.3144041 
t2         9.0000000 1.7786835 9.0000000 1.3744361 9.0000000 1.5111773 1.6785349 2.4141569 9.0000000 2.0310377 2.4141569 1.6785349 2.0310377 0.1427653 0.0000000 1.5111773 1.5111773 1.4396946 1.3744361 1.4396946 
t16        1.6785349 1.5901977 2.7182557 0.8864954 3.2381161 1.5111773 1.6785349 2.0310377 2.4141569 0.9913169 1.3144041 2.7182557 3.2381161 1.7786835 1.5111773 0.0000000 0.0958750 0.8239592 0.7945437 0.7945437 
t7         2.1983953 2.1983953 9.0000000 0.7126442 9.0000000 1.5111773 1.5901977 2.7182557 9.0000000 0.9547243 1.2588231 2.4141569 3.2381161 1.6785349 1.5111773 0.0958750 0.0000000 0.7126442 0.6872180 0.6872180 
t13        2.0310377 1.7786835 1.8942965 0.5099265 2.4141569 2.0310377 2.7182557 9.0000000 2.4141569 0.7945437 0.8545757 9.0000000 3.2381161 1.3144041 1.4396946 0.8239592 0.7126442 0.0000000 0.0306165 0.0100673 
t20        1.8942965 1.8942965 2.0310377 0.5504769 2.7182557 2.1983953 3.2381161 9.0000000 2.7182557 0.8239592 0.8239592 9.0000000 9.0000000 1.2588231 1.3744361 0.7945437 0.6872180 0.0306165 0.0000000 0.0202715 
t1         2.0310377 1.7786835 1.8942965 0.5299277 2.4141569 2.0310377 2.7182557 9.0000000 2.4141569 0.7662384 0.8239592 9.0000000 9.0000000 1.3144041 1.4396946 0.7945437 0.6872180 0.0100673 0.0202715 0.0000000 
