20
t5         0.0000000 3.2381161 1.2588231 1.3744361 0.9547243 1.5901977 1.8942965 1.1132061 1.0703373 1.5111773 1.2070784 1.5111773 1.1132061 1.3144041 3.2381161 1.3144041 1.6785349 3.2381161 0.9547243 1.1132061 
t6         3.2381161 0.0000000 9.0000000 1.8942965 1.8942965 2.0310377 2.0310377 2.1983953 2.1983953 2.1983953 1.7786835 2.4141569 9.0000000 9.0000000 9.0000000 9.0000000 9.0000000 9.0000000 9.0000000 9.0000000 
t18        1.2588231 9.0000000 0.0000000 1.7786835 1.3744361 9.0000000 2.1983953 1.8942965 1.3144041 1.8942965 1.3744361 1.3744361 0.6157354 2.1983953 2.7182557 1.8942965 3.2381161 2.0310377 0.7945437 0.8239592 
t15        1.3744361 1.8942965 1.7786835 0.0000000 0.1799630 0.9913169 0.8864954 0.9913169 0.9198342 0.7945437 1.0703373 1.2070784 2.4141569 0.9913169 9.0000000 0.9913169 1.0297869 1.3744361 2.0310377 9.0000000 
t3         0.9547243 1.8942965 1.3744361 0.1799630 0.0000000 0.9913169 0.8545757 0.7389627 0.7662384 0.7126442 0.9547243 1.1132061 2.4141569 0.7389627 2.7182557 0.8239592 0.9547243 1.0703373 1.7786835 2.4141569 
t9         1.5901977 2.0310377 9.0000000 0.9913169 0.9913169 0.0000000 0.5504769 0.9913169 1.2588231 1.0297869 1.2588231 1.2588231 9.0000000 1.0703373 3.2381161 0.9913169 1.2070784 1.3144041 3.2381161 9.0000000 
t20        1.8942965 2.0310377 2.1983953 0.8864954 0.8545757 0.5504769 0.0000000 1.2070784 1.3744361 1.2588231 1.2070784 1.2588231 9.0000000 1.1132061 2.1983953 1.2588231 1.3144041 1.6785349 9.0000000 9.0000000 
t12        1.1132061 2.1983953 1.8942965 0.9913169 0.7389627 0.9913169 1.2070784 0.0000000 0.2463781 0.8545757 0.8864954 1.0297869 1.7786835 0.7945437 3.2381161 0.7945437 0.9547243 1.2588231 1.7786835 2.4141569 
t8         1.0703373 2.1983953 1.3144041 0.9198342 0.7662384 1.2588231 1.3744361 0.2463781 0.0000000 0.6872180 0.8239592 0.9547243 1.1586745 0.7945437 2.0310377 0.7389627 0.9547243 1.2588231 1.2070784 1.3144041 
t16        1.5111773 2.1983953 1.8942965 0.7945437 0.7126442 1.0297869 1.2588231 0.8545757 0.6872180 0.0000000 0.9547243 0.8864954 1.7786835 0.3040988 1.4396946 0.2892469 0.6626257 0.8239592 1.5901977 2.0310377 
t11        1.2070784 1.7786835 1.3744361 1.0703373 0.9547243 1.2588231 1.2070784 0.8864954 0.8239592 0.9547243 0.0000000 0.1799630 1.3744361 1.0703373 1.7786835 0.8545757 1.1132061 1.4396946 1.4396946 1.5901977 
t14        1.5111773 2.4141569 1.3744361 1.2070784 1.1132061 1.2588231 1.2588231 1.0297869 0.9547243 0.8864954 0.1799630 0.0000000 1.4396946 1.0297869 1.8942965 0.7945437 1.3744361 1.5901977 1.5901977 1.7786835 
t7         1.1132061 9.0000000 0.6157354 2.4141569 2.4141569 9.0000000 9.0000000 1.7786835 1.1586745 1.7786835 1.3744361 1.4396946 0.0000000 2.0310377 9.0000000 1.6785349 2.0310377 9.0000000 0.2191023 0.2191023 
t13        1.3144041 9.0000000 2.1983953 0.9913169 0.7389627 1.0703373 1.1132061 0.7945437 0.7945437 0.3040988 1.0703373 1.0297869 2.0310377 0.0000000 1.0297869 0.2746833 0.5933457 0.7662384 1.5901977 1.8942965 
t2         3.2381161 9.0000000 2.7182557 9.0000000 2.7182557 3.2381161 2.1983953 3.2381161 2.0310377 1.4396946 1.7786835 1.8942965 9.0000000 1.0297869 0.0000000 0.9913169 1.6785349 1.8942965 2.7182557 9.0000000 
t10        1.3144041 9.0000000 1.8942965 0.9913169 0.8239592 0.9913169 1.2588231 0.7945437 0.7389627 0.2892469 0.8545757 0.7945437 1.6785349 0.2746833 0.9913169 0.0000000 0.5933457 0.6872180 1.6785349 1.8942965 
t1         1.6785349 9.0000000 3.2381161 1.0297869 0.9547243 1.2070784 1.3144041 0.9547243 0.9547243 0.6626257 1.1132061 1.3744361 2.0310377 0.5933457 1.6785349 0.5933457 0.0000000 0.5716050 1.7786835 2.0310377 
t19        3.2381161 9.0000000 2.0310377 1.3744361 1.0703373 1.3144041 1.6785349 1.2588231 1.2588231 0.8239592 1.4396946 1.5901977 9.0000000 0.7662384 1.8942965 0.6872180 0.5716050 0.0000000 3.2381161 2.0310377 
t17        0.9547243 9.0000000 0.7945437 2.0310377 1.7786835 3.2381161 9.0000000 1.7786835 1.2070784 1.5901977 1.4396946 1.5901977 0.2191023 1.5901977 2.7182557 1.6785349 1.7786835 3.2381161 0.0000000 0.1927838 
t4         1.1132061 9.0000000 0.8239592 9.0000000 2.4141569 9.0000000 9.0000000 2.4141569 1.3144041 2.0310377 1.5901977 1.7786835 0.2191023 1.8942965 9.0000000 1.8942965 2.0310377 2.0310377 0.1927838 0.0000000 
