20
t14        0.0000000 0.3347153 0.7126442 0.6157354 0.9913169 0.3192509 1.3144041 0.4172160 0.3505054 0.4172160 0.6872180 0.3347153 0.6388142 0.4172160 0.5933457 0.6626257 0.5099265 0.4904449 0.3347153 0.3505054 
t20        0.3347153 0.0000000 0.6388142 0.5933457 0.9547243 0.2463781 1.0703373 0.3999739 0.3666350 0.2892469 0.4904449 0.1799630 0.5299277 0.2191023 0.4714565 0.6388142 0.4904449 0.5299277 0.2746833 0.2603971 
t3         0.7126442 0.6388142 0.0000000 1.0297869 1.8942965 0.7945437 1.3744361 0.9913169 0.8864954 0.6872180 1.1586745 0.5716050 0.9913169 0.6872180 1.0297869 1.2588231 0.9547243 0.9547243 0.7662384 0.8239592 
t11        0.6157354 0.5933457 1.0297869 0.0000000 0.6872180 0.4348639 1.0703373 0.5504769 0.4904449 0.6626257 1.0703373 0.5504769 1.1132061 0.6626257 0.8545757 0.6157354 0.6157354 0.6872180 0.4529370 0.4904449 
t8         0.9913169 0.9547243 1.8942965 0.6872180 0.0000000 0.7945437 1.3744361 1.0297869 0.9547243 1.1132061 1.3744361 0.9913169 1.7786835 1.1586745 1.0297869 1.0297869 0.9913169 0.9547243 0.7662384 0.7945437 
t9         0.3192509 0.2463781 0.7945437 0.4348639 0.7945437 0.0000000 0.7662384 0.2746833 0.1427653 0.3347153 0.6388142 0.2191023 0.6872180 0.3040988 0.2892469 0.3505054 0.3040988 0.3347153 0.1189538 0.1073256 
t5         1.3144041 1.0703373 1.3744361 1.0703373 1.3744361 0.7662384 0.0000000 0.9913169 0.9198342 1.2588231 1.4396946 1.0297869 1.3744361 1.5111773 1.1132061 1.0703373 0.8864954 0.8864954 0.7662384 0.8239592 
t2         0.4172160 0.3999739 0.9913169 0.5504769 1.0297869 0.2746833 0.9913169 0.0000000 0.3192509 0.5099265 0.7389627 0.3831192 0.8239592 0.4348639 0.4904449 0.5504769 0.4529370 0.5099265 0.2326162 0.2463781 
t15        0.3505054 0.3666350 0.8864954 0.4904449 0.9547243 0.1427653 0.9198342 0.3192509 0.0000000 0.4348639 0.7945437 0.3192509 0.7126442 0.3999739 0.2892469 0.3040988 0.3831192 0.3999739 0.1799630 0.1927838 
t4         0.4172160 0.2892469 0.6872180 0.6626257 1.1132061 0.3347153 1.2588231 0.5099265 0.4348639 0.0000000 0.4714565 0.1673577 0.5299277 0.2463781 0.6157354 0.6157354 0.5504769 0.5716050 0.3666350 0.3666350 
t16        0.6872180 0.4904449 1.1586745 1.0703373 1.3744361 0.6388142 1.4396946 0.7389627 0.7945437 0.4714565 0.0000000 0.4172160 0.9547243 0.5504769 0.7945437 0.8239592 0.9547243 0.9913169 0.7126442 0.6872180 
t18        0.3347153 0.1799630 0.5716050 0.5504769 0.9913169 0.2191023 1.0297869 0.3831192 0.3192509 0.1673577 0.4172160 0.0000000 0.4904449 0.1673577 0.4348639 0.5716050 0.3999739 0.4172160 0.2463781 0.2463781 
t17        0.6388142 0.5299277 0.9913169 1.1132061 1.7786835 0.6872180 1.3744361 0.8239592 0.7126442 0.5299277 0.9547243 0.4904449 0.0000000 0.4714565 0.8239592 0.9547243 0.8545757 0.8864954 0.5716050 0.5933457 
t12        0.4172160 0.2191023 0.6872180 0.6626257 1.1586745 0.3040988 1.5111773 0.4348639 0.3999739 0.2463781 0.5504769 0.1673577 0.4714565 0.0000000 0.5099265 0.7389627 0.5099265 0.5716050 0.2892469 0.3192509 
t7         0.5933457 0.4714565 1.0297869 0.8545757 1.0297869 0.2892469 1.1132061 0.4904449 0.2892469 0.6157354 0.7945437 0.4348639 0.8239592 0.5099265 0.0000000 0.3999739 0.5099265 0.5716050 0.3831192 0.3666350 
t19        0.6626257 0.6388142 1.2588231 0.6157354 1.0297869 0.3505054 1.0703373 0.5504769 0.3040988 0.6157354 0.8239592 0.5716050 0.9547243 0.7389627 0.3999739 0.0000000 0.5099265 0.5299277 0.4348639 0.4529370 
t10        0.5099265 0.4904449 0.9547243 0.6157354 0.9913169 0.3040988 0.8864954 0.4529370 0.3831192 0.5504769 0.9547243 0.3999739 0.8545757 0.5099265 0.5099265 0.5099265 0.0000000 0.0517447 0.3040988 0.3192509 
t6         0.4904449 0.5299277 0.9547243 0.6872180 0.9547243 0.3347153 0.8864954 0.5099265 0.3999739 0.5716050 0.9913169 0.4172160 0.8864954 0.5716050 0.5716050 0.5299277 0.0517447 0.0000000 0.3505054 0.3666350 
t1         0.3347153 0.2746833 0.7662384 0.4529370 0.7662384 0.1189538 0.7662384 0.2326162 0.1799630 0.3666350 0.7126442 0.2463781 0.5716050 0.2892469 0.3831192 0.4348639 0.3040988 0.3505054 0.0000000 0.0411062 
t13        0.3505054 0.2603971 0.8239592 0.4904449 0.7945437 0.1073256 0.8239592 0.2463781 0.1927838 0.3666350 0.6872180 0.2463781 0.5933457 0.3192509 0.3666350 0.4529370 0.3192509 0.3666350 0.0411062 0.0000000 
