20
t17        0.0000000 1.3744361 1.0703373 1.5901977 2.0310377 0.9198342 1.0703373 0.9913169 1.3744361 1.3744361 1.7786835 1.6785349 1.1132061 1.5901977 1.3144041 1.5901977 1.8942965 1.5111773 2.7182557 2.7182557 
t15        1.3744361 0.0000000 0.9198342 1.2588231 1.4396946 1.1586745 1.8942965 1.6785349 1.5901977 1.5111773 2.0310377 1.5901977 1.8942965 9.0000000 9.0000000 1.2070784 2.1983953 1.5111773 2.4141569 2.4141569 
t1         1.0703373 0.9198342 0.0000000 0.8239592 1.3144041 0.9547243 1.3744361 0.9198342 1.3144041 1.0703373 2.1983953 1.5901977 2.4141569 9.0000000 9.0000000 1.3744361 1.5901977 1.4396946 1.7786835 1.7786835 
t4         1.5901977 1.2588231 0.8239592 0.0000000 1.4396946 0.7662384 1.2588231 1.0297869 1.0703373 1.2070784 2.0310377 1.1132061 1.3144041 1.5901977 1.5901977 1.4396946 1.6785349 1.3144041 1.6785349 1.6785349 
t13        2.0310377 1.4396946 1.3144041 1.4396946 0.0000000 2.0310377 1.5111773 2.0310377 1.5111773 1.6785349 9.0000000 2.1983953 1.4396946 1.7786835 1.7786835 3.2381161 2.7182557 2.0310377 0.9198342 0.9198342 
t7         0.9198342 1.1586745 0.9547243 0.7662384 2.0310377 0.0000000 0.8239592 0.9913169 0.9198342 0.8239592 1.7786835 1.1132061 1.2588231 1.5111773 1.5111773 0.8545757 1.1132061 0.9547243 9.0000000 9.0000000 
t11        1.0703373 1.8942965 1.3744361 1.2588231 1.5111773 0.8239592 0.0000000 1.4396946 1.2588231 1.4396946 1.8942965 1.7786835 1.4396946 1.5901977 1.7786835 1.7786835 3.2381161 2.4141569 2.7182557 2.7182557 
t20        0.9913169 1.6785349 0.9198342 1.0297869 2.0310377 0.9913169 1.4396946 0.0000000 0.9547243 0.6872180 1.1132061 0.7662384 1.8942965 2.0310377 2.7182557 0.7389627 0.9547243 0.8545757 1.8942965 1.8942965 
t18        1.3744361 1.5901977 1.3144041 1.0703373 1.5111773 0.9198342 1.2588231 0.9547243 0.0000000 1.1132061 1.5111773 1.2588231 2.7182557 9.0000000 9.0000000 1.1132061 1.2588231 1.2588231 1.6785349 1.6785349 
t16        1.3744361 1.5111773 1.0703373 1.2070784 1.6785349 0.8239592 1.4396946 0.6872180 1.1132061 0.0000000 1.2070784 0.7389627 2.0310377 1.8942965 1.8942965 0.2892469 0.5099265 0.3999739 9.0000000 9.0000000 
t3         1.7786835 2.0310377 2.1983953 2.0310377 9.0000000 1.7786835 1.8942965 1.1132061 1.5111773 1.2070784 0.0000000 0.8239592 9.0000000 3.2381161 1.8942965 1.2070784 1.6785349 1.5111773 3.2381161 3.2381161 
t19        1.6785349 1.5901977 1.5901977 1.1132061 2.1983953 1.1132061 1.7786835 0.7662384 1.2588231 0.7389627 0.8239592 0.0000000 1.5111773 1.3744361 1.3144041 0.9913169 1.1586745 1.1586745 2.7182557 2.7182557 
t5         1.1132061 1.8942965 2.4141569 1.3144041 1.4396946 1.2588231 1.4396946 1.8942965 2.7182557 2.0310377 9.0000000 1.5111773 0.0000000 0.3040988 0.3505054 1.8942965 2.7182557 1.7786835 1.7786835 1.7786835 
t12        1.5901977 9.0000000 9.0000000 1.5901977 1.7786835 1.5111773 1.5901977 2.0310377 9.0000000 1.8942965 3.2381161 1.3744361 0.3040988 0.0000000 0.1189538 2.1983953 2.7182557 2.0310377 1.8942965 1.8942965 
t10        1.3144041 9.0000000 9.0000000 1.5901977 1.7786835 1.5111773 1.7786835 2.7182557 9.0000000 1.8942965 1.8942965 1.3144041 0.3505054 0.1189538 0.0000000 9.0000000 3.2381161 2.7182557 1.7786835 1.7786835 
t9         1.5901977 1.2070784 1.3744361 1.4396946 3.2381161 0.8545757 1.7786835 0.7389627 1.1132061 0.2892469 1.2070784 0.9913169 1.8942965 2.1983953 9.0000000 0.0000000 0.3192509 0.2326162 3.2381161 3.2381161 
t6         1.8942965 2.1983953 1.5901977 1.6785349 2.7182557 1.1132061 3.2381161 0.9547243 1.2588231 0.5099265 1.6785349 1.1586745 2.7182557 2.7182557 3.2381161 0.3192509 0.0000000 0.2463781 9.0000000 9.0000000 
t2         1.5111773 1.5111773 1.4396946 1.3144041 2.0310377 0.9547243 2.4141569 0.8545757 1.2588231 0.3999739 1.5111773 1.1586745 1.7786835 2.0310377 2.7182557 0.2326162 0.2463781 0.0000000 2.7182557 2.7182557 
t14        2.7182557 2.4141569 1.7786835 1.6785349 0.9198342 9.0000000 2.7182557 1.8942965 1.6785349 9.0000000 3.2381161 2.7182557 1.7786835 1.8942965 1.7786835 3.2381161 9.0000000 2.7182557 0.0000000 0.0000010 
t8         2.7182557 2.4141569 1.7786835 1.6785349 0.9198342 9.0000000 2.7182557 1.8942965 1.6785349 9.0000000 3.2381161 2.7182557 1.7786835 1.8942965 1.7786835 3.2381161 9.0000000 2.7182557 0.0000010 0.0000000 
