20
t19        0.0000000 1.4396946 2.0310377 1.1132061 1.3144041 1.0297869 1.1586745 0.9198342 0.8864954 1.5111773 0.8864954 0.9547243 1.1132061 1.0297869 0.8864954 0.9913169 1.0297869 1.1586745 2.4141569 1.8942965 
t12        1.4396946 0.0000000 1.0297869 1.3744361 1.2588231 1.0297869 1.0297869 0.8864954 0.7945437 1.1586745 0.8239592 0.7945437 0.9913169 1.2070784 1.0297869 0.9913169 1.0703373 1.0297869 1.2588231 1.2070784 
t7         2.0310377 1.0297869 0.0000000 1.5901977 1.2070784 1.1132061 1.0297869 0.5716050 0.7126442 1.1586745 1.2070784 1.0703373 0.9547243 1.1132061 0.9198342 0.9913169 0.7389627 0.6388142 1.4396946 1.3144041 
t5         1.1132061 1.3744361 1.5901977 0.0000000 1.2070784 1.4396946 1.4396946 1.0703373 1.2070784 1.3744361 0.5099265 0.4529370 1.2588231 1.1132061 1.3144041 1.3744361 1.0297869 1.0297869 1.5111773 1.5901977 
t4         1.3144041 1.2588231 1.2070784 1.2070784 0.0000000 0.9547243 0.9913169 0.7126442 0.7662384 0.8239592 0.8545757 0.9198342 0.3347153 0.2746833 0.7662384 0.8239592 0.7126442 0.8545757 0.9547243 0.9198342 
t18        1.0297869 1.0297869 1.1132061 1.4396946 0.9547243 0.0000000 0.2603971 0.8545757 0.7945437 1.1132061 1.1132061 0.9913169 0.8239592 1.0703373 0.3999739 0.3666350 0.8864954 1.1132061 1.3744361 1.1586745 
t15        1.1586745 1.0297869 1.0297869 1.4396946 0.9913169 0.2603971 0.0000000 0.8239592 0.8239592 1.2588231 1.2070784 1.0703373 0.7945437 0.9913169 0.4172160 0.4172160 0.9547243 1.0703373 1.5901977 1.3144041 
t14        0.9198342 0.8864954 0.5716050 1.0703373 0.7126442 0.8545757 0.8239592 0.0000000 0.2746833 0.8239592 0.7945437 0.5716050 0.5933457 0.6388142 0.6388142 0.6157354 0.5299277 0.5716050 1.1132061 1.0297869 
t3         0.8864954 0.7945437 0.7126442 1.2070784 0.7662384 0.7945437 0.8239592 0.2746833 0.0000000 0.8239592 0.7662384 0.6872180 0.6626257 0.7389627 0.7389627 0.7389627 0.4904449 0.5716050 1.2588231 1.0703373 
t10        1.5111773 1.1586745 1.1586745 1.3744361 0.8239592 1.1132061 1.2588231 0.8239592 0.8239592 0.0000000 0.9913169 0.8864954 0.7662384 0.7945437 0.9913169 0.9198342 0.7662384 0.8545757 0.4529370 0.4172160 
t16        0.8864954 0.8239592 1.2070784 0.5099265 0.8545757 1.1132061 1.2070784 0.7945437 0.7662384 0.9913169 0.0000000 0.2746833 0.8239592 0.6872180 0.9547243 0.9547243 0.7662384 0.7389627 1.0703373 1.0703373 
t9         0.9547243 0.7945437 1.0703373 0.4529370 0.9198342 0.9913169 1.0703373 0.5716050 0.6872180 0.8864954 0.2746833 0.0000000 0.7945437 0.7389627 0.8545757 0.8239592 0.6872180 0.7945437 1.1132061 1.0703373 
t8         1.1132061 0.9913169 0.9547243 1.2588231 0.3347153 0.8239592 0.7945437 0.5933457 0.6626257 0.7662384 0.8239592 0.7945437 0.0000000 0.1427653 0.7389627 0.7389627 0.7662384 0.8545757 0.8545757 0.7945437 
t13        1.0297869 1.2070784 1.1132061 1.1132061 0.2746833 1.0703373 0.9913169 0.6388142 0.7389627 0.7945437 0.6872180 0.7389627 0.1427653 0.0000000 0.9198342 0.8864954 0.7662384 0.8864954 0.8864954 0.8545757 
t20        0.8864954 1.0297869 0.9198342 1.3144041 0.7662384 0.3999739 0.4172160 0.6388142 0.7389627 0.9913169 0.9547243 0.8545757 0.7389627 0.9198342 0.0000000 0.0845966 0.7126442 0.7945437 1.2070784 1.0297869 
t11        0.9913169 0.9913169 0.9913169 1.3744361 0.8239592 0.3666350 0.4172160 0.6157354 0.7389627 0.9198342 0.9547243 0.8239592 0.7389627 0.8864954 0.0845966 0.0000000 0.6872180 0.8545757 1.0297869 0.9198342 
t2         1.0297869 1.0703373 0.7389627 1.0297869 0.7126442 0.8864954 0.9547243 0.5299277 0.4904449 0.7662384 0.7662384 0.6872180 0.7662384 0.7662384 0.7126442 0.6872180 0.0000000 0.1189538 1.3144041 1.1132061 
t6         1.1586745 1.0297869 0.6388142 1.0297869 0.8545757 1.1132061 1.0703373 0.5716050 0.5716050 0.8545757 0.7389627 0.7945437 0.8545757 0.8864954 0.7945437 0.8545757 0.1189538 0.0000000 1.1586745 0.9913169 
t17        2.4141569 1.2588231 1.4396946 1.5111773 0.9547243 1.3744361 1.5901977 1.1132061 1.2588231 0.4529370 1.0703373 1.1132061 0.8545757 0.8864954 1.2070784 1.0297869 1.3144041 1.1586745 0.0000000 0.0734853 
t1         1.8942965 1.2070784 1.3144041 1.5901977 0.9198342 1.1586745 1.3144041 1.0297869 1.0703373 0.4172160 1.0703373 1.0703373 0.7945437 0.8545757 1.0297869 0.9198342 1.1132061 0.9913169 0.0734853 0.0000000 
