20
t14        0.0000000 0.8545757 0.5716050 0.7126442 0.6388142 0.7662384 0.7126442 0.7126442 0.5933457 0.7389627 0.8864954 0.8545757 0.5716050 0.5504769 0.8239592 0.7945437 0.7662384 0.8239592 0.6388142 0.6388142 
t11        0.8545757 0.0000000 0.7945437 0.6626257 0.5504769 0.6626257 0.9198342 0.8864954 0.6157354 0.7662384 1.0297869 1.2588231 0.8239592 0.7945437 0.8864954 0.8545757 0.4529370 0.4904449 0.4529370 0.4348639 
t4         0.5716050 0.7945437 0.0000000 0.7389627 0.7126442 0.6626257 0.7389627 0.5933457 0.6872180 0.8239592 0.9913169 1.0297869 0.8239592 0.7389627 0.7945437 0.8239592 0.7389627 0.7662384 0.5933457 0.5933457 
t7         0.7126442 0.6626257 0.7389627 0.0000000 0.5933457 0.6626257 0.6872180 0.6157354 0.4529370 0.3347153 1.1132061 1.1132061 0.3831192 0.3831192 0.3999739 0.3505054 0.6872180 0.7389627 0.5504769 0.5716050 
t5         0.6388142 0.5504769 0.7126442 0.5933457 0.0000000 0.3999739 0.6388142 0.6626257 0.4714565 0.6157354 0.6872180 0.7126442 0.5933457 0.5299277 0.6626257 0.6157354 0.4904449 0.5299277 0.4714565 0.4904449 
t20        0.7662384 0.6626257 0.6626257 0.6626257 0.3999739 0.0000000 0.7389627 0.7126442 0.6872180 0.6872180 0.9547243 0.9913169 0.6872180 0.6626257 0.6626257 0.6157354 0.6872180 0.6626257 0.5299277 0.5504769 
t6         0.7126442 0.9198342 0.7389627 0.6872180 0.6388142 0.7389627 0.0000000 0.3347153 0.5099265 0.6872180 0.7945437 0.8239592 0.6157354 0.6157354 0.7945437 0.7662384 0.7945437 0.8545757 0.7945437 0.7945437 
t13        0.7126442 0.8864954 0.5933457 0.6157354 0.6626257 0.7126442 0.3347153 0.0000000 0.6626257 0.7945437 0.8864954 0.9198342 0.7389627 0.7945437 0.8545757 0.7389627 0.9198342 0.9913169 0.9198342 0.9198342 
t16        0.5933457 0.6157354 0.6872180 0.4529370 0.4714565 0.6872180 0.5099265 0.6626257 0.0000000 0.5099265 0.9547243 0.9547243 0.3192509 0.3347153 0.5716050 0.5299277 0.5504769 0.5933457 0.4348639 0.4529370 
t12        0.7389627 0.7662384 0.8239592 0.3347153 0.6157354 0.6872180 0.6872180 0.7945437 0.5099265 0.0000000 1.3144041 1.1586745 0.4172160 0.4172160 0.2603971 0.2058276 0.6872180 0.7389627 0.6157354 0.6388142 
t1         0.8864954 1.0297869 0.9913169 1.1132061 0.6872180 0.9547243 0.7945437 0.8864954 0.9547243 1.3144041 0.0000000 0.1073256 0.8864954 0.9198342 1.3144041 1.4396946 0.8864954 0.9547243 0.9198342 0.9547243 
t10        0.8545757 1.2588231 1.0297869 1.1132061 0.7126442 0.9913169 0.8239592 0.9198342 0.9547243 1.1586745 0.1073256 0.0000000 0.8864954 0.9198342 1.1132061 1.2070784 0.9198342 0.9913169 0.9547243 0.9913169 
t9         0.5716050 0.8239592 0.8239592 0.3831192 0.5933457 0.6872180 0.6157354 0.7389627 0.3192509 0.4172160 0.8864954 0.8864954 0.0000000 0.1549607 0.4529370 0.4529370 0.7662384 0.7662384 0.6626257 0.6872180 
t8         0.5504769 0.7945437 0.7389627 0.3831192 0.5299277 0.6626257 0.6157354 0.7945437 0.3347153 0.4172160 0.9198342 0.9198342 0.1549607 0.0000000 0.4348639 0.4348639 0.6388142 0.6388142 0.5504769 0.5716050 
t15        0.8239592 0.8864954 0.7945437 0.3999739 0.6626257 0.6626257 0.7945437 0.8545757 0.5716050 0.2603971 1.3144041 1.1132061 0.4529370 0.4348639 0.0000000 0.1307650 0.7945437 0.8545757 0.6872180 0.7126442 
t2         0.7945437 0.8545757 0.8239592 0.3505054 0.6157354 0.6157354 0.7662384 0.7389627 0.5299277 0.2058276 1.4396946 1.2070784 0.4529370 0.4348639 0.1307650 0.0000000 0.7662384 0.8239592 0.7126442 0.7389627 
t18        0.7662384 0.4529370 0.7389627 0.6872180 0.4904449 0.6872180 0.7945437 0.9198342 0.5504769 0.6872180 0.8864954 0.9198342 0.7662384 0.6388142 0.7945437 0.7662384 0.0000000 0.0202715 0.1927838 0.2191023 
t19        0.8239592 0.4904449 0.7662384 0.7389627 0.5299277 0.6626257 0.8545757 0.9913169 0.5933457 0.7389627 0.9547243 0.9913169 0.7662384 0.6388142 0.8545757 0.8239592 0.0202715 0.0000000 0.2191023 0.2463781 
t17        0.6388142 0.4529370 0.5933457 0.5504769 0.4714565 0.5299277 0.7945437 0.9198342 0.4348639 0.6157354 0.9198342 0.9547243 0.6626257 0.5504769 0.6872180 0.7126442 0.1927838 0.2191023 0.0000000 0.0202715 
t3         0.6388142 0.4348639 0.5933457 0.5716050 0.4904449 0.5504769 0.7945437 0.9198342 0.4529370 0.6388142 0.9547243 0.9913169 0.6872180 0.5716050 0.7126442 0.7389627 0.2191023 0.2463781 0.0202715 0.0000000 
