20
t8         0.0000000 0.5099265 0.7389627 0.5504769 0.7662384 0.9198342 0.4904449 0.7945437 0.4172160 0.4904449 0.6626257 0.6388142 0.6626257 0.6388142 0.8239592 0.7126442 0.6388142 0.6388142 0.4714565 0.4714565 
t2         0.5099265 0.0000000 0.5716050 0.4714565 0.6388142 0.6872180 0.4172160 0.6157354 0.4348639 0.4348639 0.6872180 0.5716050 0.6872180 0.5933457 0.6626257 0.6388142 0.5716050 0.5716050 0.3831192 0.3831192 
t18        0.7389627 0.5716050 0.0000000 0.8864954 0.5716050 0.6626257 0.7389627 0.6157354 0.7945437 0.7945437 0.5099265 0.4714565 0.5299277 0.4714565 0.6626257 0.6388142 0.4348639 0.4348639 0.7945437 0.7945437 
t12        0.5504769 0.4714565 0.8864954 0.0000000 1.0703373 0.7662384 0.3831192 0.7126442 0.3666350 0.3505054 0.7945437 0.7389627 0.8864954 0.7662384 0.7945437 0.7389627 0.7945437 0.7945437 0.3505054 0.3505054 
t16        0.7662384 0.6388142 0.5716050 1.0703373 0.0000000 0.8864954 0.8864954 0.7389627 0.7662384 0.8545757 0.3505054 0.2746833 0.2603971 0.2463781 0.7389627 0.7945437 0.2603971 0.2603971 0.8239592 0.8239592 
t6         0.9198342 0.6872180 0.6626257 0.7662384 0.8864954 0.0000000 0.8864954 0.3347153 0.8545757 0.7662384 0.8239592 0.7662384 0.7662384 0.7662384 0.2746833 0.2746833 0.7662384 0.7662384 0.8864954 0.8864954 
t9         0.4904449 0.4172160 0.7389627 0.3831192 0.8864954 0.8864954 0.0000000 0.7662384 0.3999739 0.3831192 0.6626257 0.6626257 0.7126442 0.6388142 0.7945437 0.7126442 0.7126442 0.7126442 0.2892469 0.2892469 
t5         0.7945437 0.6157354 0.6157354 0.7126442 0.7389627 0.3347153 0.7662384 0.0000000 0.8239592 0.7945437 0.6388142 0.5504769 0.5716050 0.5504769 0.1673577 0.1673577 0.6872180 0.6872180 0.7662384 0.7662384 
t20        0.4172160 0.4348639 0.7945437 0.3666350 0.7662384 0.8545757 0.3999739 0.8239592 0.0000000 0.1073256 0.6157354 0.6157354 0.6388142 0.5933457 0.8239592 0.8864954 0.5716050 0.5716050 0.3505054 0.3505054 
t4         0.4904449 0.4348639 0.7945437 0.3505054 0.8545757 0.7662384 0.3831192 0.7945437 0.1073256 0.0000000 0.6872180 0.6626257 0.7126442 0.6388142 0.7662384 0.7389627 0.5933457 0.5933457 0.3505054 0.3505054 
t1         0.6626257 0.6872180 0.5099265 0.7945437 0.3505054 0.8239592 0.6626257 0.6388142 0.6157354 0.6872180 0.0000000 0.0625362 0.2191023 0.1549607 0.6872180 0.6872180 0.2326162 0.2326162 0.7126442 0.7126442 
t17        0.6388142 0.5716050 0.4714565 0.7389627 0.2746833 0.7662384 0.6626257 0.5504769 0.6157354 0.6626257 0.0625362 0.0000000 0.1799630 0.1073256 0.5933457 0.5933457 0.1927838 0.1927838 0.6626257 0.6626257 
t10        0.6626257 0.6872180 0.5299277 0.8864954 0.2603971 0.7662384 0.7126442 0.5716050 0.6388142 0.7126442 0.2191023 0.1799630 0.0000000 0.0845966 0.5716050 0.6388142 0.2463781 0.2463781 0.7126442 0.7126442 
t7         0.6388142 0.5933457 0.4714565 0.7662384 0.2463781 0.7662384 0.6388142 0.5504769 0.5933457 0.6388142 0.1549607 0.1073256 0.0845966 0.0000000 0.5933457 0.5933457 0.1673577 0.1673577 0.6157354 0.6157354 
t13        0.8239592 0.6626257 0.6626257 0.7945437 0.7389627 0.2746833 0.7945437 0.1673577 0.8239592 0.7662384 0.6872180 0.5933457 0.5716050 0.5933457 0.0000000 0.0845966 0.6388142 0.6388142 0.9198342 0.9198342 
t3         0.7126442 0.6388142 0.6388142 0.7389627 0.7945437 0.2746833 0.7126442 0.1673577 0.8864954 0.7389627 0.6872180 0.5933457 0.6388142 0.5933457 0.0845966 0.0000000 0.6626257 0.6626257 0.7945437 0.7945437 
t14        0.6388142 0.5716050 0.4348639 0.7945437 0.2603971 0.7662384 0.7126442 0.6872180 0.5716050 0.5933457 0.2326162 0.1927838 0.2463781 0.1673577 0.6388142 0.6626257 0.0000000 0.0000010 0.6388142 0.6388142 
t11        0.6388142 0.5716050 0.4348639 0.7945437 0.2603971 0.7662384 0.7126442 0.6872180 0.5716050 0.5933457 0.2326162 0.1927838 0.2463781 0.1673577 0.6388142 0.6626257 0.0000010 0.0000000 0.6388142 0.6388142 
t19        0.4714565 0.3831192 0.7945437 0.3505054 0.8239592 0.8864954 0.2892469 0.7662384 0.3505054 0.3505054 0.7126442 0.6626257 0.7126442 0.6157354 0.9198342 0.7945437 0.6388142 0.6388142 0.0000000 0.0000010 
t15        0.4714565 0.3831192 0.7945437 0.3505054 0.8239592 0.8864954 0.2892469 0.7662384 0.3505054 0.3505054 0.7126442 0.6626257 0.7126442 0.6157354 0.9198342 0.7945437 0.6388142 0.6388142 0.0000010 0.0000000 
