20
t6         0.0000000 2.1983953 0.9913169 1.5111773 1.2070784 1.2070784 1.5901977 1.1586745 1.3144041 0.8864954 1.4396946 1.3744361 1.2070784 0.9547243 0.9547243 1.2588231 1.2588231 1.1586745 0.9913169 1.0703373 
t3         2.1983953 0.0000000 1.6785349 1.4396946 1.4396946 1.5111773 1.5901977 1.3744361 1.5111773 1.1132061 1.4396946 1.5901977 1.3744361 1.5901977 1.2070784 1.2588231 1.2588231 1.1586745 0.9913169 0.9198342 
t19        0.9913169 1.6785349 0.0000000 0.6388142 0.7126442 1.0703373 1.2588231 0.7662384 1.2070784 0.5299277 0.7945437 0.7945437 0.6157354 0.4172160 0.5299277 0.7126442 0.7662384 0.7945437 0.7662384 0.7945437 
t14        1.5111773 1.4396946 0.6388142 0.0000000 0.7945437 1.8942965 1.1586745 1.0297869 1.0703373 1.0297869 1.2070784 1.1132061 0.9198342 0.7126442 1.0703373 1.3144041 0.9547243 0.9913169 0.9547243 1.0297869 
t5         1.2070784 1.4396946 0.7126442 0.7945437 0.0000000 1.2070784 1.1586745 1.1586745 1.3744361 0.7945437 1.2588231 1.2070784 0.9547243 0.7389627 0.8864954 1.0703373 1.1132061 1.0703373 0.9913169 1.0297869 
t18        1.2070784 1.5111773 1.0703373 1.8942965 1.2070784 0.0000000 1.4396946 1.0703373 1.8942965 1.1586745 1.1132061 1.1132061 1.6785349 0.9913169 1.0297869 1.0703373 1.2070784 1.1132061 0.5099265 0.5299277 
t7         1.5901977 1.5901977 1.2588231 1.1586745 1.1586745 1.4396946 0.0000000 1.0297869 1.5111773 0.9198342 0.6626257 0.7945437 1.3744361 1.3744361 0.9198342 1.0297869 1.0703373 1.1586745 1.3744361 1.3144041 
t20        1.1586745 1.3744361 0.7662384 1.0297869 1.1586745 1.0703373 1.0297869 0.0000000 1.5111773 0.3347153 0.6388142 0.6626257 1.3744361 0.8545757 0.4904449 0.5504769 0.3192509 0.3999739 0.7389627 0.7945437 
t4         1.3144041 1.5111773 1.2070784 1.0703373 1.3744361 1.8942965 1.5111773 1.5111773 0.0000000 1.2588231 1.7786835 1.3744361 0.9198342 0.7662384 1.1132061 1.7786835 1.5111773 1.6785349 1.5111773 1.7786835 
t13        0.8864954 1.1132061 0.5299277 1.0297869 0.7945437 1.1586745 0.9198342 0.3347153 1.2588231 0.0000000 0.6157354 0.6626257 1.0297869 0.7389627 0.1673577 0.2326162 0.2892469 0.3192509 0.7662384 0.7389627 
t15        1.4396946 1.4396946 0.7945437 1.2070784 1.2588231 1.1132061 0.6626257 0.6388142 1.7786835 0.6157354 0.0000000 0.0845966 1.5111773 0.8864954 0.7389627 0.7662384 0.5933457 0.6626257 0.9198342 0.9547243 
t1         1.3744361 1.5901977 0.7945437 1.1132061 1.2070784 1.1132061 0.7945437 0.6626257 1.3744361 0.6626257 0.0845966 0.0000000 1.3744361 0.8545757 0.7662384 0.8864954 0.6388142 0.7126442 0.7945437 0.8545757 
t9         1.2070784 1.3744361 0.6157354 0.9198342 0.9547243 1.6785349 1.3744361 1.3744361 0.9198342 1.0297869 1.5111773 1.3744361 0.0000000 0.2892469 1.0297869 1.2588231 1.5901977 1.8942965 0.9913169 1.1586745 
t8         0.9547243 1.5901977 0.4172160 0.7126442 0.7389627 0.9913169 1.3744361 0.8545757 0.7662384 0.7389627 0.8864954 0.8545757 0.2892469 0.0000000 0.7945437 0.8545757 0.8239592 0.8864954 0.7126442 0.8239592 
t10        0.9547243 1.2070784 0.5299277 1.0703373 0.8864954 1.0297869 0.9198342 0.4904449 1.1132061 0.1673577 0.7389627 0.7662384 1.0297869 0.7945437 0.0000000 0.2058276 0.3831192 0.3999739 0.7945437 0.7662384 
t16        1.2588231 1.2588231 0.7126442 1.3144041 1.0703373 1.0703373 1.0297869 0.5504769 1.7786835 0.2326162 0.7662384 0.8864954 1.2588231 0.8545757 0.2058276 0.0000000 0.3831192 0.3999739 0.8864954 0.8239592 
t12        1.2588231 1.2588231 0.7662384 0.9547243 1.1132061 1.2070784 1.0703373 0.3192509 1.5111773 0.2892469 0.5933457 0.6388142 1.5901977 0.8239592 0.3831192 0.3831192 0.0000000 0.0625362 0.7945437 0.8239592 
t11        1.1586745 1.1586745 0.7945437 0.9913169 1.0703373 1.1132061 1.1586745 0.3999739 1.6785349 0.3192509 0.6626257 0.7126442 1.8942965 0.8864954 0.3999739 0.3999739 0.0625362 0.0000000 0.8864954 0.8864954 
t2         0.9913169 0.9913169 0.7662384 0.9547243 0.9913169 0.5099265 1.3744361 0.7389627 1.5111773 0.7662384 0.9198342 0.7945437 0.9913169 0.7126442 0.7945437 0.8864954 0.7945437 0.8864954 0.0000000 0.1189538 
t17        1.0703373 0.9198342 0.7945437 1.0297869 1.0297869 0.5299277 1.3144041 0.7945437 1.7786835 0.7389627 0.9547243 0.8545757 1.1586745 0.8239592 0.7662384 0.8239592 0.8239592 0.8864954 0.1189538 0.0000000 
