20
t19        0.0000000 2.4141569 0.6388142 0.9198342 1.3744361 9.0000000 9.0000000 1.8942965 2.4141569 9.0000000 0.8545757 0.9547243 9.0000000 9.0000000 9.0000000 9.0000000 9.0000000 9.0000000 1.6785349 1.4396946 
t11        2.4141569 0.0000000 9.0000000 2.1983953 2.7182557 2.1983953 1.8942965 2.7182557 2.1983953 9.0000000 9.0000000 1.6785349 9.0000000 2.0310377 2.4141569 2.7182557 1.8942965 2.0310377 2.0310377 1.8942965 
t3         0.6388142 9.0000000 0.0000000 0.9547243 2.7182557 9.0000000 2.4141569 3.2381161 1.7786835 1.8942965 0.9198342 0.9913169 3.2381161 3.2381161 2.1983953 9.0000000 3.2381161 9.0000000 9.0000000 9.0000000 
t1         0.9198342 2.1983953 0.9547243 0.0000000 1.5111773 9.0000000 9.0000000 9.0000000 3.2381161 9.0000000 1.3144041 1.2588231 9.0000000 9.0000000 9.0000000 9.0000000 9.0000000 9.0000000 1.6785349 2.4141569 
t15        1.3744361 2.7182557 2.7182557 1.5111773 0.0000000 0.8545757 2.0310377 1.7786835 9.0000000 9.0000000 1.0703373 1.5111773 1.7786835 2.4141569 2.4141569 1.6785349 2.0310377 1.8942965 1.5111773 1.5111773 
t6         9.0000000 2.1983953 9.0000000 9.0000000 0.8545757 0.0000000 9.0000000 9.0000000 3.2381161 2.1983953 2.1983953 9.0000000 2.7182557 9.0000000 9.0000000 9.0000000 3.2381161 3.2381161 1.6785349 2.0310377 
t5         9.0000000 1.8942965 2.4141569 9.0000000 2.0310377 9.0000000 0.0000000 2.7182557 2.7182557 9.0000000 2.4141569 1.5901977 9.0000000 9.0000000 9.0000000 9.0000000 9.0000000 9.0000000 2.7182557 1.8942965 
t17        1.8942965 2.7182557 3.2381161 9.0000000 1.7786835 9.0000000 2.7182557 0.0000000 2.7182557 3.2381161 2.0310377 2.1983953 9.0000000 2.0310377 3.2381161 2.7182557 1.5901977 1.8942965 9.0000000 2.4141569 
t14        2.4141569 2.1983953 1.7786835 3.2381161 9.0000000 3.2381161 2.7182557 2.7182557 0.0000000 1.8942965 9.0000000 3.2381161 9.0000000 3.2381161 2.4141569 9.0000000 9.0000000 9.0000000 9.0000000 9.0000000 
t16        9.0000000 9.0000000 1.8942965 9.0000000 9.0000000 2.1983953 9.0000000 3.2381161 1.8942965 0.0000000 2.4141569 9.0000000 9.0000000 9.0000000 9.0000000 9.0000000 9.0000000 9.0000000 9.0000000 9.0000000 
t20        0.8545757 9.0000000 0.9198342 1.3144041 1.0703373 2.1983953 2.4141569 2.0310377 9.0000000 2.4141569 0.0000000 0.4904449 2.7182557 9.0000000 9.0000000 9.0000000 9.0000000 9.0000000 1.8942965 1.7786835 
t12        0.9547243 1.6785349 0.9913169 1.2588231 1.5111773 9.0000000 1.5901977 2.1983953 3.2381161 9.0000000 0.4904449 0.0000000 9.0000000 9.0000000 9.0000000 9.0000000 9.0000000 9.0000000 1.6785349 1.3744361 
t4         9.0000000 9.0000000 3.2381161 9.0000000 1.7786835 2.7182557 9.0000000 9.0000000 9.0000000 9.0000000 2.7182557 9.0000000 0.0000000 0.8239592 0.7945437 1.5111773 1.4396946 1.5111773 2.0310377 1.7786835 
t2         9.0000000 2.0310377 3.2381161 9.0000000 2.4141569 9.0000000 9.0000000 2.0310377 3.2381161 9.0000000 9.0000000 9.0000000 0.8239592 0.0000000 0.1927838 0.7945437 0.7662384 0.7945437 1.5111773 1.5901977 
t9         9.0000000 2.4141569 2.1983953 9.0000000 2.4141569 9.0000000 9.0000000 3.2381161 2.4141569 9.0000000 9.0000000 9.0000000 0.7945437 0.1927838 0.0000000 0.8864954 0.8239592 0.8239592 2.0310377 2.1983953 
t18        9.0000000 2.7182557 9.0000000 9.0000000 1.6785349 9.0000000 9.0000000 2.7182557 9.0000000 9.0000000 9.0000000 9.0000000 1.5111773 0.7945437 0.8864954 0.0000000 0.2746833 0.3040988 2.0310377 1.7786835 
t8         9.0000000 1.8942965 3.2381161 9.0000000 2.0310377 3.2381161 9.0000000 1.5901977 9.0000000 9.0000000 9.0000000 9.0000000 1.4396946 0.7662384 0.8239592 0.2746833 0.0000000 0.0625362 2.4141569 2.1983953 
t13        9.0000000 2.0310377 9.0000000 9.0000000 1.8942965 3.2381161 9.0000000 1.8942965 9.0000000 9.0000000 9.0000000 9.0000000 1.5111773 0.7945437 0.8239592 0.3040988 0.0625362 0.0000000 2.0310377 2.0310377 
t7         1.6785349 2.0310377 9.0000000 1.6785349 1.5111773 1.6785349 2.7182557 9.0000000 9.0000000 9.0000000 1.8942965 1.6785349 2.0310377 1.5111773 2.0310377 2.0310377 2.4141569 2.0310377 0.0000000 0.1427653 
t10        1.4396946 1.8942965 9.0000000 2.4141569 1.5111773 2.0310377 1.8942965 2.4141569 9.0000000 9.0000000 1.7786835 1.3744361 1.7786835 1.5901977 2.1983953 1.7786835 2.1983953 2.0310377 0.1427653 0.0000000 
