20
t12        0.0000000 1.2070784 1.0297869 0.7389627 1.1132061 0.9913169 0.8239592 0.9547243 0.9913169 1.0703373 0.9547243 0.9913169 1.1586745 1.0297869 1.0297869 0.9198342 1.0703373 1.1586745 0.9547243 0.9547243 
t14        1.2070784 0.0000000 0.8864954 0.6388142 1.1586745 0.9198342 1.3144041 0.7945437 1.1132061 1.2588231 1.3144041 1.3144041 1.0297869 0.9913169 0.9913169 0.7662384 1.0297869 1.0703373 0.8239592 0.8239592 
t8         1.0297869 0.8864954 0.0000000 1.2070784 1.2070784 1.2070784 1.0703373 0.9198342 1.1586745 1.0703373 0.9913169 0.9198342 0.4714565 1.4396946 1.3744361 1.1586745 0.5299277 0.5716050 1.1132061 1.1132061 
t17        0.7389627 0.6388142 1.2070784 0.0000000 1.3744361 0.3999739 1.1132061 0.6388142 1.1586745 1.2070784 1.2070784 1.0297869 1.3144041 0.4172160 0.4172160 0.6626257 1.4396946 1.5111773 0.6872180 0.6872180 
t2         1.1132061 1.1586745 1.2070784 1.3744361 0.0000000 1.3744361 0.2603971 1.1586745 0.2746833 0.3040988 0.2326162 0.3192509 1.0297869 1.3744361 1.3144041 1.1132061 1.2070784 1.2070784 1.1586745 1.1586745 
t11        0.9913169 0.9198342 1.2070784 0.3999739 1.3744361 0.0000000 1.0297869 0.8545757 1.1132061 1.1586745 1.1586745 1.0703373 1.2588231 0.3040988 0.2892469 0.8545757 1.4396946 1.6785349 0.8864954 0.8864954 
t4         0.8239592 1.3144041 1.0703373 1.1132061 0.2603971 1.0297869 0.0000000 1.1586745 0.1673577 0.2058276 0.1673577 0.2463781 1.2070784 1.2588231 1.2070784 1.1586745 1.1132061 1.1132061 1.1586745 1.1586745 
t10        0.9547243 0.7945437 0.9198342 0.6388142 1.1586745 0.8545757 1.1586745 0.0000000 1.0297869 0.8864954 1.0297869 1.0703373 1.0297869 0.8545757 0.7662384 0.1799630 1.0703373 1.2070784 0.2326162 0.2326162 
t3         0.9913169 1.1132061 1.1586745 1.1586745 0.2746833 1.1132061 0.1673577 1.0297869 0.0000000 0.1427653 0.0845966 0.1673577 1.0703373 1.4396946 1.3144041 1.0297869 1.0703373 1.0703373 1.1132061 1.1132061 
t19        1.0703373 1.2588231 1.0703373 1.2070784 0.3040988 1.1586745 0.2058276 0.8864954 0.1427653 0.0000000 0.1073256 0.1799630 1.1132061 1.5901977 1.4396946 0.9198342 1.2070784 1.2070784 1.0297869 1.0297869 
t18        0.9547243 1.3144041 0.9913169 1.2070784 0.2326162 1.1586745 0.1673577 1.0297869 0.0845966 0.1073256 0.0000000 0.0845966 0.9913169 1.5111773 1.3744361 1.0703373 1.0297869 1.0297869 1.1586745 1.1586745 
t13        0.9913169 1.3144041 0.9198342 1.0297869 0.3192509 1.0703373 0.2463781 1.0703373 0.1673577 0.1799630 0.0845966 0.0000000 0.9913169 1.3744361 1.3744361 1.2070784 1.0297869 1.0297869 1.3144041 1.3144041 
t7         1.1586745 1.0297869 0.4714565 1.3144041 1.0297869 1.2588231 1.2070784 1.0297869 1.0703373 1.1132061 0.9913169 0.9913169 0.0000000 1.5111773 1.5111773 1.1132061 0.1073256 0.1189538 1.2070784 1.2070784 
t1         1.0297869 0.9913169 1.4396946 0.4172160 1.3744361 0.3040988 1.2588231 0.8545757 1.4396946 1.5901977 1.5111773 1.3744361 1.5111773 0.0000000 0.0845966 0.8864954 1.5111773 1.5901977 0.9198342 0.9198342 
t9         1.0297869 0.9913169 1.3744361 0.4172160 1.3144041 0.2892469 1.2070784 0.7662384 1.3144041 1.4396946 1.3744361 1.3744361 1.5111773 0.0845966 0.0000000 0.7945437 1.5901977 1.6785349 0.8239592 0.8239592 
t6         0.9198342 0.7662384 1.1586745 0.6626257 1.1132061 0.8545757 1.1586745 0.1799630 1.0297869 0.9198342 1.0703373 1.2070784 1.1132061 0.8864954 0.7945437 0.0000000 1.2070784 1.3744361 0.0411062 0.0411062 
t16        1.0703373 1.0297869 0.5299277 1.4396946 1.2070784 1.4396946 1.1132061 1.0703373 1.0703373 1.2070784 1.0297869 1.0297869 0.1073256 1.5111773 1.5901977 1.2070784 0.0000000 0.0306165 1.3144041 1.3144041 
t5         1.1586745 1.0703373 0.5716050 1.5111773 1.2070784 1.6785349 1.1132061 1.2070784 1.0703373 1.2070784 1.0297869 1.0297869 0.1189538 1.5901977 1.6785349 1.3744361 0.0306165 0.0000000 1.5111773 1.5111773 
t15        0.9547243 0.8239592 1.1132061 0.6872180 1.1586745 0.8864954 1.1586745 0.2326162 1.1132061 1.0297869 1.1586745 1.3144041 1.2070784 0.9198342 0.8239592 0.0411062 1.3144041 1.5111773 0.0000000 0.0000010 
t20        0.9547243 0.8239592 1.1132061 0.6872180 1.1586745 0.8864954 1.1586745 0.2326162 1.1132061 1.0297869 1.1586745 1.3144041 1.2070784 0.9198342 0.8239592 0.0411062 1.3144041 1.5111773 0.0000010 0.0000000 
