20
t17        0.0000000 0.9547243 0.6872180 2.1983953 1.1586745 0.6872180 1.6785349 1.0703373 0.9913169 0.6626257 0.8239592 0.5933457 0.6872180 0.7126442 0.6626257 0.6626257 0.5504769 0.5716050 0.4714565 0.4714565 
t7         0.9547243 0.0000000 0.8545757 1.5111773 1.0703373 0.6872180 1.5111773 2.0310377 1.0703373 0.9913169 0.9547243 0.9198342 0.6388142 0.5933457 0.7389627 0.7389627 0.6388142 0.6388142 0.5299277 0.5299277 
t12        0.6872180 0.8545757 0.0000000 1.3144041 0.9913169 0.4348639 1.2070784 1.1586745 0.7662384 0.2191023 0.3192509 0.5933457 0.5299277 0.4714565 0.6157354 0.6157354 0.3040988 0.2603971 0.2603971 0.2603971 
t5         2.1983953 1.5111773 1.3144041 0.0000000 0.7945437 1.2070784 1.6785349 9.0000000 2.4141569 1.3144041 1.5111773 1.4396946 0.8864954 1.0703373 1.0703373 1.0703373 1.1132061 1.2070784 0.9913169 0.9913169 
t13        1.1586745 1.0703373 0.9913169 0.7945437 0.0000000 0.7945437 2.7182557 9.0000000 1.6785349 1.1132061 1.3744361 0.8864954 0.6872180 0.7389627 0.7662384 0.7662384 0.7662384 0.7945437 0.8239592 0.8239592 
t11        0.6872180 0.6872180 0.4348639 1.2070784 0.7945437 0.0000000 1.2588231 1.0703373 0.6626257 0.5504769 0.5299277 0.3666350 0.2746833 0.2746833 0.2892469 0.2892469 0.3505054 0.3505054 0.2463781 0.2463781 
t14        1.6785349 1.5111773 1.2070784 1.6785349 2.7182557 1.2588231 0.0000000 1.8942965 1.2588231 1.5111773 0.9913169 1.1586745 0.9913169 1.1132061 1.1586745 1.1586745 1.1586745 1.2070784 0.9913169 0.9913169 
t15        1.0703373 2.0310377 1.1586745 9.0000000 9.0000000 1.0703373 1.8942965 0.0000000 0.5299277 1.5111773 1.5901977 1.2588231 1.3144041 1.2070784 1.3144041 1.3144041 1.3744361 1.2588231 1.2070784 1.2070784 
t10        0.9913169 1.0703373 0.7662384 2.4141569 1.6785349 0.6626257 1.2588231 0.5299277 0.0000000 0.8239592 0.9547243 0.9913169 0.7389627 0.7945437 0.8545757 0.8545757 0.8239592 0.7662384 0.6872180 0.6872180 
t8         0.6626257 0.9913169 0.2191023 1.3144041 1.1132061 0.5504769 1.5111773 1.5111773 0.8239592 0.0000000 0.3192509 0.5933457 0.5504769 0.5716050 0.6626257 0.6626257 0.4172160 0.3666350 0.3666350 0.3666350 
t20        0.8239592 0.9547243 0.3192509 1.5111773 1.3744361 0.5299277 0.9913169 1.5901977 0.9547243 0.3192509 0.0000000 0.7662384 0.6872180 0.5933457 0.7945437 0.7945437 0.4714565 0.4529370 0.3999739 0.3999739 
t6         0.5933457 0.9198342 0.5933457 1.4396946 0.8864954 0.3666350 1.1586745 1.2588231 0.9913169 0.5933457 0.7662384 0.0000000 0.3192509 0.3505054 0.3666350 0.3666350 0.4714565 0.4714565 0.3666350 0.3666350 
t4         0.6872180 0.6388142 0.5299277 0.8864954 0.6872180 0.2746833 0.9913169 1.3144041 0.7389627 0.5504769 0.6872180 0.3192509 0.0000000 0.1307650 0.2746833 0.2746833 0.3347153 0.3505054 0.2603971 0.2603971 
t18        0.7126442 0.5933457 0.4714565 1.0703373 0.7389627 0.2746833 1.1132061 1.2070784 0.7945437 0.5716050 0.5933457 0.3505054 0.1307650 0.0000000 0.2892469 0.2892469 0.3192509 0.3347153 0.2463781 0.2463781 
t16        0.6626257 0.7389627 0.6157354 1.0703373 0.7662384 0.2892469 1.1586745 1.3144041 0.8545757 0.6626257 0.7945437 0.3666350 0.2746833 0.2892469 0.0000000 0.0000010 0.4172160 0.4348639 0.3505054 0.3505054 
t1         0.6626257 0.7389627 0.6157354 1.0703373 0.7662384 0.2892469 1.1586745 1.3144041 0.8545757 0.6626257 0.7945437 0.3666350 0.2746833 0.2892469 0.0000010 0.0000000 0.4172160 0.4348639 0.3505054 0.3505054 
t19        0.5504769 0.6388142 0.3040988 1.1132061 0.7662384 0.3505054 1.1586745 1.3744361 0.8239592 0.4172160 0.4714565 0.4714565 0.3347153 0.3192509 0.4172160 0.4172160 0.0000000 0.0306165 0.0958750 0.0958750 
t3         0.5716050 0.6388142 0.2603971 1.2070784 0.7945437 0.3505054 1.2070784 1.2588231 0.7662384 0.3666350 0.4529370 0.4714565 0.3505054 0.3347153 0.4348639 0.4348639 0.0306165 0.0000000 0.1189538 0.1189538 
t9         0.4714565 0.5299277 0.2603971 0.9913169 0.8239592 0.2463781 0.9913169 1.2070784 0.6872180 0.3666350 0.3999739 0.3666350 0.2603971 0.2463781 0.3505054 0.3505054 0.0958750 0.1189538 0.0000000 0.0000010 
t2         0.4714565 0.5299277 0.2603971 0.9913169 0.8239592 0.2463781 0.9913169 1.2070784 0.6872180 0.3666350 0.3999739 0.3666350 0.2603971 0.2463781 0.3505054 0.3505054 0.0958750 0.1189538 0.0000010 0.0000000 
