20
t20        0.0000000 9.0000000 2.7182557 9.0000000 9.0000000 9.0000000 9.0000000 9.0000000 9.0000000 9.0000000 9.0000000 9.0000000 9.0000000 9.0000000 2.4141569 2.7182557 3.2381161 2.0310377 9.0000000 9.0000000 
t15        9.0000000 0.0000000 1.6785349 1.5901977 1.8942965 1.1132061 0.7126442 0.9547243 1.5111773 1.1586745 0.8864954 1.7786835 1.3144041 1.3744361 3.2381161 2.1983953 1.2070784 1.5901977 9.0000000 9.0000000 
t17        2.7182557 1.6785349 0.0000000 9.0000000 9.0000000 2.4141569 1.7786835 2.7182557 1.8942965 2.0310377 2.4141569 3.2381161 2.1983953 3.2381161 9.0000000 9.0000000 2.1983953 9.0000000 9.0000000 9.0000000 
t18        9.0000000 1.5901977 9.0000000 0.0000000 3.2381161 2.0310377 2.0310377 1.5111773 2.1983953 2.7182557 1.7786835 2.1983953 1.7786835 1.0703373 1.8942965 2.0310377 1.0297869 1.3144041 2.1983953 2.1983953 
t6         9.0000000 1.8942965 9.0000000 3.2381161 0.0000000 2.0310377 1.7786835 9.0000000 3.2381161 9.0000000 1.5901977 9.0000000 9.0000000 9.0000000 1.8942965 2.4141569 9.0000000 9.0000000 2.4141569 2.4141569 
t10        9.0000000 1.1132061 2.4141569 2.0310377 2.0310377 0.0000000 1.1586745 1.3144041 1.5901977 1.2588231 0.8864954 2.0310377 1.4396946 1.1586745 2.7182557 2.1983953 1.2588231 1.5901977 9.0000000 9.0000000 
t16        9.0000000 0.7126442 1.7786835 2.0310377 1.7786835 1.1586745 0.0000000 0.3192509 1.3744361 0.9198342 0.6626257 1.2070784 1.0703373 0.9198342 1.7786835 1.5901977 1.2588231 1.3144041 9.0000000 9.0000000 
t14        9.0000000 0.9547243 2.7182557 1.5111773 9.0000000 1.3144041 0.3192509 0.0000000 1.6785349 1.0703373 0.7389627 2.4141569 1.2588231 0.9547243 2.7182557 1.8942965 1.3744361 1.5111773 9.0000000 9.0000000 
t3         9.0000000 1.5111773 1.8942965 2.1983953 3.2381161 1.5901977 1.3744361 1.6785349 0.0000000 1.3144041 1.5901977 9.0000000 2.0310377 2.1983953 3.2381161 1.8942965 1.6785349 1.5901977 9.0000000 9.0000000 
t1         9.0000000 1.1586745 2.0310377 2.7182557 9.0000000 1.2588231 0.9198342 1.0703373 1.3144041 0.0000000 0.5504769 2.1983953 1.3744361 1.2070784 9.0000000 2.7182557 1.5111773 1.5901977 9.0000000 9.0000000 
t19        9.0000000 0.8864954 2.4141569 1.7786835 1.5901977 0.8864954 0.6626257 0.7389627 1.5901977 0.5504769 0.0000000 2.4141569 0.9913169 0.7945437 2.0310377 1.6785349 1.3144041 1.3144041 9.0000000 9.0000000 
t9         9.0000000 1.7786835 3.2381161 2.1983953 9.0000000 2.0310377 1.2070784 2.4141569 9.0000000 2.1983953 2.4141569 0.0000000 1.3744361 1.6785349 1.5111773 1.5111773 2.7182557 3.2381161 1.7786835 1.5111773 
t2         9.0000000 1.3144041 2.1983953 1.7786835 9.0000000 1.4396946 1.0703373 1.2588231 2.0310377 1.3744361 0.9913169 1.3744361 0.0000000 0.4529370 1.7786835 2.1983953 0.9913169 1.1132061 9.0000000 9.0000000 
t5         9.0000000 1.3744361 3.2381161 1.0703373 9.0000000 1.1586745 0.9198342 0.9547243 2.1983953 1.2070784 0.7945437 1.6785349 0.4529370 0.0000000 2.1983953 2.1983953 0.6872180 0.7126442 2.1983953 2.1983953 
t11        2.4141569 3.2381161 9.0000000 1.8942965 1.8942965 2.7182557 1.7786835 2.7182557 3.2381161 9.0000000 2.0310377 1.5111773 1.7786835 2.1983953 0.0000000 0.1927838 1.7786835 1.6785349 1.8942965 1.5901977 
t4         2.7182557 2.1983953 9.0000000 2.0310377 2.4141569 2.1983953 1.5901977 1.8942965 1.8942965 2.7182557 1.6785349 1.5111773 2.1983953 2.1983953 0.1927838 0.0000000 1.7786835 1.7786835 3.2381161 2.1983953 
t8         3.2381161 1.2070784 2.1983953 1.0297869 9.0000000 1.2588231 1.2588231 1.3744361 1.6785349 1.5111773 1.3144041 2.7182557 0.9913169 0.6872180 1.7786835 1.7786835 0.0000000 0.2603971 3.2381161 3.2381161 
t12        2.0310377 1.5901977 9.0000000 1.3144041 9.0000000 1.5901977 1.3144041 1.5111773 1.5901977 1.5901977 1.3144041 3.2381161 1.1132061 0.7126442 1.6785349 1.7786835 0.2603971 0.0000000 2.4141569 2.4141569 
t7         9.0000000 9.0000000 9.0000000 2.1983953 2.4141569 9.0000000 9.0000000 9.0000000 9.0000000 9.0000000 9.0000000 1.7786835 9.0000000 2.1983953 1.8942965 3.2381161 3.2381161 2.4141569 0.0000000 0.0517447 
t13        9.0000000 9.0000000 9.0000000 2.1983953 2.4141569 9.0000000 9.0000000 9.0000000 9.0000000 9.0000000 9.0000000 1.5111773 9.0000000 2.1983953 1.5901977 2.1983953 3.2381161 2.4141569 0.0517447 0.0000000 
