20
t12        0.0000000 1.5901977 1.3744361 1.6785349 2.0310377 1.6785349 1.5111773 1.8942965 9.0000000 2.1983953 2.1983953 9.0000000 9.0000000 1.8942965 2.0310377 1.5901977 2.1983953 2.0310377 1.6785349 1.3144041 
t13        1.5901977 0.0000000 1.7786835 1.3144041 0.9913169 1.1586745 1.0297869 2.0310377 1.3144041 1.2588231 0.7389627 1.1586745 2.7182557 1.2588231 1.3144041 1.3744361 0.9913169 0.8864954 1.0703373 0.7945437 
t10        1.3744361 1.7786835 0.0000000 1.5111773 1.5901977 1.8942965 3.2381161 0.9913169 2.1983953 1.5901977 1.5111773 1.4396946 1.0703373 1.1132061 1.2588231 1.0297869 2.4141569 2.4141569 1.3144041 1.4396946 
t20        1.6785349 1.3144041 1.5111773 0.0000000 1.2588231 1.6785349 1.5901977 0.9547243 1.4396946 2.0310377 2.4141569 2.1983953 1.0703373 0.7662384 1.0703373 0.9198342 1.5901977 1.8942965 1.8942965 2.1983953 
t2         2.0310377 0.9913169 1.5901977 1.2588231 0.0000000 1.0297869 0.8545757 1.3744361 1.3144041 1.5901977 1.1132061 1.4396946 1.5901977 1.1132061 1.4396946 1.2588231 0.7945437 0.7389627 1.1586745 0.6388142 
t17        1.6785349 1.1586745 1.8942965 1.6785349 1.0297869 0.0000000 0.3666350 1.5111773 1.5901977 1.6785349 1.0297869 1.1132061 1.8942965 1.7786835 1.6785349 1.3744361 1.5111773 1.3744361 1.6785349 1.3144041 
t6         1.5111773 1.0297869 3.2381161 1.5901977 0.8545757 0.3666350 0.0000000 1.3744361 1.3144041 1.3144041 0.9547243 1.0703373 2.4141569 1.7786835 1.5111773 1.5111773 0.8545757 0.9547243 1.4396946 0.9547243 
t9         1.8942965 2.0310377 0.9913169 0.9547243 1.3744361 1.5111773 1.3744361 0.0000000 1.5111773 1.5111773 1.8942965 2.1983953 0.6872180 0.7126442 0.9913169 0.5933457 2.1983953 2.1983953 2.4141569 1.8942965 
t16        9.0000000 1.3144041 2.1983953 1.4396946 1.3144041 1.5901977 1.3144041 1.5111773 0.0000000 0.5299277 0.7389627 1.1132061 3.2381161 1.4396946 1.5111773 1.1586745 1.1132061 1.4396946 1.3144041 1.2588231 
t18        2.1983953 1.2588231 1.5901977 2.0310377 1.5901977 1.6785349 1.3144041 1.5111773 0.5299277 0.0000000 0.9547243 1.4396946 1.4396946 1.5111773 2.1983953 1.6785349 1.4396946 1.5111773 1.2588231 1.4396946 
t4         2.1983953 0.7389627 1.5111773 2.4141569 1.1132061 1.0297869 0.9547243 1.8942965 0.7389627 0.9547243 0.0000000 0.6872180 2.7182557 1.8942965 1.5111773 2.0310377 1.1586745 1.2070784 1.0297869 0.9198342 
t8         9.0000000 1.1586745 1.4396946 2.1983953 1.4396946 1.1132061 1.0703373 2.1983953 1.1132061 1.4396946 0.6872180 0.0000000 3.2381161 3.2381161 1.8942965 2.0310377 1.5111773 1.7786835 2.0310377 1.6785349 
t1         9.0000000 2.7182557 1.0703373 1.0703373 1.5901977 1.8942965 2.4141569 0.6872180 3.2381161 1.4396946 2.7182557 3.2381161 0.0000000 0.3192509 1.1586745 0.6872180 1.6785349 1.6785349 1.6785349 1.8942965 
t3         1.8942965 1.2588231 1.1132061 0.7662384 1.1132061 1.7786835 1.7786835 0.7126442 1.4396946 1.5111773 1.8942965 3.2381161 0.3192509 0.0000000 1.0703373 0.6626257 1.3144041 1.3744361 1.3744361 1.4396946 
t19        2.0310377 1.3144041 1.2588231 1.0703373 1.4396946 1.6785349 1.5111773 0.9913169 1.5111773 2.1983953 1.5111773 1.8942965 1.1586745 1.0703373 0.0000000 0.4348639 1.8942965 1.6785349 2.0310377 1.7786835 
t7         1.5901977 1.3744361 1.0297869 0.9198342 1.2588231 1.3744361 1.5111773 0.5933457 1.1586745 1.6785349 2.0310377 2.0310377 0.6872180 0.6626257 0.4348639 0.0000000 2.1983953 1.7786835 3.2381161 2.1983953 
t5         2.1983953 0.9913169 2.4141569 1.5901977 0.7945437 1.5111773 0.8545757 2.1983953 1.1132061 1.4396946 1.1586745 1.5111773 1.6785349 1.3144041 1.8942965 2.1983953 0.0000000 0.2463781 0.8239592 0.7126442 
t15        2.0310377 0.8864954 2.4141569 1.8942965 0.7389627 1.3744361 0.9547243 2.1983953 1.4396946 1.5111773 1.2070784 1.7786835 1.6785349 1.3744361 1.6785349 1.7786835 0.2463781 0.0000000 0.9913169 0.7389627 
t14        1.6785349 1.0703373 1.3144041 1.8942965 1.1586745 1.6785349 1.4396946 2.4141569 1.3144041 1.2588231 1.0297869 2.0310377 1.6785349 1.3744361 2.0310377 3.2381161 0.8239592 0.9913169 0.0000000 0.4172160 
t11        1.3144041 0.7945437 1.4396946 2.1983953 0.6388142 1.3144041 0.9547243 1.8942965 1.2588231 1.4396946 0.9198342 1.6785349 1.8942965 1.4396946 1.7786835 2.1983953 0.7126442 0.7389627 0.4172160 0.0000000 
