20
t13        0.0000000 0.1673577 0.4714565 0.1927838 0.2603971 0.4348639 0.5504769 0.6626257 0.4529370 0.3505054 0.3505054 0.3831192 0.3192509 0.5716050 0.3666350 0.2603971 0.3999739 0.4172160 0.2892469 0.2892469 
t7         0.1673577 0.0000000 0.4348639 0.2191023 0.2603971 0.4348639 0.6388142 0.7945437 0.5933457 0.4172160 0.3831192 0.3999739 0.3347153 0.6157354 0.3666350 0.2746833 0.4714565 0.4904449 0.3040988 0.3192509 
t1         0.4714565 0.4348639 0.0000000 0.4714565 0.5299277 0.6157354 0.7945437 0.9547243 0.8545757 0.6388142 0.5716050 0.5716050 0.4904449 0.8239592 0.6157354 0.4714565 0.7126442 0.7389627 0.5299277 0.5299277 
t11        0.1927838 0.2191023 0.4714565 0.0000000 0.1549607 0.3666350 0.6157354 0.7389627 0.5504769 0.3505054 0.2746833 0.3040988 0.2463781 0.6626257 0.3505054 0.2058276 0.4714565 0.4904449 0.2058276 0.2058276 
t2         0.2603971 0.2603971 0.5299277 0.1549607 0.0000000 0.3505054 0.6626257 0.7662384 0.6157354 0.4348639 0.2603971 0.2463781 0.2191023 0.6872180 0.2892469 0.1549607 0.5504769 0.5716050 0.1427653 0.1427653 
t9         0.4348639 0.4348639 0.6157354 0.3666350 0.3505054 0.0000000 0.6872180 0.9913169 0.7389627 0.5933457 0.2892469 0.3040988 0.2892469 0.7126442 0.4348639 0.2892469 0.6872180 0.6626257 0.3192509 0.3192509 
t4         0.5504769 0.6388142 0.7945437 0.6157354 0.6626257 0.6872180 0.0000000 0.2326162 0.8545757 0.7662384 0.6388142 0.7945437 0.7389627 0.9913169 0.6872180 0.6157354 0.8545757 0.8864954 0.6872180 0.6872180 
t18        0.6626257 0.7945437 0.9547243 0.7389627 0.7662384 0.9913169 0.2326162 0.0000000 0.9547243 0.9547243 0.7662384 0.8545757 0.7945437 1.5901977 0.8545757 0.8239592 1.1132061 1.1586745 0.7945437 0.8545757 
t16        0.4529370 0.5933457 0.8545757 0.5504769 0.6157354 0.7389627 0.8545757 0.9547243 0.0000000 0.1673577 0.7662384 0.7389627 0.7389627 0.3505054 0.6388142 0.6626257 0.2326162 0.2463781 0.6872180 0.6872180 
t14        0.3505054 0.4172160 0.6388142 0.3505054 0.4348639 0.5933457 0.7662384 0.9547243 0.1673577 0.0000000 0.5504769 0.5099265 0.5099265 0.2746833 0.5933457 0.4714565 0.1549607 0.1673577 0.4904449 0.4904449 
t12        0.3505054 0.3831192 0.5716050 0.2746833 0.2603971 0.2892469 0.6388142 0.7662384 0.7662384 0.5504769 0.0000000 0.1549607 0.0845966 0.8239592 0.3040988 0.1927838 0.6626257 0.6388142 0.2058276 0.2058276 
t6         0.3831192 0.3999739 0.5716050 0.3040988 0.2463781 0.3040988 0.7945437 0.8545757 0.7389627 0.5099265 0.1549607 0.0000000 0.1189538 0.7662384 0.3040988 0.2058276 0.6157354 0.5933457 0.2058276 0.2058276 
t15        0.3192509 0.3347153 0.4904449 0.2463781 0.2191023 0.2892469 0.7389627 0.7945437 0.7389627 0.5099265 0.0845966 0.1189538 0.0000000 0.7945437 0.2463781 0.1307650 0.6157354 0.5933457 0.1673577 0.1673577 
t19        0.5716050 0.6157354 0.8239592 0.6626257 0.6872180 0.7126442 0.9913169 1.5901977 0.3505054 0.2746833 0.8239592 0.7662384 0.7945437 0.0000000 0.9547243 0.7389627 0.1189538 0.1307650 0.7662384 0.7389627 
t8         0.3666350 0.3666350 0.6157354 0.3505054 0.2892469 0.4348639 0.6872180 0.8545757 0.6388142 0.5933457 0.3040988 0.3040988 0.2463781 0.9547243 0.0000000 0.1673577 0.7662384 0.7389627 0.2326162 0.2326162 
t3         0.2603971 0.2746833 0.4714565 0.2058276 0.1549607 0.2892469 0.6157354 0.8239592 0.6626257 0.4714565 0.1927838 0.2058276 0.1307650 0.7389627 0.1673577 0.0000000 0.5716050 0.5504769 0.0517447 0.0517447 
t5         0.3999739 0.4714565 0.7126442 0.4714565 0.5504769 0.6872180 0.8545757 1.1132061 0.2326162 0.1549607 0.6626257 0.6157354 0.6157354 0.1189538 0.7662384 0.5716050 0.0000000 0.0100673 0.5933457 0.5716050 
t10        0.4172160 0.4904449 0.7389627 0.4904449 0.5716050 0.6626257 0.8864954 1.1586745 0.2463781 0.1673577 0.6388142 0.5933457 0.5933457 0.1307650 0.7389627 0.5504769 0.0100673 0.0000000 0.5716050 0.5504769 
t17        0.2892469 0.3040988 0.5299277 0.2058276 0.1427653 0.3192509 0.6872180 0.7945437 0.6872180 0.4904449 0.2058276 0.2058276 0.1673577 0.7662384 0.2326162 0.0517447 0.5933457 0.5716050 0.0000000 0.0202715 
t20        0.2892469 0.3192509 0.5299277 0.2058276 0.1427653 0.3192509 0.6872180 0.8545757 0.6872180 0.4904449 0.2058276 0.2058276 0.1673577 0.7389627 0.2326162 0.0517447 0.5716050 0.5504769 0.0202715 0.0000000 
