20
t13        0.0000000 0.8864954 2.4141569 2.0310377 0.5099265 1.5901977 1.4396946 0.5716050 1.3144041 1.1132061 1.4396946 1.2588231 1.3144041 1.5901977 1.1586745 1.0703373 0.9913169 0.9198342 2.1983953 2.1983953 
t2         0.8864954 0.0000000 2.1983953 1.5901977 0.7126442 1.7786835 1.4396946 1.1132061 1.3144041 1.3144041 2.4141569 1.0703373 1.4396946 1.8942965 1.3144041 0.9547243 1.1586745 1.0297869 9.0000000 9.0000000 
t16        2.4141569 2.1983953 0.0000000 2.1983953 3.2381161 1.7786835 1.3144041 9.0000000 2.7182557 9.0000000 9.0000000 2.7182557 2.7182557 9.0000000 2.1983953 9.0000000 3.2381161 9.0000000 9.0000000 9.0000000 
t7         2.0310377 1.5901977 2.1983953 0.0000000 1.3744361 1.4396946 1.1586745 1.4396946 2.0310377 9.0000000 1.3144041 1.5901977 2.4141569 3.2381161 1.8942965 2.7182557 3.2381161 2.0310377 2.0310377 1.8942965 
t5         0.5099265 0.7126442 3.2381161 1.3744361 0.0000000 1.6785349 1.3744361 0.3505054 1.1132061 0.9913169 1.2070784 1.0297869 1.2070784 1.3144041 0.8545757 0.7662384 0.8239592 0.7945437 3.2381161 3.2381161 
t6         1.5901977 1.7786835 1.7786835 1.4396946 1.6785349 0.0000000 0.9547243 1.8942965 9.0000000 9.0000000 9.0000000 2.7182557 2.0310377 9.0000000 9.0000000 2.7182557 2.7182557 1.8942965 3.2381161 3.2381161 
t20        1.4396946 1.4396946 1.3144041 1.1586745 1.3744361 0.9547243 0.0000000 1.4396946 9.0000000 9.0000000 3.2381161 1.5901977 2.4141569 1.8942965 2.0310377 1.5111773 1.4396946 1.4396946 9.0000000 9.0000000 
t12        0.5716050 1.1132061 9.0000000 1.4396946 0.3505054 1.8942965 1.4396946 0.0000000 1.3744361 0.6388142 1.2588231 0.9913169 1.3744361 1.3744361 1.0297869 0.4904449 0.4529370 0.4904449 9.0000000 9.0000000 
t19        1.3144041 1.3144041 2.7182557 2.0310377 1.1132061 9.0000000 9.0000000 1.3744361 0.0000000 1.6785349 0.8545757 0.9547243 1.3744361 1.0297869 0.7945437 1.2070784 1.4396946 1.3144041 1.1132061 1.1586745 
t9         1.1132061 1.3144041 9.0000000 9.0000000 0.9913169 9.0000000 9.0000000 0.6388142 1.6785349 0.0000000 1.7786835 1.7786835 2.0310377 1.5111773 1.7786835 0.9198342 0.7945437 0.8864954 3.2381161 3.2381161 
t17        1.4396946 2.4141569 9.0000000 1.3144041 1.2070784 9.0000000 3.2381161 1.2588231 0.8545757 1.7786835 0.0000000 0.8545757 0.9913169 0.8239592 0.7126442 1.4396946 2.0310377 1.5901977 1.0297869 0.9198342 
t1         1.2588231 1.0703373 2.7182557 1.5901977 1.0297869 2.7182557 1.5901977 0.9913169 0.9547243 1.7786835 0.8545757 0.0000000 0.3831192 0.5099265 0.3347153 1.4396946 1.7786835 1.5111773 1.5901977 1.5901977 
t10        1.3144041 1.4396946 2.7182557 2.4141569 1.2070784 2.0310377 2.4141569 1.3744361 1.3744361 2.0310377 0.9913169 0.3831192 0.0000000 0.6388142 0.4348639 1.7786835 2.1983953 1.8942965 1.5111773 1.5901977 
t3         1.5901977 1.8942965 9.0000000 3.2381161 1.3144041 9.0000000 1.8942965 1.3744361 1.0297869 1.5111773 0.8239592 0.5099265 0.6388142 0.0000000 0.3831192 1.4396946 1.5901977 1.5111773 1.0703373 1.0703373 
t8         1.1586745 1.3144041 2.1983953 1.8942965 0.8545757 9.0000000 2.0310377 1.0297869 0.7945437 1.7786835 0.7126442 0.3347153 0.4348639 0.3831192 0.0000000 1.3144041 1.4396946 1.2070784 1.0703373 1.0703373 
t15        1.0703373 0.9547243 9.0000000 2.7182557 0.7662384 2.7182557 1.5111773 0.4904449 1.2070784 0.9198342 1.4396946 1.4396946 1.7786835 1.4396946 1.3144041 0.0000000 0.2463781 0.2326162 2.7182557 2.4141569 
t4         0.9913169 1.1586745 3.2381161 3.2381161 0.8239592 2.7182557 1.4396946 0.4529370 1.4396946 0.7945437 2.0310377 1.7786835 2.1983953 1.5901977 1.4396946 0.2463781 0.0000000 0.1927838 9.0000000 9.0000000 
t14        0.9198342 1.0297869 9.0000000 2.0310377 0.7945437 1.8942965 1.4396946 0.4904449 1.3144041 0.8864954 1.5901977 1.5111773 1.8942965 1.5111773 1.2070784 0.2326162 0.1927838 0.0000000 2.7182557 2.1983953 
t18        2.1983953 9.0000000 9.0000000 2.0310377 3.2381161 3.2381161 9.0000000 9.0000000 1.1132061 3.2381161 1.0297869 1.5901977 1.5111773 1.0703373 1.0703373 2.7182557 9.0000000 2.7182557 0.0000000 0.0411062 
t11        2.1983953 9.0000000 9.0000000 1.8942965 3.2381161 3.2381161 9.0000000 9.0000000 1.1586745 3.2381161 0.9198342 1.5901977 1.5901977 1.0703373 1.0703373 2.4141569 9.0000000 2.1983953 0.0411062 0.0000000 
