20
t2         0.0000000 1.4396946 1.2588231 1.6785349 1.3744361 2.4141569 2.4141569 2.0310377 2.1983953 1.5901977 1.5901977 9.0000000 1.6785349 1.5901977 1.4396946 1.5901977 1.2588231 1.3744361 1.3744361 1.3144041 
t15        1.4396946 0.0000000 1.6785349 3.2381161 1.0703373 1.5111773 1.7786835 1.6785349 2.7182557 1.5901977 2.7182557 2.1983953 1.4396946 3.2381161 1.7786835 1.5901977 2.7182557 3.2381161 1.8942965 1.5901977 
t9         1.2588231 1.6785349 0.0000000 1.2588231 0.8545757 1.0703373 1.3744361 1.2070784 1.2588231 0.6872180 0.6388142 1.4396946 1.4396946 1.5901977 1.3744361 1.0703373 1.5901977 1.5111773 1.1132061 1.1132061 
t18        1.6785349 3.2381161 1.2588231 0.0000000 0.9198342 1.0703373 0.8864954 1.3144041 1.3744361 1.5111773 1.2070784 2.0310377 1.5901977 0.9547243 0.8864954 0.5504769 0.9547243 0.9198342 0.5716050 0.5716050 
t19        1.3744361 1.0703373 0.8545757 0.9198342 0.0000000 0.6157354 1.1586745 1.4396946 1.4396946 1.0297869 1.0297869 1.1132061 1.1132061 1.3144041 1.1132061 1.0297869 1.4396946 1.3744361 1.0297869 0.9913169 
t17        2.4141569 1.5111773 1.0703373 1.0703373 0.6157354 0.0000000 1.5901977 1.2070784 1.5111773 0.9198342 0.9913169 1.7786835 1.7786835 1.5111773 1.3744361 1.3144041 1.3144041 1.1586745 1.3744361 1.2588231 
t4         2.4141569 1.7786835 1.3744361 0.8864954 1.1586745 1.5901977 0.0000000 1.5111773 1.5111773 1.2070784 1.2070784 3.2381161 1.5901977 0.5504769 0.5716050 0.6626257 0.6872180 0.6872180 0.8239592 0.7126442 
t1         2.0310377 1.6785349 1.2070784 1.3144041 1.4396946 1.2070784 1.5111773 0.0000000 0.4172160 1.3144041 1.5901977 1.4396946 1.4396946 1.0297869 1.0297869 1.2588231 1.3144041 1.2070784 1.5901977 1.3744361 
t12        2.1983953 2.7182557 1.2588231 1.3744361 1.4396946 1.5111773 1.5111773 0.4172160 0.0000000 1.3144041 1.3744361 1.3144041 1.8942965 1.5111773 1.3744361 1.2070784 1.5111773 1.5111773 1.7786835 1.5901977 
t20        1.5901977 1.5901977 0.6872180 1.5111773 1.0297869 0.9198342 1.2070784 1.3144041 1.3144041 0.0000000 0.4714565 1.6785349 1.1586745 1.3744361 1.1132061 1.3744361 1.4396946 1.2070784 1.8942965 1.5111773 
t11        1.5901977 2.7182557 0.6388142 1.2070784 1.0297869 0.9913169 1.2070784 1.5901977 1.3744361 0.4714565 0.0000000 1.7786835 1.5901977 1.5111773 1.1132061 1.1586745 1.4396946 1.2588231 1.3744361 1.2070784 
t8         9.0000000 2.1983953 1.4396946 2.0310377 1.1132061 1.7786835 3.2381161 1.4396946 1.3144041 1.6785349 1.7786835 0.0000000 0.4348639 2.7182557 2.4141569 1.1132061 9.0000000 2.1983953 1.6785349 1.3744361 
t7         1.6785349 1.4396946 1.4396946 1.5901977 1.1132061 1.7786835 1.5901977 1.4396946 1.8942965 1.1586745 1.5901977 0.4348639 0.0000000 1.3144041 1.2588231 1.0703373 1.8942965 1.6785349 1.3744361 1.2070784 
t3         1.5901977 3.2381161 1.5901977 0.9547243 1.3144041 1.5111773 0.5504769 1.0297869 1.5111773 1.3744361 1.5111773 2.7182557 1.3144041 0.0000000 0.1073256 1.0297869 0.8864954 0.8239592 1.1586745 1.0703373 
t16        1.4396946 1.7786835 1.3744361 0.8864954 1.1132061 1.3744361 0.5716050 1.0297869 1.3744361 1.1132061 1.1132061 2.4141569 1.2588231 0.1073256 0.0000000 0.8864954 0.8864954 0.8239592 1.0297869 0.9198342 
t10        1.5901977 1.5901977 1.0703373 0.5504769 1.0297869 1.3144041 0.6626257 1.2588231 1.2070784 1.3744361 1.1586745 1.1132061 1.0703373 1.0297869 0.8864954 0.0000000 0.9547243 0.8864954 0.1307650 0.0845966 
t13        1.2588231 2.7182557 1.5901977 0.9547243 1.4396946 1.3144041 0.6872180 1.3144041 1.5111773 1.4396946 1.4396946 9.0000000 1.8942965 0.8864954 0.8864954 0.9547243 0.0000000 0.0625362 1.0297869 0.9198342 
t6         1.3744361 3.2381161 1.5111773 0.9198342 1.3744361 1.1586745 0.6872180 1.2070784 1.5111773 1.2070784 1.2588231 2.1983953 1.6785349 0.8239592 0.8239592 0.8864954 0.0625362 0.0000000 1.0297869 0.8864954 
t5         1.3744361 1.8942965 1.1132061 0.5716050 1.0297869 1.3744361 0.8239592 1.5901977 1.7786835 1.8942965 1.3744361 1.6785349 1.3744361 1.1586745 1.0297869 0.1307650 1.0297869 1.0297869 0.0000000 0.0411062 
t14        1.3144041 1.5901977 1.1132061 0.5716050 0.9913169 1.2588231 0.7126442 1.3744361 1.5901977 1.5111773 1.2070784 1.3744361 1.2070784 1.0703373 0.9198342 0.0845966 0.9198342 0.8864954 0.0411062 0.0000000 
