20
t9         0.0000000 1.3144041 0.8239592 1.6785349 1.1586745 1.0297869 2.7182557 2.0310377 0.9547243 1.1586745 1.2070784 1.7786835 1.2588231 1.5111773 9.0000000 2.1983953 1.0703373 0.8239592 1.7786835 3.2381161 
t6         1.3144041 0.0000000 1.1132061 9.0000000 2.1983953 1.4396946 2.7182557 3.2381161 1.8942965 1.4396946 1.5901977 2.7182557 2.7182557 2.7182557 9.0000000 9.0000000 3.2381161 9.0000000 2.1983953 3.2381161 
t12        0.8239592 1.1132061 0.0000000 1.6785349 1.4396946 1.1586745 1.7786835 9.0000000 2.1983953 1.2070784 1.3744361 1.8942965 1.3144041 1.5901977 2.4141569 9.0000000 1.4396946 1.2588231 1.4396946 1.2588231 
t8         1.6785349 9.0000000 1.6785349 0.0000000 9.0000000 2.1983953 2.1983953 9.0000000 2.1983953 9.0000000 9.0000000 1.7786835 1.7786835 1.7786835 9.0000000 9.0000000 3.2381161 3.2381161 1.3144041 1.5901977 
t19        1.1586745 2.1983953 1.4396946 9.0000000 0.0000000 0.7945437 1.3144041 2.0310377 1.5901977 0.8545757 1.0703373 9.0000000 1.3744361 1.6785349 1.7786835 1.4396946 0.9198342 0.9913169 2.1983953 9.0000000 
t15        1.0297869 1.4396946 1.1586745 2.1983953 0.7945437 0.0000000 1.5111773 1.6785349 0.9913169 0.6626257 0.8864954 2.0310377 1.4396946 1.6785349 1.7786835 1.5111773 0.7389627 0.7662384 1.5901977 2.1983953 
t2         2.7182557 2.7182557 1.7786835 2.1983953 1.3144041 1.5111773 0.0000000 9.0000000 9.0000000 1.7786835 1.4396946 1.1132061 1.0297869 0.9547243 3.2381161 9.0000000 1.7786835 1.8942965 1.1132061 1.0703373 
t3         2.0310377 3.2381161 9.0000000 9.0000000 2.0310377 1.6785349 9.0000000 0.0000000 2.7182557 2.1983953 1.6785349 9.0000000 2.7182557 2.1983953 0.9913169 0.9198342 2.0310377 9.0000000 2.4141569 3.2381161 
t20        0.9547243 1.8942965 2.1983953 2.1983953 1.5901977 0.9913169 9.0000000 2.7182557 0.0000000 1.2588231 1.4396946 3.2381161 1.7786835 1.6785349 2.0310377 1.6785349 1.0703373 0.9913169 2.1983953 9.0000000 
t4         1.1586745 1.4396946 1.2070784 9.0000000 0.8545757 0.6626257 1.7786835 2.1983953 1.2588231 0.0000000 0.4348639 2.0310377 2.0310377 2.1983953 1.3144041 1.5111773 0.7126442 0.6388142 2.0310377 9.0000000 
t7         1.2070784 1.5901977 1.3744361 9.0000000 1.0703373 0.8864954 1.4396946 1.6785349 1.4396946 0.4348639 0.0000000 2.1983953 1.6785349 1.8942965 1.3144041 1.6785349 0.8239592 0.7945437 1.6785349 2.7182557 
t13        1.7786835 2.7182557 1.8942965 1.7786835 9.0000000 2.0310377 1.1132061 9.0000000 3.2381161 2.0310377 2.1983953 0.0000000 0.8239592 0.7945437 9.0000000 9.0000000 3.2381161 9.0000000 0.6872180 0.8545757 
t16        1.2588231 2.7182557 1.3144041 1.7786835 1.3744361 1.4396946 1.0297869 2.7182557 1.7786835 2.0310377 1.6785349 0.8239592 0.0000000 0.2892469 9.0000000 9.0000000 1.4396946 2.4141569 0.8545757 0.9198342 
t17        1.5111773 2.7182557 1.5901977 1.7786835 1.6785349 1.6785349 0.9547243 2.1983953 1.6785349 2.1983953 1.8942965 0.7945437 0.2892469 0.0000000 9.0000000 3.2381161 1.7786835 9.0000000 0.7662384 0.8545757 
t14        9.0000000 9.0000000 2.4141569 9.0000000 1.7786835 1.7786835 3.2381161 0.9913169 2.0310377 1.3144041 1.3144041 9.0000000 9.0000000 9.0000000 0.0000000 0.2892469 1.6785349 2.1983953 9.0000000 9.0000000 
t11        2.1983953 9.0000000 9.0000000 9.0000000 1.4396946 1.5111773 9.0000000 0.9198342 1.6785349 1.5111773 1.6785349 9.0000000 9.0000000 3.2381161 0.2892469 0.0000000 1.8942965 2.7182557 9.0000000 9.0000000 
t5         1.0703373 3.2381161 1.4396946 3.2381161 0.9198342 0.7389627 1.7786835 2.0310377 1.0703373 0.7126442 0.8239592 3.2381161 1.4396946 1.7786835 1.6785349 1.8942965 0.0000000 0.4714565 9.0000000 9.0000000 
t18        0.8239592 9.0000000 1.2588231 3.2381161 0.9913169 0.7662384 1.8942965 9.0000000 0.9913169 0.6388142 0.7945437 9.0000000 2.4141569 9.0000000 2.1983953 2.7182557 0.4714565 0.0000000 9.0000000 9.0000000 
t10        1.7786835 2.1983953 1.4396946 1.3144041 2.1983953 1.5901977 1.1132061 2.4141569 2.1983953 2.0310377 1.6785349 0.6872180 0.8545757 0.7662384 9.0000000 9.0000000 9.0000000 9.0000000 0.0000000 0.2191023 
t1         3.2381161 3.2381161 1.2588231 1.5901977 9.0000000 2.1983953 1.0703373 3.2381161 9.0000000 9.0000000 2.7182557 0.8545757 0.9198342 0.8545757 9.0000000 9.0000000 9.0000000 9.0000000 0.2191023 0.0000000 
