20
t16        0.0000000 2.7182557 2.0310377 3.2381161 1.6785349 1.3744361 2.4141569 3.2381161 9.0000000 2.4141569 1.8942965 1.5901977 1.6785349 9.0000000 9.0000000 1.5901977 9.0000000 9.0000000 2.0310377 2.4141569 
t11        2.7182557 0.0000000 9.0000000 2.4141569 1.2070784 2.1983953 9.0000000 9.0000000 3.2381161 9.0000000 1.3144041 1.7786835 1.6785349 9.0000000 1.8942965 2.0310377 9.0000000 9.0000000 2.4141569 2.4141569 
t19        2.0310377 9.0000000 0.0000000 9.0000000 9.0000000 3.2381161 9.0000000 9.0000000 3.2381161 3.2381161 9.0000000 9.0000000 2.1983953 1.7786835 1.5901977 9.0000000 3.2381161 2.4141569 9.0000000 9.0000000 
t10        3.2381161 2.4141569 9.0000000 0.0000000 0.6872180 1.4396946 3.2381161 1.2070784 1.2070784 1.4396946 1.0703373 0.8545757 2.0310377 1.6785349 1.3744361 9.0000000 1.1132061 0.9547243 2.1983953 2.0310377 
t13        1.6785349 1.2070784 9.0000000 0.6872180 0.0000000 0.9198342 1.7786835 0.9547243 1.1586745 1.7786835 1.0297869 0.6872180 1.5901977 2.7182557 3.2381161 2.1983953 1.2070784 1.0297869 1.6785349 1.6785349 
t7         1.3744361 2.1983953 3.2381161 1.4396946 0.9198342 0.0000000 1.6785349 1.0297869 1.2070784 1.3144041 1.2070784 0.7662384 1.8942965 9.0000000 9.0000000 1.6785349 1.2588231 1.0703373 1.5111773 1.8942965 
t6         2.4141569 9.0000000 9.0000000 3.2381161 1.7786835 1.6785349 0.0000000 0.8864954 1.3144041 1.8942965 2.4141569 1.3744361 9.0000000 3.2381161 9.0000000 3.2381161 1.7786835 1.5111773 2.4141569 2.7182557 
t15        3.2381161 9.0000000 9.0000000 1.2070784 0.9547243 1.0297869 0.8864954 0.0000000 0.4348639 1.1132061 1.0703373 0.7126442 2.1983953 2.7182557 2.4141569 1.7786835 0.7662384 0.8864954 1.3144041 1.4396946 
t2         9.0000000 3.2381161 3.2381161 1.2070784 1.1586745 1.2070784 1.3144041 0.4348639 0.0000000 1.0703373 1.2588231 0.9913169 2.7182557 2.4141569 1.6785349 2.1983953 0.9913169 0.9913169 1.5901977 1.4396946 
t14        2.4141569 9.0000000 3.2381161 1.4396946 1.7786835 1.3144041 1.8942965 1.1132061 1.0703373 0.0000000 1.3744361 0.9913169 0.8545757 2.0310377 2.4141569 0.8864954 1.4396946 1.3744361 0.7389627 0.7389627 
t9         1.8942965 1.3144041 9.0000000 1.0703373 1.0297869 1.2070784 2.4141569 1.0703373 1.2588231 1.3744361 0.0000000 0.3999739 1.8942965 2.4141569 2.1983953 9.0000000 1.1586745 2.0310377 1.8942965 2.7182557 
t5         1.5901977 1.7786835 9.0000000 0.8545757 0.6872180 0.7662384 1.3744361 0.7126442 0.9913169 0.9913169 0.3999739 0.0000000 1.5111773 2.1983953 3.2381161 1.8942965 0.8545757 0.9198342 1.4396946 1.5901977 
t12        1.6785349 1.6785349 2.1983953 2.0310377 1.5901977 1.8942965 9.0000000 2.1983953 2.7182557 0.8545757 1.8942965 1.5111773 0.0000000 2.0310377 2.4141569 0.3666350 1.8942965 1.5111773 0.3040988 0.3505054 
t20        9.0000000 9.0000000 1.7786835 1.6785349 2.7182557 9.0000000 3.2381161 2.7182557 2.4141569 2.0310377 2.4141569 2.1983953 2.0310377 0.0000000 0.4529370 2.4141569 2.0310377 3.2381161 2.0310377 9.0000000 
t1         9.0000000 1.8942965 1.5901977 1.3744361 3.2381161 9.0000000 9.0000000 2.4141569 1.6785349 2.4141569 2.1983953 3.2381161 2.4141569 0.4529370 0.0000000 9.0000000 2.1983953 9.0000000 3.2381161 9.0000000 
t17        1.5901977 2.0310377 9.0000000 9.0000000 2.1983953 1.6785349 3.2381161 1.7786835 2.1983953 0.8864954 9.0000000 1.8942965 0.3666350 2.4141569 9.0000000 0.0000000 2.0310377 1.4396946 0.1799630 0.2191023 
t4         9.0000000 9.0000000 3.2381161 1.1132061 1.2070784 1.2588231 1.7786835 0.7662384 0.9913169 1.4396946 1.1586745 0.8545757 1.8942965 2.0310377 2.1983953 2.0310377 0.0000000 0.4904449 1.7786835 1.7786835 
t3         9.0000000 9.0000000 2.4141569 0.9547243 1.0297869 1.0703373 1.5111773 0.8864954 0.9913169 1.3744361 2.0310377 0.9198342 1.5111773 3.2381161 9.0000000 1.4396946 0.4904449 0.0000000 1.3144041 1.3144041 
t18        2.0310377 2.4141569 9.0000000 2.1983953 1.6785349 1.5111773 2.4141569 1.3144041 1.5901977 0.7389627 1.8942965 1.4396946 0.3040988 2.0310377 3.2381161 0.1799630 1.7786835 1.3144041 0.0000000 0.1307650 
t8         2.4141569 2.4141569 9.0000000 2.0310377 1.6785349 1.8942965 2.7182557 1.4396946 1.4396946 0.7389627 2.7182557 1.5901977 0.3505054 9.0000000 9.0000000 0.2191023 1.7786835 1.3144041 0.1307650 0.0000000 
