20
t12        0.0000000 1.0703373 1.3744361 1.5111773 1.2070784 1.2588231 1.1132061 1.5111773 1.5901977 1.6785349 0.9913169 1.3744361 1.4396946 1.2588231 1.1586745 1.2070784 1.4396946 1.4396946 1.3744361 1.4396946 
t1         1.0703373 0.0000000 1.1586745 1.2070784 0.9547243 2.1983953 0.7389627 2.1983953 1.5111773 1.0297869 1.0297869 1.5111773 3.2381161 1.5901977 1.5111773 0.9198342 1.0297869 0.8545757 1.3144041 1.3744361 
t17        1.3744361 1.1586745 0.0000000 1.3144041 1.3144041 1.8942965 1.0297869 1.2070784 1.5111773 1.4396946 1.2588231 1.2070784 2.4141569 1.7786835 1.7786835 0.8864954 0.8864954 0.9198342 1.4396946 1.3144041 
t2         1.5111773 1.2070784 1.3144041 0.0000000 0.7945437 0.9198342 0.9198342 1.2588231 1.2588231 1.1132061 1.2070784 1.1586745 1.3744361 1.4396946 1.5901977 0.9547243 1.1586745 0.9547243 1.3744361 1.3744361 
t13        1.2070784 0.9547243 1.3144041 0.7945437 0.0000000 1.2588231 0.7126442 2.0310377 1.4396946 1.2070784 0.7945437 1.0703373 1.8942965 1.4396946 1.4396946 1.1586745 1.3744361 1.3744361 1.3744361 1.1132061 
t20        1.2588231 2.1983953 1.8942965 0.9198342 1.2588231 0.0000000 1.4396946 2.0310377 1.8942965 2.4141569 1.4396946 2.0310377 2.7182557 2.4141569 2.4141569 1.1586745 1.1586745 1.2588231 1.8942965 2.0310377 
t6         1.1132061 0.7389627 1.0297869 0.9198342 0.7126442 1.4396946 0.0000000 1.2070784 1.2070784 0.9547243 0.8239592 1.2070784 1.4396946 1.3744361 1.2588231 0.4714565 0.5099265 0.5099265 0.9547243 0.8545757 
t18        1.5111773 2.1983953 1.2070784 1.2588231 2.0310377 2.0310377 1.2070784 0.0000000 1.3744361 1.0703373 1.5901977 1.6785349 1.2070784 1.2588231 1.0297869 1.1586745 1.2588231 1.3144041 2.1983953 2.1983953 
t11        1.5901977 1.5111773 1.5111773 1.2588231 1.4396946 1.8942965 1.2070784 1.3744361 0.0000000 0.6157354 1.3144041 1.7786835 1.5111773 1.6785349 1.5111773 1.0703373 1.4396946 1.2588231 1.7786835 1.5111773 
t9         1.6785349 1.0297869 1.4396946 1.1132061 1.2070784 2.4141569 0.9547243 1.0703373 0.6157354 0.0000000 1.0703373 1.3744361 1.0703373 1.2070784 1.0703373 1.0703373 1.2588231 1.1586745 1.5111773 1.6785349 
t8         0.9913169 1.0297869 1.2588231 1.2070784 0.7945437 1.4396946 0.8239592 1.5901977 1.3144041 1.0703373 0.0000000 0.5299277 1.4396946 1.0297869 0.9198342 0.9198342 0.7662384 0.9913169 0.6872180 0.6872180 
t19        1.3744361 1.5111773 1.2070784 1.1586745 1.0703373 2.0310377 1.2070784 1.6785349 1.7786835 1.3744361 0.5299277 0.0000000 2.4141569 1.5901977 1.5901977 1.3144041 0.8864954 1.2588231 0.5933457 0.5716050 
t10        1.4396946 3.2381161 2.4141569 1.3744361 1.8942965 2.7182557 1.4396946 1.2070784 1.5111773 1.0703373 1.4396946 2.4141569 0.0000000 0.4348639 0.5099265 1.3744361 1.6785349 1.8942965 2.7182557 2.4141569 
t7         1.2588231 1.5901977 1.7786835 1.4396946 1.4396946 2.4141569 1.3744361 1.2588231 1.6785349 1.2070784 1.0297869 1.5901977 0.4348639 0.0000000 0.1927838 1.1586745 1.7786835 1.6785349 1.3744361 1.2070784 
t15        1.1586745 1.5111773 1.7786835 1.5901977 1.4396946 2.4141569 1.2588231 1.0297869 1.5111773 1.0703373 0.9198342 1.5901977 0.5099265 0.1927838 0.0000000 1.0703373 1.3744361 1.5901977 1.3744361 1.2588231 
t3         1.2070784 0.9198342 0.8864954 0.9547243 1.1586745 1.1586745 0.4714565 1.1586745 1.0703373 1.0703373 0.9198342 1.3144041 1.3744361 1.1586745 1.0703373 0.0000000 0.3040988 0.2746833 1.1586745 1.1132061 
t16        1.4396946 1.0297869 0.8864954 1.1586745 1.3744361 1.1586745 0.5099265 1.2588231 1.4396946 1.2588231 0.7662384 0.8864954 1.6785349 1.7786835 1.3744361 0.3040988 0.0000000 0.2058276 1.0703373 1.0297869 
t4         1.4396946 0.8545757 0.9198342 0.9547243 1.3744361 1.2588231 0.5099265 1.3144041 1.2588231 1.1586745 0.9913169 1.2588231 1.8942965 1.6785349 1.5901977 0.2746833 0.2058276 0.0000000 1.0297869 1.1132061 
t14        1.3744361 1.3144041 1.4396946 1.3744361 1.3744361 1.8942965 0.9547243 2.1983953 1.7786835 1.5111773 0.6872180 0.5933457 2.7182557 1.3744361 1.3744361 1.1586745 1.0703373 1.0297869 0.0000000 0.0958750 
t5         1.4396946 1.3744361 1.3144041 1.3744361 1.1132061 2.0310377 0.8545757 2.1983953 1.5111773 1.6785349 0.6872180 0.5716050 2.4141569 1.2070784 1.2588231 1.1132061 1.0297869 1.1132061 0.0958750 0.0000000 
