20
t4         0.0000000 0.5299277 1.8942965 0.6872180 0.7945437 1.5111773 2.1983953 1.6785349 0.9547243 1.0703373 3.2381161 9.0000000 1.1132061 1.3744361 0.8545757 0.7126442 0.6872180 0.7662384 1.2070784 1.1586745 
t19        0.5299277 0.0000000 1.3744361 0.3347153 0.4348639 1.2070784 2.7182557 0.9913169 0.8545757 1.0703373 2.0310377 9.0000000 0.9198342 1.3744361 0.7389627 0.7389627 0.4172160 0.4529370 0.6388142 0.6157354 
t6         1.8942965 1.3744361 0.0000000 1.7786835 1.8942965 1.6785349 9.0000000 1.7786835 1.0703373 1.3144041 9.0000000 1.7786835 1.1132061 1.6785349 1.2070784 1.5111773 1.3144041 1.4396946 1.6785349 1.7786835 
t10        0.6872180 0.3347153 1.7786835 0.0000000 0.7126442 1.2588231 9.0000000 1.1586745 0.7945437 0.9547243 1.6785349 2.1983953 1.0703373 1.8942965 0.8864954 0.8545757 0.6388142 0.6872180 0.8864954 0.8545757 
t12        0.7945437 0.4348639 1.8942965 0.7126442 0.0000000 1.2070784 9.0000000 1.3744361 1.0297869 1.3144041 9.0000000 9.0000000 1.2070784 2.0310377 1.1586745 0.9913169 0.9198342 0.9547243 1.0703373 1.0703373 
t14        1.5111773 1.2070784 1.6785349 1.2588231 1.2070784 0.0000000 9.0000000 0.9547243 1.0297869 0.9913169 9.0000000 9.0000000 0.6872180 1.2070784 0.8239592 0.8545757 1.1132061 1.3144041 1.5901977 1.6785349 
t8         2.1983953 2.7182557 9.0000000 9.0000000 9.0000000 9.0000000 0.0000000 2.7182557 1.7786835 2.4141569 0.9198342 0.6388142 9.0000000 2.7182557 1.6785349 1.7786835 1.6785349 1.7786835 1.3744361 1.3144041 
t17        1.6785349 0.9913169 1.7786835 1.1586745 1.3744361 0.9547243 2.7182557 0.0000000 0.6626257 0.6157354 2.0310377 9.0000000 0.5504769 1.0297869 0.5504769 0.7389627 0.7389627 0.8239592 1.2588231 1.3144041 
t11        0.9547243 0.8545757 1.0703373 0.7945437 1.0297869 1.0297869 1.7786835 0.6626257 0.0000000 0.7389627 2.1983953 2.1983953 0.5933457 1.1586745 0.3999739 0.4714565 0.8545757 0.8239592 0.9913169 0.9913169 
t18        1.0703373 1.0703373 1.3144041 0.9547243 1.3144041 0.9913169 2.4141569 0.6157354 0.7389627 0.0000000 1.7786835 1.8942965 0.6626257 1.2588231 0.6626257 0.6872180 1.3744361 1.3744361 1.1586745 1.2070784 
t9         3.2381161 2.0310377 9.0000000 1.6785349 9.0000000 9.0000000 0.9198342 2.0310377 2.1983953 1.7786835 0.0000000 0.7662384 9.0000000 9.0000000 2.7182557 2.1983953 1.8942965 2.4141569 1.7786835 1.6785349 
t20        9.0000000 9.0000000 1.7786835 2.1983953 9.0000000 9.0000000 0.6388142 9.0000000 2.1983953 1.8942965 0.7662384 0.0000000 9.0000000 9.0000000 2.7182557 9.0000000 9.0000000 9.0000000 2.7182557 2.4141569 
t3         1.1132061 0.9198342 1.1132061 1.0703373 1.2070784 0.6872180 9.0000000 0.5504769 0.5933457 0.6626257 9.0000000 9.0000000 0.0000000 0.4348639 0.4714565 0.5716050 0.8239592 0.9913169 1.3144041 1.3744361 
t13        1.3744361 1.3744361 1.6785349 1.8942965 2.0310377 1.2070784 2.7182557 1.0297869 1.1586745 1.2588231 9.0000000 9.0000000 0.4348639 0.0000000 0.9198342 0.9913169 1.2070784 1.4396946 1.8942965 2.0310377 
t15        0.8545757 0.7389627 1.2070784 0.8864954 1.1586745 0.8239592 1.6785349 0.5504769 0.3999739 0.6626257 2.7182557 2.7182557 0.4714565 0.9198342 0.0000000 0.2603971 0.7662384 0.7945437 0.8545757 0.8864954 
t5         0.7126442 0.7389627 1.5111773 0.8545757 0.9913169 0.8545757 1.7786835 0.7389627 0.4714565 0.6872180 2.1983953 9.0000000 0.5716050 0.9913169 0.2603971 0.0000000 0.6388142 0.6872180 0.8864954 0.9198342 
t2         0.6872180 0.4172160 1.3144041 0.6388142 0.9198342 1.1132061 1.6785349 0.7389627 0.8545757 1.3744361 1.8942965 9.0000000 0.8239592 1.2070784 0.7662384 0.6388142 0.0000000 0.0517447 1.0297869 0.9913169 
t7         0.7662384 0.4529370 1.4396946 0.6872180 0.9547243 1.3144041 1.7786835 0.8239592 0.8239592 1.3744361 2.4141569 9.0000000 0.9913169 1.4396946 0.7945437 0.6872180 0.0517447 0.0000000 1.0297869 0.9913169 
t1         1.2070784 0.6388142 1.6785349 0.8864954 1.0703373 1.5901977 1.3744361 1.2588231 0.9913169 1.1586745 1.7786835 2.7182557 1.3144041 1.8942965 0.8545757 0.8864954 1.0297869 1.0297869 0.0000000 0.0100673 
t16        1.1586745 0.6157354 1.7786835 0.8545757 1.0703373 1.6785349 1.3144041 1.3144041 0.9913169 1.2070784 1.6785349 2.4141569 1.3744361 2.0310377 0.8864954 0.9198342 0.9913169 0.9913169 0.0100673 0.0000000 
