20
t3         0.0000000 0.7389627 2.4141569 0.8239592 1.3144041 1.6785349 1.2588231 0.9547243 0.7662384 0.9913169 1.4396946 1.2588231 1.4396946 1.2070784 1.5901977 1.8942965 1.1132061 1.1132061 0.6872180 0.7126442 
t8         0.7389627 0.0000000 3.2381161 0.9198342 1.0703373 1.2588231 1.6785349 1.1586745 0.8545757 1.0703373 1.1132061 2.4141569 9.0000000 2.7182557 1.4396946 1.5111773 1.7786835 1.7786835 0.6626257 0.6626257 
t9         2.4141569 3.2381161 0.0000000 1.6785349 2.1983953 1.8942965 9.0000000 9.0000000 1.6785349 1.5111773 1.7786835 2.0310377 2.7182557 2.7182557 9.0000000 3.2381161 2.1983953 2.0310377 2.4141569 1.7786835 
t10        0.8239592 0.9198342 1.6785349 0.0000000 1.7786835 1.5901977 2.4141569 1.6785349 0.6626257 1.3144041 1.7786835 2.7182557 3.2381161 2.4141569 1.6785349 2.0310377 3.2381161 9.0000000 0.6157354 0.5933457 
t7         1.3144041 1.0703373 2.1983953 1.7786835 0.0000000 0.6626257 2.1983953 1.2588231 1.2588231 1.1586745 1.5901977 9.0000000 9.0000000 9.0000000 1.7786835 2.7182557 1.1132061 1.1132061 1.2588231 1.1132061 
t20        1.6785349 1.2588231 1.8942965 1.5901977 0.6626257 0.0000000 2.0310377 1.5111773 1.0703373 1.3744361 2.7182557 2.1983953 2.7182557 2.7182557 9.0000000 9.0000000 1.8942965 1.8942965 1.4396946 1.3144041 
t11        1.2588231 1.6785349 9.0000000 2.4141569 2.1983953 2.0310377 0.0000000 0.4348639 1.6785349 2.7182557 9.0000000 1.8942965 2.1983953 1.6785349 9.0000000 9.0000000 1.4396946 1.5111773 1.6785349 1.5111773 
t12        0.9547243 1.1586745 9.0000000 1.6785349 1.2588231 1.5111773 0.4348639 0.0000000 1.1586745 1.4396946 2.1983953 1.4396946 1.5111773 1.2070784 2.0310377 9.0000000 1.3144041 1.3144041 0.9913169 0.8864954 
t13        0.7662384 0.8545757 1.6785349 0.6626257 1.2588231 1.0703373 1.6785349 1.1586745 0.0000000 1.3144041 1.6785349 1.4396946 1.4396946 1.3744361 1.3144041 1.5901977 1.4396946 1.4396946 0.3347153 0.3666350 
t5         0.9913169 1.0703373 1.5111773 1.3144041 1.1586745 1.3744361 2.7182557 1.4396946 1.3144041 0.0000000 0.5099265 1.3744361 1.4396946 1.4396946 2.1983953 2.1983953 2.4141569 2.4141569 0.9547243 0.9547243 
t6         1.4396946 1.1132061 1.7786835 1.7786835 1.5901977 2.7182557 9.0000000 2.1983953 1.6785349 0.5099265 0.0000000 2.4141569 9.0000000 2.4141569 2.1983953 1.5901977 2.4141569 2.4141569 1.4396946 1.5111773 
t18        1.2588231 2.4141569 2.0310377 2.7182557 9.0000000 2.1983953 1.8942965 1.4396946 1.4396946 1.3744361 2.4141569 0.0000000 0.1427653 0.1673577 1.6785349 2.7182557 9.0000000 9.0000000 1.3144041 1.3744361 
t14        1.4396946 9.0000000 2.7182557 3.2381161 9.0000000 2.7182557 2.1983953 1.5111773 1.4396946 1.4396946 9.0000000 0.1427653 0.0000000 0.2746833 1.5901977 2.4141569 9.0000000 9.0000000 1.4396946 1.5111773 
t17        1.2070784 2.7182557 2.7182557 2.4141569 9.0000000 2.7182557 1.6785349 1.2070784 1.3744361 1.4396946 2.4141569 0.1673577 0.2746833 0.0000000 1.5901977 9.0000000 9.0000000 9.0000000 1.3144041 1.3744361 
t19        1.5901977 1.4396946 9.0000000 1.6785349 1.7786835 9.0000000 9.0000000 2.0310377 1.3144041 2.1983953 2.1983953 1.6785349 1.5901977 1.5901977 0.0000000 0.2746833 1.6785349 1.5901977 1.3744361 1.2588231 
t1         1.8942965 1.5111773 3.2381161 2.0310377 2.7182557 9.0000000 9.0000000 9.0000000 1.5901977 2.1983953 1.5901977 2.7182557 2.4141569 9.0000000 0.2746833 0.0000000 1.5111773 1.4396946 1.5111773 1.4396946 
t16        1.1132061 1.7786835 2.1983953 3.2381161 1.1132061 1.8942965 1.4396946 1.3144041 1.4396946 2.4141569 2.4141569 9.0000000 9.0000000 9.0000000 1.6785349 1.5111773 0.0000000 0.0202715 1.3144041 1.3144041 
t2         1.1132061 1.7786835 2.0310377 9.0000000 1.1132061 1.8942965 1.5111773 1.3144041 1.4396946 2.4141569 2.4141569 9.0000000 9.0000000 9.0000000 1.5901977 1.4396946 0.0202715 0.0000000 1.3144041 1.3144041 
t15        0.6872180 0.6626257 2.4141569 0.6157354 1.2588231 1.4396946 1.6785349 0.9913169 0.3347153 0.9547243 1.4396946 1.3144041 1.4396946 1.3144041 1.3744361 1.5111773 1.3144041 1.3144041 0.0000000 0.0845966 
t4         0.7126442 0.6626257 1.7786835 0.5933457 1.1132061 1.3144041 1.5111773 0.8864954 0.3666350 0.9547243 1.5111773 1.3744361 1.5111773 1.3744361 1.2588231 1.4396946 1.3144041 1.3144041 0.0845966 0.0000000 
