20
t15        0.0000000 1.3744361 0.8864954 1.3744361 1.1132061 1.2070784 0.9913169 0.9913169 0.8545757 0.5716050 1.1132061 0.9198342 0.8239592 1.2070784 1.3144041 1.1586745 0.6388142 0.7126442 0.8239592 0.8239592 
t5         1.3744361 0.0000000 0.8545757 1.4396946 0.9913169 1.5901977 0.8239592 1.0297869 0.8864954 0.7945437 0.9913169 0.9198342 1.1586745 1.1132061 1.0297869 0.9198342 1.0703373 1.2070784 0.8545757 0.7662384 
t11        0.8864954 0.8545757 0.0000000 0.4714565 0.3666350 0.5504769 0.3666350 0.5504769 0.6388142 0.5504769 0.4904449 0.2892469 0.8239592 0.9198342 0.8864954 0.7945437 0.7389627 0.7662384 0.3999739 0.4348639 
t10        1.3744361 1.4396946 0.4714565 0.0000000 0.8545757 0.7662384 0.7662384 0.7389627 1.1586745 1.0297869 0.7662384 0.5299277 1.3144041 1.0703373 1.1586745 0.9913169 1.4396946 1.5111773 0.7126442 0.7389627 
t1         1.1132061 0.9913169 0.3666350 0.8545757 0.0000000 0.5299277 0.4714565 0.9198342 0.8545757 0.6872180 0.6388142 0.3666350 0.9547243 1.0297869 0.9198342 1.0703373 0.8545757 0.9198342 0.5716050 0.5504769 
t12        1.2070784 1.5901977 0.5504769 0.7662384 0.5299277 0.0000000 0.4904449 1.1132061 1.0297869 0.8864954 0.9913169 0.6388142 1.0703373 1.1586745 1.2070784 1.5901977 1.0703373 1.2588231 0.7945437 0.8239592 
t7         0.9913169 0.8239592 0.3666350 0.7662384 0.4714565 0.4904449 0.0000000 0.8864954 0.8864954 0.7662384 0.6157354 0.4714565 0.8864954 1.1132061 0.8864954 0.9547243 0.9913169 1.0297869 0.5716050 0.5933457 
t3         0.9913169 1.0297869 0.5504769 0.7389627 0.9198342 1.1132061 0.8864954 0.0000000 0.7662384 0.6157354 0.7945437 0.5933457 1.1132061 0.8864954 0.9198342 0.7662384 0.8239592 0.9198342 0.3666350 0.4172160 
t19        0.8545757 0.8864954 0.6388142 1.1586745 0.8545757 1.0297869 0.8864954 0.7662384 0.0000000 0.1673577 0.7945437 0.8545757 0.5933457 0.8864954 1.1132061 0.8864954 0.3999739 0.4904449 0.6388142 0.5933457 
t17        0.5716050 0.7945437 0.5504769 1.0297869 0.6872180 0.8864954 0.7662384 0.6157354 0.1673577 0.0000000 0.6872180 0.6388142 0.4172160 0.8545757 0.9547243 0.7662384 0.2326162 0.3192509 0.4904449 0.4348639 
t6         1.1132061 0.9913169 0.4904449 0.7662384 0.6388142 0.9913169 0.6157354 0.7945437 0.7945437 0.6872180 0.0000000 0.2603971 0.9547243 1.3144041 1.0297869 0.9913169 0.9547243 1.0703373 0.6157354 0.6157354 
t20        0.9198342 0.9198342 0.2892469 0.5299277 0.3666350 0.6388142 0.4714565 0.5933457 0.8545757 0.6388142 0.2603971 0.0000000 0.7389627 1.0297869 0.8239592 0.8545757 0.7945437 0.9198342 0.4348639 0.4529370 
t14        0.8239592 1.1586745 0.8239592 1.3144041 0.9547243 1.0703373 0.8864954 1.1132061 0.5933457 0.4172160 0.9547243 0.7389627 0.0000000 1.2070784 0.8864954 0.9198342 0.3666350 0.4714565 0.8239592 0.7126442 
t18        1.2070784 1.1132061 0.9198342 1.0703373 1.0297869 1.1586745 1.1132061 0.8864954 0.8864954 0.8545757 1.3144041 1.0297869 1.2070784 0.0000000 0.6157354 0.5299277 0.7389627 0.9198342 0.7662384 0.7126442 
t13        1.3144041 1.0297869 0.8864954 1.1586745 0.9198342 1.2070784 0.8864954 0.9198342 1.1132061 0.9547243 1.0297869 0.8239592 0.8864954 0.6157354 0.0000000 0.3040988 0.9547243 1.0703373 0.5933457 0.6626257 
t16        1.1586745 0.9198342 0.7945437 0.9913169 1.0703373 1.5901977 0.9547243 0.7662384 0.8864954 0.7662384 0.9913169 0.8545757 0.9198342 0.5299277 0.3040988 0.0000000 0.7662384 0.8864954 0.6157354 0.5504769 
t9         0.6388142 1.0703373 0.7389627 1.4396946 0.8545757 1.0703373 0.9913169 0.8239592 0.3999739 0.2326162 0.9547243 0.7945437 0.3666350 0.7389627 0.9547243 0.7662384 0.0000000 0.1427653 0.6626257 0.6626257 
t2         0.7126442 1.2070784 0.7662384 1.5111773 0.9198342 1.2588231 1.0297869 0.9198342 0.4904449 0.3192509 1.0703373 0.9198342 0.4714565 0.9198342 1.0703373 0.8864954 0.1427653 0.0000000 0.7662384 0.7126442 
t8         0.8239592 0.8545757 0.3999739 0.7126442 0.5716050 0.7945437 0.5716050 0.3666350 0.6388142 0.4904449 0.6157354 0.4348639 0.8239592 0.7662384 0.5933457 0.6157354 0.6626257 0.7662384 0.0000000 0.1427653 
t4         0.8239592 0.7662384 0.4348639 0.7389627 0.5504769 0.8239592 0.5933457 0.4172160 0.5933457 0.4348639 0.6157354 0.4529370 0.7126442 0.7126442 0.6626257 0.5504769 0.6626257 0.7126442 0.1427653 0.0000000 
