20
t18        0.0000000 0.7662384 0.8239592 1.4396946 0.3999739 0.3999739 0.5299277 0.8239592 0.7945437 0.8545757 0.7945437 0.7389627 0.6626257 0.7126442 0.5933457 0.7126442 0.7389627 0.6388142 0.7945437 0.7662384 
t9         0.7662384 0.0000000 0.6626257 1.7786835 0.6626257 0.6626257 0.7945437 1.0703373 1.0297869 1.0297869 0.9547243 1.1132061 0.7945437 0.8864954 1.0297869 1.1586745 0.8864954 0.7945437 0.9198342 0.8239592 
t4         0.8239592 0.6626257 0.0000000 1.7786835 0.7126442 0.6872180 0.6388142 0.9547243 0.8864954 0.8864954 0.9547243 0.7945437 0.8545757 0.8239592 0.7945437 0.9913169 0.7662384 0.8239592 0.6872180 0.8864954 
t2         1.4396946 1.7786835 1.7786835 0.0000000 0.9198342 0.8864954 1.1586745 1.7786835 1.7786835 1.5901977 1.5901977 1.2070784 1.3144041 1.6785349 1.1132061 1.1132061 1.2070784 1.0297869 1.2588231 1.0703373 
t8         0.3999739 0.6626257 0.7126442 0.9198342 0.0000000 0.0625362 0.3505054 0.7945437 0.7389627 0.7389627 0.7389627 0.4714565 0.5099265 0.5504769 0.5099265 0.5716050 0.5716050 0.5099265 0.6626257 0.6157354 
t12        0.3999739 0.6626257 0.6872180 0.8864954 0.0625362 0.0000000 0.3831192 0.7945437 0.7389627 0.7389627 0.7389627 0.5099265 0.5299277 0.5504769 0.5299277 0.6157354 0.5933457 0.5099265 0.6872180 0.5933457 
t16        0.5299277 0.7945437 0.6388142 1.1586745 0.3505054 0.3831192 0.0000000 0.8545757 0.7662384 0.6626257 0.7126442 0.3347153 0.7126442 0.6872180 0.2746833 0.4172160 0.2058276 0.1427653 0.2892469 0.2326162 
t13        0.8239592 1.0703373 0.9547243 1.7786835 0.7945437 0.7945437 0.8545757 0.0000000 0.0625362 0.2058276 0.1799630 1.2070784 0.4172160 0.4348639 0.9913169 1.5111773 1.1132061 1.0297869 1.0297869 0.9913169 
t6         0.7945437 1.0297869 0.8864954 1.7786835 0.7389627 0.7389627 0.7662384 0.0625362 0.0000000 0.1549607 0.1307650 1.1586745 0.3999739 0.4348639 0.9547243 1.3744361 0.9913169 0.9913169 1.1132061 0.9913169 
t20        0.8545757 1.0297869 0.8864954 1.5901977 0.7389627 0.7389627 0.6626257 0.2058276 0.1549607 0.0000000 0.0625362 1.0703373 0.4529370 0.4714565 0.9547243 1.3144041 0.9198342 0.8864954 0.9913169 0.8239592 
t14        0.7945437 0.9547243 0.9547243 1.5901977 0.7389627 0.7389627 0.7126442 0.1799630 0.1307650 0.0625362 0.0000000 1.0703373 0.4348639 0.4529370 0.9198342 1.2070784 0.9198342 0.9547243 1.0703373 0.8864954 
t10        0.7389627 1.1132061 0.7945437 1.2070784 0.4714565 0.5099265 0.3347153 1.2070784 1.1586745 1.0703373 1.0703373 0.0000000 1.0297869 0.9913169 0.4172160 0.5299277 0.4714565 0.4904449 0.5933457 0.5716050 
t17        0.6626257 0.7945437 0.8545757 1.3144041 0.5099265 0.5299277 0.7126442 0.4172160 0.3999739 0.4529370 0.4348639 1.0297869 0.0000000 0.1549607 0.8545757 1.1132061 0.7662384 0.8864954 1.0297869 0.9198342 
t7         0.7126442 0.8864954 0.8239592 1.6785349 0.5504769 0.5504769 0.6872180 0.4348639 0.4348639 0.4714565 0.4529370 0.9913169 0.1549607 0.0000000 0.8239592 1.1132061 0.8239592 0.8864954 1.1586745 1.1132061 
t3         0.5933457 1.0297869 0.7945437 1.1132061 0.5099265 0.5299277 0.2746833 0.9913169 0.9547243 0.9547243 0.9198342 0.4172160 0.8545757 0.8239592 0.0000000 0.1427653 0.4714565 0.3831192 0.4529370 0.4904449 
t19        0.7126442 1.1586745 0.9913169 1.1132061 0.5716050 0.6157354 0.4172160 1.5111773 1.3744361 1.3144041 1.2070784 0.5299277 1.1132061 1.1132061 0.1427653 0.0000000 0.5933457 0.5716050 0.6388142 0.6157354 
t5         0.7389627 0.8864954 0.7662384 1.2070784 0.5716050 0.5933457 0.2058276 1.1132061 0.9913169 0.9198342 0.9198342 0.4714565 0.7662384 0.8239592 0.4714565 0.5933457 0.0000000 0.1927838 0.3505054 0.2326162 
t15        0.6388142 0.7945437 0.8239592 1.0297869 0.5099265 0.5099265 0.1427653 1.0297869 0.9913169 0.8864954 0.9547243 0.4904449 0.8864954 0.8864954 0.3831192 0.5716050 0.1927838 0.0000000 0.2603971 0.2058276 
t11        0.7945437 0.9198342 0.6872180 1.2588231 0.6626257 0.6872180 0.2892469 1.0297869 1.1132061 0.9913169 1.0703373 0.5933457 1.0297869 1.1586745 0.4529370 0.6388142 0.3505054 0.2603971 0.0000000 0.2892469 
t1         0.7662384 0.8239592 0.8864954 1.0703373 0.6157354 0.5933457 0.2326162 0.9913169 0.9913169 0.8239592 0.8864954 0.5716050 0.9198342 1.1132061 0.4904449 0.6157354 0.2326162 0.2058276 0.2892469 0.0000000 
