20
t19        0.0000000 0.6388142 0.7662384 0.4348639 0.3040988 0.2326162 0.4904449 0.3192509 0.3347153 0.4348639 0.2746833 0.2463781 0.3666350 0.4529370 0.3347153 0.3040988 0.3505054 0.3347153 0.3347153 0.3347153 
t2         0.6388142 0.0000000 0.2463781 0.7662384 0.7389627 0.7126442 1.1132061 0.7945437 0.8864954 1.0297869 0.7389627 0.7389627 0.8864954 0.8864954 0.7945437 0.7389627 0.8239592 0.7945437 0.7662384 0.7662384 
t3         0.7662384 0.2463781 0.0000000 0.9198342 0.8545757 0.7126442 1.1586745 0.9198342 0.9198342 0.9547243 0.8239592 0.8239592 0.9547243 0.9198342 0.7945437 0.7662384 0.9198342 0.8864954 0.7945437 0.7945437 
t7         0.4348639 0.7662384 0.9198342 0.0000000 0.3999739 0.5299277 0.8545757 0.3999739 0.6157354 0.6626257 0.3040988 0.2746833 0.5933457 0.7126442 0.6626257 0.6157354 0.4348639 0.4172160 0.5716050 0.5716050 
t9         0.3040988 0.7389627 0.8545757 0.3999739 0.0000000 0.4172160 0.7945437 0.1673577 0.5299277 0.6157354 0.2191023 0.1927838 0.5299277 0.6157354 0.5099265 0.4714565 0.1799630 0.1673577 0.4714565 0.4714565 
t17        0.2326162 0.7126442 0.7126442 0.5299277 0.4172160 0.0000000 0.7389627 0.4529370 0.4529370 0.5299277 0.3831192 0.3505054 0.4529370 0.5099265 0.1799630 0.1549607 0.4904449 0.4714565 0.4348639 0.4348639 
t20        0.4904449 1.1132061 1.1586745 0.8545757 0.7945437 0.7389627 0.0000000 0.7945437 0.3347153 0.3999739 0.8239592 0.7945437 0.3666350 0.4348639 0.8864954 0.8864954 0.8239592 0.7945437 0.4348639 0.4348639 
t1         0.3192509 0.7945437 0.9198342 0.3999739 0.1673577 0.4529370 0.7945437 0.0000000 0.5504769 0.6388142 0.2058276 0.1927838 0.5504769 0.6157354 0.5299277 0.4904449 0.0958750 0.0845966 0.4904449 0.4904449 
t16        0.3347153 0.8864954 0.9198342 0.6157354 0.5299277 0.4529370 0.3347153 0.5504769 0.0000000 0.1307650 0.5099265 0.5099265 0.0734853 0.1799630 0.5716050 0.5299277 0.5933457 0.5716050 0.1927838 0.1927838 
t11        0.4348639 1.0297869 0.9547243 0.6626257 0.6157354 0.5299277 0.3999739 0.6388142 0.1307650 0.0000000 0.5716050 0.5716050 0.1189538 0.2326162 0.6872180 0.6388142 0.6872180 0.6626257 0.2326162 0.2326162 
t8         0.2746833 0.7389627 0.8239592 0.3040988 0.2191023 0.3831192 0.8239592 0.2058276 0.5099265 0.5716050 0.0000000 0.0202715 0.4904449 0.5504769 0.4529370 0.4348639 0.2463781 0.2326162 0.3999739 0.3999739 
t6         0.2463781 0.7389627 0.8239592 0.2746833 0.1927838 0.3505054 0.7945437 0.1927838 0.5099265 0.5716050 0.0202715 0.0000000 0.4904449 0.5504769 0.4172160 0.3999739 0.2191023 0.2058276 0.3999739 0.3999739 
t5         0.3666350 0.8864954 0.9547243 0.5933457 0.5299277 0.4529370 0.3666350 0.5504769 0.0734853 0.1189538 0.4904449 0.4904449 0.0000000 0.1427653 0.5716050 0.5299277 0.5933457 0.5716050 0.2058276 0.2058276 
t10        0.4529370 0.8864954 0.9198342 0.7126442 0.6157354 0.5099265 0.4348639 0.6157354 0.1799630 0.2326162 0.5504769 0.5504769 0.1427653 0.0000000 0.6388142 0.5933457 0.6388142 0.6157354 0.3192509 0.3192509 
t13        0.3347153 0.7945437 0.7945437 0.6626257 0.5099265 0.1799630 0.8864954 0.5299277 0.5716050 0.6872180 0.4529370 0.4172160 0.5716050 0.6388142 0.0000000 0.0306165 0.5716050 0.5504769 0.5299277 0.5299277 
t15        0.3040988 0.7389627 0.7662384 0.6157354 0.4714565 0.1549607 0.8864954 0.4904449 0.5299277 0.6388142 0.4348639 0.3999739 0.5299277 0.5933457 0.0306165 0.0000000 0.5299277 0.5099265 0.4904449 0.4904449 
t14        0.3505054 0.8239592 0.9198342 0.4348639 0.1799630 0.4904449 0.8239592 0.0958750 0.5933457 0.6872180 0.2463781 0.2191023 0.5933457 0.6388142 0.5716050 0.5299277 0.0000000 0.0100673 0.5504769 0.5504769 
t12        0.3347153 0.7945437 0.8864954 0.4172160 0.1673577 0.4714565 0.7945437 0.0845966 0.5716050 0.6626257 0.2326162 0.2058276 0.5716050 0.6157354 0.5504769 0.5099265 0.0100673 0.0000000 0.5299277 0.5299277 
t18        0.3347153 0.7662384 0.7945437 0.5716050 0.4714565 0.4348639 0.4348639 0.4904449 0.1927838 0.2326162 0.3999739 0.3999739 0.2058276 0.3192509 0.5299277 0.4904449 0.5504769 0.5299277 0.0000000 0.0000010 
t4         0.3347153 0.7662384 0.7945437 0.5716050 0.4714565 0.4348639 0.4348639 0.4904449 0.1927838 0.2326162 0.3999739 0.3999739 0.2058276 0.3192509 0.5299277 0.4904449 0.5504769 0.5299277 0.0000010 0.0000000 
