20
t10        0.0000000 0.5504769 0.5716050 0.6626257 0.5504769 1.3144041 0.5299277 2.7182557 1.6785349 0.8864954 0.8864954 0.8545757 0.9198342 1.2070784 0.5299277 0.5099265 0.8239592 1.1132061 0.5716050 0.6388142 
t7         0.5504769 0.0000000 0.7662384 0.7662384 0.6626257 1.3144041 0.7389627 2.1983953 1.8942965 0.8545757 0.7662384 0.9547243 1.1132061 1.6785349 0.5933457 0.5716050 0.9913169 1.3744361 0.7945437 0.9198342 
t6         0.5716050 0.7662384 0.0000000 0.5716050 0.4172160 1.0297869 0.3831192 1.4396946 1.8942965 0.8239592 0.7389627 0.7389627 1.0297869 1.5901977 0.3831192 0.3666350 0.6626257 1.1586745 0.7126442 0.7389627 
t5         0.6626257 0.7662384 0.5716050 0.0000000 0.4348639 1.1586745 0.4904449 1.4396946 1.6785349 0.3666350 0.3666350 0.6872180 0.8864954 1.3744361 0.3666350 0.3666350 0.3347153 0.5716050 0.6872180 0.7126442 
t13        0.5504769 0.6626257 0.4172160 0.4348639 0.0000000 1.2588231 0.3040988 1.7786835 1.8942965 0.5716050 0.6388142 0.6872180 0.7945437 1.1132061 0.2058276 0.2191023 0.7389627 1.0297869 0.6872180 0.7126442 
t9         1.3144041 1.3144041 1.0297869 1.1586745 1.2588231 0.0000000 1.1132061 0.3831192 0.7126442 1.2070784 1.5901977 1.8942965 1.8942965 2.7182557 1.0297869 0.9913169 1.5111773 2.1983953 1.2070784 1.2588231 
t20        0.5299277 0.7389627 0.3831192 0.4904449 0.3040988 1.1132061 0.0000000 1.3144041 1.5111773 0.6388142 0.6388142 0.5933457 0.7945437 1.1586745 0.1673577 0.1549607 0.6626257 0.9913169 0.6626257 0.6872180 
t18        2.7182557 2.1983953 1.4396946 1.4396946 1.7786835 0.3831192 1.3144041 0.0000000 0.9913169 1.2070784 1.6785349 1.8942965 9.0000000 2.4141569 1.3744361 1.3144041 1.8942965 2.7182557 1.3144041 1.2070784 
t15        1.6785349 1.8942965 1.8942965 1.6785349 1.8942965 0.7126442 1.5111773 0.9913169 0.0000000 1.5111773 2.4141569 2.7182557 1.7786835 9.0000000 1.5901977 1.5901977 3.2381161 9.0000000 1.2070784 1.3144041 
t4         0.8864954 0.8545757 0.8239592 0.3666350 0.5716050 1.2070784 0.6388142 1.2070784 1.5111773 0.0000000 0.2191023 1.1132061 1.2070784 1.7786835 0.5716050 0.5504769 0.5099265 0.7126442 0.8864954 0.8864954 
t12        0.8864954 0.7662384 0.7389627 0.3666350 0.6388142 1.5901977 0.6388142 1.6785349 2.4141569 0.2191023 0.0000000 1.0703373 1.2070784 2.1983953 0.5099265 0.4904449 0.4529370 0.6872180 0.9198342 0.9198342 
t14        0.8545757 0.9547243 0.7389627 0.6872180 0.6872180 1.8942965 0.5933457 1.8942965 2.7182557 1.1132061 1.0703373 0.0000000 0.5099265 0.6157354 0.6157354 0.6157354 1.0703373 1.3144041 0.7662384 0.9198342 
t1         0.9198342 1.1132061 1.0297869 0.8864954 0.7945437 1.8942965 0.7945437 9.0000000 1.7786835 1.2070784 1.2070784 0.5099265 0.0000000 0.9547243 0.7126442 0.7126442 1.2588231 1.5111773 1.1132061 1.2070784 
t19        1.2070784 1.6785349 1.5901977 1.3744361 1.1132061 2.7182557 1.1586745 2.4141569 9.0000000 1.7786835 2.1983953 0.6157354 0.9547243 0.0000000 1.2588231 1.2588231 1.6785349 1.5111773 1.5111773 1.5111773 
t2         0.5299277 0.5933457 0.3831192 0.3666350 0.2058276 1.0297869 0.1673577 1.3744361 1.5901977 0.5716050 0.5099265 0.6157354 0.7126442 1.2588231 0.0000000 0.0100673 0.5299277 0.8545757 0.6626257 0.6872180 
t8         0.5099265 0.5716050 0.3666350 0.3666350 0.2191023 0.9913169 0.1549607 1.3144041 1.5901977 0.5504769 0.4904449 0.6157354 0.7126442 1.2588231 0.0100673 0.0000000 0.5299277 0.8545757 0.6872180 0.7126442 
t11        0.8239592 0.9913169 0.6626257 0.3347153 0.7389627 1.5111773 0.6626257 1.8942965 3.2381161 0.5099265 0.4529370 1.0703373 1.2588231 1.6785349 0.5299277 0.5299277 0.0000000 0.2603971 1.0297869 0.9547243 
t3         1.1132061 1.3744361 1.1586745 0.5716050 1.0297869 2.1983953 0.9913169 2.7182557 9.0000000 0.7126442 0.6872180 1.3144041 1.5111773 1.5111773 0.8545757 0.8545757 0.2603971 0.0000000 1.3744361 1.3744361 
t16        0.5716050 0.7945437 0.7126442 0.6872180 0.6872180 1.2070784 0.6626257 1.3144041 1.2070784 0.8864954 0.9198342 0.7662384 1.1132061 1.5111773 0.6626257 0.6872180 1.0297869 1.3744361 0.0000000 0.0517447 
t17        0.6388142 0.9198342 0.7389627 0.7126442 0.7126442 1.2588231 0.6872180 1.2070784 1.3144041 0.8864954 0.9198342 0.9198342 1.2070784 1.5111773 0.6872180 0.7126442 0.9547243 1.3744361 0.0517447 0.0000000 
