20
t10        0.0000000 2.1983953 9.0000000 9.0000000 1.6785349 9.0000000 9.0000000 2.4141569 2.4141569 1.6785349 1.4396946 9.0000000 1.7786835 9.0000000 9.0000000 3.2381161 9.0000000 9.0000000 9.0000000 9.0000000 
t4         2.1983953 0.0000000 9.0000000 1.5901977 9.0000000 2.4141569 2.4141569 9.0000000 1.7786835 2.7182557 2.7182557 1.8942965 2.0310377 2.0310377 1.8942965 9.0000000 9.0000000 2.1983953 2.4141569 2.4141569 
t6         9.0000000 9.0000000 0.0000000 1.5901977 1.5111773 1.4396946 9.0000000 3.2381161 1.2070784 1.8942965 1.5901977 2.1983953 1.6785349 9.0000000 9.0000000 1.6785349 1.7786835 0.8239592 0.7389627 0.6872180 
t5         9.0000000 1.5901977 1.5901977 0.0000000 0.5716050 1.8942965 9.0000000 1.5901977 1.5111773 1.5111773 1.5901977 1.7786835 1.7786835 9.0000000 9.0000000 3.2381161 3.2381161 1.2070784 1.2588231 1.2070784 
t11        1.6785349 9.0000000 1.5111773 0.5716050 0.0000000 1.3144041 9.0000000 1.2588231 1.3144041 1.1132061 1.2588231 2.1983953 1.0297869 2.0310377 9.0000000 9.0000000 2.1983953 1.6785349 1.5901977 1.5901977 
t17        9.0000000 2.4141569 1.4396946 1.8942965 1.3144041 0.0000000 0.9198342 3.2381161 1.6785349 1.3744361 1.6785349 2.0310377 1.5111773 2.1983953 3.2381161 1.8942965 3.2381161 1.3744361 1.4396946 1.3744361 
t9         9.0000000 2.4141569 9.0000000 9.0000000 9.0000000 0.9198342 0.0000000 9.0000000 3.2381161 1.3744361 2.7182557 9.0000000 1.7786835 9.0000000 2.4141569 9.0000000 9.0000000 1.6785349 1.7786835 1.6785349 
t14        2.4141569 9.0000000 3.2381161 1.5901977 1.2588231 3.2381161 9.0000000 0.0000000 0.6626257 1.7786835 2.1983953 1.7786835 1.7786835 9.0000000 9.0000000 9.0000000 1.8942965 1.6785349 2.1983953 1.7786835 
t13        2.4141569 1.7786835 1.2070784 1.5111773 1.3144041 1.6785349 3.2381161 0.6626257 0.0000000 2.1983953 1.7786835 1.6785349 1.6785349 9.0000000 9.0000000 9.0000000 9.0000000 2.4141569 2.1983953 2.0310377 
t20        1.6785349 2.7182557 1.8942965 1.5111773 1.1132061 1.3744361 1.3744361 1.7786835 2.1983953 0.0000000 0.4348639 1.6785349 0.4529370 9.0000000 3.2381161 9.0000000 9.0000000 1.4396946 1.2070784 1.3744361 
t7         1.4396946 2.7182557 1.5901977 1.5901977 1.2588231 1.6785349 2.7182557 2.1983953 1.7786835 0.4348639 0.0000000 1.5111773 0.4348639 9.0000000 9.0000000 1.8942965 2.1983953 1.5901977 1.7786835 1.8942965 
t16        9.0000000 1.8942965 2.1983953 1.7786835 2.1983953 2.0310377 9.0000000 1.7786835 1.6785349 1.6785349 1.5111773 0.0000000 1.1586745 2.1983953 3.2381161 2.0310377 1.7786835 1.6785349 1.3744361 1.5111773 
t18        1.7786835 2.0310377 1.6785349 1.7786835 1.0297869 1.5111773 1.7786835 1.7786835 1.6785349 0.4529370 0.4348639 1.1586745 0.0000000 9.0000000 9.0000000 1.6785349 1.5901977 1.6785349 1.6785349 1.7786835 
t2         9.0000000 2.0310377 9.0000000 9.0000000 2.0310377 2.1983953 9.0000000 9.0000000 9.0000000 9.0000000 9.0000000 2.1983953 9.0000000 0.0000000 0.5299277 9.0000000 9.0000000 9.0000000 2.7182557 3.2381161 
t8         9.0000000 1.8942965 9.0000000 9.0000000 9.0000000 3.2381161 2.4141569 9.0000000 9.0000000 3.2381161 9.0000000 3.2381161 9.0000000 0.5299277 0.0000000 3.2381161 2.4141569 9.0000000 9.0000000 9.0000000 
t1         3.2381161 9.0000000 1.6785349 3.2381161 9.0000000 1.8942965 9.0000000 9.0000000 9.0000000 9.0000000 1.8942965 2.0310377 1.6785349 9.0000000 3.2381161 0.0000000 0.2603971 2.4141569 2.0310377 2.0310377 
t15        9.0000000 9.0000000 1.7786835 3.2381161 2.1983953 3.2381161 9.0000000 1.8942965 9.0000000 9.0000000 2.1983953 1.7786835 1.5901977 9.0000000 2.4141569 0.2603971 0.0000000 2.4141569 2.1983953 2.1983953 
t19        9.0000000 2.1983953 0.8239592 1.2070784 1.6785349 1.3744361 1.6785349 1.6785349 2.4141569 1.4396946 1.5901977 1.6785349 1.6785349 9.0000000 9.0000000 2.4141569 2.4141569 0.0000000 0.1073256 0.0734853 
t12        9.0000000 2.4141569 0.7389627 1.2588231 1.5901977 1.4396946 1.7786835 2.1983953 2.1983953 1.2070784 1.7786835 1.3744361 1.6785349 2.7182557 9.0000000 2.0310377 2.1983953 0.1073256 0.0000000 0.0306165 
t3         9.0000000 2.4141569 0.6872180 1.2070784 1.5901977 1.3744361 1.6785349 1.7786835 2.0310377 1.3744361 1.8942965 1.5111773 1.7786835 3.2381161 9.0000000 2.0310377 2.1983953 0.0734853 0.0306165 0.0000000 
