20
t11        0.0000000 1.7786835 0.6872180 0.5099265 0.4904449 0.5933457 0.6157354 0.9913169 0.5716050 0.9198342 0.9547243 1.0703373 0.8239592 0.6626257 0.4904449 0.4714565 0.6872180 0.6626257 1.0297869 1.0297869 
t19        1.7786835 0.0000000 1.5111773 2.7182557 2.1983953 1.2588231 1.5111773 2.4141569 2.4141569 2.7182557 9.0000000 1.6785349 2.7182557 1.8942965 2.1983953 2.4141569 2.7182557 2.4141569 2.0310377 2.0310377 
t3         0.6872180 1.5111773 0.0000000 0.5299277 0.4348639 0.3505054 0.3666350 0.7945437 0.6157354 0.8864954 0.9913169 1.1132061 0.6388142 0.5099265 0.5933457 0.5933457 0.7126442 0.7126442 0.8239592 0.8239592 
t5         0.5099265 2.7182557 0.5299277 0.0000000 0.0958750 0.4348639 0.3831192 0.3999739 0.2191023 0.4714565 0.4904449 1.0703373 0.6872180 0.5504769 0.2058276 0.2191023 0.6157354 0.6157354 0.9547243 0.9547243 
t13        0.4904449 2.1983953 0.4348639 0.0958750 0.0000000 0.3347153 0.3192509 0.3666350 0.1427653 0.3999739 0.4348639 1.1586745 0.6157354 0.4904449 0.1189538 0.1307650 0.5299277 0.5299277 0.8864954 0.8864954 
t15        0.5933457 1.2588231 0.3505054 0.4348639 0.3347153 0.0000000 0.1673577 0.5716050 0.4904449 0.6872180 0.7389627 0.9547243 0.4172160 0.3040988 0.4172160 0.3831192 0.6157354 0.6157354 0.9913169 0.9913169 
t14        0.6157354 1.5111773 0.3666350 0.3831192 0.3192509 0.1673577 0.0000000 0.5716050 0.4714565 0.5933457 0.5933457 0.8545757 0.4714565 0.3347153 0.3999739 0.4348639 0.5299277 0.5299277 0.8239592 0.8239592 
t10        0.9913169 2.4141569 0.7945437 0.3999739 0.3666350 0.5716050 0.5716050 0.0000000 0.4904449 0.2463781 0.2603971 1.2588231 0.8239592 0.6872180 0.5099265 0.4904449 0.7945437 0.8239592 0.9913169 0.9913169 
t8         0.5716050 2.4141569 0.6157354 0.2191023 0.1427653 0.4904449 0.4714565 0.4904449 0.0000000 0.5099265 0.5504769 1.3744361 0.7126442 0.6157354 0.1427653 0.1549607 0.6388142 0.6388142 0.9547243 0.9547243 
t18        0.9198342 2.7182557 0.8864954 0.4714565 0.3999739 0.6872180 0.5933457 0.2463781 0.5099265 0.0000000 0.2463781 1.2070784 0.9913169 0.9198342 0.5099265 0.5504769 0.7389627 0.6872180 0.9547243 0.9547243 
t16        0.9547243 9.0000000 0.9913169 0.4904449 0.4348639 0.7389627 0.5933457 0.2603971 0.5504769 0.2463781 0.0000000 1.2070784 0.9913169 0.8545757 0.5933457 0.5933457 0.8864954 0.8864954 1.0703373 1.0703373 
t9         1.0703373 1.6785349 1.1132061 1.0703373 1.1586745 0.9547243 0.8545757 1.2588231 1.3744361 1.2070784 1.2070784 0.0000000 1.0297869 0.9198342 1.3144041 1.3144041 1.0297869 0.9913169 0.3192509 0.3192509 
t17        0.8239592 2.7182557 0.6388142 0.6872180 0.6157354 0.4172160 0.4714565 0.8239592 0.7126442 0.9913169 0.9913169 1.0297869 0.0000000 0.1427653 0.6388142 0.6157354 0.7126442 0.7126442 1.1132061 1.1132061 
t12        0.6626257 1.8942965 0.5099265 0.5504769 0.4904449 0.3040988 0.3347153 0.6872180 0.6157354 0.9198342 0.8545757 0.9198342 0.1427653 0.0000000 0.5504769 0.5299277 0.6626257 0.6626257 0.9913169 0.9913169 
t20        0.4904449 2.1983953 0.5933457 0.2058276 0.1189538 0.4172160 0.3999739 0.5099265 0.1427653 0.5099265 0.5933457 1.3144041 0.6388142 0.5504769 0.0000000 0.0306165 0.5933457 0.5933457 0.9547243 0.9547243 
t7         0.4714565 2.4141569 0.5933457 0.2191023 0.1307650 0.3831192 0.4348639 0.4904449 0.1549607 0.5504769 0.5933457 1.3144041 0.6157354 0.5299277 0.0306165 0.0000000 0.6157354 0.6157354 0.9547243 0.9547243 
t1         0.6872180 2.7182557 0.7126442 0.6157354 0.5299277 0.6157354 0.5299277 0.7945437 0.6388142 0.7389627 0.8864954 1.0297869 0.7126442 0.6626257 0.5933457 0.6157354 0.0000000 0.0517447 1.0297869 1.0297869 
t2         0.6626257 2.4141569 0.7126442 0.6157354 0.5299277 0.6157354 0.5299277 0.8239592 0.6388142 0.6872180 0.8864954 0.9913169 0.7126442 0.6626257 0.5933457 0.6157354 0.0517447 0.0000000 0.9913169 0.9913169 
t6         1.0297869 2.0310377 0.8239592 0.9547243 0.8864954 0.9913169 0.8239592 0.9913169 0.9547243 0.9547243 1.0703373 0.3192509 1.1132061 0.9913169 0.9547243 0.9547243 1.0297869 0.9913169 0.0000000 0.0000010 
t4         1.0297869 2.0310377 0.8239592 0.9547243 0.8864954 0.9913169 0.8239592 0.9913169 0.9547243 0.9547243 1.0703373 0.3192509 1.1132061 0.9913169 0.9547243 0.9547243 1.0297869 0.9913169 0.0000010 0.0000000 
