20
t4         0.0000000 0.4348639 0.8239592 0.5299277 0.4348639 0.5099265 0.5933457 0.5716050 0.3999739 0.4714565 0.5299277 0.4714565 0.4172160 0.3999739 0.3666350 0.3666350 0.3999739 0.4348639 0.5299277 0.5504769 
t20        0.4348639 0.0000000 0.8545757 0.6157354 0.2058276 0.2603971 0.8239592 0.4348639 0.3831192 0.4904449 0.2326162 0.2058276 0.4172160 0.3999739 0.5933457 0.6157354 0.5099265 0.5716050 0.3831192 0.3347153 
t16        0.8239592 0.8545757 0.0000000 0.7945437 1.0297869 0.9913169 1.1586745 1.2070784 0.9913169 1.1586745 0.9547243 0.9547243 0.9547243 0.9913169 0.7945437 0.7945437 0.6872180 0.7126442 1.2588231 1.2070784 
t9         0.5299277 0.6157354 0.7945437 0.0000000 0.7126442 0.7126442 0.8864954 1.0297869 0.7389627 0.8239592 0.7945437 0.7389627 0.7126442 0.6872180 0.7389627 0.6626257 0.5299277 0.5299277 0.9913169 0.9198342 
t11        0.4348639 0.2058276 1.0297869 0.7126442 0.0000000 0.0958750 0.7945437 0.4529370 0.4172160 0.4904449 0.2746833 0.2326162 0.4172160 0.3999739 0.5299277 0.5504769 0.4348639 0.5099265 0.4172160 0.3999739 
t17        0.5099265 0.2603971 0.9913169 0.7126442 0.0958750 0.0000000 0.8239592 0.6388142 0.5504769 0.6388142 0.3347153 0.2892469 0.5504769 0.5299277 0.5716050 0.5933457 0.5099265 0.5716050 0.5504769 0.5099265 
t6         0.5933457 0.8239592 1.1586745 0.8864954 0.7945437 0.8239592 0.0000000 1.0703373 0.7126442 0.7662384 0.8545757 0.7945437 0.7126442 0.6872180 1.0297869 1.0297869 0.4172160 0.4529370 1.2588231 1.2070784 
t13        0.5716050 0.4348639 1.2070784 1.0297869 0.4529370 0.6388142 1.0703373 0.0000000 0.5716050 0.6872180 0.4714565 0.4348639 0.6157354 0.6157354 0.6388142 0.6626257 0.7389627 0.7945437 0.2058276 0.2463781 
t15        0.3999739 0.3831192 0.9913169 0.7389627 0.4172160 0.5504769 0.7126442 0.5716050 0.0000000 0.0958750 0.4714565 0.4172160 0.0517447 0.0411062 0.3999739 0.3999739 0.4172160 0.4348639 0.4904449 0.5099265 
t10        0.4714565 0.4904449 1.1586745 0.8239592 0.4904449 0.6388142 0.7662384 0.6872180 0.0958750 0.0000000 0.5299277 0.4714565 0.0958750 0.0845966 0.4529370 0.4529370 0.4529370 0.5299277 0.6388142 0.6872180 
t8         0.5299277 0.2326162 0.9547243 0.7945437 0.2746833 0.3347153 0.8545757 0.4714565 0.4714565 0.5299277 0.0000000 0.0517447 0.5099265 0.4904449 0.5716050 0.6157354 0.5504769 0.6157354 0.4714565 0.4529370 
t19        0.4714565 0.2058276 0.9547243 0.7389627 0.2326162 0.2892469 0.7945437 0.4348639 0.4172160 0.4714565 0.0517447 0.0000000 0.4529370 0.4348639 0.5716050 0.6157354 0.4904449 0.5504769 0.4348639 0.4172160 
t12        0.4172160 0.4172160 0.9547243 0.7126442 0.4172160 0.5504769 0.7126442 0.6157354 0.0517447 0.0958750 0.5099265 0.4529370 0.0000000 0.0100673 0.3999739 0.3999739 0.4172160 0.4714565 0.5299277 0.5933457 
t2         0.3999739 0.3999739 0.9913169 0.6872180 0.3999739 0.5299277 0.6872180 0.6157354 0.0411062 0.0845966 0.4904449 0.4348639 0.0100673 0.0000000 0.4172160 0.4172160 0.3999739 0.4529370 0.5299277 0.5933457 
t5         0.3666350 0.5933457 0.7945437 0.7389627 0.5299277 0.5716050 1.0297869 0.6388142 0.3999739 0.4529370 0.5716050 0.5716050 0.3999739 0.4172160 0.0000000 0.0306165 0.4904449 0.4904449 0.5933457 0.6157354 
t18        0.3666350 0.6157354 0.7945437 0.6626257 0.5504769 0.5933457 1.0297869 0.6626257 0.3999739 0.4529370 0.6157354 0.6157354 0.3999739 0.4172160 0.0306165 0.0000000 0.4904449 0.5099265 0.6157354 0.6388142 
t14        0.3999739 0.5099265 0.6872180 0.5299277 0.4348639 0.5099265 0.4172160 0.7389627 0.4172160 0.4529370 0.5504769 0.4904449 0.4172160 0.3999739 0.4904449 0.4904449 0.0000000 0.0734853 0.7662384 0.7389627 
t1         0.4348639 0.5716050 0.7126442 0.5299277 0.5099265 0.5716050 0.4529370 0.7945437 0.4348639 0.5299277 0.6157354 0.5504769 0.4714565 0.4529370 0.4904449 0.5099265 0.0734853 0.0000000 0.7389627 0.7662384 
t7         0.5299277 0.3831192 1.2588231 0.9913169 0.4172160 0.5504769 1.2588231 0.2058276 0.4904449 0.6388142 0.4714565 0.4348639 0.5299277 0.5299277 0.5933457 0.6157354 0.7662384 0.7389627 0.0000000 0.1189538 
t3         0.5504769 0.3347153 1.2070784 0.9198342 0.3999739 0.5099265 1.2070784 0.2463781 0.5099265 0.6872180 0.4529370 0.4172160 0.5933457 0.5933457 0.6157354 0.6388142 0.7389627 0.7662384 0.1189538 0.0000000 
