20
t20        0.0000000 0.8545757 0.9913169 0.9913169 1.1586745 0.9198342 0.9913169 1.0297869 0.8545757 0.5716050 1.1132061 1.1132061 1.1132061 1.0297869 1.7786835 2.0310377 1.2588231 1.0703373 0.9198342 0.8545757 
t11        0.8545757 0.0000000 1.4396946 2.4141569 2.0310377 1.3744361 1.8942965 2.0310377 1.1586745 0.9913169 2.7182557 2.1983953 2.0310377 1.4396946 2.7182557 2.7182557 2.7182557 2.1983953 2.4141569 2.0310377 
t14        0.9913169 1.4396946 0.0000000 0.5716050 0.7662384 0.5716050 0.5099265 1.3744361 1.6785349 1.1132061 0.6157354 0.6388142 1.2070784 1.1586745 1.3744361 1.7786835 0.7389627 0.7662384 0.6626257 0.6388142 
t9         0.9913169 2.4141569 0.5716050 0.0000000 0.6626257 0.5299277 0.4348639 1.0297869 3.2381161 1.5111773 0.2326162 0.2463781 0.9913169 1.0703373 1.8942965 2.7182557 0.6388142 0.5933457 0.5933457 0.5299277 
t6         1.1586745 2.0310377 0.7662384 0.6626257 0.0000000 0.6872180 0.6388142 1.0703373 2.1983953 1.3144041 0.7389627 0.7662384 0.8864954 0.7945437 1.3744361 1.6785349 0.3505054 0.3192509 0.4172160 0.3666350 
t1         0.9198342 1.3744361 0.5716050 0.5299277 0.6872180 0.0000000 0.2892469 1.4396946 2.4141569 1.5111773 0.6157354 0.5716050 1.0297869 0.9547243 1.2070784 1.3744361 0.6388142 0.5504769 0.5933457 0.4904449 
t4         0.9913169 1.8942965 0.5099265 0.4348639 0.6388142 0.2892469 0.0000000 1.1586745 2.1983953 1.5901977 0.4714565 0.4904449 1.0297869 0.9547243 1.0297869 1.5901977 0.5504769 0.5299277 0.5716050 0.4714565 
t3         1.0297869 2.0310377 1.3744361 1.0297869 1.0703373 1.4396946 1.1586745 0.0000000 9.0000000 1.5901977 1.0703373 1.0703373 0.7126442 0.6872180 1.7786835 9.0000000 0.8239592 0.7662384 0.7126442 0.7389627 
t16        0.8545757 1.1586745 1.6785349 3.2381161 2.1983953 2.4141569 2.1983953 9.0000000 0.0000000 0.5299277 3.2381161 9.0000000 9.0000000 3.2381161 2.0310377 2.1983953 2.4141569 2.7182557 2.4141569 2.7182557 
t5         0.5716050 0.9913169 1.1132061 1.5111773 1.3144041 1.5111773 1.5901977 1.5901977 0.5299277 0.0000000 1.5901977 1.7786835 1.4396946 1.3144041 2.0310377 1.6785349 1.3144041 1.4396946 1.3744361 1.4396946 
t15        1.1132061 2.7182557 0.6157354 0.2326162 0.7389627 0.6157354 0.4714565 1.0703373 3.2381161 1.5901977 0.0000000 0.0625362 0.9913169 1.0297869 1.3744361 2.0310377 0.6388142 0.6872180 0.6388142 0.5716050 
t7         1.1132061 2.1983953 0.6388142 0.2463781 0.7662384 0.5716050 0.4904449 1.0703373 9.0000000 1.7786835 0.0625362 0.0000000 0.9913169 0.9913169 1.5111773 2.4141569 0.7126442 0.7126442 0.6626257 0.5933457 
t2         1.1132061 2.0310377 1.2070784 0.9913169 0.8864954 1.0297869 1.0297869 0.7126442 9.0000000 1.4396946 0.9913169 0.9913169 0.0000000 0.1427653 3.2381161 9.0000000 0.6872180 0.6388142 0.6626257 0.5504769 
t17        1.0297869 1.4396946 1.1586745 1.0703373 0.7945437 0.9547243 0.9547243 0.6872180 3.2381161 1.3144041 1.0297869 0.9913169 0.1427653 0.0000000 2.7182557 9.0000000 0.7662384 0.5933457 0.6626257 0.5299277 
t18        1.7786835 2.7182557 1.3744361 1.8942965 1.3744361 1.2070784 1.0297869 1.7786835 2.0310377 2.0310377 1.3744361 1.5111773 3.2381161 2.7182557 0.0000000 0.3347153 1.5111773 1.4396946 1.5901977 1.7786835 
t8         2.0310377 2.7182557 1.7786835 2.7182557 1.6785349 1.3744361 1.5901977 9.0000000 2.1983953 1.6785349 2.0310377 2.4141569 9.0000000 9.0000000 0.3347153 0.0000000 2.4141569 2.0310377 2.0310377 2.7182557 
t12        1.2588231 2.7182557 0.7389627 0.6388142 0.3505054 0.6388142 0.5504769 0.8239592 2.4141569 1.3144041 0.6388142 0.7126442 0.6872180 0.7662384 1.5111773 2.4141569 0.0000000 0.1427653 0.2892469 0.2463781 
t10        1.0703373 2.1983953 0.7662384 0.5933457 0.3192509 0.5504769 0.5299277 0.7662384 2.7182557 1.4396946 0.6872180 0.7126442 0.6388142 0.5933457 1.4396946 2.0310377 0.1427653 0.0000000 0.2603971 0.2191023 
t13        0.9198342 2.4141569 0.6626257 0.5933457 0.4172160 0.5933457 0.5716050 0.7126442 2.4141569 1.3744361 0.6388142 0.6626257 0.6626257 0.6626257 1.5901977 2.0310377 0.2892469 0.2603971 0.0000000 0.0734853 
t19        0.8545757 2.0310377 0.6388142 0.5299277 0.3666350 0.4904449 0.4714565 0.7389627 2.7182557 1.4396946 0.5716050 0.5933457 0.5504769 0.5299277 1.7786835 2.7182557 0.2463781 0.2191023 0.0734853 0.0000000 
