20
t6         0.0000000 0.9547243 0.8239592 0.9198342 0.9198342 1.3744361 0.9547243 1.2070784 0.8864954 0.7945437 0.8864954 1.0297869 1.0297869 0.9547243 0.9913169 0.9913169 0.9198342 0.9913169 1.0297869 0.9913169 
t7         0.9547243 0.0000000 0.6388142 0.7945437 0.7945437 0.7662384 0.7389627 1.0703373 0.7662384 0.7662384 0.7662384 0.8239592 0.6626257 0.9198342 0.8545757 0.6626257 0.7126442 0.6626257 0.9198342 0.8864954 
t18        0.8239592 0.6388142 0.0000000 0.8239592 0.6872180 1.0297869 0.6872180 0.9547243 0.6388142 0.6388142 0.7389627 0.7662384 0.7389627 0.8864954 0.8545757 0.4714565 0.4348639 0.4714565 0.5716050 0.5504769 
t15        0.9198342 0.7945437 0.8239592 0.0000000 1.2070784 0.7126442 1.0297869 0.7662384 1.1132061 0.8545757 0.8864954 1.0297869 0.9547243 0.6626257 0.7662384 1.1586745 1.0703373 1.0703373 1.1132061 1.1586745 
t1         0.9198342 0.7945437 0.6872180 1.2070784 0.0000000 0.8545757 0.6626257 1.5111773 0.7389627 0.5716050 0.6626257 0.8239592 0.8545757 1.4396946 1.2588231 0.9547243 0.9198342 0.8864954 0.9198342 0.9547243 
t2         1.3744361 0.7662384 1.0297869 0.7126442 0.8545757 0.0000000 1.0297869 0.9547243 0.9547243 0.7662384 0.7945437 0.9547243 0.8239592 0.6626257 0.7126442 1.1586745 1.2070784 1.1132061 1.2070784 1.2588231 
t12        0.9547243 0.7389627 0.6872180 1.0297869 0.6626257 1.0297869 0.0000000 1.5901977 0.3999739 0.3505054 0.3347153 0.7945437 0.6872180 1.1132061 1.0703373 0.9198342 0.8545757 0.9913169 0.7945437 0.7945437 
t14        1.2070784 1.0703373 0.9547243 0.7662384 1.5111773 0.9547243 1.5901977 0.0000000 1.3144041 1.0703373 1.3144041 1.2588231 1.1586745 0.5504769 0.6157354 1.0703373 1.2070784 1.1132061 0.9547243 0.9913169 
t19        0.8864954 0.7662384 0.6388142 1.1132061 0.7389627 0.9547243 0.3999739 1.3144041 0.0000000 0.3666350 0.4172160 0.6872180 0.7389627 1.0297869 1.0297869 0.8239592 0.7389627 0.8545757 0.9198342 0.9198342 
t4         0.7945437 0.7662384 0.6388142 0.8545757 0.5716050 0.7662384 0.3505054 1.0703373 0.3666350 0.0000000 0.0958750 0.6388142 0.6388142 0.8545757 0.9547243 0.6872180 0.6388142 0.7126442 0.6626257 0.6626257 
t9         0.8864954 0.7662384 0.7389627 0.8864954 0.6626257 0.7945437 0.3347153 1.3144041 0.4172160 0.0958750 0.0000000 0.6872180 0.6626257 1.0297869 1.1132061 0.8239592 0.7662384 0.8545757 0.7945437 0.7945437 
t16        1.0297869 0.8239592 0.7662384 1.0297869 0.8239592 0.9547243 0.7945437 1.2588231 0.6872180 0.6388142 0.6872180 0.0000000 0.1927838 0.9198342 1.0297869 0.8239592 0.7945437 0.7945437 0.7662384 0.7389627 
t5         1.0297869 0.6626257 0.7389627 0.9547243 0.8545757 0.8239592 0.6872180 1.1586745 0.7389627 0.6388142 0.6626257 0.1927838 0.0000000 0.8239592 0.9198342 0.8239592 0.7945437 0.8239592 0.7389627 0.7126442 
t11        0.9547243 0.9198342 0.8864954 0.6626257 1.4396946 0.6626257 1.1132061 0.5504769 1.0297869 0.8545757 1.0297869 0.9198342 0.8239592 0.0000000 0.0958750 0.8864954 0.8864954 0.8864954 0.8864954 0.8864954 
t13        0.9913169 0.8545757 0.8545757 0.7662384 1.2588231 0.7126442 1.0703373 0.6157354 1.0297869 0.9547243 1.1132061 1.0297869 0.9198342 0.0958750 0.0000000 0.9547243 0.9547243 0.9547243 0.9913169 0.9913169 
t20        0.9913169 0.6626257 0.4714565 1.1586745 0.9547243 1.1586745 0.9198342 1.0703373 0.8239592 0.6872180 0.8239592 0.8239592 0.8239592 0.8864954 0.9547243 0.0000000 0.0734853 0.0625362 0.3999739 0.3666350 
t8         0.9198342 0.7126442 0.4348639 1.0703373 0.9198342 1.2070784 0.8545757 1.2070784 0.7389627 0.6388142 0.7662384 0.7945437 0.7945437 0.8864954 0.9547243 0.0734853 0.0000000 0.0958750 0.3831192 0.3505054 
t17        0.9913169 0.6626257 0.4714565 1.0703373 0.8864954 1.1132061 0.9913169 1.1132061 0.8545757 0.7126442 0.8545757 0.7945437 0.8239592 0.8864954 0.9547243 0.0625362 0.0958750 0.0000000 0.4172160 0.3831192 
t3         1.0297869 0.9198342 0.5716050 1.1132061 0.9198342 1.2070784 0.7945437 0.9547243 0.9198342 0.6626257 0.7945437 0.7662384 0.7389627 0.8864954 0.9913169 0.3999739 0.3831192 0.4172160 0.0000000 0.0202715 
t10        0.9913169 0.8864954 0.5504769 1.1586745 0.9547243 1.2588231 0.7945437 0.9913169 0.9198342 0.6626257 0.7945437 0.7389627 0.7126442 0.8864954 0.9913169 0.3666350 0.3505054 0.3831192 0.0202715 0.0000000 
