20
t16        0.0000000 9.0000000 2.4141569 2.1983953 9.0000000 2.4141569 3.2381161 2.0310377 1.4396946 2.1983953 9.0000000 2.7182557 9.0000000 2.7182557 1.8942965 2.1983953 2.4141569 3.2381161 2.4141569 2.4141569 
t5         9.0000000 0.0000000 1.8942965 0.9198342 2.0310377 0.9913169 1.7786835 0.7945437 1.4396946 1.6785349 0.9547243 2.4141569 2.0310377 1.1586745 1.0703373 1.0703373 0.9913169 1.1132061 1.1586745 1.1586745 
t6         2.4141569 1.8942965 0.0000000 2.0310377 1.7786835 2.7182557 2.1983953 1.4396946 1.5111773 9.0000000 2.0310377 1.8942965 2.4141569 1.7786835 1.8942965 1.6785349 1.5901977 2.4141569 1.4396946 1.4396946 
t15        2.1983953 0.9198342 2.0310377 0.0000000 2.7182557 0.6388142 1.0703373 0.5299277 0.9913169 1.3144041 1.1586745 2.1983953 2.1983953 0.5716050 0.6626257 0.7389627 0.6388142 1.0297869 1.3144041 1.3144041 
t3         9.0000000 2.0310377 1.7786835 2.7182557 0.0000000 1.5111773 9.0000000 2.0310377 2.0310377 3.2381161 1.4396946 9.0000000 2.7182557 3.2381161 1.8942965 1.6785349 2.0310377 2.0310377 1.2070784 1.2070784 
t20        2.4141569 0.9913169 2.7182557 0.6388142 1.5111773 0.0000000 1.2070784 0.6626257 1.3744361 1.5901977 0.8864954 1.6785349 1.6785349 0.7126442 0.7945437 1.0297869 0.8545757 1.2588231 1.2070784 1.2070784 
t10        3.2381161 1.7786835 2.1983953 1.0703373 9.0000000 1.2070784 0.0000000 1.0703373 1.2070784 2.7182557 1.7786835 2.7182557 1.5901977 1.1132061 1.2588231 1.5901977 1.3144041 1.1132061 1.6785349 1.6785349 
t9         2.0310377 0.7945437 1.4396946 0.5299277 2.0310377 0.6626257 1.0703373 0.0000000 0.9913169 2.1983953 0.9547243 1.1132061 1.7786835 0.3831192 0.3999739 0.8864954 0.7389627 0.9547243 1.1132061 1.1132061 
t18        1.4396946 1.4396946 1.5111773 0.9913169 2.0310377 1.3744361 1.2070784 0.9913169 0.0000000 1.7786835 1.4396946 2.7182557 9.0000000 1.5111773 1.0703373 1.5111773 1.0703373 1.5111773 1.3144041 1.3144041 
t4         2.1983953 1.6785349 9.0000000 1.3144041 3.2381161 1.5901977 2.7182557 2.1983953 1.7786835 0.0000000 9.0000000 9.0000000 2.1983953 9.0000000 9.0000000 1.7786835 2.1983953 2.4141569 2.4141569 2.4141569 
t19        9.0000000 0.9547243 2.0310377 1.1586745 1.4396946 0.8864954 1.7786835 0.9547243 1.4396946 9.0000000 0.0000000 2.1983953 1.8942965 1.0297869 0.9913169 1.7786835 1.5901977 1.3744361 0.5933457 0.5933457 
t12        2.7182557 2.4141569 1.8942965 2.1983953 9.0000000 1.6785349 2.7182557 1.1132061 2.7182557 9.0000000 2.1983953 0.0000000 1.0703373 1.4396946 1.2070784 1.7786835 1.5901977 1.6785349 1.8942965 1.8942965 
t1         9.0000000 2.0310377 2.4141569 2.1983953 2.7182557 1.6785349 1.5901977 1.7786835 9.0000000 2.1983953 1.8942965 1.0703373 0.0000000 2.1983953 1.6785349 9.0000000 9.0000000 9.0000000 1.7786835 1.7786835 
t11        2.7182557 1.1586745 1.7786835 0.5716050 3.2381161 0.7126442 1.1132061 0.3831192 1.5111773 9.0000000 1.0297869 1.4396946 2.1983953 0.0000000 0.3831192 1.0703373 1.0297869 1.3744361 1.2070784 1.2070784 
t7         1.8942965 1.0703373 1.8942965 0.6626257 1.8942965 0.7945437 1.2588231 0.3999739 1.0703373 9.0000000 0.9913169 1.2070784 1.6785349 0.3831192 0.0000000 0.8545757 0.8545757 1.1132061 1.1586745 1.1586745 
t14        2.1983953 1.0703373 1.6785349 0.7389627 1.6785349 1.0297869 1.5901977 0.8864954 1.5111773 1.7786835 1.7786835 1.7786835 9.0000000 1.0703373 0.8545757 0.0000000 0.1927838 0.3040988 1.5901977 1.5901977 
t2         2.4141569 0.9913169 1.5901977 0.6388142 2.0310377 0.8545757 1.3144041 0.7389627 1.0703373 2.1983953 1.5901977 1.5901977 9.0000000 1.0297869 0.8545757 0.1927838 0.0000000 0.2463781 1.5111773 1.5111773 
t13        3.2381161 1.1132061 2.4141569 1.0297869 2.0310377 1.2588231 1.1132061 0.9547243 1.5111773 2.4141569 1.3744361 1.6785349 9.0000000 1.3744361 1.1132061 0.3040988 0.2463781 0.0000000 1.7786835 1.7786835 
t17        2.4141569 1.1586745 1.4396946 1.3144041 1.2070784 1.2070784 1.6785349 1.1132061 1.3144041 2.4141569 0.5933457 1.8942965 1.7786835 1.2070784 1.1586745 1.5901977 1.5111773 1.7786835 0.0000000 0.0000010 
t8         2.4141569 1.1586745 1.4396946 1.3144041 1.2070784 1.2070784 1.6785349 1.1132061 1.3144041 2.4141569 0.5933457 1.8942965 1.7786835 1.2070784 1.1586745 1.5901977 1.5111773 1.7786835 0.0000010 0.0000000 
