20
t13        0.0000000 0.8239592 0.6626257 0.4904449 0.5099265 0.5504769 0.4172160 0.4904449 0.5299277 0.6157354 0.5716050 0.4348639 0.5504769 0.4904449 0.7662384 0.6626257 0.4714565 0.4529370 0.4714565 0.4714565 
t8         0.8239592 0.0000000 0.5504769 0.9547243 0.9547243 0.8864954 0.9913169 0.4714565 0.9547243 1.2588231 1.1586745 1.0297869 0.5099265 0.5933457 0.6872180 0.6626257 0.5504769 0.5099265 1.0703373 1.0703373 
t10        0.6626257 0.5504769 0.0000000 0.7389627 0.7662384 0.8239592 0.6872180 0.4172160 0.7662384 0.9913169 0.7389627 0.7389627 0.3999739 0.3999739 0.3999739 0.3666350 0.4529370 0.3999739 0.7945437 0.7945437 
t19        0.4904449 0.9547243 0.7389627 0.0000000 0.3505054 0.4529370 0.2746833 0.6388142 0.2746833 0.4348639 0.4172160 0.3192509 0.6626257 0.5933457 0.7662384 0.7126442 0.6388142 0.5933457 0.4529370 0.4714565 
t14        0.5099265 0.9547243 0.7662384 0.3505054 0.0000000 0.2892469 0.3831192 0.5504769 0.3831192 0.5299277 0.5099265 0.3999739 0.5933457 0.5504769 0.7662384 0.7126442 0.5299277 0.5716050 0.4904449 0.4904449 
t2         0.5504769 0.8864954 0.8239592 0.4529370 0.2892469 0.0000000 0.3999739 0.4904449 0.4714565 0.6157354 0.5504769 0.4348639 0.5504769 0.4904449 0.6872180 0.6388142 0.4714565 0.4904449 0.4714565 0.4529370 
t16        0.4172160 0.9913169 0.6872180 0.2746833 0.3831192 0.3999739 0.0000000 0.5299277 0.1673577 0.2603971 0.4348639 0.3040988 0.5933457 0.5299277 0.6872180 0.5716050 0.5716050 0.5299277 0.3831192 0.3999739 
t12        0.4904449 0.4714565 0.4172160 0.6388142 0.5504769 0.4904449 0.5299277 0.0000000 0.5504769 0.7389627 0.6626257 0.5933457 0.1307650 0.1307650 0.3999739 0.3505054 0.1799630 0.1307650 0.5933457 0.5933457 
t15        0.5299277 0.9547243 0.7662384 0.2746833 0.3831192 0.4714565 0.1673577 0.5504769 0.0000000 0.1673577 0.4529370 0.3505054 0.6157354 0.5299277 0.7945437 0.6626257 0.6157354 0.5716050 0.3831192 0.3999739 
t11        0.6157354 1.2588231 0.9913169 0.4348639 0.5299277 0.6157354 0.2603971 0.7389627 0.1673577 0.0000000 0.5299277 0.4172160 0.8239592 0.7126442 0.9913169 0.8239592 0.7662384 0.7662384 0.4904449 0.4904449 
t17        0.5716050 1.1586745 0.7389627 0.4172160 0.5099265 0.5504769 0.4348639 0.6626257 0.4529370 0.5299277 0.0000000 0.1427653 0.6872180 0.6157354 0.8239592 0.7389627 0.6872180 0.6388142 0.3347153 0.3505054 
t4         0.4348639 1.0297869 0.7389627 0.3192509 0.3999739 0.4348639 0.3040988 0.5933457 0.3505054 0.4172160 0.1427653 0.0000000 0.6388142 0.5299277 0.7662384 0.6626257 0.6157354 0.5716050 0.2746833 0.2892469 
t9         0.5504769 0.5099265 0.3999739 0.6626257 0.5933457 0.5504769 0.5933457 0.1307650 0.6157354 0.8239592 0.6872180 0.6388142 0.0000000 0.1307650 0.4172160 0.3831192 0.1549607 0.1307650 0.6157354 0.6157354 
t5         0.4904449 0.5933457 0.3999739 0.5933457 0.5504769 0.4904449 0.5299277 0.1307650 0.5299277 0.7126442 0.6157354 0.5299277 0.1307650 0.0000000 0.3666350 0.3192509 0.1673577 0.1549607 0.5504769 0.5504769 
t3         0.7662384 0.6872180 0.3999739 0.7662384 0.7662384 0.6872180 0.6872180 0.3999739 0.7945437 0.9913169 0.8239592 0.7662384 0.4172160 0.3666350 0.0000000 0.0625362 0.3999739 0.3505054 0.6872180 0.6872180 
t1         0.6626257 0.6626257 0.3666350 0.7126442 0.7126442 0.6388142 0.5716050 0.3505054 0.6626257 0.8239592 0.7389627 0.6626257 0.3831192 0.3192509 0.0625362 0.0000000 0.3666350 0.3192509 0.6157354 0.6157354 
t18        0.4714565 0.5504769 0.4529370 0.6388142 0.5299277 0.4714565 0.5716050 0.1799630 0.6157354 0.7662384 0.6872180 0.6157354 0.1549607 0.1673577 0.3999739 0.3666350 0.0000000 0.0517447 0.5716050 0.5716050 
t6         0.4529370 0.5099265 0.3999739 0.5933457 0.5716050 0.4904449 0.5299277 0.1307650 0.5716050 0.7662384 0.6388142 0.5716050 0.1307650 0.1549607 0.3505054 0.3192509 0.0517447 0.0000000 0.5299277 0.5299277 
t7         0.4714565 1.0703373 0.7945437 0.4529370 0.4904449 0.4714565 0.3831192 0.5933457 0.3831192 0.4904449 0.3347153 0.2746833 0.6157354 0.5504769 0.6872180 0.6157354 0.5716050 0.5299277 0.0000000 0.0202715 
t20        0.4714565 1.0703373 0.7945437 0.4714565 0.4904449 0.4529370 0.3999739 0.5933457 0.3999739 0.4904449 0.3505054 0.2892469 0.6157354 0.5504769 0.6872180 0.6157354 0.5716050 0.5299277 0.0202715 0.0000000 
