20
t4         0.0000000 0.8545757 0.9198342 0.8864954 1.1132061 0.6388142 1.0703373 1.0703373 0.7945437 1.0703373 0.9547243 1.0703373 0.7389627 0.8545757 0.9547243 0.7945437 0.7945437 1.0703373 0.9198342 0.9198342 
t17        0.8545757 0.0000000 0.7662384 1.0297869 1.8942965 1.0703373 1.0297869 0.7662384 0.9547243 1.2588231 1.0297869 0.9913169 0.9198342 0.8239592 0.8239592 0.8864954 0.9913169 1.0297869 1.3744361 1.3744361 
t6         0.9198342 0.7662384 0.0000000 0.8239592 1.4396946 0.9547243 1.2588231 0.8239592 1.2070784 1.2070784 1.3744361 1.2588231 0.9547243 0.9547243 0.9913169 1.2588231 1.2588231 1.5901977 1.2588231 1.2070784 
t13        0.8864954 1.0297869 0.8239592 0.0000000 1.2588231 0.9913169 0.9547243 0.7389627 0.7126442 0.7389627 0.9547243 0.9547243 0.8864954 1.4396946 1.3744361 0.7662384 0.8239592 0.9198342 1.0703373 1.0703373 
t19        1.1132061 1.8942965 1.4396946 1.2588231 0.0000000 0.6388142 1.8942965 1.4396946 0.9198342 1.4396946 1.2588231 1.2070784 1.0297869 1.2588231 1.3744361 1.5111773 1.5111773 1.8942965 0.9547243 1.0297869 
t11        0.6388142 1.0703373 0.9547243 0.9913169 0.6388142 0.0000000 1.3144041 1.0703373 0.8239592 1.1132061 1.1132061 1.0297869 0.8545757 0.8239592 0.8239592 1.2588231 1.1132061 1.3744361 0.5716050 0.6388142 
t7         1.0703373 1.0297869 1.2588231 0.9547243 1.8942965 1.3144041 0.0000000 1.2070784 1.2070784 2.0310377 0.4348639 1.2588231 1.2070784 1.5111773 1.4396946 0.4529370 0.3999739 0.5716050 1.2588231 1.3144041 
t8         1.0703373 0.7662384 0.8239592 0.7389627 1.4396946 1.0703373 1.2070784 0.0000000 0.8545757 1.1586745 1.0703373 0.4714565 0.3505054 0.9913169 1.1132061 1.0703373 1.0703373 1.2070784 0.9913169 1.0703373 
t16        0.7945437 0.9547243 1.2070784 0.7126442 0.9198342 0.8239592 1.2070784 0.8545757 0.0000000 0.5504769 0.9913169 0.7945437 0.8239592 1.0703373 1.0297869 0.8864954 0.9913169 1.0297869 0.8864954 0.9913169 
t1         1.0703373 1.2588231 1.2070784 0.7389627 1.4396946 1.1132061 2.0310377 1.1586745 0.5504769 0.0000000 1.5111773 1.2070784 1.1586745 1.1586745 1.2588231 1.5111773 1.3744361 1.3744361 1.5111773 1.5901977 
t9         0.9547243 1.0297869 1.3744361 0.9547243 1.2588231 1.1132061 0.4348639 1.0703373 0.9913169 1.5111773 0.0000000 1.6785349 1.3144041 1.3144041 1.2588231 0.2058276 0.1927838 0.3999739 1.0297869 0.9913169 
t10        1.0703373 0.9913169 1.2588231 0.9547243 1.2070784 1.0297869 1.2588231 0.4714565 0.7945437 1.2070784 1.6785349 0.0000000 0.3040988 1.0297869 1.1586745 1.3144041 1.3144041 1.4396946 1.2588231 1.2588231 
t5         0.7389627 0.9198342 0.9547243 0.8864954 1.0297869 0.8545757 1.2070784 0.3505054 0.8239592 1.1586745 1.3144041 0.3040988 0.0000000 0.9198342 1.0703373 1.2070784 1.2588231 1.5901977 0.9547243 1.0703373 
t14        0.8545757 0.8239592 0.9547243 1.4396946 1.2588231 0.8239592 1.5111773 0.9913169 1.0703373 1.1586745 1.3144041 1.0297869 0.9198342 0.0000000 0.2058276 1.3144041 1.3144041 1.5111773 1.3744361 1.4396946 
t12        0.9547243 0.8239592 0.9913169 1.3744361 1.3744361 0.8239592 1.4396946 1.1132061 1.0297869 1.2588231 1.2588231 1.1586745 1.0703373 0.2058276 0.0000000 1.3744361 1.3144041 1.5901977 1.4396946 1.4396946 
t20        0.7945437 0.8864954 1.2588231 0.7662384 1.5111773 1.2588231 0.4529370 1.0703373 0.8864954 1.5111773 0.2058276 1.3144041 1.2070784 1.3144041 1.3744361 0.0000000 0.0958750 0.3040988 1.0297869 1.0703373 
t3         0.7945437 0.9913169 1.2588231 0.8239592 1.5111773 1.1132061 0.3999739 1.0703373 0.9913169 1.3744361 0.1927838 1.3144041 1.2588231 1.3144041 1.3144041 0.0958750 0.0000000 0.2326162 1.1132061 1.1586745 
t15        1.0703373 1.0297869 1.5901977 0.9198342 1.8942965 1.3744361 0.5716050 1.2070784 1.0297869 1.3744361 0.3999739 1.4396946 1.5901977 1.5111773 1.5901977 0.3040988 0.2326162 0.0000000 1.1132061 1.1586745 
t2         0.9198342 1.3744361 1.2588231 1.0703373 0.9547243 0.5716050 1.2588231 0.9913169 0.8864954 1.5111773 1.0297869 1.2588231 0.9547243 1.3744361 1.4396946 1.0297869 1.1132061 1.1132061 0.0000000 0.0625362 
t18        0.9198342 1.3744361 1.2070784 1.0703373 1.0297869 0.6388142 1.3144041 1.0703373 0.9913169 1.5901977 0.9913169 1.2588231 1.0703373 1.4396946 1.4396946 1.0703373 1.1586745 1.1586745 0.0625362 0.0000000 
