20
t17        0.0000000 9.0000000 9.0000000 9.0000000 9.0000000 2.7182557 9.0000000 2.0310377 2.4141569 2.1983953 9.0000000 2.7182557 9.0000000 9.0000000 2.4141569 9.0000000 2.0310377 9.0000000 9.0000000 9.0000000 
t12        9.0000000 0.0000000 1.7786835 2.1983953 9.0000000 9.0000000 2.0310377 1.8942965 1.5111773 9.0000000 1.5111773 1.2588231 2.1983953 9.0000000 9.0000000 2.7182557 2.4141569 1.5111773 2.1983953 2.0310377 
t6         9.0000000 1.7786835 0.0000000 1.5901977 2.7182557 9.0000000 9.0000000 9.0000000 1.7786835 9.0000000 2.4141569 9.0000000 1.6785349 2.1983953 1.7786835 2.1983953 2.1983953 1.6785349 2.1983953 2.0310377 
t18        9.0000000 2.1983953 1.5901977 0.0000000 2.4141569 3.2381161 2.0310377 9.0000000 1.7786835 2.0310377 0.6157354 0.6388142 1.5901977 1.8942965 9.0000000 1.2070784 1.1132061 1.5111773 1.2588231 1.3144041 
t1         9.0000000 9.0000000 2.7182557 2.4141569 0.0000000 1.5111773 3.2381161 1.7786835 2.1983953 9.0000000 3.2381161 2.1983953 2.7182557 9.0000000 2.4141569 1.1132061 1.3144041 9.0000000 9.0000000 3.2381161 
t8         2.7182557 9.0000000 9.0000000 3.2381161 1.5111773 0.0000000 2.1983953 3.2381161 2.4141569 2.4141569 2.0310377 1.6785349 2.4141569 3.2381161 3.2381161 2.1983953 1.5901977 2.4141569 2.0310377 2.0310377 
t15        9.0000000 2.0310377 9.0000000 2.0310377 3.2381161 2.1983953 0.0000000 0.8864954 2.1983953 1.6785349 9.0000000 2.4141569 9.0000000 2.7182557 2.1983953 0.9547243 1.2588231 2.1983953 2.0310377 2.4141569 
t13        2.0310377 1.8942965 9.0000000 9.0000000 1.7786835 3.2381161 0.8864954 0.0000000 9.0000000 1.7786835 2.4141569 1.8942965 2.4141569 2.1983953 1.6785349 1.1586745 1.1132061 2.7182557 2.1983953 2.0310377 
t14        2.4141569 1.5111773 1.7786835 1.7786835 2.1983953 2.4141569 2.1983953 9.0000000 0.0000000 2.1983953 1.2070784 1.0297869 0.3040988 2.7182557 9.0000000 1.5901977 2.0310377 0.3192509 0.5299277 0.4348639 
t9         2.1983953 9.0000000 9.0000000 2.0310377 9.0000000 2.4141569 1.6785349 1.7786835 2.1983953 0.0000000 1.6785349 1.7786835 1.6785349 9.0000000 9.0000000 1.0703373 1.1132061 2.0310377 1.6785349 1.7786835 
t16        9.0000000 1.5111773 2.4141569 0.6157354 3.2381161 2.0310377 9.0000000 2.4141569 1.2070784 1.6785349 0.0000000 0.1927838 1.1586745 2.0310377 2.0310377 1.5111773 1.1132061 1.1586745 1.3144041 1.3144041 
t3         2.7182557 1.2588231 9.0000000 0.6388142 2.1983953 1.6785349 2.4141569 1.8942965 1.0297869 1.7786835 0.1927838 0.0000000 1.1586745 2.0310377 2.0310377 1.1132061 0.8864954 1.0703373 1.2588231 1.2070784 
t4         9.0000000 2.1983953 1.6785349 1.5901977 2.7182557 2.4141569 9.0000000 2.4141569 0.3040988 1.6785349 1.1586745 1.1586745 0.0000000 2.1983953 2.1983953 1.4396946 1.2588231 0.1673577 0.3347153 0.2326162 
t7         9.0000000 9.0000000 2.1983953 1.8942965 9.0000000 3.2381161 2.7182557 2.1983953 2.7182557 9.0000000 2.0310377 2.0310377 2.1983953 0.0000000 0.3192509 1.5901977 2.4141569 2.7182557 9.0000000 2.4141569 
t11        2.4141569 9.0000000 1.7786835 9.0000000 2.4141569 3.2381161 2.1983953 1.6785349 9.0000000 9.0000000 2.0310377 2.0310377 2.1983953 0.3192509 0.0000000 1.7786835 1.5901977 2.7182557 2.4141569 2.0310377 
t20        9.0000000 2.7182557 2.1983953 1.2070784 1.1132061 2.1983953 0.9547243 1.1586745 1.5901977 1.0703373 1.5111773 1.1132061 1.4396946 1.5901977 1.7786835 0.0000000 0.2746833 1.5901977 1.5901977 1.3744361 
t2         2.0310377 2.4141569 2.1983953 1.1132061 1.3144041 1.5901977 1.2588231 1.1132061 2.0310377 1.1132061 1.1132061 0.8864954 1.2588231 2.4141569 1.5901977 0.2746833 0.0000000 1.4396946 1.4396946 1.2070784 
t19        9.0000000 1.5111773 1.6785349 1.5111773 9.0000000 2.4141569 2.1983953 2.7182557 0.3192509 2.0310377 1.1586745 1.0703373 0.1673577 2.7182557 2.7182557 1.5901977 1.4396946 0.0000000 0.3040988 0.1927838 
t5         9.0000000 2.1983953 2.1983953 1.2588231 9.0000000 2.0310377 2.0310377 2.1983953 0.5299277 1.6785349 1.3144041 1.2588231 0.3347153 9.0000000 2.4141569 1.5901977 1.4396946 0.3040988 0.0000000 0.1307650 
t10        9.0000000 2.0310377 2.0310377 1.3144041 3.2381161 2.0310377 2.4141569 2.0310377 0.4348639 1.7786835 1.3144041 1.2070784 0.2326162 2.4141569 2.0310377 1.3744361 1.2070784 0.1927838 0.1307650 0.0000000 
