20
t7         0.0000000 2.1983953 1.2588231 1.6785349 0.7662384 1.5111773 0.7945437 1.1586745 1.3744361 1.2588231 1.0297869 1.0703373 1.2588231 1.1586745 0.9547243 1.3144041 0.9913169 0.8864954 1.3744361 1.3144041 
t3         2.1983953 0.0000000 2.7182557 9.0000000 1.5901977 2.0310377 1.6785349 9.0000000 9.0000000 2.0310377 0.8864954 0.9198342 1.1132061 1.1132061 1.3144041 1.1586745 1.2588231 1.0703373 1.2588231 1.2070784 
t11        1.2588231 2.7182557 0.0000000 1.7786835 1.2070784 2.7182557 1.1586745 1.2070784 1.7786835 1.7786835 1.5111773 1.3144041 1.5111773 1.3144041 1.3744361 1.2588231 1.4396946 1.3144041 1.4396946 1.3744361 
t15        1.6785349 9.0000000 1.7786835 0.0000000 1.5111773 1.5901977 1.4396946 1.5901977 1.6785349 1.7786835 1.5111773 1.4396946 1.3744361 1.7786835 1.5901977 1.4396946 1.5901977 1.3744361 1.5901977 1.5901977 
t9         0.7662384 1.5901977 1.2070784 1.5111773 0.0000000 0.7662384 0.3831192 0.5716050 0.8864954 0.7389627 0.7126442 0.7662384 0.6626257 0.7389627 0.6872180 0.6872180 0.8239592 0.7126442 0.7945437 0.7662384 
t1         1.5111773 2.0310377 2.7182557 1.5901977 0.7662384 0.0000000 0.8864954 0.8545757 1.1586745 1.0297869 1.0297869 1.0297869 1.1586745 0.9913169 0.9547243 1.0703373 1.1586745 1.1586745 0.9547243 0.9198342 
t13        0.7945437 1.6785349 1.1586745 1.4396946 0.3831192 0.8864954 0.0000000 0.6388142 0.9547243 0.7662384 0.8545757 0.8864954 0.7945437 0.8864954 0.8239592 0.7662384 0.9198342 0.8239592 0.8545757 0.8239592 
t14        1.1586745 9.0000000 1.2070784 1.5901977 0.5716050 0.8545757 0.6388142 0.0000000 1.3744361 1.1586745 1.2588231 1.3144041 1.2588231 1.2588231 1.3744361 1.3144041 1.5901977 1.0703373 1.2070784 1.1586745 
t16        1.3744361 9.0000000 1.7786835 1.6785349 0.8864954 1.1586745 0.9547243 1.3744361 0.0000000 0.5504769 1.0297869 1.1132061 1.1586745 1.0703373 1.3144041 1.1586745 0.9913169 0.8545757 1.2070784 1.3144041 
t19        1.2588231 2.0310377 1.7786835 1.7786835 0.7389627 1.0297869 0.7662384 1.1586745 0.5504769 0.0000000 0.9198342 0.9913169 1.0297869 1.0297869 1.2588231 0.8864954 0.9913169 0.7945437 0.9547243 1.0297869 
t2         1.0297869 0.8864954 1.5111773 1.5111773 0.7126442 1.0297869 0.8545757 1.2588231 1.0297869 0.9198342 0.0000000 0.1673577 0.3505054 0.4348639 0.4904449 0.4529370 0.5299277 0.4904449 0.4714565 0.4529370 
t8         1.0703373 0.9198342 1.3144041 1.4396946 0.7662384 1.0297869 0.8864954 1.3144041 1.1132061 0.9913169 0.1673577 0.0000000 0.3666350 0.5099265 0.5716050 0.5099265 0.5299277 0.5099265 0.5299277 0.5299277 
t12        1.2588231 1.1132061 1.5111773 1.3744361 0.6626257 1.1586745 0.7945437 1.2588231 1.1586745 1.0297869 0.3505054 0.3666350 0.0000000 0.2191023 0.2746833 0.2463781 0.5299277 0.4714565 0.2603971 0.2603971 
t4         1.1586745 1.1132061 1.3144041 1.7786835 0.7389627 0.9913169 0.8864954 1.2588231 1.0703373 1.0297869 0.4348639 0.5099265 0.2191023 0.0000000 0.2463781 0.2326162 0.5299277 0.4904449 0.2326162 0.2326162 
t20        0.9547243 1.3144041 1.3744361 1.5901977 0.6872180 0.9547243 0.8239592 1.3744361 1.3144041 1.2588231 0.4904449 0.5716050 0.2746833 0.2463781 0.0000000 0.3040988 0.6157354 0.6157354 0.2892469 0.2892469 
t17        1.3144041 1.1586745 1.2588231 1.4396946 0.6872180 1.0703373 0.7662384 1.3144041 1.1586745 0.8864954 0.4529370 0.5099265 0.2463781 0.2326162 0.3040988 0.0000000 0.5099265 0.4904449 0.0845966 0.0845966 
t5         0.9913169 1.2588231 1.4396946 1.5901977 0.8239592 1.1586745 0.9198342 1.5901977 0.9913169 0.9913169 0.5299277 0.5299277 0.5299277 0.5299277 0.6157354 0.5099265 0.0000000 0.1427653 0.5299277 0.4904449 
t6         0.8864954 1.0703373 1.3144041 1.3744361 0.7126442 1.1586745 0.8239592 1.0703373 0.8545757 0.7945437 0.4904449 0.5099265 0.4714565 0.4904449 0.6157354 0.4904449 0.1427653 0.0000000 0.4904449 0.4529370 
t10        1.3744361 1.2588231 1.4396946 1.5901977 0.7945437 0.9547243 0.8545757 1.2070784 1.2070784 0.9547243 0.4714565 0.5299277 0.2603971 0.2326162 0.2892469 0.0845966 0.5299277 0.4904449 0.0000000 0.0202715 
t18        1.3144041 1.2070784 1.3744361 1.5901977 0.7662384 0.9198342 0.8239592 1.1586745 1.3144041 1.0297869 0.4529370 0.5299277 0.2603971 0.2326162 0.2892469 0.0845966 0.4904449 0.4529370 0.0202715 0.0000000 
