20
t18        0.0000000 0.7662384 0.8239592 0.7389627 0.7389627 0.7126442 0.6626257 0.8239592 0.6388142 0.6626257 0.6157354 0.7945437 0.6388142 0.6872180 0.7662384 0.8864954 0.7662384 0.6626257 0.6626257 0.6388142 
t10        0.7662384 0.0000000 0.7389627 0.6388142 0.7945437 0.6388142 0.6626257 0.7389627 0.6872180 0.7126442 0.3666350 0.4904449 0.2603971 0.6157354 0.7126442 0.3831192 0.4172160 0.4904449 0.5504769 0.6388142 
t2         0.8239592 0.7389627 0.0000000 0.4172160 0.7662384 0.6157354 0.7126442 0.8239592 0.7126442 0.8239592 0.7662384 0.8239592 0.8545757 0.5099265 0.4714565 1.0297869 1.1132061 0.4172160 0.4172160 0.4529370 
t17        0.7389627 0.6388142 0.4172160 0.0000000 0.6157354 0.5099265 0.5504769 0.6626257 0.6388142 0.6626257 0.6157354 0.7945437 0.7945437 0.4348639 0.4529370 1.0297869 0.9913169 0.3505054 0.3347153 0.3831192 
t13        0.7389627 0.7945437 0.7662384 0.6157354 0.0000000 0.3192509 0.5933457 0.7126442 0.4714565 0.6157354 0.7126442 0.7945437 0.7945437 0.6872180 0.6872180 1.0703373 1.1132061 0.5933457 0.5504769 0.5504769 
t14        0.7126442 0.6388142 0.6157354 0.5099265 0.3192509 0.0000000 0.5299277 0.6157354 0.3347153 0.3505054 0.6157354 0.7389627 0.6626257 0.5504769 0.6626257 0.8239592 0.9547243 0.5299277 0.4529370 0.5099265 
t15        0.6626257 0.6626257 0.7126442 0.5504769 0.5933457 0.5299277 0.0000000 0.3347153 0.5933457 0.6388142 0.5504769 0.8239592 0.6872180 0.6872180 0.6872180 0.7662384 0.8239592 0.5933457 0.5299277 0.5716050 
t19        0.8239592 0.7389627 0.8239592 0.6626257 0.7126442 0.6157354 0.3347153 0.0000000 0.7389627 0.8239592 0.7662384 0.9547243 0.7126442 0.6626257 0.7126442 0.8545757 0.9198342 0.6388142 0.5933457 0.7126442 
t6         0.6388142 0.6872180 0.7126442 0.6388142 0.4714565 0.3347153 0.5933457 0.7389627 0.0000000 0.2746833 0.6872180 0.7945437 0.6157354 0.6626257 0.7126442 0.8239592 0.8545757 0.6157354 0.5504769 0.4904449 
t7         0.6626257 0.7126442 0.8239592 0.6626257 0.6157354 0.3505054 0.6388142 0.8239592 0.2746833 0.0000000 0.6157354 0.7126442 0.6872180 0.7662384 0.8864954 0.7389627 0.8545757 0.7389627 0.6157354 0.6872180 
t1         0.6157354 0.3666350 0.7662384 0.6157354 0.7126442 0.6157354 0.5504769 0.7662384 0.6872180 0.6157354 0.0000000 0.2463781 0.3505054 0.6388142 0.7126442 0.4714565 0.4172160 0.5716050 0.5716050 0.6157354 
t12        0.7945437 0.4904449 0.8239592 0.7945437 0.7945437 0.7389627 0.8239592 0.9547243 0.7945437 0.7126442 0.2463781 0.0000000 0.4172160 0.6872180 0.7389627 0.5716050 0.5933457 0.5933457 0.6388142 0.6872180 
t20        0.6388142 0.2603971 0.8545757 0.7945437 0.7945437 0.6626257 0.6872180 0.7126442 0.6157354 0.6872180 0.3505054 0.4172160 0.0000000 0.7126442 0.7389627 0.1549607 0.1549607 0.6388142 0.6388142 0.6872180 
t11        0.6872180 0.6157354 0.5099265 0.4348639 0.6872180 0.5504769 0.6872180 0.6626257 0.6626257 0.7662384 0.6388142 0.6872180 0.7126442 0.0000000 0.2746833 0.9547243 0.9547243 0.1549607 0.1307650 0.1673577 
t16        0.7662384 0.7126442 0.4714565 0.4529370 0.6872180 0.6626257 0.6872180 0.7126442 0.7126442 0.8864954 0.7126442 0.7389627 0.7389627 0.2746833 0.0000000 1.0297869 1.0297869 0.1673577 0.1673577 0.2058276 
t4         0.8864954 0.3831192 1.0297869 1.0297869 1.0703373 0.8239592 0.7662384 0.8545757 0.8239592 0.7389627 0.4714565 0.5716050 0.1549607 0.9547243 1.0297869 0.0000000 0.1549607 0.8864954 0.8864954 0.8864954 
t8         0.7662384 0.4172160 1.1132061 0.9913169 1.1132061 0.9547243 0.8239592 0.9198342 0.8545757 0.8545757 0.4172160 0.5933457 0.1549607 0.9547243 1.0297869 0.1549607 0.0000000 0.8545757 0.8864954 0.9547243 
t9         0.6626257 0.4904449 0.4172160 0.3505054 0.5933457 0.5299277 0.5933457 0.6388142 0.6157354 0.7389627 0.5716050 0.5933457 0.6388142 0.1549607 0.1673577 0.8864954 0.8545757 0.0000000 0.0734853 0.1073256 
t5         0.6626257 0.5504769 0.4172160 0.3347153 0.5504769 0.4529370 0.5299277 0.5933457 0.5504769 0.6157354 0.5716050 0.6388142 0.6388142 0.1307650 0.1673577 0.8864954 0.8864954 0.0734853 0.0000000 0.0734853 
t3         0.6388142 0.6388142 0.4529370 0.3831192 0.5504769 0.5099265 0.5716050 0.7126442 0.4904449 0.6872180 0.6157354 0.6872180 0.6872180 0.1673577 0.2058276 0.8864954 0.9547243 0.1073256 0.0734853 0.0000000 
