20
t10        0.0000000 1.8942965 2.0310377 9.0000000 1.8942965 2.0310377 1.3744361 1.8942965 2.7182557 1.8942965 2.0310377 2.0310377 9.0000000 2.1983953 1.5111773 2.0310377 9.0000000 9.0000000 1.5111773 1.5111773 
t5         1.8942965 0.0000000 1.4396946 3.2381161 3.2381161 0.9913169 1.0297869 9.0000000 9.0000000 1.3744361 0.9547243 1.3144041 1.4396946 1.3144041 1.8942965 9.0000000 2.4141569 3.2381161 1.0703373 1.0703373 
t19        2.0310377 1.4396946 0.0000000 2.0310377 1.6785349 1.3744361 0.8545757 2.4141569 2.7182557 1.5111773 0.9547243 1.0703373 1.1132061 1.1132061 1.3144041 1.2588231 1.7786835 2.0310377 1.5111773 1.5111773 
t13        9.0000000 3.2381161 2.0310377 0.0000000 9.0000000 2.1983953 1.8942965 9.0000000 2.4141569 9.0000000 2.4141569 9.0000000 2.0310377 1.8942965 9.0000000 2.7182557 9.0000000 9.0000000 9.0000000 9.0000000 
t18        1.8942965 3.2381161 1.6785349 9.0000000 0.0000000 1.7786835 1.6785349 2.7182557 9.0000000 9.0000000 9.0000000 9.0000000 2.0310377 2.4141569 3.2381161 2.7182557 3.2381161 9.0000000 2.7182557 2.7182557 
t11        2.0310377 0.9913169 1.3744361 2.1983953 1.7786835 0.0000000 0.7126442 9.0000000 9.0000000 1.5901977 0.7389627 0.8864954 0.8864954 0.8545757 0.7662384 0.8239592 1.5901977 1.7786835 0.7126442 0.7126442 
t2         1.3744361 1.0297869 0.8545757 1.8942965 1.6785349 0.7126442 0.0000000 9.0000000 9.0000000 0.9547243 0.5933457 0.7662384 0.7126442 0.7389627 0.6626257 0.9198342 1.7786835 2.0310377 0.7389627 0.7389627 
t7         1.8942965 9.0000000 2.4141569 9.0000000 2.7182557 9.0000000 9.0000000 0.0000000 1.2070784 2.4141569 1.7786835 9.0000000 3.2381161 1.8942965 9.0000000 9.0000000 1.7786835 1.6785349 3.2381161 3.2381161 
t8         2.7182557 9.0000000 2.7182557 2.4141569 9.0000000 9.0000000 9.0000000 1.2070784 0.0000000 9.0000000 2.1983953 9.0000000 2.7182557 9.0000000 3.2381161 9.0000000 9.0000000 2.7182557 9.0000000 9.0000000 
t14        1.8942965 1.3744361 1.5111773 9.0000000 9.0000000 1.5901977 0.9547243 2.4141569 9.0000000 0.0000000 1.4396946 1.3144041 1.1586745 1.1132061 1.1586745 1.3744361 2.7182557 2.4141569 0.9198342 0.9198342 
t12        2.0310377 0.9547243 0.9547243 2.4141569 9.0000000 0.7389627 0.5933457 1.7786835 2.1983953 1.4396946 0.0000000 0.4348639 0.9913169 1.0297869 0.8239592 0.9198342 1.6785349 1.8942965 1.0297869 1.0297869 
t16        2.0310377 1.3144041 1.0703373 9.0000000 9.0000000 0.8864954 0.7662384 9.0000000 9.0000000 1.3144041 0.4348639 0.0000000 1.5111773 1.3744361 0.7389627 0.8545757 2.0310377 2.0310377 1.2588231 1.2588231 
t1         9.0000000 1.4396946 1.1132061 2.0310377 2.0310377 0.8864954 0.7126442 3.2381161 2.7182557 1.1586745 0.9913169 1.5111773 0.0000000 0.1927838 1.2070784 1.8942965 9.0000000 2.7182557 0.8545757 0.8545757 
t15        2.1983953 1.3144041 1.1132061 1.8942965 2.4141569 0.8545757 0.7389627 1.8942965 9.0000000 1.1132061 1.0297869 1.3744361 0.1927838 0.0000000 0.9913169 1.4396946 2.4141569 2.1983953 0.7662384 0.7662384 
t4         1.5111773 1.8942965 1.3144041 9.0000000 3.2381161 0.7662384 0.6626257 9.0000000 3.2381161 1.1586745 0.8239592 0.7389627 1.2070784 0.9913169 0.0000000 0.2191023 2.1983953 2.4141569 0.9198342 0.9198342 
t6         2.0310377 9.0000000 1.2588231 2.7182557 2.7182557 0.8239592 0.9198342 9.0000000 9.0000000 1.3744361 0.9198342 0.8545757 1.8942965 1.4396946 0.2191023 0.0000000 2.7182557 9.0000000 1.1132061 1.1132061 
t3         9.0000000 2.4141569 1.7786835 9.0000000 3.2381161 1.5901977 1.7786835 1.7786835 9.0000000 2.7182557 1.6785349 2.0310377 9.0000000 2.4141569 2.1983953 2.7182557 0.0000000 0.1189538 1.8942965 1.8942965 
t9         9.0000000 3.2381161 2.0310377 9.0000000 9.0000000 1.7786835 2.0310377 1.6785349 2.7182557 2.4141569 1.8942965 2.0310377 2.7182557 2.1983953 2.4141569 9.0000000 0.1189538 0.0000000 1.8942965 1.8942965 
t17        1.5111773 1.0703373 1.5111773 9.0000000 2.7182557 0.7126442 0.7389627 3.2381161 9.0000000 0.9198342 1.0297869 1.2588231 0.8545757 0.7662384 0.9198342 1.1132061 1.8942965 1.8942965 0.0000000 0.0000010 
t20        1.5111773 1.0703373 1.5111773 9.0000000 2.7182557 0.7126442 0.7389627 3.2381161 9.0000000 0.9198342 1.0297869 1.2588231 0.8545757 0.7662384 0.9198342 1.1132061 1.8942965 1.8942965 0.0000010 0.0000000 
