20
t12        0.0000000 9.0000000 1.6785349 1.7786835 1.5901977 2.1983953 2.0310377 1.5901977 1.5111773 1.6785349 2.4141569 9.0000000 1.5901977 1.5901977 2.1983953 2.4141569 2.7182557 9.0000000 1.6785349 1.5901977 
t10        9.0000000 0.0000000 1.5111773 1.5111773 1.6785349 1.0703373 1.4396946 1.3744361 1.4396946 1.4396946 1.2588231 1.4396946 1.5111773 2.0310377 1.5111773 1.4396946 1.2070784 1.3744361 1.6785349 1.7786835 
t5         1.6785349 1.5111773 0.0000000 0.4904449 0.5933457 1.5901977 1.5111773 1.3744361 0.7126442 0.9547243 1.3144041 1.4396946 0.5099265 0.7945437 1.1132061 1.1132061 1.5111773 1.6785349 0.6388142 0.6157354 
t14        1.7786835 1.5111773 0.4904449 0.0000000 0.4904449 1.8942965 1.2588231 1.5901977 0.8239592 1.0297869 1.4396946 1.3144041 0.6388142 0.9198342 1.1132061 1.2070784 1.5901977 1.7786835 0.6388142 0.6626257 
t4         1.5901977 1.6785349 0.5933457 0.4904449 0.0000000 1.4396946 1.6785349 1.3144041 0.8864954 0.9913169 1.3144041 1.2588231 0.7126442 0.9913169 1.3744361 1.5111773 1.3744361 1.3744361 0.7662384 0.7389627 
t13        2.1983953 1.0703373 1.5901977 1.8942965 1.4396946 0.0000000 1.3144041 1.0703373 1.1586745 1.1586745 1.4396946 1.6785349 1.2070784 1.5111773 1.4396946 1.5111773 0.5299277 0.5504769 1.1586745 1.1586745 
t19        2.0310377 1.4396946 1.5111773 1.2588231 1.6785349 1.3144041 0.0000000 0.4714565 1.0703373 1.1132061 1.5111773 1.5111773 1.3144041 1.7786835 1.1586745 1.2070784 1.3144041 1.3144041 0.8864954 0.7662384 
t9         1.5901977 1.3744361 1.3744361 1.5901977 1.3144041 1.0703373 0.4714565 0.0000000 1.0703373 1.1132061 1.4396946 1.1586745 1.2070784 1.2588231 0.8545757 0.8545757 1.3144041 1.2588231 0.8239592 0.7389627 
t11        1.5111773 1.4396946 0.7126442 0.8239592 0.8864954 1.1586745 1.0703373 1.0703373 0.0000000 0.1673577 0.8239592 0.8239592 0.8545757 1.2070784 0.8545757 0.8545757 1.2070784 1.2070784 0.6388142 0.6872180 
t20        1.6785349 1.4396946 0.9547243 1.0297869 0.9913169 1.1586745 1.1132061 1.1132061 0.1673577 0.0000000 0.9198342 0.8864954 1.0297869 1.3744361 1.1132061 1.1132061 1.2588231 1.1586745 0.7945437 0.8239592 
t16        2.4141569 1.2588231 1.3144041 1.4396946 1.3144041 1.4396946 1.5111773 1.4396946 0.8239592 0.9198342 0.0000000 0.1673577 1.3744361 1.6785349 0.8545757 0.9547243 1.4396946 1.5111773 0.9547243 0.9913169 
t3         9.0000000 1.4396946 1.4396946 1.3144041 1.2588231 1.6785349 1.5111773 1.1586745 0.8239592 0.8864954 0.1673577 0.0000000 1.3144041 1.6785349 0.8864954 0.9198342 1.5901977 1.5111773 0.8864954 0.9198342 
t6         1.5901977 1.5111773 0.5099265 0.6388142 0.7126442 1.2070784 1.3144041 1.2070784 0.8545757 1.0297869 1.3744361 1.3144041 0.0000000 0.4529370 0.9913169 1.2070784 1.3744361 1.4396946 0.6626257 0.6872180 
t18        1.5901977 2.0310377 0.7945437 0.9198342 0.9913169 1.5111773 1.7786835 1.2588231 1.2070784 1.3744361 1.6785349 1.6785349 0.4529370 0.0000000 0.9913169 1.1132061 1.6785349 1.7786835 1.0703373 1.0297869 
t7         2.1983953 1.5111773 1.1132061 1.1132061 1.3744361 1.4396946 1.1586745 0.8545757 0.8545757 1.1132061 0.8545757 0.8864954 0.9913169 0.9913169 0.0000000 0.0845966 1.2070784 1.3744361 0.8864954 0.8864954 
t15        2.4141569 1.4396946 1.1132061 1.2070784 1.5111773 1.5111773 1.2070784 0.8545757 0.8545757 1.1132061 0.9547243 0.9198342 1.2070784 1.1132061 0.0845966 0.0000000 1.2070784 1.3744361 0.9913169 0.9913169 
t1         2.7182557 1.2070784 1.5111773 1.5901977 1.3744361 0.5299277 1.3144041 1.3144041 1.2070784 1.2588231 1.4396946 1.5901977 1.3744361 1.6785349 1.2070784 1.2070784 0.0000000 0.0517447 1.2070784 1.3144041 
t2         9.0000000 1.3744361 1.6785349 1.7786835 1.3744361 0.5504769 1.3144041 1.2588231 1.2070784 1.1586745 1.5111773 1.5111773 1.4396946 1.7786835 1.3744361 1.3744361 0.0517447 0.0000000 1.2588231 1.4396946 
t8         1.6785349 1.6785349 0.6388142 0.6388142 0.7662384 1.1586745 0.8864954 0.8239592 0.6388142 0.7945437 0.9547243 0.8864954 0.6626257 1.0703373 0.8864954 0.9913169 1.2070784 1.2588231 0.0000000 0.0734853 
t17        1.5901977 1.7786835 0.6157354 0.6626257 0.7389627 1.1586745 0.7662384 0.7389627 0.6872180 0.8239592 0.9913169 0.9198342 0.6872180 1.0297869 0.8864954 0.9913169 1.3144041 1.4396946 0.0734853 0.0000000 
