20
t3         0.0000000 2.4141569 1.2070784 0.3831192 9.0000000 2.1983953 1.4396946 1.5901977 1.3744361 9.0000000 0.8545757 1.1132061 1.5111773 1.7786835 2.0310377 9.0000000 2.7182557 9.0000000 2.4141569 2.1983953 
t13        2.4141569 0.0000000 2.7182557 9.0000000 3.2381161 9.0000000 1.8942965 3.2381161 2.7182557 9.0000000 9.0000000 9.0000000 3.2381161 9.0000000 9.0000000 2.7182557 2.0310377 1.7786835 2.0310377 2.1983953 
t5         1.2070784 2.7182557 0.0000000 1.0703373 9.0000000 9.0000000 1.4396946 1.5111773 2.1983953 9.0000000 1.7786835 1.7786835 1.8942965 1.3144041 9.0000000 9.0000000 2.0310377 2.7182557 3.2381161 3.2381161 
t15        0.3831192 9.0000000 1.0703373 0.0000000 9.0000000 2.7182557 1.1586745 1.3744361 1.1132061 1.7786835 0.8239592 1.2070784 1.3744361 2.0310377 1.5901977 2.7182557 1.6785349 2.0310377 1.8942965 1.8942965 
t20        9.0000000 3.2381161 9.0000000 9.0000000 0.0000000 9.0000000 9.0000000 9.0000000 9.0000000 3.2381161 3.2381161 3.2381161 3.2381161 1.6785349 9.0000000 9.0000000 9.0000000 9.0000000 2.0310377 2.0310377 
t9         2.1983953 9.0000000 9.0000000 2.7182557 9.0000000 0.0000000 3.2381161 2.1983953 9.0000000 1.6785349 2.1983953 1.7786835 2.4141569 2.4141569 3.2381161 1.6785349 1.7786835 1.7786835 1.7786835 1.5901977 
t18        1.4396946 1.8942965 1.4396946 1.1586745 9.0000000 3.2381161 0.0000000 0.6872180 1.4396946 3.2381161 1.4396946 3.2381161 2.0310377 2.4141569 9.0000000 9.0000000 9.0000000 9.0000000 2.4141569 2.4141569 
t8         1.5901977 3.2381161 1.5111773 1.3744361 9.0000000 2.1983953 0.6872180 0.0000000 1.6785349 1.8942965 2.1983953 9.0000000 2.1983953 9.0000000 9.0000000 9.0000000 9.0000000 9.0000000 2.4141569 9.0000000 
t17        1.3744361 2.7182557 2.1983953 1.1132061 9.0000000 9.0000000 1.4396946 1.6785349 0.0000000 1.5901977 1.7786835 9.0000000 2.7182557 1.6785349 9.0000000 9.0000000 2.4141569 1.8942965 1.6785349 1.6785349 
t14        9.0000000 9.0000000 9.0000000 1.7786835 3.2381161 1.6785349 3.2381161 1.8942965 1.5901977 0.0000000 9.0000000 9.0000000 9.0000000 9.0000000 1.5111773 1.6785349 3.2381161 9.0000000 3.2381161 9.0000000 
t4         0.8545757 9.0000000 1.7786835 0.8239592 3.2381161 2.1983953 1.4396946 2.1983953 1.7786835 9.0000000 0.0000000 0.8864954 1.4396946 1.5901977 2.7182557 2.7182557 9.0000000 9.0000000 2.0310377 2.0310377 
t6         1.1132061 9.0000000 1.7786835 1.2070784 3.2381161 1.7786835 3.2381161 9.0000000 9.0000000 9.0000000 0.8864954 0.0000000 3.2381161 9.0000000 2.0310377 3.2381161 1.7786835 2.1983953 9.0000000 9.0000000 
t19        1.5111773 3.2381161 1.8942965 1.3744361 3.2381161 2.4141569 2.0310377 2.1983953 2.7182557 9.0000000 1.4396946 3.2381161 0.0000000 2.4141569 1.1586745 1.5901977 3.2381161 9.0000000 1.6785349 1.7786835 
t16        1.7786835 9.0000000 1.3144041 2.0310377 1.6785349 2.4141569 2.4141569 9.0000000 1.6785349 9.0000000 1.5901977 9.0000000 2.4141569 0.0000000 9.0000000 9.0000000 9.0000000 9.0000000 0.9198342 0.9547243 
t7         2.0310377 9.0000000 9.0000000 1.5901977 9.0000000 3.2381161 9.0000000 9.0000000 9.0000000 1.5111773 2.7182557 2.0310377 1.1586745 9.0000000 0.0000000 0.5716050 9.0000000 9.0000000 9.0000000 9.0000000 
t2         9.0000000 2.7182557 9.0000000 2.7182557 9.0000000 1.6785349 9.0000000 9.0000000 9.0000000 1.6785349 2.7182557 3.2381161 1.5901977 9.0000000 0.5716050 0.0000000 2.7182557 9.0000000 3.2381161 2.4141569 
t11        2.7182557 2.0310377 2.0310377 1.6785349 9.0000000 1.7786835 9.0000000 9.0000000 2.4141569 3.2381161 9.0000000 1.7786835 3.2381161 9.0000000 9.0000000 2.7182557 0.0000000 0.1307650 9.0000000 9.0000000 
t1         9.0000000 1.7786835 2.7182557 2.0310377 9.0000000 1.7786835 9.0000000 9.0000000 1.8942965 9.0000000 9.0000000 2.1983953 9.0000000 9.0000000 9.0000000 9.0000000 0.1307650 0.0000000 2.4141569 2.1983953 
t12        2.4141569 2.0310377 3.2381161 1.8942965 2.0310377 1.7786835 2.4141569 2.4141569 1.6785349 3.2381161 2.0310377 9.0000000 1.6785349 0.9198342 9.0000000 3.2381161 9.0000000 2.4141569 0.0000000 0.0411062 
t10        2.1983953 2.1983953 3.2381161 1.8942965 2.0310377 1.5901977 2.4141569 9.0000000 1.6785349 9.0000000 2.0310377 9.0000000 1.7786835 0.9547243 9.0000000 2.4141569 9.0000000 2.1983953 0.0411062 0.0000000 
