20
t8         0.0000000 2.0310377 0.9547243 0.9913169 1.5111773 1.4396946 1.0297869 0.7945437 0.9913169 1.1132061 1.3744361 1.0703373 1.3144041 1.2070784 0.9913169 1.0703373 0.8864954 0.9198342 1.0297869 1.1132061 
t4         2.0310377 0.0000000 2.4141569 1.6785349 1.8942965 2.0310377 2.1983953 1.4396946 1.6785349 2.4141569 1.4396946 1.2070784 9.0000000 1.7786835 1.5901977 2.1983953 2.7182557 9.0000000 2.7182557 2.7182557 
t15        0.9547243 2.4141569 0.0000000 0.6388142 0.9198342 0.9913169 0.5716050 0.8545757 0.7945437 0.8239592 0.7389627 0.5716050 0.8864954 0.6626257 0.6626257 0.7126442 0.7126442 0.6872180 0.6388142 0.6626257 
t16        0.9913169 1.6785349 0.6388142 0.0000000 1.0297869 1.1586745 0.4529370 0.5099265 0.5716050 0.6872180 0.6157354 0.7662384 1.0297869 0.7945437 0.8864954 0.9198342 0.5099265 0.4904449 0.6872180 0.6872180 
t5         1.5111773 1.8942965 0.9198342 1.0297869 0.0000000 1.4396946 1.6785349 1.5111773 1.1586745 1.1132061 0.7662384 0.7662384 1.2070784 1.0297869 0.8545757 0.8239592 1.0703373 0.9913169 1.0297869 1.0703373 
t12        1.4396946 2.0310377 0.9913169 1.1586745 1.4396946 0.0000000 1.2588231 1.2070784 1.2588231 1.1132061 1.1586745 1.1586745 1.4396946 1.3744361 1.2070784 1.4396946 1.2070784 1.1132061 1.4396946 1.3744361 
t7         1.0297869 2.1983953 0.5716050 0.4529370 1.6785349 1.2588231 0.0000000 0.5299277 0.6872180 0.9198342 0.8239592 0.9198342 1.0297869 0.8239592 0.9547243 1.0297869 0.5933457 0.5716050 0.7126442 0.6872180 
t1         0.7945437 1.4396946 0.8545757 0.5099265 1.5111773 1.2070784 0.5299277 0.0000000 0.9913169 0.9913169 0.8864954 0.8239592 1.1586745 0.9547243 0.9913169 1.0703373 0.8545757 0.7126442 0.9913169 0.8545757 
t2         0.9913169 1.6785349 0.7945437 0.5716050 1.1586745 1.2588231 0.6872180 0.9913169 0.0000000 0.5099265 0.6157354 0.8864954 0.9547243 0.8545757 1.0297869 1.1586745 0.3999739 0.3999739 0.9547243 0.9547243 
t18        1.1132061 2.4141569 0.8239592 0.6872180 1.1132061 1.1132061 0.9198342 0.9913169 0.5099265 0.0000000 0.7662384 1.0297869 0.9547243 0.7389627 0.8545757 0.9913169 0.3505054 0.2892469 0.8239592 0.8864954 
t19        1.3744361 1.4396946 0.7389627 0.6157354 0.7662384 1.1586745 0.8239592 0.8864954 0.6157354 0.7662384 0.0000000 0.4172160 0.8239592 0.5933457 0.7126442 0.6872180 0.5099265 0.5716050 0.7389627 0.7662384 
t14        1.0703373 1.2070784 0.5716050 0.7662384 0.7662384 1.1586745 0.9198342 0.8239592 0.8864954 1.0297869 0.4172160 0.0000000 0.8545757 0.6626257 0.6872180 0.6872180 0.7945437 0.7945437 0.7126442 0.6626257 
t11        1.3144041 9.0000000 0.8864954 1.0297869 1.2070784 1.4396946 1.0297869 1.1586745 0.9547243 0.9547243 0.8239592 0.8545757 0.0000000 0.2326162 0.9547243 0.9198342 0.8545757 0.8864954 0.4529370 0.4529370 
t20        1.2070784 1.7786835 0.6626257 0.7945437 1.0297869 1.3744361 0.8239592 0.9547243 0.8545757 0.7389627 0.5933457 0.6626257 0.2326162 0.0000000 0.6872180 0.6872180 0.6157354 0.6872180 0.2603971 0.3192509 
t6         0.9913169 1.5901977 0.6626257 0.8864954 0.8545757 1.2070784 0.9547243 0.9913169 1.0297869 0.8545757 0.7126442 0.6872180 0.9547243 0.6872180 0.0000000 0.1427653 0.8545757 0.8864954 0.7389627 0.8864954 
t10        1.0703373 2.1983953 0.7126442 0.9198342 0.8239592 1.4396946 1.0297869 1.0703373 1.1586745 0.9913169 0.6872180 0.6872180 0.9198342 0.6872180 0.1427653 0.0000000 0.9198342 0.8239592 0.7662384 0.9198342 
t13        0.8864954 2.7182557 0.7126442 0.5099265 1.0703373 1.2070784 0.5933457 0.8545757 0.3999739 0.3505054 0.5099265 0.7945437 0.8545757 0.6157354 0.8545757 0.9198342 0.0000000 0.1073256 0.6626257 0.7126442 
t17        0.9198342 9.0000000 0.6872180 0.4904449 0.9913169 1.1132061 0.5716050 0.7126442 0.3999739 0.2892469 0.5716050 0.7945437 0.8864954 0.6872180 0.8864954 0.8239592 0.1073256 0.0000000 0.6872180 0.6872180 
t3         1.0297869 2.7182557 0.6388142 0.6872180 1.0297869 1.4396946 0.7126442 0.9913169 0.9547243 0.8239592 0.7389627 0.7126442 0.4529370 0.2603971 0.7389627 0.7662384 0.6626257 0.6872180 0.0000000 0.1307650 
t9         1.1132061 2.7182557 0.6626257 0.6872180 1.0703373 1.3744361 0.6872180 0.8545757 0.9547243 0.8864954 0.7662384 0.6626257 0.4529370 0.3192509 0.8864954 0.9198342 0.7126442 0.6872180 0.1307650 0.0000000 
