20
t10        0.0000000 0.4348639 1.1132061 1.4396946 0.8239592 0.8864954 0.8864954 0.8545757 1.1586745 0.8864954 0.9547243 1.1586745 0.8545757 1.1132061 0.9913169 1.1586745 1.0297869 0.9198342 1.0703373 0.9913169 
t18        0.4348639 0.0000000 0.9198342 1.0703373 0.9198342 0.7662384 0.8864954 0.7389627 0.9198342 0.7662384 0.7662384 1.2070784 0.7662384 0.8239592 0.8239592 0.9547243 0.9913169 0.8545757 1.1132061 1.0297869 
t8         1.1132061 0.9198342 0.0000000 0.8239592 0.7662384 0.5299277 0.6626257 0.6626257 0.8239592 0.7389627 0.6872180 0.9198342 0.8239592 1.0297869 1.0703373 1.5111773 1.3144041 0.7945437 0.8864954 0.9547243 
t1         1.4396946 1.0703373 0.8239592 0.0000000 0.7126442 0.4714565 0.7389627 0.7389627 0.7126442 0.5716050 0.4904449 1.0703373 0.8545757 0.7126442 0.7389627 1.8942965 2.1983953 0.9198342 1.1132061 1.1586745 
t19        0.8239592 0.9198342 0.7662384 0.7126442 0.0000000 0.5716050 0.3999739 0.4348639 0.8239592 0.6388142 0.5099265 0.9547243 0.8545757 0.7662384 0.7389627 1.7786835 1.5111773 0.7662384 0.9913169 0.9913169 
t4         0.8864954 0.7662384 0.5299277 0.4714565 0.5716050 0.0000000 0.4904449 0.4904449 0.4714565 0.2746833 0.2892469 0.7662384 0.5299277 0.5504769 0.5099265 1.5111773 1.5901977 0.6388142 0.7945437 0.8545757 
t20        0.8864954 0.8864954 0.6626257 0.7389627 0.3999739 0.4904449 0.0000000 0.3666350 0.8864954 0.5933457 0.4529370 0.9913169 0.7662384 0.8545757 0.7389627 2.0310377 2.0310377 0.8239592 0.9198342 0.9198342 
t17        0.8545757 0.7389627 0.6626257 0.7389627 0.4348639 0.4904449 0.3666350 0.0000000 0.7662384 0.5504769 0.4714565 0.9547243 0.6157354 0.6626257 0.5504769 1.3144041 1.3744361 0.6872180 0.7662384 0.7662384 
t16        1.1586745 0.9198342 0.8239592 0.7126442 0.8239592 0.4714565 0.8864954 0.7662384 0.0000000 0.4714565 0.4348639 1.3744361 1.1132061 0.8864954 0.8545757 1.3144041 1.5901977 0.9913169 1.0297869 1.0297869 
t3         0.8864954 0.7662384 0.7389627 0.5716050 0.6388142 0.2746833 0.5933457 0.5504769 0.4714565 0.0000000 0.2326162 1.0297869 0.6872180 0.6626257 0.5716050 1.4396946 1.3744361 0.6872180 0.8239592 0.7662384 
t11        0.9547243 0.7662384 0.6872180 0.4904449 0.5099265 0.2892469 0.4529370 0.4714565 0.4348639 0.2326162 0.0000000 1.0703373 0.7662384 0.5716050 0.5716050 1.4396946 1.6785349 0.7945437 0.9198342 0.8864954 
t2         1.1586745 1.2070784 0.9198342 1.0703373 0.9547243 0.7662384 0.9913169 0.9547243 1.3744361 1.0297869 1.0703373 0.0000000 0.3040988 1.1132061 1.0297869 1.8942965 1.5901977 0.6157354 0.7389627 0.7945437 
t14        0.8545757 0.7662384 0.8239592 0.8545757 0.8545757 0.5299277 0.7662384 0.6157354 1.1132061 0.6872180 0.7662384 0.3040988 0.0000000 0.7662384 0.7126442 1.6785349 1.5901977 0.4172160 0.4904449 0.5299277 
t7         1.1132061 0.8239592 1.0297869 0.7126442 0.7662384 0.5504769 0.8545757 0.6626257 0.8864954 0.6626257 0.5716050 1.1132061 0.7662384 0.0000000 0.2892469 1.5111773 1.7786835 0.7662384 0.9198342 0.9198342 
t12        0.9913169 0.8239592 1.0703373 0.7389627 0.7389627 0.5099265 0.7389627 0.5504769 0.8545757 0.5716050 0.5716050 1.0297869 0.7126442 0.2892469 0.0000000 1.5901977 1.5901977 0.7662384 0.8864954 0.8864954 
t9         1.1586745 0.9547243 1.5111773 1.8942965 1.7786835 1.5111773 2.0310377 1.3144041 1.3144041 1.4396946 1.4396946 1.8942965 1.6785349 1.5111773 1.5901977 0.0000000 0.1073256 1.5901977 1.7786835 1.5901977 
t15        1.0297869 0.9913169 1.3144041 2.1983953 1.5111773 1.5901977 2.0310377 1.3744361 1.5901977 1.3744361 1.6785349 1.5901977 1.5901977 1.7786835 1.5901977 0.1073256 0.0000000 1.5901977 1.8942965 1.6785349 
t13        0.9198342 0.8545757 0.7945437 0.9198342 0.7662384 0.6388142 0.8239592 0.6872180 0.9913169 0.6872180 0.7945437 0.6157354 0.4172160 0.7662384 0.7662384 1.5901977 1.5901977 0.0000000 0.1307650 0.1549607 
t5         1.0703373 1.1132061 0.8864954 1.1132061 0.9913169 0.7945437 0.9198342 0.7662384 1.0297869 0.8239592 0.9198342 0.7389627 0.4904449 0.9198342 0.8864954 1.7786835 1.8942965 0.1307650 0.0000000 0.0306165 
t6         0.9913169 1.0297869 0.9547243 1.1586745 0.9913169 0.8545757 0.9198342 0.7662384 1.0297869 0.7662384 0.8864954 0.7945437 0.5299277 0.9198342 0.8864954 1.5901977 1.6785349 0.1549607 0.0306165 0.0000000 
