20
t1         0.0000000 1.0703373 1.7786835 2.0310377 1.8942965 1.3744361 1.5111773 1.8942965 9.0000000 9.0000000 2.4141569 9.0000000 2.0310377 1.7786835 9.0000000 9.0000000 9.0000000 9.0000000 2.7182557 9.0000000 
t3         1.0703373 0.0000000 2.1983953 1.4396946 9.0000000 2.1983953 1.5111773 2.0310377 9.0000000 1.8942965 1.7786835 9.0000000 1.5111773 1.7786835 1.7786835 1.7786835 2.0310377 1.8942965 3.2381161 9.0000000 
t2         1.7786835 2.1983953 0.0000000 1.3144041 1.4396946 1.2588231 1.5111773 1.4396946 1.3744361 1.5901977 1.2070784 1.1132061 1.3744361 1.4396946 2.1983953 1.5111773 1.8942965 2.0310377 1.2588231 1.3144041 
t14        2.0310377 1.4396946 1.3144041 0.0000000 1.2588231 1.0703373 1.5901977 1.6785349 1.5111773 1.7786835 0.9547243 1.0703373 1.1586745 1.1132061 1.8942965 1.4396946 1.8942965 2.0310377 1.6785349 1.8942965 
t11        1.8942965 9.0000000 1.4396946 1.2588231 0.0000000 1.3744361 2.0310377 1.3744361 1.2588231 1.5111773 1.2070784 1.0297869 1.3144041 1.3144041 1.6785349 1.6785349 1.7786835 2.0310377 1.3744361 1.3144041 
t13        1.3744361 2.1983953 1.2588231 1.0703373 1.3744361 0.0000000 1.3144041 1.2070784 1.3144041 1.7786835 0.7389627 0.5299277 1.1132061 0.9547243 9.0000000 2.4141569 1.4396946 1.5111773 1.2070784 1.3144041 
t6         1.5111773 1.5111773 1.5111773 1.5901977 2.0310377 1.3144041 0.0000000 0.7662384 0.7389627 0.6388142 1.6785349 1.3744361 1.3744361 1.2070784 1.7786835 1.7786835 0.8545757 0.7945437 0.7389627 0.7126442 
t7         1.8942965 2.0310377 1.4396946 1.6785349 1.3744361 1.2070784 0.7662384 0.0000000 0.5504769 0.5299277 1.3744361 1.2070784 1.2588231 1.3144041 1.5111773 1.4396946 0.7389627 0.6157354 0.5504769 0.5504769 
t19        9.0000000 9.0000000 1.3744361 1.5111773 1.2588231 1.3144041 0.7389627 0.5504769 0.0000000 0.5099265 1.4396946 1.1132061 1.3144041 1.2588231 1.4396946 1.4396946 0.7126442 0.7126442 0.5299277 0.5099265 
t8         9.0000000 1.8942965 1.5901977 1.7786835 1.5111773 1.7786835 0.6388142 0.5299277 0.5099265 0.0000000 1.6785349 1.6785349 1.5901977 1.5901977 1.2070784 1.2070784 0.3831192 0.3666350 0.4904449 0.4529370 
t4         2.4141569 1.7786835 1.2070784 0.9547243 1.2070784 0.7389627 1.6785349 1.3744361 1.4396946 1.6785349 0.0000000 0.3347153 1.2070784 1.2588231 9.0000000 2.7182557 1.6785349 1.5111773 1.4396946 1.4396946 
t20        9.0000000 9.0000000 1.1132061 1.0703373 1.0297869 0.5299277 1.3744361 1.2070784 1.1132061 1.6785349 0.3347153 0.0000000 1.0297869 0.9547243 2.7182557 1.7786835 1.2588231 1.2588231 1.1132061 1.1132061 
t12        2.0310377 1.5111773 1.3744361 1.1586745 1.3144041 1.1132061 1.3744361 1.2588231 1.3144041 1.5901977 1.2070784 1.0297869 0.0000000 0.0734853 1.5901977 1.3144041 1.5111773 1.4396946 1.0703373 1.0703373 
t10        1.7786835 1.7786835 1.4396946 1.1132061 1.3144041 0.9547243 1.2070784 1.3144041 1.2588231 1.5901977 1.2588231 0.9547243 0.0734853 0.0000000 1.5901977 1.3144041 1.3744361 1.3144041 1.0297869 1.0297869 
t18        9.0000000 1.7786835 2.1983953 1.8942965 1.6785349 9.0000000 1.7786835 1.5111773 1.4396946 1.2070784 9.0000000 2.7182557 1.5901977 1.5901977 0.0000000 0.1189538 1.4396946 1.3744361 1.3144041 1.3744361 
t15        9.0000000 1.7786835 1.5111773 1.4396946 1.6785349 2.4141569 1.7786835 1.4396946 1.4396946 1.2070784 2.7182557 1.7786835 1.3144041 1.3144041 0.1189538 0.0000000 1.5111773 1.4396946 1.5901977 1.5901977 
t9         9.0000000 2.0310377 1.8942965 1.8942965 1.7786835 1.4396946 0.8545757 0.7389627 0.7126442 0.3831192 1.6785349 1.2588231 1.5111773 1.3744361 1.4396946 1.5111773 0.0000000 0.0625362 0.6157354 0.5933457 
t16        9.0000000 1.8942965 2.0310377 2.0310377 2.0310377 1.5111773 0.7945437 0.6157354 0.7126442 0.3666350 1.5111773 1.2588231 1.4396946 1.3144041 1.3744361 1.4396946 0.0625362 0.0000000 0.5504769 0.5299277 
t5         2.7182557 3.2381161 1.2588231 1.6785349 1.3744361 1.2070784 0.7389627 0.5504769 0.5299277 0.4904449 1.4396946 1.1132061 1.0703373 1.0297869 1.3144041 1.5901977 0.6157354 0.5504769 0.0000000 0.0625362 
t17        9.0000000 9.0000000 1.3144041 1.8942965 1.3144041 1.3144041 0.7126442 0.5504769 0.5099265 0.4529370 1.4396946 1.1132061 1.0703373 1.0297869 1.3744361 1.5901977 0.5933457 0.5299277 0.0625362 0.0000000 
