20
t2         0.0000000 1.6785349 1.3744361 0.9547243 1.1586745 1.5111773 1.7786835 1.3144041 1.7786835 1.2588231 1.5901977 1.5901977 1.3144041 1.2070784 1.2588231 1.2070784 2.4141569 9.0000000 1.6785349 1.8942965 
t16        1.6785349 0.0000000 1.5111773 1.4396946 1.4396946 2.1983953 9.0000000 9.0000000 9.0000000 1.5111773 1.2070784 9.0000000 1.5901977 1.3744361 2.1983953 1.5111773 9.0000000 9.0000000 1.8942965 2.4141569 
t8         1.3744361 1.5111773 0.0000000 3.2381161 1.3744361 0.9547243 1.7786835 1.3144041 1.7786835 1.4396946 1.1586745 1.4396946 1.2588231 1.2070784 1.4396946 0.3347153 2.1983953 2.0310377 0.7126442 0.7945437 
t17        0.9547243 1.4396946 3.2381161 0.0000000 0.8545757 2.1983953 1.7786835 1.5901977 9.0000000 2.0310377 1.2588231 1.7786835 1.4396946 1.3744361 1.5901977 1.7786835 2.4141569 9.0000000 2.7182557 2.7182557 
t7         1.1586745 1.4396946 1.3744361 0.8545757 0.0000000 1.4396946 2.1983953 1.5901977 9.0000000 9.0000000 1.5901977 1.7786835 1.3144041 1.3744361 1.8942965 1.3144041 2.4141569 2.4141569 1.2588231 1.3744361 
t20        1.5111773 2.1983953 0.9547243 2.1983953 1.4396946 0.0000000 0.7389627 1.2588231 9.0000000 1.8942965 0.9913169 1.4396946 1.1586745 0.9913169 2.0310377 1.4396946 2.1983953 9.0000000 1.5901977 1.6785349 
t12        1.7786835 9.0000000 1.7786835 1.7786835 2.1983953 0.7389627 0.0000000 1.3744361 1.6785349 9.0000000 1.3144041 1.4396946 1.7786835 1.5901977 1.5111773 2.7182557 1.5901977 1.8942965 2.7182557 9.0000000 
t11        1.3144041 9.0000000 1.3144041 1.5901977 1.5901977 1.2588231 1.3744361 0.0000000 2.7182557 1.6785349 0.4529370 0.8545757 0.6157354 0.4529370 0.8864954 1.5111773 1.0703373 1.2588231 2.0310377 2.7182557 
t9         1.7786835 9.0000000 1.7786835 9.0000000 9.0000000 9.0000000 1.6785349 2.7182557 0.0000000 1.3144041 2.0310377 2.0310377 2.0310377 2.4141569 2.4141569 2.1983953 2.1983953 9.0000000 9.0000000 9.0000000 
t15        1.2588231 1.5111773 1.4396946 2.0310377 9.0000000 1.8942965 9.0000000 1.6785349 1.3144041 0.0000000 1.2070784 9.0000000 1.3144041 1.2588231 3.2381161 1.8942965 9.0000000 9.0000000 2.4141569 9.0000000 
t18        1.5901977 1.2070784 1.1586745 1.2588231 1.5901977 0.9913169 1.3144041 0.4529370 2.0310377 1.2070784 0.0000000 0.8545757 0.3831192 0.1927838 1.0703373 1.3744361 1.2070784 1.4396946 1.5111773 9.0000000 
t5         1.5901977 9.0000000 1.4396946 1.7786835 1.7786835 1.4396946 1.4396946 0.8545757 2.0310377 9.0000000 0.8545757 0.0000000 1.3144041 1.0297869 0.4172160 2.0310377 0.4348639 0.6388142 1.8942965 2.7182557 
t3         1.3144041 1.5901977 1.2588231 1.4396946 1.3144041 1.1586745 1.7786835 0.6157354 2.0310377 1.3144041 0.3831192 1.3144041 0.0000000 0.3040988 1.1132061 1.5111773 1.3144041 1.6785349 2.0310377 2.7182557 
t19        1.2070784 1.3744361 1.2070784 1.3744361 1.3744361 0.9913169 1.5901977 0.4529370 2.4141569 1.2588231 0.1927838 1.0297869 0.3040988 0.0000000 1.0703373 1.4396946 1.2070784 1.4396946 1.8942965 2.7182557 
t6         1.2588231 2.1983953 1.4396946 1.5901977 1.8942965 2.0310377 1.5111773 0.8864954 2.4141569 3.2381161 1.0703373 0.4172160 1.1132061 1.0703373 0.0000000 1.5111773 0.4348639 0.7126442 1.7786835 2.7182557 
t1         1.2070784 1.5111773 0.3347153 1.7786835 1.3144041 1.4396946 2.7182557 1.5111773 2.1983953 1.8942965 1.3744361 2.0310377 1.5111773 1.4396946 1.5111773 0.0000000 3.2381161 9.0000000 0.3505054 0.4172160 
t10        2.4141569 9.0000000 2.1983953 2.4141569 2.4141569 2.1983953 1.5901977 1.0703373 2.1983953 9.0000000 1.2070784 0.4348639 1.3144041 1.2070784 0.4348639 3.2381161 0.0000000 0.6388142 9.0000000 9.0000000 
t13        9.0000000 9.0000000 2.0310377 9.0000000 2.4141569 9.0000000 1.8942965 1.2588231 9.0000000 9.0000000 1.4396946 0.6388142 1.6785349 1.4396946 0.7126442 9.0000000 0.6388142 0.0000000 9.0000000 9.0000000 
t14        1.6785349 1.8942965 0.7126442 2.7182557 1.2588231 1.5901977 2.7182557 2.0310377 9.0000000 2.4141569 1.5111773 1.8942965 2.0310377 1.8942965 1.7786835 0.3505054 9.0000000 9.0000000 0.0000000 0.3040988 
t4         1.8942965 2.4141569 0.7945437 2.7182557 1.3744361 1.6785349 9.0000000 2.7182557 9.0000000 9.0000000 9.0000000 2.7182557 2.7182557 2.7182557 2.7182557 0.4172160 9.0000000 9.0000000 0.3040988 0.0000000 
