20
t13        0.0000000 1.1132061 2.0310377 1.3144041 1.3744361 1.2070784 1.3144041 1.5111773 1.3744361 1.2070784 1.4396946 1.2070784 1.1132061 2.7182557 2.1983953 2.1983953 1.6785349 1.8942965 1.2070784 1.2070784 
t9         1.1132061 0.0000000 1.0297869 0.3505054 0.6872180 0.4904449 0.6157354 0.6626257 0.4172160 0.2892469 0.6157354 0.4348639 0.3347153 0.8864954 0.7662384 0.9198342 0.9913169 1.1586745 0.5933457 0.5933457 
t16        2.0310377 1.0297869 0.0000000 1.0297869 1.8942965 1.5111773 2.0310377 1.5901977 1.0297869 0.9913169 1.5111773 1.6785349 1.3744361 1.1132061 1.0703373 1.4396946 1.4396946 1.6785349 1.3144041 1.3144041 
t11        1.3144041 0.3505054 1.0297869 0.0000000 0.7389627 0.8545757 0.7126442 0.9198342 0.4529370 0.2191023 0.4714565 0.7389627 0.5933457 0.7126442 0.6157354 0.7662384 0.6388142 0.6872180 0.5299277 0.5299277 
t19        1.3744361 0.6872180 1.8942965 0.7389627 0.0000000 0.8239592 0.7389627 0.9913169 0.9547243 0.7662384 0.8545757 0.7126442 0.5299277 1.1132061 1.1132061 1.1586745 1.5901977 1.5111773 0.8864954 0.8864954 
t10        1.2070784 0.4904449 1.5111773 0.8545757 0.8239592 0.0000000 0.5933457 0.6626257 0.9547243 0.6157354 1.1132061 0.5299277 0.4904449 1.1132061 1.2070784 1.3144041 1.1132061 1.3144041 0.9547243 0.9547243 
t20        1.3144041 0.6157354 2.0310377 0.7126442 0.7389627 0.5933457 0.0000000 0.7389627 0.8239592 0.7126442 0.8864954 0.6157354 0.5933457 1.3744361 1.2070784 0.9913169 1.0703373 1.3144041 0.8239592 0.8239592 
t8         1.5111773 0.6626257 1.5901977 0.9198342 0.9913169 0.6626257 0.7389627 0.0000000 1.2070784 0.9547243 1.2588231 0.5716050 0.5933457 1.4396946 1.2588231 1.2070784 1.5901977 1.8942965 0.9913169 0.9913169 
t14        1.3744361 0.4172160 1.0297869 0.4529370 0.9547243 0.9547243 0.8239592 1.2070784 0.0000000 0.2603971 0.6872180 0.9198342 0.7662384 0.8545757 0.7945437 0.9547243 0.8545757 0.9547243 0.7389627 0.7389627 
t7         1.2070784 0.2892469 0.9913169 0.2191023 0.7662384 0.6157354 0.7126442 0.9547243 0.2603971 0.0000000 0.5299277 0.6388142 0.5299277 0.6872180 0.6388142 0.7389627 0.8239592 0.8545757 0.5504769 0.5504769 
t12        1.4396946 0.6157354 1.5111773 0.4714565 0.8545757 1.1132061 0.8864954 1.2588231 0.6872180 0.5299277 0.0000000 1.0297869 0.8545757 0.8545757 0.7662384 0.4529370 1.0297869 1.0297869 0.3040988 0.3040988 
t3         1.2070784 0.4348639 1.6785349 0.7389627 0.7126442 0.5299277 0.6157354 0.5716050 0.9198342 0.6388142 1.0297869 0.0000000 0.2463781 1.2588231 1.1586745 1.0703373 1.2070784 1.2588231 0.8864954 0.8864954 
t15        1.1132061 0.3347153 1.3744361 0.5933457 0.5299277 0.4904449 0.5933457 0.5933457 0.7662384 0.5299277 0.8545757 0.2463781 0.0000000 1.1586745 1.0297869 1.1132061 0.9547243 1.1586745 0.7945437 0.7945437 
t17        2.7182557 0.8864954 1.1132061 0.7126442 1.1132061 1.1132061 1.3744361 1.4396946 0.8545757 0.6872180 0.8545757 1.2588231 1.1586745 0.0000000 0.0517447 0.9547243 1.4396946 1.4396946 0.9547243 0.9547243 
t4         2.1983953 0.7662384 1.0703373 0.6157354 1.1132061 1.2070784 1.2070784 1.2588231 0.7945437 0.6388142 0.7662384 1.1586745 1.0297869 0.0517447 0.0000000 0.8864954 1.3144041 1.3144041 0.8545757 0.8545757 
t5         2.1983953 0.9198342 1.4396946 0.7662384 1.1586745 1.3144041 0.9913169 1.2070784 0.9547243 0.7389627 0.4529370 1.0703373 1.1132061 0.9547243 0.8864954 0.0000000 1.1586745 1.0703373 0.3347153 0.3347153 
t18        1.6785349 0.9913169 1.4396946 0.6388142 1.5901977 1.1132061 1.0703373 1.5901977 0.8545757 0.8239592 1.0297869 1.2070784 0.9547243 1.4396946 1.3144041 1.1586745 0.0000000 0.1927838 1.1132061 1.1132061 
t6         1.8942965 1.1586745 1.6785349 0.6872180 1.5111773 1.3144041 1.3144041 1.8942965 0.9547243 0.8545757 1.0297869 1.2588231 1.1586745 1.4396946 1.3144041 1.0703373 0.1927838 0.0000000 1.1586745 1.1586745 
t2         1.2070784 0.5933457 1.3144041 0.5299277 0.8864954 0.9547243 0.8239592 0.9913169 0.7389627 0.5504769 0.3040988 0.8864954 0.7945437 0.9547243 0.8545757 0.3347153 1.1132061 1.1586745 0.0000000 0.0000010 
t1         1.2070784 0.5933457 1.3144041 0.5299277 0.8864954 0.9547243 0.8239592 0.9913169 0.7389627 0.5504769 0.3040988 0.8864954 0.7945437 0.9547243 0.8545757 0.3347153 1.1132061 1.1586745 0.0000010 0.0000000 
