20
t12        0.0000000 0.9913169 0.9913169 1.2070784 0.8864954 0.6872180 0.9547243 0.9198342 0.6626257 0.6157354 1.1132061 1.3144041 0.7945437 0.6388142 0.7126442 0.6626257 0.9913169 1.0297869 1.2070784 1.1586745 
t9         0.9913169 0.0000000 0.9198342 1.1586745 0.7945437 0.8545757 1.0297869 1.2070784 0.9198342 0.8545757 0.8545757 0.8864954 0.9913169 0.8864954 1.0297869 0.9198342 1.1132061 1.1586745 0.9547243 0.9547243 
t16        0.9913169 0.9198342 0.0000000 0.7389627 0.8239592 0.9198342 0.8239592 1.0703373 0.8545757 0.7126442 0.6872180 0.6388142 0.6626257 0.7389627 0.8864954 0.7662384 1.1132061 1.0703373 0.8864954 0.8864954 
t17        1.2070784 1.1586745 0.7389627 0.0000000 0.9547243 1.2070784 1.1586745 1.3144041 1.0297869 0.8545757 0.6626257 0.6626257 1.1586745 1.4396946 1.2588231 1.1132061 1.1132061 1.1586745 1.0297869 1.0703373 
t10        0.8864954 0.7945437 0.8239592 0.9547243 0.0000000 0.5933457 0.5716050 0.6388142 0.6157354 0.6388142 1.0297869 1.0297869 0.6388142 0.6872180 0.7389627 0.6157354 0.6872180 0.7389627 0.5716050 0.6157354 
t2         0.6872180 0.8545757 0.9198342 1.2070784 0.5933457 0.0000000 0.6872180 0.5504769 0.3505054 0.2746833 0.9198342 1.0297869 0.5504769 0.5716050 0.5933457 0.5099265 1.1132061 1.1586745 0.7126442 0.6626257 
t3         0.9547243 1.0297869 0.8239592 1.1586745 0.5716050 0.6872180 0.0000000 0.8239592 0.7389627 0.5933457 1.0703373 1.1586745 0.7945437 0.8545757 0.8239592 0.7662384 0.8545757 0.8864954 0.4714565 0.4529370 
t20        0.9198342 1.2070784 1.0703373 1.3144041 0.6388142 0.5504769 0.8239592 0.0000000 0.6157354 0.5716050 1.3144041 1.2070784 0.4714565 0.3999739 0.3666350 0.3192509 0.9913169 1.0703373 0.8864954 0.8864954 
t14        0.6626257 0.9198342 0.8545757 1.0297869 0.6157354 0.3505054 0.7389627 0.6157354 0.0000000 0.2326162 0.8864954 0.9547243 0.6157354 0.5933457 0.5933457 0.5716050 0.8545757 0.8545757 0.8545757 0.8545757 
t19        0.6157354 0.8545757 0.7126442 0.8545757 0.6388142 0.2746833 0.5933457 0.5716050 0.2326162 0.0000000 0.8239592 0.9198342 0.4904449 0.5099265 0.4714565 0.4348639 0.7945437 0.8239592 0.7389627 0.6872180 
t18        1.1132061 0.8545757 0.6872180 0.6626257 1.0297869 0.9198342 1.0703373 1.3144041 0.8864954 0.8239592 0.0000000 0.2463781 0.7945437 0.8864954 0.9547243 0.7945437 1.1586745 1.2070784 0.9547243 0.9547243 
t8         1.3144041 0.8864954 0.6388142 0.6626257 1.0297869 1.0297869 1.1586745 1.2070784 0.9547243 0.9198342 0.2463781 0.0000000 0.8239592 0.8545757 0.9547243 0.8864954 1.3144041 1.3744361 0.9913169 0.9913169 
t15        0.7945437 0.9913169 0.6626257 1.1586745 0.6388142 0.5504769 0.7945437 0.4714565 0.6157354 0.4904449 0.7945437 0.8239592 0.0000000 0.3040988 0.4172160 0.3192509 0.8864954 0.9198342 0.7389627 0.7389627 
t7         0.6388142 0.8864954 0.7389627 1.4396946 0.6872180 0.5716050 0.8545757 0.3999739 0.5933457 0.5099265 0.8864954 0.8545757 0.3040988 0.0000000 0.3192509 0.2603971 1.0703373 1.1586745 0.9198342 0.9198342 
t1         0.7126442 1.0297869 0.8864954 1.2588231 0.7389627 0.5933457 0.8239592 0.3666350 0.5933457 0.4714565 0.9547243 0.9547243 0.4172160 0.3192509 0.0000000 0.0958750 1.0703373 1.1586745 0.8864954 0.8545757 
t13        0.6626257 0.9198342 0.7662384 1.1132061 0.6157354 0.5099265 0.7662384 0.3192509 0.5716050 0.4348639 0.7945437 0.8864954 0.3192509 0.2603971 0.0958750 0.0000000 1.0297869 1.1132061 0.8239592 0.7945437 
t11        0.9913169 1.1132061 1.1132061 1.1132061 0.6872180 1.1132061 0.8545757 0.9913169 0.8545757 0.7945437 1.1586745 1.3144041 0.8864954 1.0703373 1.0703373 1.0297869 0.0000000 0.0202715 0.9198342 0.8864954 
t6         1.0297869 1.1586745 1.0703373 1.1586745 0.7389627 1.1586745 0.8864954 1.0703373 0.8545757 0.8239592 1.2070784 1.3744361 0.9198342 1.1586745 1.1586745 1.1132061 0.0202715 0.0000000 0.9547243 0.9198342 
t5         1.2070784 0.9547243 0.8864954 1.0297869 0.5716050 0.7126442 0.4714565 0.8864954 0.8545757 0.7389627 0.9547243 0.9913169 0.7389627 0.9198342 0.8864954 0.8239592 0.9198342 0.9547243 0.0000000 0.0306165 
t4         1.1586745 0.9547243 0.8864954 1.0703373 0.6157354 0.6626257 0.4529370 0.8864954 0.8545757 0.6872180 0.9547243 0.9913169 0.7389627 0.9198342 0.8545757 0.7945437 0.8864954 0.9198342 0.0306165 0.0000000 
