20
t11        0.0000000 0.4904449 0.5299277 0.7945437 0.6157354 0.5933457 0.8239592 0.6626257 0.6626257 0.7389627 0.7662384 0.4529370 0.6872180 0.6157354 0.4714565 0.4714565 0.7662384 0.7662384 0.6872180 0.6872180 
t17        0.4904449 0.0000000 0.4904449 0.4714565 0.4714565 0.4348639 0.3831192 0.4904449 0.4529370 0.3666350 0.3666350 0.6388142 0.5299277 0.4529370 0.7389627 0.6626257 0.5504769 0.5504769 0.6388142 0.6388142 
t12        0.5299277 0.4904449 0.0000000 0.8239592 0.6626257 0.6872180 0.7389627 0.7389627 0.7389627 0.6872180 0.7126442 0.5933457 0.6388142 0.5504769 0.7126442 0.6626257 0.9198342 0.9198342 0.2892469 0.2603971 
t15        0.7945437 0.4714565 0.8239592 0.0000000 0.7126442 0.7662384 0.3831192 0.7126442 0.6626257 0.3192509 0.3666350 0.7126442 0.6626257 0.7126442 0.8239592 0.7945437 0.7389627 0.8545757 0.8864954 0.8864954 
t20        0.6157354 0.4714565 0.6626257 0.7126442 0.0000000 0.4714565 0.6388142 0.6626257 0.5504769 0.6388142 0.7126442 0.6157354 0.7126442 0.5716050 0.6626257 0.6626257 1.0297869 1.0297869 0.7945437 0.7662384 
t6         0.5933457 0.4348639 0.6872180 0.7662384 0.4714565 0.0000000 0.5716050 0.6388142 0.5099265 0.6388142 0.6626257 0.7126442 0.7126442 0.6157354 0.7126442 0.7389627 0.8545757 0.8864954 0.7126442 0.6872180 
t8         0.8239592 0.3831192 0.7389627 0.3831192 0.6388142 0.5716050 0.0000000 0.7945437 0.7126442 0.1927838 0.1799630 0.9198342 0.7662384 0.7389627 0.9547243 0.9198342 0.7945437 0.8239592 0.9547243 0.8864954 
t5         0.6626257 0.4904449 0.7389627 0.7126442 0.6626257 0.6388142 0.7945437 0.0000000 0.2326162 0.7126442 0.7945437 0.7126442 0.6872180 0.6388142 0.6626257 0.6872180 0.8864954 0.9198342 0.9198342 0.8864954 
t1         0.6626257 0.4529370 0.7389627 0.6626257 0.5504769 0.5099265 0.7126442 0.2326162 0.0000000 0.6626257 0.7126442 0.5716050 0.6626257 0.5933457 0.5716050 0.5933457 0.8864954 0.9198342 0.7389627 0.7126442 
t4         0.7389627 0.3666350 0.6872180 0.3192509 0.6388142 0.6388142 0.1927838 0.7126442 0.6626257 0.0000000 0.1927838 0.8239592 0.7389627 0.7126442 0.8545757 0.8239592 0.7945437 0.7662384 0.8545757 0.8239592 
t9         0.7662384 0.3666350 0.7126442 0.3666350 0.7126442 0.6626257 0.1799630 0.7945437 0.7126442 0.1927838 0.0000000 0.8545757 0.8239592 0.7662384 0.8864954 0.8864954 0.7945437 0.7389627 0.9198342 0.9198342 
t13        0.4529370 0.6388142 0.5933457 0.7126442 0.6157354 0.7126442 0.9198342 0.7126442 0.5716050 0.8239592 0.8545757 0.0000000 0.5933457 0.5933457 0.1427653 0.0845966 1.1132061 1.1132061 0.5099265 0.5099265 
t14        0.6872180 0.5299277 0.6388142 0.6626257 0.7126442 0.7126442 0.7662384 0.6872180 0.6626257 0.7389627 0.8239592 0.5933457 0.0000000 0.1673577 0.6626257 0.5716050 0.8545757 0.8239592 0.5933457 0.5933457 
t7         0.6157354 0.4529370 0.5504769 0.7126442 0.5716050 0.6157354 0.7389627 0.6388142 0.5933457 0.7126442 0.7662384 0.5933457 0.1673577 0.0000000 0.6388142 0.5504769 0.8545757 0.8545757 0.5933457 0.5933457 
t19        0.4714565 0.7389627 0.7126442 0.8239592 0.6626257 0.7126442 0.9547243 0.6626257 0.5716050 0.8545757 0.8864954 0.1427653 0.6626257 0.6388142 0.0000000 0.1189538 0.9913169 1.0297869 0.5504769 0.5299277 
t18        0.4714565 0.6626257 0.6626257 0.7945437 0.6626257 0.7389627 0.9198342 0.6872180 0.5933457 0.8239592 0.8864954 0.0845966 0.5716050 0.5504769 0.1189538 0.0000000 1.0703373 1.0703373 0.5933457 0.5716050 
t3         0.7662384 0.5504769 0.9198342 0.7389627 1.0297869 0.8545757 0.7945437 0.8864954 0.8864954 0.7945437 0.7945437 1.1132061 0.8545757 0.8545757 0.9913169 1.0703373 0.0000000 0.0958750 0.9547243 0.9198342 
t10        0.7662384 0.5504769 0.9198342 0.8545757 1.0297869 0.8864954 0.8239592 0.9198342 0.9198342 0.7662384 0.7389627 1.1132061 0.8239592 0.8545757 1.0297869 1.0703373 0.0958750 0.0000000 1.1586745 1.1132061 
t2         0.6872180 0.6388142 0.2892469 0.8864954 0.7945437 0.7126442 0.9547243 0.9198342 0.7389627 0.8545757 0.9198342 0.5099265 0.5933457 0.5933457 0.5504769 0.5933457 0.9547243 1.1586745 0.0000000 0.0202715 
t16        0.6872180 0.6388142 0.2603971 0.8864954 0.7662384 0.6872180 0.8864954 0.8864954 0.7126442 0.8239592 0.9198342 0.5099265 0.5933457 0.5933457 0.5299277 0.5716050 0.9198342 1.1132061 0.0202715 0.0000000 
