20
t11        0.0000000 1.5901977 2.0310377 3.2381161 2.4141569 3.2381161 1.2070784 9.0000000 1.5111773 3.2381161 2.7182557 9.0000000 2.7182557 1.3744361 1.2070784 1.3144041 1.3744361 1.7786835 2.0310377 1.7786835 
t1         1.5901977 0.0000000 1.0297869 0.9913169 0.7389627 1.4396946 0.9913169 1.1132061 0.5933457 1.2070784 1.2588231 0.8864954 2.4141569 1.1132061 0.7126442 0.7389627 0.7389627 2.4141569 2.7182557 2.1983953 
t9         2.0310377 1.0297869 0.0000000 1.3144041 1.5111773 9.0000000 2.1983953 1.6785349 1.4396946 9.0000000 1.5901977 1.1586745 9.0000000 2.1983953 1.5111773 1.5901977 1.4396946 1.7786835 1.7786835 1.5901977 
t18        3.2381161 0.9913169 1.3144041 0.0000000 0.9913169 1.5901977 1.1586745 1.6785349 0.6626257 1.5111773 2.1983953 1.5901977 2.1983953 9.0000000 1.0703373 1.0703373 0.9547243 1.8942965 2.1983953 2.1983953 
t12        2.4141569 0.7389627 1.5111773 0.9913169 0.0000000 1.5111773 1.5111773 1.6785349 0.6872180 1.3744361 1.7786835 0.9198342 9.0000000 1.7786835 1.0703373 1.0703373 1.2070784 9.0000000 9.0000000 9.0000000 
t8         3.2381161 1.4396946 9.0000000 1.5901977 1.5111773 0.0000000 2.0310377 9.0000000 1.5901977 2.4141569 1.5111773 1.6785349 1.6785349 3.2381161 2.0310377 1.8942965 2.1983953 1.7786835 1.7786835 2.0310377 
t6         1.2070784 0.9913169 2.1983953 1.1586745 1.5111773 2.0310377 0.0000000 2.1983953 1.0703373 2.0310377 9.0000000 1.8942965 2.0310377 1.5901977 0.7389627 0.7126442 0.8545757 9.0000000 9.0000000 9.0000000 
t10        9.0000000 1.1132061 1.6785349 1.6785349 1.6785349 9.0000000 2.1983953 0.0000000 1.1132061 9.0000000 1.3144041 0.8545757 9.0000000 2.7182557 1.5901977 1.3144041 1.6785349 1.6785349 1.5901977 1.4396946 
t17        1.5111773 0.5933457 1.4396946 0.6626257 0.6872180 1.5901977 1.0703373 1.1132061 0.0000000 1.0703373 1.5111773 0.9198342 2.4141569 1.7786835 0.7126442 0.7389627 0.7945437 2.7182557 2.7182557 2.7182557 
t20        3.2381161 1.2070784 9.0000000 1.5111773 1.3744361 2.4141569 2.0310377 9.0000000 1.0703373 0.0000000 2.0310377 2.1983953 1.8942965 1.5901977 3.2381161 2.7182557 9.0000000 9.0000000 9.0000000 9.0000000 
t5         2.7182557 1.2588231 1.5901977 2.1983953 1.7786835 1.5111773 9.0000000 1.3144041 1.5111773 2.0310377 0.0000000 0.5716050 9.0000000 1.8942965 9.0000000 9.0000000 2.4141569 1.7786835 1.5111773 1.5111773 
t3         9.0000000 0.8864954 1.1586745 1.5901977 0.9198342 1.6785349 1.8942965 0.8545757 0.9198342 2.1983953 0.5716050 0.0000000 9.0000000 2.1983953 1.7786835 1.6785349 1.8942965 1.6785349 1.4396946 1.3144041 
t2         2.7182557 2.4141569 9.0000000 2.1983953 9.0000000 1.6785349 2.0310377 9.0000000 2.4141569 1.8942965 9.0000000 9.0000000 0.0000000 1.7786835 2.7182557 9.0000000 2.1983953 2.7182557 2.7182557 3.2381161 
t14        1.3744361 1.1132061 2.1983953 9.0000000 1.7786835 3.2381161 1.5901977 2.7182557 1.7786835 1.5901977 1.8942965 2.1983953 1.7786835 0.0000000 1.3744361 1.4396946 1.5111773 2.4141569 9.0000000 9.0000000 
t4         1.2070784 0.7126442 1.5111773 1.0703373 1.0703373 2.0310377 0.7389627 1.5901977 0.7126442 3.2381161 9.0000000 1.7786835 2.7182557 1.3744361 0.0000000 0.1549607 0.1673577 9.0000000 3.2381161 9.0000000 
t15        1.3144041 0.7389627 1.5901977 1.0703373 1.0703373 1.8942965 0.7126442 1.3144041 0.7389627 2.7182557 9.0000000 1.6785349 9.0000000 1.4396946 0.1549607 0.0000000 0.1927838 9.0000000 3.2381161 9.0000000 
t16        1.3744361 0.7389627 1.4396946 0.9547243 1.2070784 2.1983953 0.8545757 1.6785349 0.7945437 9.0000000 2.4141569 1.8942965 2.1983953 1.5111773 0.1673577 0.1927838 0.0000000 2.4141569 2.1983953 2.4141569 
t19        1.7786835 2.4141569 1.7786835 1.8942965 9.0000000 1.7786835 9.0000000 1.6785349 2.7182557 9.0000000 1.7786835 1.6785349 2.7182557 2.4141569 9.0000000 9.0000000 2.4141569 0.0000000 0.1073256 0.1189538 
t13        2.0310377 2.7182557 1.7786835 2.1983953 9.0000000 1.7786835 9.0000000 1.5901977 2.7182557 9.0000000 1.5111773 1.4396946 2.7182557 9.0000000 3.2381161 3.2381161 2.1983953 0.1073256 0.0000000 0.0517447 
t7         1.7786835 2.1983953 1.5901977 2.1983953 9.0000000 2.0310377 9.0000000 1.4396946 2.7182557 9.0000000 1.5111773 1.3144041 3.2381161 9.0000000 9.0000000 9.0000000 2.4141569 0.1189538 0.0517447 0.0000000 
