20
t12        0.0000000 2.1983953 1.7786835 9.0000000 9.0000000 1.6785349 2.0310377 9.0000000 1.1132061 1.4396946 9.0000000 9.0000000 1.2588231 9.0000000 1.5901977 2.4141569 1.6785349 2.1983953 2.0310377 1.8942965 
t19        2.1983953 0.0000000 1.8942965 9.0000000 3.2381161 1.1132061 1.2070784 2.0310377 0.9913169 0.8864954 2.0310377 9.0000000 1.5111773 9.0000000 9.0000000 2.7182557 2.0310377 9.0000000 2.1983953 2.0310377 
t5         1.7786835 1.8942965 0.0000000 2.4141569 3.2381161 1.2070784 1.3744361 1.6785349 1.8942965 1.5901977 2.7182557 9.0000000 1.7786835 1.8942965 2.1983953 9.0000000 1.5111773 2.4141569 9.0000000 9.0000000 
t3         9.0000000 9.0000000 2.4141569 0.0000000 9.0000000 1.5901977 1.5901977 3.2381161 2.4141569 2.1983953 2.7182557 9.0000000 0.8864954 3.2381161 3.2381161 9.0000000 2.1983953 9.0000000 9.0000000 9.0000000 
t9         9.0000000 3.2381161 3.2381161 9.0000000 0.0000000 1.7786835 1.5111773 2.1983953 9.0000000 3.2381161 2.4141569 9.0000000 1.8942965 3.2381161 9.0000000 2.7182557 3.2381161 9.0000000 2.4141569 2.4141569 
t20        1.6785349 1.1132061 1.2070784 1.5901977 1.7786835 0.0000000 0.2191023 1.8942965 1.2070784 1.1586745 1.5111773 2.0310377 1.0703373 1.8942965 2.0310377 9.0000000 2.7182557 2.7182557 1.7786835 1.6785349 
t6         2.0310377 1.2070784 1.3744361 1.5901977 1.5111773 0.2191023 0.0000000 2.0310377 1.0703373 1.1132061 1.8942965 9.0000000 0.8545757 2.0310377 2.4141569 9.0000000 2.7182557 3.2381161 2.0310377 1.8942965 
t7         9.0000000 2.0310377 1.6785349 3.2381161 2.1983953 1.8942965 2.0310377 0.0000000 1.2070784 1.5901977 9.0000000 3.2381161 1.4396946 9.0000000 1.3744361 1.8942965 1.0297869 1.5901977 1.8942965 2.0310377 
t14        1.1132061 0.9913169 1.8942965 2.4141569 9.0000000 1.2070784 1.0703373 1.2070784 0.0000000 0.3192509 9.0000000 9.0000000 1.2588231 9.0000000 1.5901977 9.0000000 1.3744361 1.7786835 9.0000000 9.0000000 
t18        1.4396946 0.8864954 1.5901977 2.1983953 3.2381161 1.1586745 1.1132061 1.5901977 0.3192509 0.0000000 9.0000000 9.0000000 1.2070784 9.0000000 1.5901977 9.0000000 1.5111773 2.4141569 9.0000000 3.2381161 
t11        9.0000000 2.0310377 2.7182557 2.7182557 2.4141569 1.5111773 1.8942965 9.0000000 9.0000000 9.0000000 0.0000000 1.5111773 2.7182557 9.0000000 9.0000000 9.0000000 9.0000000 9.0000000 9.0000000 9.0000000 
t16        9.0000000 9.0000000 9.0000000 9.0000000 9.0000000 2.0310377 9.0000000 3.2381161 9.0000000 9.0000000 1.5111773 0.0000000 9.0000000 9.0000000 2.7182557 9.0000000 9.0000000 3.2381161 9.0000000 9.0000000 
t10        1.2588231 1.5111773 1.7786835 0.8864954 1.8942965 1.0703373 0.8545757 1.4396946 1.2588231 1.2070784 2.7182557 9.0000000 0.0000000 1.7786835 2.1983953 9.0000000 1.5111773 2.1983953 9.0000000 9.0000000 
t2         9.0000000 9.0000000 1.8942965 3.2381161 3.2381161 1.8942965 2.0310377 9.0000000 9.0000000 9.0000000 9.0000000 9.0000000 1.7786835 0.0000000 9.0000000 9.0000000 9.0000000 9.0000000 9.0000000 9.0000000 
t1         1.5901977 9.0000000 2.1983953 3.2381161 9.0000000 2.0310377 2.4141569 1.3744361 1.5901977 1.5901977 9.0000000 2.7182557 2.1983953 9.0000000 0.0000000 2.0310377 0.4529370 1.2070784 1.6785349 1.7786835 
t15        2.4141569 2.7182557 9.0000000 9.0000000 2.7182557 9.0000000 9.0000000 1.8942965 9.0000000 9.0000000 9.0000000 9.0000000 9.0000000 9.0000000 2.0310377 0.0000000 2.4141569 2.1983953 0.3192509 0.3347153 
t4         1.6785349 2.0310377 1.5111773 2.1983953 3.2381161 2.7182557 2.7182557 1.0297869 1.3744361 1.5111773 9.0000000 9.0000000 1.5111773 9.0000000 0.4529370 2.4141569 0.0000000 0.6388142 3.2381161 3.2381161 
t8         2.1983953 9.0000000 2.4141569 9.0000000 9.0000000 2.7182557 3.2381161 1.5901977 1.7786835 2.4141569 9.0000000 3.2381161 2.1983953 9.0000000 1.2070784 2.1983953 0.6388142 0.0000000 9.0000000 9.0000000 
t13        2.0310377 2.1983953 9.0000000 9.0000000 2.4141569 1.7786835 2.0310377 1.8942965 9.0000000 9.0000000 9.0000000 9.0000000 9.0000000 9.0000000 1.6785349 0.3192509 3.2381161 9.0000000 0.0000000 0.0100673 
t17        1.8942965 2.0310377 9.0000000 9.0000000 2.4141569 1.6785349 1.8942965 2.0310377 9.0000000 3.2381161 9.0000000 9.0000000 9.0000000 9.0000000 1.7786835 0.3347153 3.2381161 9.0000000 0.0100673 0.0000000 
