20
t10        0.0000000 1.5901977 1.5111773 1.1132061 1.0703373 0.8864954 1.3744361 2.0310377 1.2588231 1.1586745 1.0703373 0.8545757 1.1132061 1.3744361 1.5111773 1.1586745 0.8545757 0.8239592 1.0703373 1.1132061 
t17        1.5901977 0.0000000 1.6785349 0.9198342 1.1586745 1.2588231 1.3744361 1.8942965 1.3744361 1.3144041 1.1132061 1.1586745 1.2588231 1.7786835 2.0310377 2.0310377 1.1132061 1.3144041 1.1132061 1.1132061 
t18        1.5111773 1.6785349 0.0000000 1.0297869 0.6157354 0.9547243 1.6785349 1.8942965 1.2588231 1.0297869 1.0703373 0.7945437 1.2588231 1.1586745 1.5111773 1.4396946 1.1132061 1.2588231 1.0703373 1.2070784 
t2         1.1132061 0.9198342 1.0297869 0.0000000 0.7126442 0.6872180 1.1586745 1.6785349 0.4904449 0.7945437 0.9913169 0.8239592 0.4529370 0.5299277 1.1586745 1.1132061 0.6872180 0.9198342 0.3999739 0.5504769 
t11        1.0703373 1.1586745 0.6157354 0.7126442 0.0000000 0.5933457 1.3144041 1.5901977 0.7662384 1.0297869 0.4714565 0.3505054 0.8545757 0.6157354 0.9547243 0.8239592 0.5504769 0.6388142 0.6157354 0.7126442 
t12        0.8864954 1.2588231 0.9547243 0.6872180 0.5933457 0.0000000 1.2070784 1.5111773 0.7945437 0.8545757 0.7945437 0.7662384 0.7662384 0.7662384 1.0703373 0.9547243 0.3505054 0.5299277 0.6388142 0.7662384 
t5         1.3744361 1.3744361 1.6785349 1.1586745 1.3144041 1.2070784 0.0000000 0.7662384 1.0297869 1.4396946 1.0703373 1.4396946 1.3744361 2.0310377 1.5901977 1.7786835 1.2070784 1.0703373 1.5901977 1.6785349 
t20        2.0310377 1.8942965 1.8942965 1.6785349 1.5901977 1.5111773 0.7662384 0.0000000 1.2588231 1.1132061 1.5901977 1.4396946 1.3144041 1.4396946 1.6785349 2.0310377 1.4396946 1.6785349 1.3144041 1.3744361 
t8         1.2588231 1.3744361 1.2588231 0.4904449 0.7662384 0.7945437 1.0297869 1.2588231 0.0000000 0.4529370 0.9913169 0.8864954 0.3666350 0.3192509 1.2588231 1.1586745 0.6872180 0.7945437 0.3040988 0.3831192 
t9         1.1586745 1.3144041 1.0297869 0.7945437 1.0297869 0.8545757 1.4396946 1.1132061 0.4529370 0.0000000 1.1586745 0.9198342 0.6626257 0.6388142 1.6785349 1.4396946 0.9198342 1.1586745 0.5933457 0.6388142 
t3         1.0703373 1.1132061 1.0703373 0.9913169 0.4714565 0.7945437 1.0703373 1.5901977 0.9913169 1.1586745 0.0000000 0.2463781 0.9547243 0.9547243 1.2588231 1.2070784 0.6872180 0.7945437 0.7662384 0.9198342 
t14        0.8545757 1.1586745 0.7945437 0.8239592 0.3505054 0.7662384 1.4396946 1.4396946 0.8864954 0.9198342 0.2463781 0.0000000 0.8239592 0.8545757 1.2070784 1.1132061 0.7662384 0.7945437 0.6388142 0.7662384 
t4         1.1132061 1.2588231 1.2588231 0.4529370 0.8545757 0.7662384 1.3744361 1.3144041 0.3666350 0.6626257 0.9547243 0.8239592 0.0000000 0.3040988 1.3144041 1.1586745 0.6388142 0.8239592 0.2746833 0.3505054 
t16        1.3744361 1.7786835 1.1586745 0.5299277 0.6157354 0.7662384 2.0310377 1.4396946 0.3192509 0.6388142 0.9547243 0.8545757 0.3040988 0.0000000 1.5111773 1.2588231 0.6157354 0.7662384 0.2326162 0.3347153 
t1         1.5111773 2.0310377 1.5111773 1.1586745 0.9547243 1.0703373 1.5901977 1.6785349 1.2588231 1.6785349 1.2588231 1.2070784 1.3144041 1.5111773 0.0000000 0.1549607 1.2070784 1.3144041 1.2070784 1.1586745 
t15        1.1586745 2.0310377 1.4396946 1.1132061 0.8239592 0.9547243 1.7786835 2.0310377 1.1586745 1.4396946 1.2070784 1.1132061 1.1586745 1.2588231 0.1549607 0.0000000 1.1132061 1.0703373 1.1132061 1.0297869 
t7         0.8545757 1.1132061 1.1132061 0.6872180 0.5504769 0.3505054 1.2070784 1.4396946 0.6872180 0.9198342 0.6872180 0.7662384 0.6388142 0.6157354 1.2070784 1.1132061 0.0000000 0.2746833 0.5933457 0.6626257 
t19        0.8239592 1.3144041 1.2588231 0.9198342 0.6388142 0.5299277 1.0703373 1.6785349 0.7945437 1.1586745 0.7945437 0.7945437 0.8239592 0.7662384 1.3144041 1.0703373 0.2746833 0.0000000 0.7126442 0.7945437 
t13        1.0703373 1.1132061 1.0703373 0.3999739 0.6157354 0.6388142 1.5901977 1.3144041 0.3040988 0.5933457 0.7662384 0.6388142 0.2746833 0.2326162 1.2070784 1.1132061 0.5933457 0.7126442 0.0000000 0.0845966 
t6         1.1132061 1.1132061 1.2070784 0.5504769 0.7126442 0.7662384 1.6785349 1.3744361 0.3831192 0.6388142 0.9198342 0.7662384 0.3505054 0.3347153 1.1586745 1.0297869 0.6626257 0.7945437 0.0845966 0.0000000 
